Patient,Sub File,No of channels,Channels not used,No of Seizure,Seizure Start Time,Seizure End Time,Duration,Sampling Frequency,Ictal Start Row,Ictal End Row,Post-Ictal Start Time ,Post Ictal end Time,Post-Ictal Start Row ,Post Ictal end Row,Pre Ictal Start Time,Pre Ictal End Time,Pre Ictal Start Row,Pre Ictal End Row,Peri Ictal start time,Peri Ictal End Time,Peri Ictal start Row,Peri Ictal End Row,Non Seizure SubFile1,Ictal Duration,NS_Ictal Start Time,NS_Ictal End Time,NS_Ictal Start Row,NS_Ictal End Row,Non Seizure SubFile2,Peri Ictal Duration,NS_Peri Ictal Start Time,NS_Peri Ictal End Time,NS_Peri-Ictal Start Row,NS_Peri Ictal End Row
1,chb01_03,23,None,1,2996,3036,40,256,766976,777216,3041,3081,778496,788736,2951,2991,755456,765696,2986,3046,764416,779776,chb01_01,40,1780,1820,455680,465920,chb01_02,60,1770,1830,453120,468480
1,chb01_04,23,None,1,1467,1494,27,256,375552,382464,1499,1526,383744,390656,1435,1462,367360,374272,1457,1504,372992,385024,chb01_05,27,1786,1813,457216,464128,chb01_06,47,1776,1823,454656,466688
1,chb01_15,23,None,1,1732,1772,40,256,443392,453632,1777,1817,454912,465152,1687,1727,431872,442112,1722,1782,440832,456192,chb01_07,40,1780,1820,455680,465920,chb01_08,60,1770,1830,453120,468480
1,chb01_16,23,None,1,1015,1066,51,256,259840,272896,1071,1122,274176,287232,959,1010,245504,258560,1005,1076,257280,275456,chb01_09,51,1775,1826,454400,467456,chb01_10,71,1765,1836,451840,470016
1,chb01_18,23,None,1,1720,1810,90,256,440320,463360,1815,1905,464640,487680,1625,1715,416000,439040,1710,1820,437760,465920,chb01_11,90,1755,1845,449280,472320,chb01_12,110,1745,1855,446720,474880
1,chb01_21,23,None,1,327,420,93,256,83712,107520,425,518,108800,132608,229,322,58624,82432,317,430,81152,110080,chb01_13,93,1754,1847,449024,472832,chb01_14,113,1744,1857,446464,475392
1,chb01_26,23,None,1,1862,1963,101,256,476672,502528,1968,2069,503808,529664,1756,1857,449536,475392,1852,1973,474112,505088,chb01_17,101,1750,1851,448000,473856,chb01_19,121,1740,1861,445440,476416
2,chb02_16,23,None,1,130,212,82,256,33280,54272,217,299,55552,76544,43,125,11008,32000,120,222,30720,56832,chb02_01,82,1759,1841,450304,471296,chb02_02,102,1749,1851,447744,473856
2,chb02_16+,23,None,1,2972,3053,81,256,760832,781568,3058,3139,782848,803584,2886,2967,738816,759552,2962,3063,758272,784128,chb02_03,81,1760,1841,450560,471296,chb02_04,101,1750,1851,448000,473856
2,chb02_19,23,None,1,3369,3378,9,256,862464,864768,3383,3392,866048,868352,3355,3364,858880,861184,3359,3388,859904,867328,chb02_05,9,1795,1804,459520,461824,chb02_06,29,1785,1814,456960,464384
3,chb03_01,23,None,1,362,414,52,256,92672,105984,419,471,107264,120576,305,357,78080,91392,352,424,90112,108544,chb03_05,52,1775,1827,454400,467712,chb03_06,72,1764,1836,451584,470016
3,chb03_02,23,None,1,731,796,65,256,187136,203776,801,866,205056,221696,661,726,169216,185856,721,806,184576,206336,chb03_07,65,1768,1833,452608,469248,chb03_08,85,1758,1843,450048,471808
3,chb03_03,23,None,1,432,501,69,256,110592,128256,506,575,129536,147200,358,427,91648,109312,422,511,108032,130816,chb03_09,69,1765,1834,451840,469504,chb03_10,89,1755,1844,449280,472064
3,chb03_04,23,None,1,2162,2214,52,256,553472,566784,2219,2271,568064,581376,2105,2157,538880,552192,2152,2224,550912,569344,chb03_11,52,1775,1827,454400,467712,chb03_12,72,1764,1836,451584,470016
3,chb03_34,23,None,1,1982,2029,47,256,507392,519424,2034,2081,520704,532736,1930,1977,494080,506112,1972,2039,504832,521984,chb03_13,47,1776,1823,454656,466688,chb03_14,67,1766,1833,452096,469248
3,chb03_35,23,None,1,2592,2656,64,256,663552,679936,2661,2725,681216,697600,2523,2587,645888,662272,2582,2666,660992,682496,chb03_15,64,1768,1832,452608,468992,chb03_16,84,1758,1842,450048,471552
3,chb03_36,23,None,1,1725,1778,53,256,441600,455168,1783,1836,456448,470016,1667,1720,426752,440320,1715,1788,439040,457728,chb03_17,53,1774,1827,454144,467712,chb03_18,73,1763,1836,451328,470016
4,chb04_05,23,None,1,7804,7853,49,256,1997824,2010368,7858,7907,2011648,2024192,7750,7799,1984000,1996544,7794,7863,1995264,2012928,chb04_03,49,7175,7224,1836800,1849344,chb04_04,69,7165,7234,1834240,1851904
4,chb04_08,24,None,1,6446,6557,111,256,1650176,1678592,6562,6673,1679872,1708288,6330,6441,1620480,1648896,6436,6567,1647616,1681152,chb04_09,111,7145,7256,1829120,1857536,chb04_10,131,7135,7266,1826560,1860096
4,chb04_28_1,24,None,2,1679,1781,102,256,429824,455936,1786,1888,457216,483328,1572,1674,402432,428544,1669,1791,427264,458496,chb04_12,102,7149,7251,1830144,1856256,chb04_13,122,7139,7261,1827584,1858816
4,chb04_28_2,24,None,2,3782,3898,116,256,968192,997888,3903,4019,999168,1028864,3661,3777,937216,966912,3772,3908,965632,1000448,chb04_14,116,7142,7258,1828352,1858048,chb04_15,136,7132,7268,1825792,1860608
5,chb05_06,23,None,1,417,532,115,256,106752,136192,537,652,137472,166912,297,412,76032,105472,407,542,104192,138752,chb05_02,115,1742,1857,445952,475392,chb05_03,135,1732,1867,443392,477952
5,chb05_13,23,None,1,1086,1196,110,256,278016,306176,1201,1311,307456,335616,971,1081,248576,276736,1076,1206,275456,308736,chb05_04,110,1745,1855,446720,474880,chb05_05,130,1735,1865,444160,477440
5,chb05_16,23,None,1,2317,2413,96,256,593152,617728,2418,2514,619008,643584,2216,2312,567296,591872,2307,2423,590592,620288,chb05_07,96,1752,1848,448512,473088,chb05_08,116,1742,1858,445952,475648
5,chb05_17,23,None,1,2451,2571,120,256,627456,658176,2576,2696,659456,690176,2326,2446,595456,626176,2441,2581,624896,660736,chb05_09,120,1740,1860,445440,476160,chb05_10,140,1730,1870,442880,478720
5,chb05_22,23,None,1,2348,2465,117,256,601088,631040,2470,2587,632320,662272,2226,2343,569856,599808,2338,2475,598528,633600,chb05_11,117,1741,1858,445696,475648,chb05_12,137,1732,1869,443392,478464
6,chb06_01_1,23,None,3,1724,1738,14,256,441344,444928,1743,1757,446208,449792,1705,1719,436480,440064,1714,1748,438784,447488,chb06_02,14,7193,7207,1841408,1844992,chb06_03,34,7183,7217,1838848,1847552
6,chb06_01_2,23,None,3,7461,7476,15,256,1910016,1913856,7481,7496,1915136,1918976,7441,7456,1904896,1908736,7451,7486,1907456,1916416,chb06_05,15,7193,7208,1841408,1845248,chb06_06,35,7183,7218,1838848,1847808
6,chb06_01_3,23,None,3,13525,13540,15,256,3462400,3466240,13545,13560,3467520,3471360,13505,13520,3457280,3461120,13515,13550,3459840,3468800,chb06_07,15,7193,7208,1841408,1845248,chb06_08,35,7183,7218,1838848,1847808
6,chb06_04_1,23,None,2,327,347,20,256,83712,88832,352,372,90112,95232,302,322,77312,82432,317,357,81152,91392,chb06_12,20,7190,7210,1840640,1845760,chb06_14,40,7180,7220,1838080,1848320
6,chb06_04_2,23,None,2,6211,6231,20,256,1590016,1595136,6236,6256,1596416,1601536,6186,6206,1583616,1588736,6201,6241,1587456,1597696,chb06_15,20,7190,7210,1840640,1845760,chb06_16,40,1510,1550,386560,396800
6,chb06_09,23,None,1,12500,12516,16,256,3200000,3204096,12521,12537,3205376,3209472,12479,12495,3194624,3198720,12490,12526,3197440,3206656,chb06_17,16,7192,7208,1841152,1845248,chb07_01,36,7182,7218,1838592,1847808
6,chb06_10,23,None,1,10833,10845,12,256,2773248,2776320,10850,10862,2777600,2780672,10816,10828,2768896,2771968,10823,10855,2770688,2778880,chb07_02,12,7194,7206,1841664,1844736,chb07_03,32,7184,7216,1839104,1847296
6,chb06_13,23,None,1,506,519,13,256,129536,132864,524,537,134144,137472,488,501,124928,128256,496,529,126976,135424,chb07_04,13,7194,7207,1841664,1844992,chb07_05,33,7184,7217,1839104,1847552
6,chb06_18,23,None,1,7799,7811,12,256,1996544,1999616,7816,7828,2000896,2003968,7782,7794,1992192,1995264,7789,7821,1993984,2002176,chb07_06,12,1794,1806,459264,462336,chb07_07,32,1800,1832,460800,468992
6,chb06_24,23,None,1,9387,9403,16,256,2403072,2407168,9408,9424,2408448,2412544,9366,9382,2397696,2401792,9377,9413,2400512,2409728,chb07_08,16,7192,7208,1841152,1845248,chb07_09,36,7182,7218,1838592,1847808
7,chb07_12,23,None,1,4920,5006,86,256,1259520,1281536,5011,5097,1282816,1304832,4829,4915,1236224,1258240,4910,5016,1256960,1284096,chb07_10,86,7157,7243,1832192,1854208,chb07_11,106,7147,7253,1829632,1856768
7,chb07_13,23,None,1,3285,3381,96,256,840960,865536,3386,3482,866816,891392,3184,3280,815104,839680,3275,3391,838400,868096,chb07_14,96,7152,7248,1830912,1855488,chb07_15,116,7142,7258,1828352,1858048
7,chb07_19,23,None,1,13688,13831,143,256,3504128,3540736,13836,13979,3542016,3578624,13540,13683,3466240,3502848,13678,13841,3501568,3543296,chb07_16,143,7128,7271,1824768,1861376,chb07_17,163,7118,7281,1822208,1863936
8,chb08_02,23,None,1,2670,2841,171,256,683520,727296,2846,3017,728576,772352,2494,2665,638464,682240,2660,2851,680960,729856,chb08_03,171,1714,1885,438784,482560,chb08_04,191,1704,1895,436224,485120
8,chb08_05,23,None,1,2856,3046,190,256,731136,779776,3051,3241,781056,829696,2661,2851,681216,729856,2846,3056,728576,782336,chb08_10,190,1705,1895,436480,485120,chb08_12,210,1695,1905,433920,487680
8,chb08_11,23,None,1,2988,3122,134,256,764928,799232,3127,3261,800512,834816,2849,2983,729344,763648,2978,3132,762368,801792,chb08_14,134,1733,1867,443648,477952,chb08_15,154,1723,1877,441088,480512
8,chb08_13,23,None,1,2417,2577,160,256,618752,659712,2582,2742,660992,701952,2252,2412,576512,617472,2407,2587,616192,662272,chb08_16,160,1720,1880,440320,481280,chb08_17,180,1710,1890,437760,483840
8,chb08_21,23,None,1,2083,2347,264,256,533248,600832,2352,2616,602112,669696,1814,2078,464384,531968,2073,2357,530688,603392,chb08_18,264,1668,1932,427008,494592,chb08_19,284,1658,1942,424448,497152
9,chb09_06,24,None,1,12231,12295,64,256,3131136,3147520,12300,12364,3148800,3165184,12162,12226,3113472,3129856,12221,12305,3128576,3150080,chb09_01,64,4012,4076,1027072,1043456,chb09_02,84,7200,7284,1843200,1864704
9,chb09_08_1,24,None,2,2951,3030,79,256,755456,775680,3035,3114,776960,797184,2867,2946,733952,754176,2941,3040,752896,778240,chb09_03,79,7200,7279,1843200,1863424,chb09_04,99,7200,7299,1843200,1868544
9,chb09_08_2,24,None,2,9196,9267,71,256,2354176,2372352,9272,9343,2373632,2391808,9120,9191,2334720,2352896,9186,9277,2351616,2374912,chb09_05,71,7200,7271,1843200,1861376,chb09_07,91,7200,7291,1843200,1866496
9,chb09_19,24,None,1,5299,5361,62,256,1356544,1372416,5366,5428,1373696,1389568,5232,5294,1339392,1355264,5289,5371,1353984,1374976,chb09_09,62,7200,7262,1843200,1859072,chb09_10,82,7200,7282,1843200,1864192
10,chb10_12,23,None,1,6313,6348,35,256,1616128,1625088,6353,6388,1626368,1635328,6273,6308,1605888,1614848,6303,6358,1613568,1627648,chb10_01,35,3610,3645,924160,933120,chb10_02,55,3600,3655,921600,935680
10,chb10_20,23,None,1,6888,6958,70,256,1763328,1781248,6963,7033,1782528,1800448,6813,6883,1744128,1762048,6878,6968,1760768,1783808,chb10_03,70,3600,3670,921600,939520,chb10_04,90,3600,3690,921600,944640
10,chb10_27,23,None,1,2382,2447,65,256,609792,626432,2452,2517,627712,644352,2312,2377,591872,608512,2372,2457,607232,628992,chb10_05,65,3600,3665,921600,938240,chb10_06,85,3600,3685,921600,943360
10,chb10_30,23,None,1,3021,3079,58,256,773376,788224,3084,3142,789504,804352,2958,3016,757248,772096,3011,3089,770816,790784,chb10_07,58,3600,3658,921600,936448,chb10_08,78,3600,3678,921600,941568
10,chb10_31,23,None,1,3801,3877,76,256,973056,992512,3882,3958,993792,1013248,3720,3796,952320,971776,3791,3887,970496,995072,chb10_13,76,3600,3676,921600,941056,chb10_14,96,3600,3696,921600,946176
10,chb10_38,23,None,1,4618,4707,89,256,1182208,1204992,4712,4801,1206272,1229056,4524,4613,1158144,1180928,4608,4717,1179648,1207552,chb10_15,89,3600,3689,921600,944384,chb10_16,109,3600,3709,921600,949504
10,chb10_89,23,None,1,1383,1437,54,256,354048,367872,1442,1496,369152,382976,1324,1378,338944,352768,1373,1447,351488,370432,chb10_17,54,3600,3654,921600,935424,chb10_18,74,3600,3674,921600,940544
11,chb11_82,28,"5,10,13,18,23",1,298,320,22,256,76288,81920,325,347,83200,88832,271,293,69376,75008,288,330,73728,84480,chb11_01,22,1800,1822,460800,466432,chb11_02,42,1800,1842,460800,471552
11,chb11_92,28,"5,10,13,18,23",1,2695,2727,32,256,689920,698112,2732,2764,699392,707584,2658,2690,680448,688640,2685,2737,687360,700672,chb11_03,32,1800,1832,460800,468992,chb11_04,52,1800,1852,460800,474112
11,chb11_99,28,"5,10,13,18,23",1,1454,2206,752,256,372224,564736,2211,2963,566016,758528,697,1449,178432,370944,1444,2216,369664,567296,chb11_06_1,752,1800,2552,460800,653312,chb11_05,772,1800,2572,460800,658432
12,chb12_06_1,28,"5,10,13,18,23",2,1665,1726,61,256,426240,441856,1731,1792,443136,458752,1599,1660,409344,424960,1655,1736,423680,444416,chb12_19_1,61,1800,1861,460800,476416,chb12_20,81,1800,1881,460800,481536
12,chb12_06_2,28,"5,10,13,18,23",2,3415,3447,32,256,874240,882432,3452,3484,883712,891904,3378,3410,864768,872960,3405,3457,871680,884992,chb12_21,32,1800,1832,460800,468992,chb12_24,52,1800,1852,460800,474112
12,chb12_08_1,28,"5,10,13,18,23",4,1426,1439,13,256,365056,368384,1444,1457,369664,372992,1408,1421,360448,363776,1416,1449,362496,370944,chb12_32,13,1800,1813,460800,464128,chb12_34,33,1800,1833,460800,469248
12,chb12_08_2,28,"5,10,13,18,23",4,1591,1614,23,256,407296,413184,1619,1642,414464,420352,1563,1586,400128,406016,1581,1624,404736,415744,chb12_35,23,1800,1823,460800,466688,chb12_37,43,1800,1843,460800,471808
12,chb12_08_3,28,"5,10,13,18,23",4,1957,1977,20,256,500992,506112,1982,2002,507392,512512,1932,1952,494592,499712,1947,1987,498432,508672,chb12_39,20,1800,1820,460800,465920,chb12_40,40,1800,1840,460800,471040
12,chb12_08_4,28,"5,10,13,18,23",4,2798,2824,26,256,716288,722944,2829,2855,724224,730880,2767,2793,708352,715008,2788,2834,713728,725504,chb12_41,26,1800,1826,460800,467456,chb09_12,46,7200,7246,1843200,1854976
12,chb12_09_1,28,"5,10,13,18,23",2,3082,3114,32,256,788992,797184,3119,3151,798464,806656,3045,3077,779520,787712,3072,3124,786432,799744,chb09_11,32,7200,7232,1843200,1851392,chb09_13,52,7200,7252,1843200,1856512
12,chb12_09_2,28,"5,10,13,18,23",2,3503,3535,32,256,896768,904960,3540,3572,906240,914432,3466,3498,887296,895488,3493,3545,894208,907520,chb09_14,32,7200,7232,1843200,1851392,chb09_15,52,7200,7252,1843200,1856512
12,chb12_10_1,28,"5,10,13,18,23",2,593,625,32,256,151808,160000,630,662,161280,169472,556,588,142336,150528,583,635,149248,162560,chb09_16,32,6796,6828,1739776,1747968,chb09_18,52,7200,7252,1843200,1856512
12,chb12_10_2,28,"5,10,13,18,23",2,811,856,45,256,207616,219136,861,906,220416,231936,761,806,194816,206336,801,866,205056,221696,chb10_19,45,3600,3645,921600,933120,chb10_21,65,3600,3665,921600,938240
12,chb12_11,28,"5,10,13,18,23",1,1085,1122,37,256,277760,287232,1127,1164,288512,297984,1043,1080,267008,276480,1075,1132,275200,289792,chb10_22,37,3600,3637,921600,931072,chb10_28,57,3600,3657,921600,936192
12,chb12_23_1,28,"5,10,13,18,23",3,253,333,80,256,64768,85248,338,418,86528,107008,168,248,43008,63488,243,343,62208,87808,chb11_07_1,80,1800,1880,460800,481280,chb13_56,100,1800,1900,460800,486400
12,chb12_23_2,28,"5,10,13,18,23",3,425,522,97,256,108800,133632,527,624,134912,159744,323,420,82688,107520,415,532,106240,136192,chb12_19_2,97,1900,1997,486400,511232,chb14_42,117,1800,1917,460800,490752
12,chb12_23_3,28,"5,10,13,18,23",3,630,670,40,256,161280,171520,675,715,172800,183040,585,625,149760,160000,620,680,158720,174080,chb11_08_1,40,1800,1840,460800,471040,chb11_08_2,60,1900,1960,486400,501760
12,chb12_27_1,29,"4,10,14,20,24",6,916,951,35,256,234496,243456,956,991,244736,253696,876,911,224256,233216,906,961,231936,246016,chb11_09_1,35,1800,1835,460800,469760,chb11_09_2,55,1900,1955,486400,500480
12,chb12_27_2,29,"4,10,14,20,24",6,1097,1124,27,256,280832,287744,1129,1156,289024,295936,1065,1092,272640,279552,1087,1134,278272,290304,chb11_10_1,27,1800,1827,460800,467712,chb11_10_2,47,1900,1947,486400,498432
12,chb12_27_3,29,"4,10,14,20,24",6,1728,1753,25,256,442368,448768,1758,1783,450048,456448,1698,1723,434688,441088,1718,1763,439808,451328,chb11_11_1,25,1800,1825,460800,467200,chb11_11_2,45,1900,1945,486400,497920
12,chb12_27_4,29,"4,10,14,20,24",6,1921,1963,42,256,491776,502528,1968,2010,503808,514560,1874,1916,479744,490496,1911,1973,489216,505088,chb11_12_1,42,1800,1842,460800,471552,chb11_12_2,62,1900,1962,486400,502272
12,chb12_27_5,29,"4,10,14,20,24",6,2388,2440,52,256,611328,624640,2445,2497,625920,639232,2331,2383,596736,610048,2378,2450,608768,627200,chb11_13_1,52,1800,1852,460800,474112,chb11_13_2,72,1900,1972,486400,504832
12,chb12_27_6,29,"4,10,14,20,24",6,2621,2669,48,256,670976,683264,2674,2722,684544,696832,2568,2616,657408,669696,2611,2679,668416,685824,chb11_14_1,48,1800,1848,460800,473088,chb11_14_2,68,1900,1968,486400,503808
12,chb12_28,29,"4,10,14,20",1,181,215,34,256,46336,55040,220,254,56320,65024,142,176,36352,45056,171,225,43776,57600,chb11_15_1,34,1800,1834,460800,469504,chb11_15_2,54,1900,1954,486400,500224
12,chb12_29_1,29,"4,10,14,20",6,107,146,39,256,27392,37376,151,190,38656,48640,63,102,16128,26112,97,156,24832,39936,chb11_16_1,39,1800,1839,460800,470784,chb11_16_2,59,1900,1959,486400,501504
12,chb12_29_2,29,"4,10,14,20",6,554,592,38,256,141824,151552,597,635,152832,162560,511,549,130816,140544,544,602,139264,154112,chb11_17_1,38,1800,1838,460800,470528,chb11_17_2,58,1900,1958,486400,501248
12,chb12_29_3,29,"4,10,14,20",6,1163,1199,36,256,297728,306944,1204,1240,308224,317440,1122,1158,287232,296448,1153,1209,295168,309504,chb11_18_1,36,1800,1836,460800,470016,chb11_18_2,56,1900,1956,486400,500736
12,chb12_29_4,29,"4,10,14,20",6,1401,1447,46,256,358656,370432,1452,1498,371712,383488,1350,1396,345600,357376,1391,1457,356096,372992,chb11_19_1,46,1800,1846,460800,472576,chb11_19_2,66,1900,1966,486400,503296
12,chb12_29_5,29,"4,10,14,20",6,1884,1921,37,256,482304,491776,1926,1963,493056,502528,1842,1879,471552,481024,1874,1931,479744,494336,chb11_24_1,37,1800,1837,460800,470272,chb11_24_2,57,1900,1957,486400,500992
12,chb12_29_6,29,"4,10,14,20",6,3557,3584,27,256,910592,917504,3589,3616,918784,925696,3525,3552,902400,909312,3547,3594,908032,920064,chb11_25_1,27,1800,1827,460800,467712,chb11_25_2,47,1900,1947,486400,498432
12,chb12_33_1,29,"5,10,13,18,23",2,2185,2206,21,256,559360,564736,2211,2232,566016,571392,2159,2180,552704,558080,2175,2216,556800,567296,chb11_26_1,21,1800,1821,460800,466176,chb11_26_2,41,1900,1941,486400,496896
12,chb12_33_2,29,"5,10,13,18,23",2,2427,2450,23,256,621312,627200,2455,2478,628480,634368,2399,2422,614144,620032,2417,2460,618752,629760,chb11_27_1,23,1800,1823,460800,466688,chb11_27_2,43,1900,1943,486400,497408
12,chb12_36,29,"5,10,13,18,23",1,653,680,27,256,167168,174080,685,712,175360,182272,621,648,158976,165888,643,690,164608,176640,chb11_53_1,27,1800,1827,460800,467712,chb11_53_2,47,1900,1947,486400,498432
12,chb12_38_1,29,"5,10,13,18,23",5,1548,1573,25,256,396288,402688,1578,1603,403968,410368,1518,1543,388608,395008,1538,1583,393728,405248,chb11_54_1,25,1800,1825,460800,467200,chb11_54_2,45,1900,1945,486400,497920
12,chb12_38_2,29,"5,10,13,18,23",5,2798,2821,23,256,716288,722176,2826,2849,723456,729344,2770,2793,709120,715008,2788,2831,713728,724736,chb11_55_1,23,1800,1823,460800,466688,chb11_55_2,43,1900,1943,486400,497408
12,chb12_38_3,29,"5,10,13,18,23",5,2966,3009,43,256,759296,770304,3014,3057,771584,782592,2918,2961,747008,758016,2956,3019,756736,772864,chb11_56_1,43,1800,1843,460800,471808,chb11_56_2,63,1900,1963,486400,502528
12,chb12_38_4,29,"5,10,13,18,23",5,3146,3201,55,256,805376,819456,3206,3261,820736,834816,3086,3141,790016,804096,3136,3211,802816,822016,chb11_58_1,55,1800,1855,460800,474880,chb11_58_2,75,1900,1975,486400,505600
12,chb12_38_5,29,"5,10,13,18,23",5,3364,3410,46,256,861184,872960,3415,3461,874240,886016,3313,3359,848128,859904,3354,3420,858624,875520,chb11_60_1,46,1800,1846,460800,472576,chb11_60_2,66,1900,1966,486400,503296
12,chb12_42_1,29,"5,10,13,18,23",5,699,750,51,256,178944,192000,755,806,193280,206336,643,694,164608,177664,689,760,176384,194560,chb11_61_1,51,1800,1851,460800,473856,chb11_61_2,71,1900,1971,486400,504576
12,chb12_42_2,29,"5,10,13,18,23",5,945,973,28,256,241920,249088,978,1006,250368,257536,912,940,233472,240640,935,983,239360,251648,chb11_62_1,28,1800,1828,460800,467968,chb11_06_2,48,1900,1948,486400,498688
12,chb12_42_3,29,"5,10,13,18,23",5,1170,1199,29,256,299520,306944,1204,1233,308224,315648,1136,1165,290816,298240,1160,1209,296960,309504,chb11_63_1,29,1800,1829,460800,468224,chb11_07_2,49,1900,1949,486400,498944
12,chb12_42_4,29,"5,10,13,18,23",5,1676,1701,25,256,429056,435456,1706,1731,436736,443136,1646,1671,421376,427776,1666,1711,426496,438016,chb11_62_2,25,1840,1865,471040,477440,chb14_37,45,1800,1845,460800,472320
12,chb12_42_5,29,"5,10,13,18,23",5,2213,2236,23,256,566528,572416,2241,2264,573696,579584,2185,2208,559360,565248,2203,2246,563968,574976,chb11_63_2,23,1840,1863,471040,476928,chb14_39,43,1800,1843,460800,471808
13,chb13_19,28,"5,10,13,18,23",1,2077,2121,44,256,531712,542976,2126,2170,544256,555520,2028,2072,519168,530432,2067,2131,529152,545536,chb13_02,44,1800,1844,460800,472064,chb13_03,64,1800,1864,460800,477184
13,chb13_21,28,"5,10,13,18,23",1,934,1004,70,256,239104,257024,1009,1079,258304,276224,859,929,219904,237824,924,1014,236544,259584,chb13_04,70,1800,1870,460800,478720,chb13_05,90,1800,1890,460800,483840
13,chb13_40_1,22,"5,10,13,18",2,142,173,31,256,36352,44288,178,209,45568,53504,106,137,27136,35072,132,183,33792,46848,chb13_06,31,1800,1831,460800,468736,chb13_07,51,1800,1851,460800,473856
13,chb13_40_2,22,"5,10,13,18",2,530,594,64,256,135680,152064,599,663,153344,169728,461,525,118016,134400,520,604,133120,154624,chb13_08,64,1800,1864,460800,477184,chb13_09,84,1800,1884,460800,482304
13,chb13_55_1,28,"5,10,13,18,23",2,458,478,20,256,117248,122368,483,503,123648,128768,433,453,110848,115968,448,488,114688,124928,chb13_10,20,1800,1820,460800,465920,chb13_11,40,1800,1840,460800,471040
13,chb13_55_2,28,"5,10,13,18,23",2,2436,2454,18,256,623616,628224,2459,2477,629504,634112,2413,2431,617728,622336,2426,2464,621056,630784,chb13_12,18,1800,1818,460800,465408,chb13_13,38,1800,1838,460800,470528
13,chb13_58,28,"5,10,13,18,23",1,2474,2491,17,256,633344,637696,2496,2513,638976,643328,2452,2469,627712,632064,2464,2501,630784,640256,chb13_14,17,1800,1817,460800,465152,chb13_15,37,1800,1837,460800,470272
13,chb13_59,28,"5,10,13,18,23",1,3339,3401,62,256,854784,870656,3406,3468,871936,887808,3272,3334,837632,853504,3329,3411,852224,873216,chb13_16,62,1800,1862,460800,476672,chb13_18,82,1800,1882,460800,481792
13,chb13_60,28,"5,10,13,18,23",1,638,660,22,256,163328,168960,665,687,170240,175872,611,633,156416,162048,628,670,160768,171520,chb13_22,22,1800,1822,460800,466432,chb13_24,42,1800,1842,460800,471552
13,chb13_62_1,28,"5,10,13,18,23",3,851,916,65,256,217856,234496,921,986,235776,252416,781,846,199936,216576,841,926,215296,237056,chb13_30,65,1800,1865,460800,477440,chb13_36,85,1800,1885,460800,482560
13,chb13_62_2,28,"5,10,13,18,23",3,1626,1691,65,256,416256,432896,1696,1761,434176,450816,1556,1621,398336,414976,1616,1701,413696,435456,chb13_37,65,1800,1865,460800,477440,chb13_38,85,1800,1885,460800,482560
13,chb13_62_3,28,"5,10,13,18,23",3,2664,2721,57,256,681984,696576,2726,2783,697856,712448,2602,2659,666112,680704,2654,2731,679424,699136,chb13_39,57,1800,1857,460800,475392,chb13_47,77,1800,1877,460800,480512
14,chb14_03,28,"5,10,13,18,23",1,1986,2000,14,256,508416,512000,2005,2019,513280,516864,1967,1981,503552,507136,1976,2010,505856,514560,chb14_01,14,1800,1814,460800,464384,chb14_02,34,1800,1834,460800,469504
14,chb14_04_1,28,"5,10,13,18,23",2,1372,1392,20,256,351232,356352,1397,1417,357632,362752,1347,1367,344832,349952,1362,1402,348672,358912,chb14_07,20,1800,1820,460800,465920,chb14_12,40,1800,1840,460800,471040
14,chb14_04_2,28,"5,10,13,18,23",2,2817,2839,22,256,721152,726784,2844,2866,728064,733696,2790,2812,714240,719872,2807,2849,718592,729344,chb14_13,22,1800,1822,460800,466432,chb14_14,42,1800,1842,460800,471552
14,chb14_06,28,"5,10,13,18,23",1,1911,1925,14,256,489216,492800,1930,1944,494080,497664,1892,1906,484352,487936,1901,1935,486656,495360,chb14_16,14,1800,1814,460800,464384,chb14_19,34,1800,1834,460800,469504
14,chb14_11,28,"5,10,13,18,23",1,1838,1879,41,256,470528,481024,1884,1925,482304,492800,1792,1833,458752,469248,1828,1889,467968,483584,chb14_20,41,1800,1841,460800,471296,chb14_22,61,1800,1861,460800,476416
14,chb14_17,28,"5,10,13,18,23",1,3239,3259,20,256,829184,834304,3264,3284,835584,840704,3214,3234,822784,827904,3229,3269,826624,836864,chb14_24,20,1800,1820,460800,465920,chb14_25,40,1800,1840,460800,471040
14,chb14_18,28,"5,10,13,18,23",1,1039,1061,22,256,265984,271616,1066,1088,272896,278528,1012,1034,259072,264704,1029,1071,263424,274176,chb14_26,22,1800,1822,460800,466432,chb14_29,42,1800,1842,460800,471552
14,chb14_27,28,"5,10,13,18,23",1,2833,2849,16,256,725248,729344,2854,2870,730624,734720,2812,2828,719872,723968,2823,2859,722688,731904,chb14_30,16,1800,1816,460800,464896,chb14_32,36,1800,1836,460800,470016
15,chb15_06,38,"5,10,14,19,24,30",1,272,397,125,256,69632,101632,402,527,102912,134912,142,267,36352,68352,262,407,67072,104192,chb15_01_1,125,1800,1925,460800,492800,chb15_02_1,145,1800,1945,460800,497920
15,chb15_10,38,"5,10,14,19,24,30",1,1082,1113,31,256,276992,284928,1118,1149,286208,294144,1046,1077,267776,275712,1072,1123,274432,287488,chb15_03_1,31,1800,1831,460800,468736,chb15_04_1,51,1800,1851,460800,473856
15,chb15_15,38,"5,10,14,19,24,30",1,1591,1748,157,256,407296,447488,1753,1910,448768,488960,1429,1586,365824,406016,1581,1758,404736,450048,chb15_05_1,157,1800,1957,460800,500992,chb15_07,177,1800,1977,460800,506112
15,chb15_17,38,"5,10,14,19,24,30",1,1925,1960,35,256,492800,501760,1965,2000,503040,512000,1885,1920,482560,491520,1915,1970,490240,504320,chb15_08_1,35,1800,1835,460800,469760,chb15_09_1,55,1800,1855,460800,474880
15,chb15_20,38,"5,10,14,19,24,30",1,607,662,55,256,155392,169472,667,722,170752,184832,547,602,140032,154112,597,672,152832,172032,chb15_11_1,55,1800,1855,460800,474880,chb15_12_1,75,1800,1875,460800,480000
15,chb15_22,38,"5,10,14,19,24,30",1,760,965,205,256,194560,247040,970,1175,248320,300800,550,755,140800,193280,750,975,192000,249600,chb15_13_1,205,1800,2005,460800,513280,chb15_14_1,225,1800,2025,460800,518400
15,chb15_28,38,"5,10,14,19,24,30",1,876,1066,190,256,224256,272896,1071,1261,274176,322816,681,871,174336,222976,866,1076,221696,275456,chb15_16_1,190,1800,1990,460800,509440,chb15_19_1,210,1800,2010,460800,514560
15,chb15_31,38,"5,10,14,19,24,30",1,1751,1871,120,256,448256,478976,1876,1996,480256,510976,1626,1746,416256,446976,1741,1881,445696,481536,chb15_26,120,1800,1920,460800,491520,chb15_29,140,1800,1940,460800,496640
15,chb15_40_1,38,"5,10,14,19,24,30",3,834,894,60,256,213504,228864,899,959,230144,245504,769,829,196864,212224,824,904,210944,231424,chb15_30,60,1800,1860,460800,476160,chb15_32,80,1800,1880,460800,481280
15,chb15_40_2,38,"5,10,14,19,24,30",3,2378,2497,119,256,608768,639232,2502,2621,640512,670976,2254,2373,577024,607488,2368,2507,606208,641792,chb15_33,119,1800,1919,460800,491264,chb15_35,139,1800,1939,460800,496384
15,chb15_40_3,38,"5,10,14,19,24,30",3,3362,3425,63,256,860672,876800,3430,3493,878080,894208,3294,3357,843264,859392,3352,3435,858112,879360,chb15_37,63,1800,1863,460800,476928,chb15_45_1,83,1800,1883,460800,482048
15,chb15_46,38,"5,10,14,19,24,30",1,3322,3429,107,256,850432,877824,3434,3541,879104,906496,3210,3317,821760,849152,3312,3439,847872,880384,chb15_50,107,1800,1907,460800,488192,chb15_51,127,1800,1927,460800,493312
15,chb15_49,38,"5,10,14,19,24,30",1,1108,1248,140,256,283648,319488,1253,1393,320768,356608,963,1103,246528,282368,1098,1258,281088,322048,chb15_61,140,1800,1940,460800,496640,chb15_63,160,1800,1960,460800,501760
15,chb15_52,38,"5,10,14,19,24,30",1,778,849,71,256,199168,217344,854,925,218624,236800,702,773,179712,197888,768,859,196608,219904,chb15_01_2,71,1900,1971,486400,504576,chb15_02_2,91,1900,1991,486400,509696
15,chb15_54_1,38,"5,10,14,19,24,30",5,263,318,55,256,67328,81408,323,378,82688,96768,203,258,51968,66048,253,328,64768,83968,chb15_03_2,55,1900,1955,486400,500480,chb15_04_2,75,1900,1975,486400,505600
15,chb15_54_2,38,"5,10,14,19,24,30",5,843,1020,177,256,215808,261120,1025,1202,262400,307712,661,838,169216,214528,833,1030,213248,263680,chb15_05_2,177,1900,2077,486400,531712,chb15_45_2,197,1900,2097,486400,536832
15,chb15_54_3,38,"5,10,14,19,24,30",5,1524,1595,71,256,390144,408320,1600,1671,409600,427776,1448,1519,370688,388864,1514,1605,387584,410880,chb15_08_2,71,1900,1971,486400,504576,chb15_09_2,91,1900,1991,486400,509696
15,chb15_54_4,38,"5,10,14,19,24,30",5,2179,2250,71,256,557824,576000,2255,2326,577280,595456,2103,2174,538368,556544,2169,2260,555264,578560,chb15_11_2,71,1900,1971,486400,504576,chb15_12_2,91,1900,1991,486400,509696
15,chb15_54_5,38,"5,10,14,19,24,30",5,3428,3460,32,256,877568,885760,3465,3497,887040,895232,3391,3423,868096,876288,3418,3470,875008,888320,chb15_13_2,32,1900,1932,486400,494592,chb15_14_2,52,1900,1952,486400,499712
15,chb15_62,38,"5,10,14,19,24,30",1,751,859,108,256,192256,219904,864,972,221184,248832,638,746,163328,190976,741,869,189696,222464,chb15_16_2,108,1900,2008,486400,514048,chb15_19_2,128,1900,2028,486400,519168
16,chb16_10,28,"5,10,13,18,23",1,2290,2299,9,256,586240,588544,2304,2313,589824,592128,2276,2285,582656,584960,2280,2309,583680,591104,chb16_01_1,9,1800,1809,460800,463104,chb16_02,29,1800,1829,460800,468224
16,chb16_11,28,"5,10,13,18,23",1,1120,1129,9,256,286720,289024,1134,1143,290304,292608,1106,1115,283136,285440,1110,1139,284160,291584,chb16_03_1,9,1800,1809,460800,463104,chb16_04,29,1800,1829,460800,468224
16,chb16_14,28,"5,10,13,18,23",1,1854,1868,14,256,474624,478208,1873,1887,479488,483072,1835,1849,469760,473344,1844,1878,472064,480768,chb16_05_1,14,1800,1814,460800,464384,chb16_06,34,1800,1834,460800,469504
16,chb16_16,28,"5,10,13,18,23",1,1214,1220,6,256,310784,312320,1225,1231,313600,315136,1203,1209,307968,309504,1204,1230,308224,314880,chb16_07_1,6,1800,1806,460800,462336,chb16_08,26,1800,1826,460800,467456
16,chb16_17_1,28,"5,10,13,18,23",4,227,236,9,256,58112,60416,241,250,61696,64000,213,222,54528,56832,217,246,55552,62976,chb16_09_1,9,1800,1809,460800,463104,chb16_12,29,1800,1829,460800,468224
16,chb16_17_2,28,"5,10,13,18,23",4,1694,1700,6,256,433664,435200,1705,1711,436480,438016,1683,1689,430848,432384,1684,1710,431104,437760,chb16_13_1,6,1800,1806,460800,462336,chb16_15,26,1800,1826,460800,467456
16,chb16_17_3,28,"5,10,13,18,23",4,2162,2170,8,256,553472,555520,2175,2183,556800,558848,2149,2157,550144,552192,2152,2180,550912,558080,chb16_19_1,8,1800,1808,460800,462848,chb16_01_2,28,1900,1928,486400,493568
16,chb16_17_4,28,"5,10,13,18,23",4,3290,3298,8,256,842240,844288,3303,3311,845568,847616,3277,3285,838912,840960,3280,3308,839680,846848,chb16_03_2,8,1900,1908,486400,488448,chb16_09_2,28,1900,1928,486400,493568
16,chb16_18_1,22,"5,10,13,18",2,627,635,8,256,160512,162560,640,648,163840,165888,614,622,157184,159232,617,645,157952,165120,chb16_05_2,8,1900,1908,486400,488448,chb16_13_2,28,1900,1928,486400,493568
16,chb16_18_2,22,"5,10,13,18",2,1909,1916,7,256,488704,490496,1921,1928,491776,493568,1897,1904,485632,487424,1899,1926,486144,493056,chb16_07_2,7,1900,1907,486400,488192,chb16_19_2,27,1900,1927,486400,493312
17,chb17a_03,28,"5,10,13,18,23",1,2282,2372,90,256,584192,607232,2377,2467,608512,631552,2187,2277,559872,582912,2272,2382,581632,609792,chb17a_05,90,1700,1790,435200,458240,chb17b_57,110,1756,1866,449536,477696
17,chb17a_04,28,"5,10,13,18,23",1,3025,3140,115,256,774400,803840,3145,3260,805120,834560,2905,3020,743680,773120,3015,3150,771840,806400,chb17a_06,115,1741,1856,445696,475136,chb17b_58,135,1756,1891,449536,484096
17,chb17b_63,28,"5,10,13,18,23",1,3136,3224,88,256,802816,825344,3229,3317,826624,849152,3043,3131,779008,801536,3126,3234,800256,827904,chb17a_08,88,1741,1829,445696,468224,chb17b_59,108,1756,1864,449536,477184
18,chb18_29,28,"5,10,13,18,23",1,3477,3527,50,256,890112,902912,3532,3582,904192,916992,3422,3472,876032,888832,3467,3537,887552,905472,chb18_02,50,1742,1792,445952,458752,chb18_08,70,1756,1826,449536,467456
18,chb18_30,28,"5,10,13,18,23",1,541,571,30,256,138496,146176,576,606,147456,155136,506,536,129536,137216,531,581,135936,148736,chb18_03,30,1742,1772,445952,453632,chb18_09,50,1756,1806,449536,462336
18,chb18_31,28,"5,10,13,18,23",1,2087,2155,68,256,534272,551680,2160,2228,552960,570368,2014,2082,515584,532992,2077,2165,531712,554240,chb18_04,68,1742,1810,445952,463360,chb18_10,88,1756,1844,449536,472064
18,chb18_32,28,"5,10,13,18,23",1,1908,1963,55,256,488448,502528,1968,2023,503808,517888,1848,1903,473088,487168,1898,1973,485888,505088,chb18_05,55,1742,1797,445952,460032,chb18_11,75,1756,1831,449536,468736
18,chb18_35,28,"5,10,13,18,23",1,2196,2264,68,256,562176,579584,2269,2337,580864,598272,2123,2191,543488,560896,2186,2274,559616,582144,chb18_06,68,1742,1810,445952,463360,chb18_12,88,1756,1844,449536,472064
18,chb18_36,28,"5,10,13,18,23",1,463,509,46,256,118528,130304,514,560,131584,143360,412,458,105472,117248,453,519,115968,132864,chb18_07,46,1742,1788,445952,457728,chb18_13,66,1756,1822,449536,466432
19,chb19_28,28,"5,10,13,18,23",1,299,377,78,256,76544,96512,382,460,97792,117760,216,294,55296,75264,289,387,73984,99072,chb19_02,78,1742,1820,445952,465920,chb19_05,98,1756,1854,449536,474624
19,chb19_29,28,"5,10,13,18,23",1,2964,3041,77,256,758784,778496,3046,3123,779776,799488,2882,2959,737792,757504,2954,3051,756224,781056,chb19_03,77,1743,1820,446208,465920,chb19_06,97,1756,1853,449536,474368
19,chb19_30,28,"5,10,13,18,23",1,3159,3240,81,256,808704,829440,3245,3326,830720,851456,3073,3154,786688,807424,3149,3250,806144,832000,chb19_04,81,1743,1824,446208,466944,chb19_07,101,1756,1857,449536,475392
20,chb20_12,28,"5,10,13,18,23",1,94,123,29,256,24064,31488,128,157,32768,40192,60,89,15360,22784,84,133,21504,34048,chb20_01,29,1743,1772,446208,453632,chb20_07,49,1756,1805,449536,462080
20,chb20_13_1,28,"5,10,13,18,23",2,1440,1470,30,256,368640,376320,1475,1505,377600,385280,1405,1435,359680,367360,1430,1480,366080,378880,chb20_02,30,1743,1773,446208,453888,chb20_08,50,1756,1806,449536,462336
20,chb20_13_2,28,"5,10,13,18,23",2,2498,2537,39,256,639488,649472,2542,2581,650752,660736,2454,2493,628224,638208,2488,2547,636928,652032,chb20_23,39,1743,1782,446208,456192,chb20_25,59,1756,1815,449536,464640
20,chb20_14,28,"5,10,13,18,23",1,1971,2009,38,256,504576,514304,2014,2052,515584,525312,1928,1966,493568,503296,1961,2019,502016,516864,chb20_03,38,1743,1781,446208,455936,chb20_11,58,1756,1814,449536,464384
20,chb20_15_1,28,"5,10,13,18,23",2,390,425,35,256,99840,108800,430,465,110080,119040,350,385,89600,98560,380,435,97280,111360,chb20_04,35,1743,1778,446208,455168,chb20_17,55,1756,1811,449536,463616
20,chb20_15_2,28,"5,10,13,18,23",2,1689,1738,49,256,432384,444928,1743,1792,446208,458752,1635,1684,418560,431104,1679,1748,429824,447488,chb20_26,49,1743,1792,446208,458752,chb20_27,69,1756,1825,449536,467200
20,chb20_16,28,"5,10,13,18,23",1,2226,2261,35,256,569856,578816,2266,2301,580096,589056,2186,2221,559616,568576,2216,2271,567296,581376,chb20_05,35,1743,1778,446208,455168,chb20_21,55,600,655,153600,167680
20,chb20_68,28,"5,10,13,18,23",1,1393,1432,39,256,356608,366592,1437,1476,367872,377856,1349,1388,345344,355328,1383,1442,354048,369152,chb20_06,39,1743,1782,446208,456192,chb20_22,59,600,659,153600,168704
21,chb21_19,28,"5,10,13,18,23",1,1288,1344,56,256,329728,344064,1349,1405,345344,359680,1227,1283,314112,328448,1278,1354,327168,346624,chb21_01,56,1743,1799,446208,460544,chb21_05,76,600,676,153600,173056
21,chb21_20,28,"5,10,13,18,23",1,2627,2677,50,256,672512,685312,2682,2732,686592,699392,2572,2622,658432,671232,2617,2687,669952,687872,chb21_02,50,1743,1793,446208,459008,chb21_06,70,600,670,153600,171520
21,chb21_21,28,"5,10,13,18,23",1,2003,2084,81,256,512768,533504,2089,2170,534784,555520,1917,1998,490752,511488,1993,2094,510208,536064,chb21_03,81,1743,1824,446208,466944,chb21_07,101,600,701,153600,179456
21,chb21_22,28,"5,10,13,18,23",1,2553,2565,12,256,653568,656640,2570,2582,657920,660992,2536,2548,649216,652288,2543,2575,651008,659200,chb21_04,12,1743,1755,446208,449280,chb21_08,32,600,632,153600,161792
22,chb22_20,28,"5,10,13,18,23",1,3367,3425,58,256,861952,876800,3430,3488,878080,892928,3304,3362,845824,860672,3357,3435,859392,879360,chb22_01,58,1743,1801,446208,461056,chb22_04,78,600,678,153600,173568
22,chb22_25,28,"5,10,13,18,23",1,3139,3213,74,256,803584,822528,3218,3292,823808,842752,3060,3134,783360,802304,3129,3223,801024,825088,chb22_02,74,1743,1817,446208,465152,chb22_05,94,600,694,153600,177664
22,chb22_38,28,"5,10,13,18,23",1,1263,1335,72,256,323328,341760,1340,1412,343040,361472,1186,1258,303616,322048,1253,1345,320768,344320,chb22_03,72,1743,1815,446208,464640,chb22_06,92,600,692,153600,177152
23,chb23_06,23,None,1,3962,4075,113,256,1014272,1043200,4080,4193,1044480,1073408,3844,3957,984064,1012992,3952,4085,1011712,1045760,chb23_07,113,1743,1856,446208,475136,chb01_37,133,1756,1889,449536,483584
23,chb23_08,23,None,2,325,345,20,256,83200,88320,350,370,89600,94720,300,320,76800,81920,315,355,80640,90880,chb23_10,20,1743,1763,446208,451328,chb01_38,40,1756,1796,449536,459776
23,chb23_08,23,None,2,5104,5151,47,256,1306624,1318656,5156,5203,1319936,1331968,5052,5099,1293312,1305344,5094,5161,1304064,1321216,chb23_16,47,1743,1790,446208,458240,chb01_39,67,1756,1823,449536,466688
23,chb23_09,23,None,4,2589,2660,71,256,662784,680960,2665,2736,682240,700416,2513,2584,643328,661504,2579,2670,660224,683520,chb23_17,71,1743,1814,446208,464384,chb01_40,91,1756,1847,449536,472832
23,chb23_09,23,None,4,6885,6947,62,256,1762560,1778432,6952,7014,1779712,1795584,6818,6880,1745408,1761280,6875,6957,1760000,1780992,chb23_19,62,1743,1805,446208,462080,chb01_41,82,1756,1838,449536,470528
23,chb23_09,23,None,4,8505,8532,27,256,2177280,2184192,8537,8564,2185472,2192384,8473,8500,2169088,2176000,8495,8542,2174720,2186752,chb23_20,27,1743,1770,446208,453120,chb01_42,47,1756,1803,449536,461568
23,chb23_09,23,None,4,9580,9664,84,256,2452480,2473984,9669,9753,2475264,2496768,9491,9575,2429696,2451200,9570,9674,2449920,2476544,chb10_19,84,1743,1827,446208,467712,chb01_43,104,1756,1860,449536,476160
24,chb24_01,23,None,2,480,505,25,256,122880,129280,510,535,130560,136960,450,475,115200,121600,470,515,120320,131840,chb10_21,25,1743,1768,446208,452608,chb01_46,45,1756,1801,449536,461056
24,chb24_01,23,None,2,2451,2476,25,256,627456,633856,2481,2506,635136,641536,2421,2446,619776,626176,2441,2486,624896,636416,chb10_22,25,1743,1768,446208,452608,chb02_07,45,1800,1845,460800,472320
24,chb24_03,23,None,2,231,260,29,256,59136,66560,265,294,67840,75264,197,226,50432,57856,221,270,56576,69120,chb10_28,29,1743,1772,446208,453632,chb02_08,49,1774,1823,454144,466688
24,chb24_03,23,None,2,2883,2908,25,256,738048,744448,2913,2938,745728,752128,2853,2878,730368,736768,2873,2918,735488,747008,chb01_20,25,1743,1768,446208,452608,chb02_09,45,1774,1819,454144,465664
24,chb24_04,23,None,3,1088,1120,32,256,278528,286720,1125,1157,288000,296192,1051,1083,269056,277248,1078,1130,275968,289280,chb01_22,32,1741,1773,445696,453888,chb02_10,52,1774,1826,454144,467456
24,chb24_04,23,None,3,1411,1438,27,256,361216,368128,1443,1470,369408,376320,1379,1406,353024,359936,1401,1448,358656,370688,chb01_23,27,1741,1768,445696,452608,chb02_11,47,1774,1821,454144,466176
24,chb24_04,23,None,3,1745,1764,19,256,446720,451584,1769,1788,452864,457728,1721,1740,440576,445440,1735,1774,444160,454144,chb01_24,19,1741,1760,445696,450560,chb02_12,39,1774,1813,454144,464128
24,chb24_06,23,None,1,1229,1253,24,256,314624,320768,1258,1282,322048,328192,1200,1224,307200,313344,1219,1263,312064,323328,chb01_25,24,1741,1765,445696,451840,chb02_13,44,1774,1818,454144,465408
24,chb24_07,23,None,1,38,60,22,256,9728,15360,65,87,16640,22272,11,33,2816,8448,28,70,7168,17920,chb01_27,22,500,522,128000,133632,chb02_14,42,1774,1816,454144,464896
24,chb24_09,23,None,1,1745,1764,19,256,446720,451584,1769,1788,452864,457728,1721,1740,440576,445440,1735,1774,444160,454144,chb01_29,19,500,519,128000,132864,chb02_15,39,1774,1813,454144,464128
24,chb24_13,23,None,1,3288,3304,16,256,841728,845824,3309,3325,847104,851200,3267,3283,836352,840448,3278,3314,839168,848384,chb01_31,16,500,516,128000,132096,chb02_18,36,1774,1810,454144,463360
24,chb24_14,23,None,1,1939,1966,27,256,496384,503296,1971,1998,504576,511488,1907,1934,488192,495104,1929,1976,493824,505856,chb01_32,27,500,527,128000,134912,chb02_21,47,1774,1821,454144,466176
24,chb24_15,23,None,1,3552,3569,17,256,909312,913664,3574,3591,914944,919296,3530,3547,903680,908032,3542,3579,906752,916224,chb01_33,17,500,517,128000,132352,chb02_22,37,1774,1811,454144,463616
24,chb24_17,23,None,1,3515,3581,66,256,899840,916736,3586,3652,918016,934912,3444,3510,881664,898560,3505,3591,897280,919296,chb01_34,66,500,566,128000,144896,chb02_23,86,1774,1860,454144,476160
24,chb24_21,23,None,1,2804,2872,68,256,717824,735232,2877,2945,736512,753920,2731,2799,699136,716544,2794,2882,715264,737792,chb01_36,68,500,568,128000,145408,chb02_24,88,1774,1862,454144,476672