-44.346764346764346,-18.55921855921856,-29.499389499389498,5.274725274725275,0.0,-75.21367521367522,-13.089133089133089,3.3211233211233213,-1.7582417582417582,0.0,-24.42002442002442,12.698412698412698,0.0,-43.17460317460318,-25.592185592185597,-3.711843711843712,26.37362637362637,0.0,-105.2991452991453,50.5982905982906,-0.5860805860805861,6.837606837606837,0.0,29.89010989010989,0.5860805860805861,-55.67765567765568,31.843711843711844,-0.5860805860805861
-75.21367521367522,177.97313797313797,-239.3162393162393,-4.493284493284493,0.0,-112.33211233211232,-25.2014652014652,2.93040293040293,-6.446886446886447,0.0,-26.37362637362637,7.228327228327228,0.0,-63.49206349206349,-25.592185592185597,-2.148962148962149,22.466422466422465,0.0,-104.9084249084249,24.42002442002442,6.056166056166056,2.93040293040293,0.0,239.7069597069597,-202.1978021978022,-45.90964590964591,8.4004884004884,6.056166056166056
-77.16727716727716,250.64713064713064,-287.76556776556777,-5.274725274725275,0.0,-108.42490842490842,-21.68498168498169,8.4004884004884,0.5860805860805861,0.0,-19.73137973137973,10.744810744810744,0.0,-57.63125763125763,-16.214896214896214,-1.3675213675213675,28.32722832722833,0.0,-111.15995115995116,31.843711843711844,18.94993894993895,11.135531135531137,0.0,288.15628815628816,-280.3418803418804,-54.89621489621489,16.214896214896214,18.94993894993895
-68.96214896214896,122.4908424908425,-177.58241758241758,4.102564102564102,0.0,-112.72283272283272,-20.903540903540904,8.00976800976801,5.665445665445666,0.0,-22.857142857142858,14.261294261294262,0.0,-61.53846153846154,-15.042735042735044,-4.102564102564102,35.75091575091575,0.0,-105.68986568986568,21.68498168498169,21.294261294261293,14.652014652014651,0.0,177.97313797313797,-171.33089133089132,-42.39316239316239,8.00976800976801,21.294261294261293
-56.45909645909646,38.48595848595848,-107.64346764346764,-0.9768009768009768,0.0,-113.11355311355312,-22.857142857142858,4.884004884004884,3.711843711843712,0.0,-28.32722832722833,13.089133089133089,0.0,-71.6971916971917,-27.936507936507937,-8.791208791208792,34.18803418803419,0.0,-112.72283272283272,4.493284493284493,16.996336996336996,14.652014652014651,0.0,108.03418803418803,-76.77655677655677,-66.61782661782662,0.9768009768009768,16.996336996336996
-56.06837606837607,143.98046398046398,-215.0915750915751,3.3211233211233213,0.0,-115.06715506715508,-15.824175824175825,1.7582417582417582,5.274725274725275,0.0,-29.10866910866911,14.652014652014651,0.0,-72.86935286935287,-36.53235653235653,-12.307692307692308,33.40659340659341,0.0,-122.1001221001221,-4.102564102564102,15.824175824175825,20.903540903540904,0.0,215.48229548229548,-181.8803418803419,-71.6971916971917,-0.1953601953601953,15.824175824175825
-61.14774114774115,281.9047619047619,-368.64468864468864,3.3211233211233213,0.0,-115.84859584859583,-22.857142857142858,-0.9768009768009768,-3.3211233211233213,0.0,-34.18803418803419,10.744810744810744,0.0,-84.2002442002442,-32.62515262515262,-17.77777777777778,25.982905982905983,0.0,-113.5042735042735,-13.870573870573873,-2.93040293040293,21.294261294261293,0.0,369.035409035409,-326.4468864468864,-55.67765567765568,0.1953601953601953,-2.93040293040293
-52.55189255189255,9.18192918192918,-92.014652014652,4.884004884004884,0.0,-108.42490842490842,-17.387057387057386,0.9768009768009768,-4.493284493284493,0.0,-36.53235653235653,10.744810744810744,0.0,-81.07448107448107,-36.92307692307692,-15.824175824175825,23.63858363858364,0.0,-106.08058608058607,-23.247863247863247,-2.5396825396825395,20.903540903540904,0.0,92.4053724053724,-34.969474969474966,-62.31990231990232,-3.711843711843712,-2.5396825396825395
-62.31990231990232,201.8070818070818,-277.6068376068376,13.089133089133089,0.0,-111.15995115995116,-15.433455433455434,4.102564102564102,-1.3675213675213675,0.0,-29.10866910866911,10.744810744810744,0.0,-69.35286935286935,-28.71794871794872,-14.652014652014651,18.168498168498168,0.0,-95.53113553113552,-26.764346764346765,11.135531135531137,14.652014652014651,0.0,277.997557997558,-232.67399267399267,-48.25396825396825,-9.572649572649572,11.135531135531137
-66.61782661782662,369.4261294261294,-440.53724053724056,16.214896214896214,0.0,-115.45787545787546,-8.791208791208792,5.665445665445666,-1.7582417582417582,0.0,-21.294261294261293,10.354090354090356,0.0,-69.35286935286935,-18.168498168498168,-14.261294261294262,18.55921855921856,0.0,-85.76312576312576,-23.247863247863247,14.652014652014651,9.572649572649572,0.0,440.92796092796095,-416.7032967032967,-33.01587301587302,0.9768009768009768,14.652014652014651
-62.31990231990232,283.8583638583639,-342.46642246642244,2.5396825396825395,0.0,-110.37851037851038,0.1953601953601953,0.5860805860805861,-7.619047619047619,0.0,-15.042735042735044,8.00976800976801,0.0,-60.366300366300365,-20.512820512820515,-11.526251526251526,22.857142857142858,0.0,-75.995115995116,-22.075702075702075,22.857142857142858,4.493284493284493,0.0,342.85714285714283,-317.85103785103786,-43.17460317460318,2.93040293040293,22.857142857142858
-62.71062271062271,250.64713064713064,-297.92429792429795,-0.1953601953601953,0.0,-101.78266178266178,0.5860805860805861,-4.884004884004884,-2.93040293040293,0.0,-4.493284493284493,4.102564102564102,0.0,-63.49206349206349,-22.466422466422465,-9.572649572649572,26.764346764346765,0.0,-86.54456654456655,-20.12210012210012,30.671550671550676,6.056166056166056,0.0,298.31501831501834,-288.15628815628816,-41.61172161172161,-1.3675213675213675,30.671550671550676
-49.81684981684982,342.07570207570205,-406.1538461538461,0.1953601953601953,0.0,-79.12087912087912,-6.056166056166056,-16.214896214896214,-10.354090354090356,0.0,-2.93040293040293,-0.9768009768009768,0.0,-63.10134310134311,-15.042735042735044,-13.089133089133089,25.592185592185597,0.0,-75.21367521367522,-23.63858363858364,23.63858363858364,8.00976800976801,0.0,406.5445665445665,-383.1013431013431,-25.982905982905983,-16.214896214896214,23.63858363858364
-38.095238095238095,448.7423687423688,-499.5360195360195,-22.857142857142858,0.0,-52.16117216117216,-11.135531135531137,-22.075702075702075,-25.2014652014652,0.0,-9.18192918192918,-0.9768009768009768,0.0,-50.20757020757021,-19.34065934065934,-14.652014652014651,25.2014652014652,0.0,-70.91575091575092,-10.354090354090356,10.354090354090356,10.744810744810744,0.0,499.9267399267399,-475.3113553113553,-27.936507936507937,-16.605616605616607,10.354090354090356
-29.89010989010989,355.36019536019535,-381.92918192918194,-13.47985347985348,0.0,-36.53235653235653,-7.228327228327228,-17.77777777777778,-8.00976800976801,0.0,-12.698412698412698,3.3211233211233213,0.0,-40.43956043956044,-18.168498168498168,-12.307692307692308,24.81074481074481,0.0,-72.86935286935287,2.93040293040293,10.744810744810744,10.354090354090356,0.0,382.3199023199023,-388.18070818070817,-19.73137973137973,-13.47985347985348,10.744810744810744
-18.55921855921856,592.918192918193,-638.2417582417582,-11.135531135531137,0.0,-33.7973137973138,-7.619047619047619,-19.73137973137973,-12.307692307692308,0.0,-16.605616605616607,4.884004884004884,0.0,-32.234432234432234,-17.77777777777778,-12.698412698412698,19.34065934065934,0.0,-61.92918192918193,-9.963369963369964,22.466422466422465,4.102564102564102,0.0,638.6324786324786,-627.6923076923077,-21.294261294261293,-33.01587301587302,22.466422466422465
-22.466422466422465,304.9572649572649,-330.7448107448108,-20.903540903540904,0.0,-40.43956043956044,-4.884004884004884,-16.214896214896214,-5.665445665445666,0.0,-15.042735042735044,9.572649572649572,0.0,-27.545787545787547,-17.77777777777778,-10.354090354090356,24.42002442002442,0.0,-55.67765567765568,-3.3211233211233213,16.996336996336996,8.00976800976801,0.0,331.13553113553115,-340.1221001221001,-43.56532356532357,-2.5396825396825395,16.996336996336996
-24.81074481074481,137.72893772893772,-172.11233211233213,-6.837606837606837,0.0,-43.56532356532357,-5.274725274725275,-16.996336996336996,1.7582417582417582,0.0,-11.916971916971915,6.837606837606837,0.0,-31.062271062271066,-17.77777777777778,-11.135531135531137,22.466422466422465,0.0,-56.84981684981685,9.963369963369964,0.9768009768009768,6.056166056166056,0.0,172.50305250305252,-171.7216117216117,-46.69108669108669,16.996336996336996,0.9768009768009768
-20.903540903540904,258.46153846153845,-324.4932844932845,9.963369963369964,0.0,-32.62515262515262,-10.354090354090356,-24.81074481074481,-6.446886446886447,0.0,-7.228327228327228,-1.3675213675213675,0.0,-33.7973137973138,-13.089133089133089,-15.433455433455434,17.77777777777778,0.0,-56.84981684981685,-3.3211233211233213,8.791208791208792,4.493284493284493,0.0,324.88400488400487,-287.76556776556777,-40.04884004884005,0.9768009768009768,8.791208791208792
-22.857142857142858,387.008547008547,-432.33211233211233,-0.1953601953601953,0.0,-24.81074481074481,-4.493284493284493,-25.592185592185597,-11.526251526251526,0.0,0.9768009768009768,-4.884004884004884,0.0,-41.22100122100122,-5.274725274725275,-16.605616605616607,18.168498168498168,0.0,-65.44566544566544,18.55921855921856,-8.00976800976801,8.00976800976801,0.0,432.7228327228327,-401.85592185592185,-51.37973137973138,28.71794871794872,-8.00976800976801
-24.02930402930403,139.68253968253967,-188.91330891330887,-2.148962148962149,0.0,-33.01587301587302,2.93040293040293,-26.764346764346765,-17.77777777777778,0.0,4.884004884004884,-11.135531135531137,0.0,-47.472527472527474,2.5396825396825395,-17.77777777777778,9.18192918192918,0.0,-72.86935286935287,26.37362637362637,-9.18192918192918,1.7582417582417582,0.0,189.3040293040293,-167.03296703296704,-32.234432234432234,24.02930402930403,-9.18192918192918
-21.68498168498169,101.78266178266178,-163.5164835164835,0.1953601953601953,0.0,-39.26739926739927,8.00976800976801,-25.982905982905983,-25.592185592185597,0.0,3.711843711843712,-16.214896214896214,0.0,-42.78388278388278,5.274725274725275,-19.34065934065934,0.9768009768009768,0.0,-73.26007326007326,1.3675213675213675,24.02930402930403,-8.00976800976801,0.0,163.9072039072039,-136.94749694749694,-20.512820512820515,-8.791208791208792,24.02930402930403
-17.77777777777778,328.7912087912088,-388.96214896214894,-7.619047619047619,0.0,-45.12820512820513,3.3211233211233213,-22.075702075702075,-21.294261294261293,0.0,5.274725274725275,-17.77777777777778,0.0,-33.7973137973138,5.274725274725275,-21.294261294261293,0.9768009768009768,0.0,-72.47863247863248,-5.665445665445666,34.57875457875458,-4.884004884004884,0.0,389.3528693528693,-359.65811965811963,-41.22100122100122,-16.605616605616607,34.57875457875458
-24.81074481074481,210.7936507936508,-269.7924297924298,-0.5860805860805861,0.0,-45.90964590964591,-3.3211233211233213,-22.857142857142858,-9.963369963369964,0.0,6.446886446886447,-18.55921855921856,0.0,-17.77777777777778,4.884004884004884,-24.81074481074481,2.93040293040293,0.0,-51.37973137973138,0.1953601953601953,19.34065934065934,-4.884004884004884,0.0,270.1831501831502,-253.77289377289375,-21.68498168498169,-4.102564102564102,19.34065934065934
-22.857142857142858,-31.45299145299145,-50.20757020757021,11.135531135531137,0.0,-40.83028083028083,-11.916971916971915,-29.10866910866911,-8.791208791208792,0.0,2.148962148962149,-22.075702075702075,0.0,-17.387057387057386,-4.102564102564102,-28.32722832722833,2.5396825396825395,0.0,-44.737484737484735,-6.056166056166056,11.135531135531137,-8.791208791208792,0.0,50.5982905982906,-12.698412698412698,-5.665445665445666,-8.4004884004884,11.135531135531137
-24.42002442002442,220.17094017094016,-281.51404151404154,4.102564102564102,0.0,-32.234432234432234,-9.18192918192918,-32.62515262515262,-4.493284493284493,0.0,3.3211233211233213,-20.12210012210012,0.0,-21.294261294261293,-9.18192918192918,-25.982905982905983,9.572649572649572,0.0,-46.69108669108669,-10.354090354090356,13.47985347985348,-4.102564102564102,0.0,281.9047619047619,-240.87912087912088,-31.45299145299145,2.148962148962149,13.47985347985348
-29.10866910866911,494.45665445665446,-529.6214896214897,-8.791208791208792,0.0,-20.12210012210012,-7.619047619047619,-36.14163614163614,-6.056166056166056,0.0,0.5860805860805861,-18.94993894993895,0.0,-29.89010989010989,-9.18192918192918,-27.155067155067155,9.572649572649572,0.0,-42.002442002442,-8.00976800976801,0.5860805860805861,-8.4004884004884,0.0,530.0122100122101,-511.6483516483517,-26.764346764346765,20.12210012210012,0.5860805860805861
-17.77777777777778,215.87301587301587,-265.8852258852259,-12.698412698412698,0.0,-12.307692307692308,-8.00976800976801,-40.04884004884005,-16.996336996336996,0.0,-4.884004884004884,-24.42002442002442,0.0,-31.45299145299145,-5.274725274725275,-30.671550671550676,-0.1953601953601953,0.0,-43.56532356532357,-16.605616605616607,11.135531135531137,-19.34065934065934,0.0,266.2759462759463,-239.7069597069597,-16.996336996336996,2.148962148962149,11.135531135531137
-7.228327228327228,257.6800976800977,-308.47374847374846,-16.605616605616607,0.0,-12.698412698412698,-3.711843711843712,-35.36019536019536,-20.903540903540904,0.0,-3.711843711843712,-30.671550671550676,0.0,-24.42002442002442,0.5860805860805861,-30.671550671550676,-3.3211233211233213,0.0,-37.31379731379732,-28.71794871794872,28.71794871794872,-21.294261294261293,0.0,308.86446886446885,-277.2161172161172,-32.234432234432234,-7.619047619047619,28.71794871794872
-8.4004884004884,265.1037851037851,-319.4139194139194,-14.652014652014651,0.0,-20.12210012210012,-3.3211233211233213,-33.01587301587302,-18.55921855921856,0.0,2.148962148962149,-38.48595848595848,0.0,-21.294261294261293,6.056166056166056,-32.234432234432234,-5.274725274725275,0.0,-28.32722832722833,-6.056166056166056,5.665445665445666,-25.982905982905983,0.0,319.8046398046398,-293.2356532356532,-19.34065934065934,9.572649572649572,5.665445665445666
7.228327228327228,199.85347985347985,-279.16971916971914,-14.261294261294262,0.0,-24.02930402930403,-0.9768009768009768,-35.36019536019536,-22.466422466422465,0.0,6.446886446886447,-42.39316239316239,0.0,-22.466422466422465,5.665445665445666,-32.62515262515262,-4.493284493284493,0.0,-22.857142857142858,1.3675213675213675,-5.274725274725275,-27.545787545787547,0.0,279.56043956043953,-233.84615384615384,-11.526251526251526,6.446886446886447,-5.274725274725275
5.274725274725275,153.74847374847374,-244.7863247863248,-9.572649572649572,0.0,-37.704517704517706,3.711843711843712,-38.095238095238095,-21.294261294261293,0.0,4.884004884004884,-42.002442002442,0.0,-18.55921855921856,-8.791208791208792,-27.936507936507937,-3.711843711843712,0.0,-22.857142857142858,-5.665445665445666,-2.148962148962149,-29.499389499389498,0.0,245.1770451770452,-176.4102564102564,-34.18803418803419,3.3211233211233213,-2.148962148962149
-4.884004884004884,424.9084249084249,-493.2844932844933,-22.466422466422465,0.0,-36.92307692307692,2.148962148962149,-38.095238095238095,-20.903540903540904,0.0,0.1953601953601953,-38.87667887667888,0.0,-26.764346764346765,-18.168498168498168,-26.764346764346765,0.1953601953601953,0.0,-25.982905982905983,22.466422466422465,-41.22100122100122,-27.936507936507937,0.0,493.6752136752137,-446.3980463980464,-23.247863247863247,30.671550671550676,-41.22100122100122
4.884004884004884,118.5836385836386,-193.992673992674,-18.168498168498168,0.0,-23.63858363858364,2.148962148962149,-44.737484737484735,-20.903540903540904,0.0,-8.4004884004884,-35.36019536019536,0.0,-24.81074481074481,-25.592185592185597,-31.062271062271066,-2.148962148962149,0.0,-29.89010989010989,-9.963369963369964,-22.075702075702075,-22.857142857142858,0.0,194.3833943833944,-141.24542124542126,-21.68498168498169,-6.056166056166056,-22.075702075702075
-8.4004884004884,-124.83516483516485,60.366300366300365,-22.857142857142858,0.0,-28.71794871794872,0.5860805860805861,-43.56532356532357,-22.075702075702075,0.0,-18.94993894993895,-30.28083028083028,0.0,-23.63858363858364,-27.155067155067155,-27.936507936507937,0.1953601953601953,0.0,-34.57875457875458,-15.042735042735044,-9.572649572649572,-19.73137973137973,0.0,-59.975579975579976,101.78266178266178,-21.68498168498169,-15.824175824175825,-9.572649572649572
-15.824175824175825,144.37118437118437,-191.64835164835165,-14.261294261294262,0.0,-22.466422466422465,-4.884004884004884,-37.704517704517706,-10.744810744810744,0.0,-22.857142857142858,-24.81074481074481,0.0,-19.73137973137973,-25.592185592185597,-25.592185592185597,7.228327228327228,0.0,-27.936507936507937,-2.93040293040293,-21.294261294261293,-11.916971916971915,0.0,192.03907203907204,-165.0793650793651,-10.744810744810744,-5.274725274725275,-21.294261294261293
-8.4004884004884,204.93284493284492,-265.4945054945055,-6.056166056166056,0.0,-23.63858363858364,-6.056166056166056,-38.095238095238095,-5.274725274725275,0.0,-22.075702075702075,-21.294261294261293,0.0,-14.652014652014651,-23.63858363858364,-24.42002442002442,8.791208791208792,0.0,-24.02930402930403,-4.493284493284493,-10.744810744810744,-14.652014652014651,0.0,265.8852258852259,-220.95238095238096,-29.499389499389498,0.1953601953601953,-10.744810744810744
1.3675213675213675,-46.3003663003663,-30.671550671550676,-4.102564102564102,0.0,-19.34065934065934,-7.619047619047619,-40.43956043956044,-9.572649572649572,0.0,-22.075702075702075,-24.42002442002442,0.0,-0.9768009768009768,-20.903540903540904,-24.81074481074481,0.5860805860805861,0.0,-6.837606837606837,8.791208791208792,-18.55921855921856,-29.89010989010989,0.0,31.062271062271066,25.982905982905983,-23.63858363858364,16.605616605616607,-18.55921855921856
6.446886446886447,54.89621489621489,-133.04029304029305,-4.884004884004884,0.0,-9.572649572649572,-14.261294261294262,-37.31379731379732,-12.698412698412698,0.0,-20.512820512820515,-31.45299145299145,0.0,9.18192918192918,-22.075702075702075,-25.982905982905983,-6.056166056166056,0.0,0.1953601953601953,5.665445665445666,-16.605616605616607,-35.75091575091575,0.0,133.43101343101344,-80.29304029304029,-20.512820512820515,22.075702075702075,-16.605616605616607
0.5860805860805861,297.5335775335776,-376.8498168498169,-5.274725274725275,0.0,-26.37362637362637,-11.526251526251526,-35.36019536019536,-8.4004884004884,0.0,-17.387057387057386,-36.53235653235653,0.0,7.619047619047619,-24.02930402930403,-27.545787545787547,-5.274725274725275,0.0,-0.1953601953601953,-3.3211233211233213,-14.261294261294262,-31.843711843711844,0.0,377.24053724053726,-326.4468864468864,-18.168498168498168,9.572649572649572,-14.261294261294262
8.00976800976801,94.35897435897436,-185.3968253968254,-10.354090354090356,0.0,-19.73137973137973,-11.526251526251526,-40.83028083028083,-18.168498168498168,0.0,-16.214896214896214,-43.56532356532357,0.0,-2.93040293040293,-27.936507936507937,-28.32722832722833,-6.446886446886447,0.0,-7.228327228327228,-15.042735042735044,-22.075702075702075,-22.466422466422465,0.0,185.78754578754575,-113.11355311355312,-42.39316239316239,6.056166056166056,-22.075702075702075
-7.619047619047619,-6.446886446886447,-51.37973137973138,-9.963369963369964,0.0,-25.2014652014652,-12.307692307692308,-30.28083028083028,-5.665445665445666,0.0,-13.47985347985348,-33.01587301587302,0.0,-17.387057387057386,-32.62515262515262,-17.77777777777778,5.665445665445666,0.0,-25.2014652014652,-20.12210012210012,-11.135531135531137,-6.446886446886447,0.0,51.77045177045177,-10.354090354090356,-39.26739926739927,-3.711843711843712,-11.135531135531137
-0.1953601953601953,142.41758241758242,-195.94627594627596,-4.493284493284493,0.0,-18.94993894993895,-16.996336996336996,-22.075702075702075,1.3675213675213675,0.0,-12.698412698412698,-20.512820512820515,0.0,-30.28083028083028,-34.969474969474966,-9.572649572649572,14.652014652014651,0.0,-25.592185592185597,-14.261294261294262,-24.81074481074481,3.3211233211233213,0.0,196.33699633699635,-146.32478632478632,-60.757020757020754,11.526251526251526,-24.81074481074481
16.605616605616607,292.06349206349205,-352.23443223443223,-0.5860805860805861,0.0,-9.572649572649572,-18.55921855921856,-17.387057387057386,4.493284493284493,0.0,-13.47985347985348,-9.572649572649572,0.0,-33.40659340659341,-31.062271062271066,-4.102564102564102,16.605616605616607,0.0,-26.764346764346765,19.73137973137973,-55.28693528693529,8.00976800976801,0.0,352.6251526251526,-306.1294261294261,-63.49206349206349,51.77045177045177,-55.28693528693529
20.903540903540904,106.86202686202688,-165.86080586080587,1.7582417582417582,0.0,2.148962148962149,-25.2014652014652,-11.916971916971915,1.3675213675213675,0.0,-19.73137973137973,0.9768009768009768,0.0,-22.075702075702075,-29.10866910866911,-0.1953601953601953,8.791208791208792,0.0,-29.89010989010989,20.12210012210012,-33.40659340659341,-0.5860805860805861,0.0,166.25152625152626,-135.3846153846154,-35.75091575091575,38.095238095238095,-33.40659340659341
22.075702075702075,235.4090354090354,-293.6263736263736,1.7582417582417582,0.0,5.665445665445666,-32.234432234432234,-9.18192918192918,3.3211233211233213,0.0,-26.37362637362637,2.148962148962149,0.0,-13.47985347985348,-26.37362637362637,-0.9768009768009768,6.837606837606837,0.0,-27.936507936507937,2.148962148962149,-8.4004884004884,-0.9768009768009768,0.0,294.017094017094,-263.9316239316239,-24.02930402930403,5.274725274725275,-8.4004884004884
7.619047619047619,124.83516483516485,-204.15140415140417,-2.93040293040293,0.0,-8.4004884004884,-44.737484737484735,-16.214896214896214,-1.3675213675213675,0.0,-36.92307692307692,-4.102564102564102,0.0,-22.466422466422465,-33.01587301587302,-7.228327228327228,5.274725274725275,0.0,-31.45299145299145,0.1953601953601953,-28.71794871794872,1.7582417582417582,0.0,204.54212454212453,-140.0732600732601,-36.92307692307692,4.493284493284493,-28.71794871794872
-11.135531135531137,8.00976800976801,-96.31257631257633,-2.93040293040293,0.0,-21.294261294261293,-50.989010989010985,-22.466422466422465,-5.274725274725275,0.0,-44.346764346764346,-11.916971916971915,0.0,-32.234432234432234,-40.83028083028083,-13.47985347985348,-0.5860805860805861,0.0,-35.75091575091575,-15.042735042735044,-37.704517704517706,0.5860805860805861,0.0,96.7032967032967,-29.499389499389498,-26.764346764346765,-1.3675213675213675,-37.704517704517706
-21.68498168498169,60.757020757020754,-159.6092796092796,7.228327228327228,0.0,-29.499389499389498,-51.37973137973138,-22.075702075702075,-7.228327228327228,0.0,-42.78388278388278,-18.94993894993895,0.0,-20.512820512820515,-41.22100122100122,-14.652014652014651,-2.93040293040293,0.0,-15.433455433455434,-31.45299145299145,-31.45299145299145,-2.148962148962149,0.0,160.0,-82.63736263736264,-33.40659340659341,4.102564102564102,-31.45299145299145
-33.01587301587302,277.2161172161172,-369.4261294261294,-1.3675213675213675,0.0,-45.90964590964591,-50.989010989010985,-17.77777777777778,-9.963369963369964,0.0,-40.04884004884005,-22.075702075702075,0.0,-25.982905982905983,-39.26739926739927,-14.261294261294262,-1.3675213675213675,0.0,-11.916971916971915,-12.307692307692308,-52.55189255189255,-4.493284493284493,0.0,369.8168498168498,-286.984126984127,-54.5054945054945,38.48595848595848,-52.55189255189255
-30.28083028083028,17.387057387057386,-102.95482295482296,8.00976800976801,0.0,-40.04884004884005,-41.22100122100122,-17.387057387057386,-5.274725274725275,0.0,-35.36019536019536,-17.77777777777778,0.0,-20.903540903540904,-31.062271062271066,-13.47985347985348,-0.1953601953601953,0.0,-26.764346764346765,-16.214896214896214,-19.34065934065934,-3.3211233211233213,0.0,103.34554334554336,-34.969474969474966,-56.06837606837607,31.843711843711844,-19.34065934065934
-23.63858363858364,-149.45054945054946,68.96214896214896,12.307692307692308,0.0,-23.63858363858364,-40.04884004884005,-14.261294261294262,-10.354090354090356,0.0,-36.14163614163614,-13.089133089133089,0.0,-17.77777777777778,-25.982905982905983,-12.698412698412698,0.1953601953601953,0.0,-36.53235653235653,-14.261294261294262,-0.1953601953601953,-6.056166056166056,0.0,-68.57142857142857,126.007326007326,-46.69108669108669,31.45299145299145,-0.1953601953601953
-28.71794871794872,83.41880341880342,-163.5164835164835,4.493284493284493,0.0,-38.095238095238095,-46.3003663003663,-12.307692307692308,-4.493284493284493,0.0,-41.22100122100122,-9.963369963369964,0.0,-35.75091575091575,-31.45299145299145,-13.870573870573873,2.93040293040293,0.0,-54.89621489621489,-9.963369963369964,-6.837606837606837,-6.056166056166056,0.0,163.9072039072039,-99.43833943833944,-43.56532356532357,16.214896214896214,-6.837606837606837
-33.7973137973138,97.09401709401708,-195.16483516483515,0.1953601953601953,0.0,-53.724053724053725,-48.64468864468864,-18.168498168498168,-7.619047619047619,0.0,-48.25396825396825,-11.916971916971915,0.0,-54.5054945054945,-41.61172161172161,-20.512820512820515,1.7582417582417582,0.0,-62.31990231990232,-24.81074481074481,-23.247863247863247,-4.102564102564102,0.0,195.55555555555557,-121.31868131868131,-42.39316239316239,14.261294261294262,-23.247863247863247
-42.78388278388278,-145.54334554334554,64.66422466422466,-18.55921855921856,0.0,-70.13431013431014,-38.87667887667888,-15.042735042735044,-15.433455433455434,0.0,-45.51892551892552,-14.261294261294262,0.0,-56.06837606837607,-44.346764346764346,-19.73137973137973,-2.148962148962149,0.0,-56.84981684981685,-30.28083028083028,-33.01587301587302,-2.148962148962149,0.0,-64.27350427350427,114.28571428571428,-39.65811965811966,18.168498168498168,-33.01587301587302
-56.45909645909646,-4.884004884004884,-59.58485958485959,-17.387057387057386,0.0,-82.63736263736264,-31.45299145299145,-16.214896214896214,-6.446886446886447,0.0,-35.75091575091575,-16.996336996336996,0.0,-45.12820512820513,-40.04884004884005,-19.73137973137973,-3.711843711843712,0.0,-43.56532356532357,-29.89010989010989,-33.40659340659341,-2.5396825396825395,0.0,59.975579975579976,-20.12210012210012,-42.78388278388278,22.466422466422465,-33.40659340659341
-72.08791208791209,231.8925518925519,-308.86446886446885,-17.387057387057386,0.0,-105.68986568986568,-29.10866910866911,-22.075702075702075,-6.837606837606837,0.0,-29.499389499389498,-25.2014652014652,0.0,-49.81684981684982,-38.095238095238095,-24.02930402930403,-6.056166056166056,0.0,-57.24053724053724,-33.7973137973138,-26.764346764346765,-0.9768009768009768,0.0,309.25518925518924,-244.3956043956044,-78.73015873015873,27.545787545787547,-26.764346764346765
-75.995115995116,31.843711843711844,-106.47130647130648,-12.307692307692308,0.0,-104.12698412698413,-25.592185592185597,-24.42002442002442,-6.056166056166056,0.0,-23.247863247863247,-32.234432234432234,0.0,-62.71062271062271,-31.45299145299145,-26.37362637362637,-9.963369963369964,0.0,-84.98168498168498,-29.89010989010989,-15.433455433455434,-1.3675213675213675,0.0,106.86202686202688,-57.63125763125763,-62.31990231990232,22.857142857142858,-15.433455433455434
-55.28693528693529,-109.2063492063492,-2.5396825396825395,11.526251526251526,0.0,-96.31257631257633,-32.234432234432234,-27.545787545787547,2.93040293040293,0.0,-27.545787545787547,-37.31379731379732,0.0,-68.96214896214896,-27.936507936507937,-28.71794871794872,-12.698412698412698,0.0,-84.98168498168498,-41.61172161172161,-11.135531135531137,-2.148962148962149,0.0,2.93040293040293,68.57142857142857,-89.27960927960928,44.737484737484735,-11.135531135531137
-49.03540903540904,101.78266178266178,-220.17094017094016,16.605616605616607,0.0,-91.23321123321124,-32.62515262515262,-28.71794871794872,4.493284493284493,0.0,-31.062271062271066,-36.92307692307692,0.0,-76.77655677655677,-22.075702075702075,-23.247863247863247,-13.089133089133089,0.0,-84.59096459096459,-25.592185592185597,-15.433455433455434,-9.963369963369964,0.0,220.56166056166057,-136.94749694749694,-82.24664224664225,50.20757020757021,-15.433455433455434
-42.002442002442,336.996336996337,-422.9548229548229,2.148962148962149,0.0,-76.77655677655677,-28.32722832722833,-25.592185592185597,7.228327228327228,0.0,-31.45299145299145,-31.45299145299145,0.0,-66.22710622710623,-13.47985347985348,-14.652014652014651,-8.4004884004884,0.0,-64.66422466422466,-19.34065934065934,-11.526251526251526,-8.4004884004884,0.0,423.3455433455433,-385.8363858363858,-51.77045177045177,50.20757020757021,-11.526251526251526
-13.870573870573873,145.15262515262515,-235.018315018315,3.3211233211233213,0.0,-58.02197802197802,-18.94993894993895,-28.32722832722833,8.4004884004884,0.0,-33.01587301587302,-26.37362637362637,0.0,-43.56532356532357,-9.963369963369964,-9.18192918192918,-7.619047619047619,0.0,-33.01587301587302,-27.936507936507937,0.5860805860805861,-11.135531135531137,0.0,235.4090354090354,-183.83394383394383,-57.63125763125763,39.26739926739927,0.5860805860805861
-36.53235653235653,482.7350427350427,-537.4358974358975,-2.93040293040293,0.0,-52.16117216117216,-21.68498168498169,-26.764346764346765,8.4004884004884,0.0,-24.42002442002442,-19.34065934065934,0.0,-37.704517704517706,-15.433455433455434,-2.5396825396825395,-7.228327228327228,0.0,-32.62515262515262,-18.168498168498168,0.5860805860805861,-14.261294261294262,0.0,537.8266178266178,-494.0659340659341,-25.2014652014652,14.652014652014651,0.5860805860805861
-58.02197802197802,190.0854700854701,-244.004884004884,-5.665445665445666,0.0,-81.46520146520146,-10.744810744810744,-24.42002442002442,1.3675213675213675,0.0,-9.572649572649572,-16.996336996336996,0.0,-42.39316239316239,-20.903540903540904,-4.884004884004884,-9.18192918192918,0.0,-41.22100122100122,-33.01587301587302,2.5396825396825395,-6.837606837606837,0.0,244.3956043956044,-194.3833943833944,-43.56532356532357,15.042735042735044,2.5396825396825395
-55.67765567765568,135.3846153846154,-194.7741147741148,6.446886446886447,0.0,-84.98168498168498,0.1953601953601953,-19.34065934065934,-1.3675213675213675,0.0,-4.102564102564102,-11.916971916971915,0.0,-43.95604395604396,-18.94993894993895,-5.274725274725275,-9.963369963369964,0.0,-35.36019536019536,-63.88278388278388,16.214896214896214,2.148962148962149,0.0,195.16483516483515,-148.2783882783883,-64.66422466422466,20.903540903540904,16.214896214896214
-65.05494505494505,106.47130647130648,-159.6092796092796,14.261294261294262,0.0,-95.14041514041514,5.274725274725275,-10.744810744810744,-0.1953601953601953,0.0,0.1953601953601953,-8.4004884004884,0.0,-59.975579975579976,-16.605616605616607,-0.9768009768009768,-6.837606837606837,0.0,-49.42612942612943,-44.737484737484735,-2.93040293040293,10.354090354090356,0.0,160.0,-117.02075702075702,-97.87545787545788,69.74358974358974,-2.93040293040293
-54.89621489621489,217.43589743589743,-240.0976800976801,7.619047619047619,0.0,-84.59096459096459,12.698412698412698,-2.148962148962149,6.446886446886447,0.0,2.148962148962149,-4.884004884004884,0.0,-51.77045177045177,-4.102564102564102,1.3675213675213675,4.102564102564102,0.0,-37.704517704517706,-4.102564102564102,-26.37362637362637,18.55921855921856,0.0,240.4884004884005,-217.43589743589743,-92.014652014652,86.15384615384616,-26.37362637362637
-25.2014652014652,-78.33943833943835,45.12820512820513,8.00976800976801,0.0,-57.24053724053724,8.4004884004884,-7.228327228327228,7.228327228327228,0.0,-11.916971916971915,-9.963369963369964,0.0,-30.28083028083028,-4.884004884004884,0.1953601953601953,11.526251526251526,0.0,-24.42002442002442,-6.837606837606837,-8.4004884004884,16.214896214896214,0.0,-44.737484737484735,51.37973137973138,-82.24664224664225,84.2002442002442,-8.4004884004884
-22.857142857142858,-103.73626373626374,57.24053724053724,13.089133089133089,0.0,-42.39316239316239,1.3675213675213675,-17.77777777777778,4.884004884004884,0.0,-20.903540903540904,-15.824175824175825,0.0,-44.737484737484735,-7.228327228327228,-2.148962148962149,8.791208791208792,0.0,-47.472527472527474,27.545787545787547,-30.28083028083028,4.102564102564102,0.0,-56.84981684981685,84.2002442002442,-33.40659340659341,59.58485958485959,-30.28083028083028
-15.433455433455434,153.35775335775335,-181.4896214896215,3.3211233211233213,0.0,-29.499389499389498,4.884004884004884,-21.68498168498169,7.228327228327228,0.0,-22.075702075702075,-17.77777777777778,0.0,-34.57875457875458,-11.135531135531137,-5.274725274725275,5.274725274725275,0.0,-46.3003663003663,9.963369963369964,-13.870573870573873,2.93040293040293,0.0,181.8803418803419,-163.12576312576311,-34.969474969474966,36.14163614163614,-13.870573870573873
-13.089133089133089,118.97435897435898,-163.9072039072039,10.744810744810744,0.0,-33.01587301587302,7.228327228327228,-24.02930402930403,4.493284493284493,0.0,-22.466422466422465,-16.214896214896214,0.0,-22.075702075702075,-11.526251526251526,-7.619047619047619,3.3211233211233213,0.0,-30.28083028083028,-16.996336996336996,3.3211233211233213,3.711843711843712,0.0,164.2979242979243,-136.16605616605617,-46.69108669108669,30.28083028083028,3.3211233211233213
-15.042735042735044,66.22710622710623,-94.35897435897436,2.148962148962149,0.0,-29.89010989010989,6.446886446886447,-18.94993894993895,2.93040293040293,0.0,-19.34065934065934,-10.744810744810744,0.0,-30.28083028083028,-7.619047619047619,-7.619047619047619,-2.93040293040293,0.0,-24.81074481074481,-19.73137973137973,-7.619047619047619,1.7582417582417582,0.0,94.74969474969475,-77.16727716727716,-19.34065934065934,14.652014652014651,-7.619047619047619
-3.711843711843712,73.65079365079364,-90.06105006105007,-8.4004884004884,0.0,-28.71794871794872,6.056166056166056,-9.572649572649572,5.274725274725275,0.0,-15.433455433455434,-6.837606837606837,0.0,-23.247863247863247,-1.3675213675213675,-5.274725274725275,-3.3211233211233213,0.0,-19.73137973137973,-13.870573870573873,-5.665445665445666,3.3211233211233213,0.0,90.45177045177046,-65.83638583638583,-65.83638583638583,33.40659340659341,-5.665445665445666
9.963369963369964,308.86446886446885,-326.05616605616603,-12.698412698412698,0.0,-20.512820512820515,0.9768009768009768,-7.619047619047619,8.791208791208792,0.0,-18.55921855921856,-5.665445665445666,0.0,-18.168498168498168,0.5860805860805861,-9.963369963369964,2.93040293040293,0.0,-18.94993894993895,2.5396825396825395,-18.55921855921856,9.963369963369964,0.0,326.4468864468864,-328.4004884004884,-61.92918192918193,58.02197802197802,-18.55921855921856
4.493284493284493,116.23931623931624,-143.1990231990232,-4.493284493284493,0.0,-6.056166056166056,-5.274725274725275,-18.55921855921856,5.665445665445666,0.0,-21.68498168498169,-16.214896214896214,0.0,-34.18803418803419,-8.791208791208792,-19.73137973137973,0.1953601953601953,0.0,-28.32722832722833,-9.572649572649572,-33.01587301587302,8.791208791208792,0.0,143.5897435897436,-139.29181929181928,-47.472527472527474,59.58485958485959,-33.01587301587302
-7.228327228327228,252.6007326007326,-267.0573870573871,-0.9768009768009768,0.0,-4.493284493284493,0.1953601953601953,-22.857142857142858,4.493284493284493,0.0,-20.512820512820515,-22.857142857142858,0.0,-34.18803418803419,-10.744810744810744,-19.73137973137973,-0.9768009768009768,0.0,-36.14163614163614,-10.744810744810744,-27.936507936507937,7.619047619047619,0.0,267.44810744810746,-256.5079365079365,-14.261294261294262,12.698412698412698,-27.936507936507937
-18.168498168498168,133.04029304029305,-152.96703296703296,-5.274725274725275,0.0,-26.764346764346765,6.056166056166056,-24.81074481074481,1.7582417582417582,0.0,-17.387057387057386,-29.499389499389498,0.0,-20.512820512820515,-13.089133089133089,-22.857142857142858,-0.1953601953601953,0.0,-32.62515262515262,-20.512820512820515,-19.73137973137973,15.042735042735044,0.0,153.35775335775335,-122.88156288156289,-73.26007326007326,27.155067155067155,-19.73137973137973
-32.234432234432234,237.75335775335776,-262.36874236874235,0.1953601953601953,0.0,-35.36019536019536,1.3675213675213675,-25.2014652014652,2.5396825396825395,0.0,-15.433455433455434,-33.01587301587302,0.0,-17.387057387057386,-12.698412698412698,-22.466422466422465,-1.3675213675213675,0.0,-17.387057387057386,-34.969474969474966,-16.996336996336996,13.870573870573873,0.0,262.75946275946274,-240.0976800976801,-56.45909645909646,20.12210012210012,-16.996336996336996
-31.062271062271066,84.59096459096459,-109.5970695970696,-11.916971916971915,0.0,-47.86324786324786,1.7582417582417582,-20.512820512820515,-0.1953601953601953,0.0,-13.089133089133089,-33.01587301587302,0.0,-22.466422466422465,-8.791208791208792,-16.605616605616607,-2.93040293040293,0.0,-26.764346764346765,-25.982905982905983,-4.493284493284493,4.102564102564102,0.0,109.98778998778998,-79.12087912087912,-58.41269841269841,5.274725274725275,-4.493284493284493
-24.81074481074481,250.25641025641025,-295.97069597069594,-21.294261294261293,0.0,-71.30647130647131,-0.1953601953601953,-19.73137973137973,0.5860805860805861,0.0,-23.247863247863247,-31.45299145299145,0.0,-36.53235653235653,-6.056166056166056,-13.47985347985348,1.7582417582417582,0.0,-32.62515262515262,-18.55921855921856,-8.791208791208792,5.274725274725275,0.0,296.3614163614164,-263.1501831501831,-115.06715506715508,55.28693528693529,-8.791208791208792
-3.3211233211233213,-11.135531135531137,-43.17460317460318,-16.605616605616607,0.0,-40.83028083028083,-15.433455433455434,-18.94993894993895,3.3211233211233213,0.0,-42.002442002442,-25.592185592185597,0.0,-39.65811965811966,-19.34065934065934,-12.307692307692308,6.056166056166056,0.0,-21.68498168498169,-20.512820512820515,-27.545787545787547,4.102564102564102,0.0,43.56532356532357,-27.545787545787547,-90.84249084249085,69.74358974358974,-27.545787545787547
-2.148962148962149,-38.095238095238095,-29.499389499389498,3.711843711843712,0.0,-23.63858363858364,-25.592185592185597,-18.94993894993895,5.274725274725275,0.0,-57.24053724053724,-17.387057387057386,0.0,-31.062271062271066,-34.18803418803419,-8.00976800976801,4.884004884004884,0.0,-9.963369963369964,-34.57875457875458,-24.02930402930403,-0.1953601953601953,0.0,29.89010989010989,16.214896214896214,-77.55799755799755,47.081807081807085,-24.02930402930403
-3.3211233211233213,-4.493284493284493,-43.17460317460318,-13.870573870573873,0.0,-34.57875457875458,-23.63858363858364,-9.18192918192918,4.493284493284493,0.0,-61.14774114774115,-7.619047619047619,0.0,-22.466422466422465,-36.53235653235653,-1.3675213675213675,11.526251526251526,0.0,-0.5860805860805861,-30.28083028083028,-18.94993894993895,0.9768009768009768,0.0,43.56532356532357,9.18192918192918,-92.7960927960928,30.671550671550676,-18.94993894993895
-0.9768009768009768,51.77045177045177,-69.74358974358974,-15.042735042735044,0.0,-21.68498168498169,-25.2014652014652,-2.148962148962149,16.996336996336996,0.0,-51.37973137973138,-1.7582417582417582,0.0,-15.433455433455434,-34.57875457875458,-2.5396825396825395,15.042735042735044,0.0,3.3211233211233213,-30.28083028083028,-25.2014652014652,13.870573870573873,0.0,70.13431013431014,-38.87667887667888,-112.33211233211232,44.346764346764346,-25.2014652014652
4.102564102564102,-211.1843711843712,186.56898656898656,-12.307692307692308,0.0,-11.526251526251526,-25.982905982905983,-1.7582417582417582,9.18192918192918,0.0,-40.83028083028083,-7.228327228327228,0.0,-15.824175824175825,-30.28083028083028,-7.228327228327228,7.619047619047619,0.0,1.3675213675213675,-64.27350427350427,6.446886446886447,8.4004884004884,0.0,-186.17826617826617,220.95238095238096,-106.47130647130648,14.652014652014651,6.446886446886447
-1.7582417582417582,-194.7741147741148,197.8998778998779,-40.83028083028083,0.0,-17.77777777777778,-24.02930402930403,0.1953601953601953,2.93040293040293,0.0,-29.89010989010989,-16.605616605616607,0.0,-37.704517704517706,-17.387057387057386,-9.572649572649572,4.493284493284493,0.0,-34.969474969474966,-38.095238095238095,11.135531135531137,0.1953601953601953,0.0,-197.50915750915752,206.8864468864469,-104.12698412698413,14.652014652014651,11.135531135531137
1.3675213675213675,78.33943833943835,-91.62393162393164,-28.32722832722833,0.0,-14.652014652014651,-22.466422466422465,-2.148962148962149,0.5860805860805861,0.0,-24.81074481074481,-23.63858363858364,0.0,-39.26739926739927,-16.605616605616607,-12.307692307692308,2.93040293040293,0.0,-40.83028083028083,-13.089133089133089,-9.963369963369964,-2.148962148962149,0.0,92.014652014652,-82.24664224664225,-133.82173382173383,79.12087912087912,-9.963369963369964
-3.3211233211233213,1.3675213675213675,-52.94261294261294,-6.446886446886447,0.0,-20.12210012210012,-28.71794871794872,-6.446886446886447,-3.3211233211233213,0.0,-31.45299145299145,-25.982905982905983,0.0,-31.45299145299145,-22.857142857142858,-12.698412698412698,-0.5860805860805861,0.0,-37.31379731379732,2.148962148962149,-20.903540903540904,-13.47985347985348,0.0,53.333333333333336,-14.652014652014651,-109.98778998778998,76.77655677655677,-20.903540903540904
8.791208791208792,-45.12820512820513,-9.963369963369964,-9.963369963369964,0.0,-11.135531135531137,-27.936507936507937,-4.102564102564102,-9.963369963369964,0.0,-33.7973137973138,-20.12210012210012,0.0,-18.94993894993895,-24.42002442002442,-5.274725274725275,0.9768009768009768,0.0,-26.764346764346765,54.89621489621489,-56.84981684981685,-20.903540903540904,0.0,10.354090354090356,46.3003663003663,-90.45177045177046,90.45177045177046,-56.84981684981685
5.665445665445666,26.764346764346765,-62.71062271062271,-4.493284493284493,0.0,-18.168498168498168,-16.214896214896214,-0.1953601953601953,2.93040293040293,0.0,-33.01587301587302,-5.665445665445666,0.0,-27.155067155067155,-29.89010989010989,0.9768009768009768,10.744810744810744,0.0,-16.605616605616607,11.526251526251526,-36.92307692307692,-3.711843711843712,0.0,63.10134310134311,-23.247863247863247,-120.14652014652016,99.04761904761904,-36.92307692307692
-3.711843711843712,281.12332112332115,-313.5531135531136,-6.056166056166056,0.0,-31.45299145299145,-17.77777777777778,0.1953601953601953,8.00976800976801,0.0,-33.40659340659341,6.056166056166056,0.0,-50.989010989010985,-31.062271062271066,3.3211233211233213,18.168498168498168,0.0,-36.92307692307692,-33.01587301587302,0.1953601953601953,8.4004884004884,0.0,313.943833943834,-274.0903540903541,-99.04761904761904,25.592185592185597,0.1953601953601953
-12.307692307692308,20.512820512820515,-33.7973137973138,-16.214896214896214,0.0,-50.989010989010985,-8.00976800976801,4.884004884004884,12.698412698412698,0.0,-24.42002442002442,18.168498168498168,0.0,-68.96214896214896,-23.247863247863247,8.00976800976801,22.075702075702075,0.0,-51.37973137973138,-40.43956043956044,13.089133089133089,15.433455433455434,0.0,34.18803418803419,-22.466422466422465,-78.33943833943835,4.884004884004884,13.089133089133089
-18.94993894993895,146.32478632478632,-160.78144078144078,-23.63858363858364,0.0,-75.995115995116,4.102564102564102,6.446886446886447,8.791208791208792,0.0,-15.824175824175825,25.592185592185597,0.0,-61.53846153846154,-20.512820512820515,10.354090354090356,21.68498168498169,0.0,-43.17460317460318,-59.1941391941392,29.10866910866911,22.857142857142858,0.0,161.17216117216117,-146.32478632478632,-117.4114774114774,14.652014652014651,29.10866910866911
-21.68498168498169,22.075702075702075,-54.89621489621489,-3.711843711843712,0.0,-87.32600732600733,6.446886446886447,5.665445665445666,15.433455433455434,0.0,-12.307692307692308,31.843711843711844,0.0,-59.975579975579976,-9.572649572649572,14.261294261294262,26.764346764346765,0.0,-45.51892551892552,-49.03540903540904,37.704517704517706,27.545787545787547,0.0,55.28693528693529,-27.545787545787547,-125.6166056166056,15.433455433455434,37.704517704517706
0.5860805860805861,4.493284493284493,-63.10134310134311,9.572649572649572,0.0,-58.41269841269841,0.1953601953601953,2.5396825396825395,8.4004884004884,0.0,-8.791208791208792,27.936507936507937,0.0,-29.89010989010989,-4.493284493284493,20.903540903540904,24.42002442002442,0.0,-23.247863247863247,-1.3675213675213675,15.433455433455434,19.34065934065934,0.0,63.49206349206349,-14.261294261294262,-118.5836385836386,46.3003663003663,15.433455433455434
22.075702075702075,-37.704517704517706,6.446886446886447,-2.5396825396825395,0.0,-19.73137973137973,-4.884004884004884,4.884004884004884,9.18192918192918,0.0,-5.665445665445666,21.68498168498169,0.0,-4.493284493284493,-8.791208791208792,26.37362637362637,26.764346764346765,0.0,-8.00976800976801,-4.884004884004884,30.671550671550676,21.68498168498169,0.0,-6.056166056166056,20.12210012210012,-129.9145299145299,62.31990231990232,30.671550671550676
27.155067155067155,169.37728937728937,-208.84004884004884,8.791208791208792,0.0,-6.837606837606837,-16.605616605616607,4.884004884004884,17.77777777777778,0.0,-8.4004884004884,16.214896214896214,0.0,-25.2014652014652,-8.00976800976801,29.499389499389498,29.499389499389498,0.0,-33.01587301587302,3.3211233211233213,37.31379731379732,16.605616605616607,0.0,209.23076923076923,-166.64224664224665,-127.17948717948718,40.83028083028083,37.31379731379732
29.499389499389498,-107.25274725274726,65.83638583638583,-3.3211233211233213,0.0,-16.605616605616607,-18.94993894993895,6.837606837606837,15.042735042735044,0.0,-8.791208791208792,15.433455433455434,0.0,-25.982905982905983,-8.00976800976801,26.37362637362637,30.671550671550676,0.0,-35.75091575091575,22.857142857142858,16.214896214896214,17.387057387057386,0.0,-65.44566544566544,105.2991452991453,-111.55067155067157,40.83028083028083,16.214896214896214
40.83028083028083,-267.83882783882785,208.44932844932845,-5.274725274725275,0.0,-28.71794871794872,-15.824175824175825,10.744810744810744,11.526251526251526,0.0,-11.526251526251526,17.387057387057386,0.0,-25.592185592185597,-16.605616605616607,18.168498168498168,25.2014652014652,0.0,-28.71794871794872,10.744810744810744,-1.3675213675213675,20.12210012210012,0.0,-208.0586080586081,242.05128205128204,-127.17948717948718,72.08791208791209,-1.3675213675213675
33.7973137973138,-75.6043956043956,4.884004884004884,-5.274725274725275,0.0,-46.69108669108669,-11.135531135531137,11.916971916971915,5.274725274725275,0.0,-19.73137973137973,22.466422466422465,0.0,-29.499389499389498,-22.857142857142858,10.354090354090356,20.903540903540904,0.0,-16.605616605616607,1.3675213675213675,-25.2014652014652,18.55921855921856,0.0,-4.493284493284493,74.82295482295483,-115.45787545787546,47.081807081807085,-25.2014652014652
25.2014652014652,-40.04884004884005,-6.056166056166056,-11.916971916971915,0.0,-45.12820512820513,-12.307692307692308,15.042735042735044,10.744810744810744,0.0,-20.903540903540904,29.89010989010989,0.0,-40.83028083028083,-25.2014652014652,7.228327228327228,27.155067155067155,0.0,-20.512820512820515,-18.94993894993895,-22.857142857142858,31.062271062271066,0.0,6.446886446886447,41.22100122100122,-120.14652014652016,39.65811965811966,-22.857142857142858
9.963369963369964,-269.4017094017094,248.3028083028083,-10.354090354090356,0.0,-32.234432234432234,-10.354090354090356,13.47985347985348,9.963369963369964,0.0,-18.55921855921856,28.32722832722833,0.0,-41.61172161172161,-21.294261294261293,6.446886446886447,22.466422466422465,0.0,-35.75091575091575,-24.42002442002442,-5.665445665445666,31.843711843711844,0.0,-247.9120879120879,261.1965811965812,-112.33211233211232,43.17460317460318,-5.665445665445666
-3.3211233211233213,-151.7948717948718,121.31868131868131,4.884004884004884,0.0,-25.592185592185597,-14.652014652014651,4.493284493284493,8.00976800976801,0.0,-18.168498168498168,22.857142857142858,0.0,-44.737484737484735,-13.47985347985348,5.665445665445666,18.168498168498168,0.0,-49.81684981684982,-16.996336996336996,4.884004884004884,27.936507936507937,0.0,-120.92796092796092,158.82783882783883,-140.46398046398048,58.8034188034188,4.884004884004884
-20.512820512820515,118.5836385836386,-152.57631257631255,6.837606837606837,0.0,-38.095238095238095,-14.261294261294262,-0.1953601953601953,7.619047619047619,0.0,-14.652014652014651,21.294261294261293,0.0,-58.8034188034188,0.1953601953601953,6.837606837606837,19.34065934065934,0.0,-64.27350427350427,3.3211233211233213,0.9768009768009768,27.155067155067155,0.0,152.96703296703296,-113.89499389499387,-107.64346764346764,39.26739926739927,0.9768009768009768
-24.81074481074481,-51.37973137973138,12.307692307692308,16.996336996336996,0.0,-37.31379731379732,-10.744810744810744,-6.446886446886447,9.572649572649572,0.0,-11.135531135531137,18.94993894993895,0.0,-58.8034188034188,8.791208791208792,3.3211233211233213,13.089133089133089,0.0,-68.18070818070818,4.102564102564102,6.837606837606837,24.42002442002442,0.0,-11.916971916971915,36.92307692307692,-104.51770451770452,54.89621489621489,6.837606837606837
-25.592185592185597,-117.4114774114774,44.346764346764346,27.155067155067155,0.0,-43.17460317460318,-11.135531135531137,-13.47985347985348,0.1953601953601953,0.0,-8.791208791208792,11.135531135531137,0.0,-56.84981684981685,10.354090354090356,-1.7582417582417582,3.711843711843712,0.0,-62.71062271062271,1.3675213675213675,0.1953601953601953,16.214896214896214,0.0,-43.95604395604396,107.25274725274726,-134.21245421245422,79.9023199023199,0.1953601953601953
-34.18803418803419,2.5396825396825395,-45.90964590964591,0.1953601953601953,0.0,-53.333333333333336,-10.354090354090356,-8.4004884004884,-1.3675213675213675,0.0,-8.791208791208792,8.00976800976801,0.0,-68.96214896214896,6.446886446886447,-2.148962148962149,1.3675213675213675,0.0,-55.28693528693529,-4.493284493284493,-16.996336996336996,14.261294261294262,0.0,46.3003663003663,-12.698412698412698,-100.21978021978022,60.366300366300365,-16.996336996336996
-42.39316239316239,176.8009768009768,-203.36996336996336,1.7582417582417582,0.0,-54.89621489621489,-5.665445665445666,-6.056166056166056,2.148962148962149,0.0,-2.93040293040293,10.354090354090356,0.0,-69.74358974358974,2.5396825396825395,-2.5396825396825395,0.9768009768009768,0.0,-60.757020757020754,-20.512820512820515,-2.93040293040293,15.433455433455434,0.0,203.76068376068372,-195.16483516483515,-107.64346764346764,68.96214896214896,-2.93040293040293
-60.757020757020754,-41.22100122100122,2.148962148962149,11.135531135531137,0.0,-74.43223443223444,-0.1953601953601953,-4.102564102564102,-6.837606837606837,0.0,0.9768009768009768,10.744810744810744,0.0,-69.74358974358974,-4.102564102564102,-5.274725274725275,-4.884004884004884,0.0,-64.66422466422466,-35.75091575091575,1.7582417582417582,11.916971916971915,0.0,-1.7582417582417582,20.903540903540904,-114.67643467643468,72.47863247863248,1.7582417582417582
-63.49206349206349,79.51159951159951,-118.97435897435898,14.261294261294262,0.0,-88.4981684981685,4.102564102564102,1.3675213675213675,-4.102564102564102,0.0,6.056166056166056,17.387057387057386,0.0,-77.94871794871794,-2.148962148962149,-3.3211233211233213,0.9768009768009768,0.0,-68.18070818070818,-18.94993894993895,-9.18192918192918,13.089133089133089,0.0,119.36507936507935,-80.29304029304029,-102.56410256410255,54.5054945054945,-9.18192918192918
-76.38583638583638,-38.48595848595848,2.93040293040293,22.466422466422465,0.0,-102.56410256410255,6.446886446886447,4.884004884004884,2.148962148962149,0.0,8.4004884004884,22.857142857142858,0.0,-79.12087912087912,0.1953601953601953,-0.9768009768009768,8.4004884004884,0.0,-79.51159951159951,-20.512820512820515,10.744810744810744,16.605616605616607,0.0,-2.5396825396825395,19.34065934065934,-78.73015873015873,39.65811965811966,10.744810744810744
-72.47863247863248,-229.5482295482296,192.42979242979243,19.34065934065934,0.0,-110.37851037851038,7.228327228327228,5.665445665445666,7.228327228327228,0.0,11.526251526251526,25.592185592185597,0.0,-96.7032967032967,5.665445665445666,-0.9768009768009768,11.526251526251526,0.0,-91.62393162393164,-16.605616605616607,9.18192918192918,18.168498168498168,0.0,-192.03907203907204,225.64102564102564,-120.14652014652016,59.58485958485959,9.18192918192918
-52.16117216117216,-75.21367521367522,47.081807081807085,7.228327228327228,0.0,-90.45177045177046,9.18192918192918,2.148962148962149,6.446886446886447,0.0,22.075702075702075,20.12210012210012,0.0,-101.78266178266178,24.02930402930403,0.5860805860805861,9.963369963369964,0.0,-83.80952380952381,3.3211233211233213,0.1953601953601953,14.652014652014651,0.0,-46.69108669108669,82.24664224664225,-129.9145299145299,72.47863247863248,0.1953601953601953
-43.56532356532357,93.18681318681318,-129.52380952380952,-6.446886446886447,0.0,-91.23321123321124,13.47985347985348,-4.493284493284493,-2.93040293040293,0.0,33.40659340659341,8.791208791208792,0.0,-97.87545787545788,31.843711843711844,0.1953601953601953,3.3211233211233213,0.0,-76.77655677655677,-2.148962148962149,7.228327228327228,9.18192918192918,0.0,129.9145299145299,-94.35897435897436,-110.76923076923076,48.64468864468864,7.228327228327228
-44.737484737484735,-169.37728937728937,128.35164835164835,-1.3675213675213675,0.0,-86.54456654456655,12.698412698412698,-6.837606837606837,-5.665445665445666,0.0,39.65811965811966,1.3675213675213675,0.0,-90.06105006105007,33.7973137973138,-3.711843711843712,-4.884004884004884,0.0,-65.05494505494505,-7.228327228327228,5.274725274725275,0.5860805860805861,0.0,-127.96092796092796,154.9206349206349,-80.68376068376068,43.17460317460318,5.274725274725275
-47.86324786324786,-242.44200244200243,183.44322344322345,5.274725274725275,0.0,-94.74969474969475,13.47985347985348,-9.963369963369964,-8.4004884004884,0.0,39.26739926739927,-5.274725274725275,0.0,-81.07448107448107,34.18803418803419,-9.18192918192918,-15.433455433455434,0.0,-55.28693528693529,-1.3675213675213675,-6.837606837606837,-7.619047619047619,0.0,-183.05250305250303,229.5482295482296,-90.06105006105007,61.53846153846154,-6.837606837606837
-51.37973137973138,43.95604395604396,-117.02075702075702,9.572649572649572,0.0,-103.73626373626374,13.47985347985348,-11.526251526251526,-11.526251526251526,0.0,37.704517704517706,-8.4004884004884,0.0,-61.14774114774115,27.155067155067155,-12.307692307692308,-14.261294261294262,0.0,-44.737484737484735,-8.791208791208792,2.93040293040293,-9.963369963369964,0.0,117.4114774114774,-72.08791208791209,-58.41269841269841,43.95604395604396,2.93040293040293
-56.84981684981685,-95.53113553113552,27.545787545787547,15.824175824175825,0.0,-111.94139194139194,15.042735042735044,-10.744810744810744,0.5860805860805861,0.0,36.14163614163614,-6.446886446886447,0.0,-54.114774114774114,20.12210012210012,-17.387057387057386,-10.744810744810744,0.0,-40.04884004884005,-0.5860805860805861,-14.652014652014651,-5.665445665445666,0.0,-27.155067155067155,77.16727716727716,-54.5054945054945,49.81684981684982,-14.652014652014651
-57.24053724053724,-362.7838827838828,289.7191697191697,13.47985347985348,0.0,-109.5970695970696,16.605616605616607,-21.294261294261293,-1.3675213675213675,0.0,30.671550671550676,-10.744810744810744,0.0,-63.88278388278388,24.42002442002442,-20.903540903540904,-9.572649572649572,0.0,-47.86324786324786,-5.274725274725275,-10.744810744810744,-4.102564102564102,0.0,-289.3284493284493,349.1086691086691,-79.51159951159951,65.83638583638583,-10.744810744810744
-46.69108669108669,-289.7191697191697,204.93284493284492,7.228327228327228,0.0,-97.48473748473748,18.168498168498168,-33.7973137973138,-9.18192918192918,0.0,29.89010989010989,-18.55921855921856,0.0,-62.31990231990232,23.63858363858364,-20.12210012210012,-8.791208791208792,0.0,-57.63125763125763,-7.619047619047619,4.102564102564102,-5.665445665445666,0.0,-204.54212454212453,283.4676434676435,-83.80952380952381,45.90964590964591,4.102564102564102
-45.12820512820513,-364.7374847374848,272.9181929181929,15.824175824175825,0.0,-84.98168498168498,18.55921855921856,-38.87667887667888,-13.47985347985348,0.0,31.843711843711844,-22.857142857142858,0.0,-66.22710622710623,27.155067155067155,-20.903540903540904,-10.744810744810744,0.0,-63.49206349206349,-8.4004884004884,10.354090354090356,-9.963369963369964,0.0,-272.5274725274725,367.4725274725275,-76.77655677655677,34.57875457875458,10.354090354090356
-48.64468864468864,-252.991452991453,161.56288156288156,19.73137973137973,0.0,-78.73015873015873,13.089133089133089,-39.65811965811966,-13.089133089133089,0.0,30.671550671550676,-27.155067155067155,0.0,-68.57142857142857,31.062271062271066,-20.903540903540904,-16.996336996336996,0.0,-67.00854700854701,-1.7582417582417582,11.526251526251526,-17.77777777777778,0.0,-161.17216117216117,243.6141636141636,-75.21367521367522,54.5054945054945,11.526251526251526
-43.95604395604396,-512.8205128205128,428.8156288156288,14.261294261294262,0.0,-75.995115995116,10.744810744810744,-34.57875457875458,-11.135531135531137,0.0,35.36019536019536,-34.18803418803419,0.0,-58.02197802197802,33.40659340659341,-20.12210012210012,-19.34065934065934,0.0,-63.49206349206349,9.572649572649572,11.916971916971915,-23.63858363858364,0.0,-428.4249084249085,508.9133089133089,-74.43223443223444,54.89621489621489,11.916971916971915
-45.51892551892552,-404.98168498168496,313.5531135531136,19.73137973137973,0.0,-78.33943833943835,2.148962148962149,-28.32722832722833,-10.354090354090356,0.0,38.48595848595848,-40.83028083028083,0.0,-47.472527472527474,32.234432234432234,-22.857142857142858,-22.857142857142858,0.0,-43.56532356532357,0.1953601953601953,6.056166056166056,-23.63858363858364,0.0,-313.1623931623932,405.76312576312574,-65.44566544566544,38.87667887667888,6.056166056166056
-51.37973137973138,-615.1892551892552,519.072039072039,20.903540903540904,0.0,-83.41880341880342,-5.274725274725275,-25.982905982905983,-8.00976800976801,0.0,35.36019536019536,-43.56532356532357,0.0,-40.04884004884005,18.168498168498168,-25.2014652014652,-25.982905982905983,0.0,-29.89010989010989,-8.4004884004884,-10.744810744810744,-23.63858363858364,0.0,-518.6813186813187,605.030525030525,-49.81684981684982,38.87667887667888,-10.744810744810744
-50.20757020757021,-346.7643467643468,235.4090354090354,21.294261294261293,0.0,-89.27960927960928,-7.228327228327228,-29.499389499389498,-10.744810744810744,0.0,28.71794871794872,-48.64468864468864,0.0,-57.63125763125763,21.294261294261293,-27.936507936507937,-24.42002442002442,0.0,-32.234432234432234,-18.168498168498168,-13.47985347985348,-23.247863247863247,0.0,-235.018315018315,331.13553113553115,-50.20757020757021,32.234432234432234,-13.47985347985348
-45.51892551892552,-668.7179487179487,551.5018315018315,25.982905982905983,0.0,-83.02808302808303,-6.837606837606837,-29.89010989010989,-12.698412698412698,0.0,28.71794871794872,-48.64468864468864,0.0,-69.35286935286935,20.512820512820515,-30.28083028083028,-23.247863247863247,0.0,-32.234432234432234,-24.02930402930403,-20.903540903540904,-23.247863247863247,0.0,-551.1111111111111,658.949938949939,-43.17460317460318,22.466422466422465,-20.903540903540904
-42.002442002442,-488.986568986569,391.69719169719167,17.77777777777778,0.0,-78.33943833943835,-2.148962148962149,-26.764346764346765,-11.916971916971915,0.0,22.466422466422465,-43.17460317460318,0.0,-71.30647130647131,10.744810744810744,-30.28083028083028,-17.387057387057386,0.0,-42.39316239316239,-23.247863247863247,-23.247863247863247,-18.168498168498168,0.0,-391.3064713064713,471.4041514041514,-49.03540903540904,41.22100122100122,-23.247863247863247
-43.95604395604396,-503.8339438339438,430.3785103785104,15.042735042735044,0.0,-75.21367521367522,-0.1953601953601953,-22.075702075702075,-2.148962148962149,0.0,15.433455433455434,-36.53235653235653,0.0,-68.57142857142857,11.916971916971915,-27.155067155067155,-11.526251526251526,0.0,-61.53846153846154,9.18192918192918,-26.764346764346765,-16.996336996336996,0.0,-429.98778998779,488.2051282051282,-50.989010989010985,59.1941391941392,-26.764346764346765
-36.53235653235653,-452.64957264957263,386.6178266178266,14.652014652014651,0.0,-59.1941391941392,-5.274725274725275,-17.77777777777778,-2.93040293040293,0.0,11.916971916971915,-34.18803418803419,0.0,-52.55189255189255,7.619047619047619,-22.857142857142858,-12.307692307692308,0.0,-63.49206349206349,-0.9768009768009768,3.3211233211233213,-18.55921855921856,0.0,-386.2271062271062,449.13308913308913,-65.44566544566544,38.87667887667888,3.3211233211233213
-36.53235653235653,-490.94017094017096,409.6703296703297,18.55921855921856,0.0,-64.66422466422466,-9.963369963369964,-19.73137973137973,-2.5396825396825395,0.0,9.572649572649572,-32.62515262515262,0.0,-42.002442002442,0.1953601953601953,-18.168498168498168,-10.744810744810744,0.0,-54.89621489621489,-13.47985347985348,17.387057387057386,-20.903540903540904,0.0,-409.2796092796093,490.54945054945057,-77.16727716727716,23.63858363858364,17.387057387057386
-33.7973137973138,-500.3174603174603,408.10744810744814,18.55921855921856,0.0,-59.58485958485959,-14.652014652014651,-24.02930402930403,-5.274725274725275,0.0,8.00976800976801,-32.62515262515262,0.0,-54.114774114774114,0.9768009768009768,-18.168498168498168,-11.916971916971915,0.0,-49.03540903540904,-16.996336996336996,5.274725274725275,-22.857142857142858,0.0,-407.7167277167277,486.25152625152623,-43.95604395604396,6.056166056166056,5.274725274725275
-28.32722832722833,-531.5750915750916,432.7228327228327,19.73137973137973,0.0,-58.8034188034188,-13.47985347985348,-24.02930402930403,-6.837606837606837,0.0,11.135531135531137,-29.89010989010989,0.0,-66.22710622710623,6.056166056166056,-18.168498168498168,-13.47985347985348,0.0,-38.87667887667888,-22.075702075702075,-4.884004884004884,-25.982905982905983,0.0,-432.33211233211233,517.8998778998779,-35.75091575091575,0.1953601953601953,-4.884004884004884
-31.062271062271066,-685.1282051282051,580.4151404151404,13.870573870573873,0.0,-73.65079365079364,-7.228327228327228,-25.592185592185597,-11.916971916971915,0.0,10.354090354090356,-25.982905982905983,0.0,-72.08791208791209,2.148962148962149,-22.466422466422465,-14.261294261294262,0.0,-34.18803418803419,-23.247863247863247,-22.466422466422465,-25.982905982905983,0.0,-580.02442002442,663.2478632478633,-36.53235653235653,10.354090354090356,-22.466422466422465
-46.3003663003663,-397.5579975579976,321.7582417582417,9.572649572649572,0.0,-81.85592185592185,0.1953601953601953,-21.68498168498169,-6.056166056166056,0.0,5.274725274725275,-20.512820512820515,0.0,-72.47863247863248,0.9768009768009768,-26.37362637362637,-11.526251526251526,0.0,-33.01587301587302,-20.903540903540904,-34.18803418803419,-20.12210012210012,0.0,-321.36752136752136,371.77045177045176,0.1953601953601953,-1.3675213675213675,-34.18803418803419
-51.77045177045177,-519.072039072039,460.85470085470087,6.837606837606837,0.0,-82.24664224664225,3.711843711843712,-17.387057387057386,-4.884004884004884,0.0,2.5396825396825395,-15.433455433455434,0.0,-51.77045177045177,0.1953601953601953,-24.81074481074481,-12.307692307692308,0.0,-20.903540903540904,-19.73137973137973,-28.32722832722833,-18.94993894993895,0.0,-460.4639804639805,509.3040293040293,-19.73137973137973,8.00976800976801,-28.32722832722833
-42.78388278388278,-495.6288156288156,436.6300366300366,8.00976800976801,0.0,-72.86935286935287,2.148962148962149,-15.433455433455434,-4.884004884004884,0.0,-0.1953601953601953,-13.47985347985348,0.0,-43.17460317460318,-4.102564102564102,-20.903540903540904,-12.307692307692308,0.0,-16.996336996336996,-12.698412698412698,-25.592185592185597,-24.02930402930403,0.0,-436.2393162393162,498.75457875457874,-11.916971916971915,-5.665445665445666,-25.592185592185597
-32.234432234432234,-603.0769230769231,530.4029304029305,15.433455433455434,0.0,-69.35286935286935,-1.3675213675213675,-14.261294261294262,-0.1953601953601953,0.0,-2.93040293040293,-9.18192918192918,0.0,-47.081807081807085,-7.619047619047619,-17.77777777777778,-4.493284493284493,0.0,-8.00976800976801,-27.545787545787547,-19.34065934065934,-21.68498168498169,0.0,-530.0122100122101,602.6862026862027,-14.261294261294262,-6.056166056166056,-19.34065934065934
-15.824175824175825,-378.0219780219781,297.1428571428572,12.698412698412698,0.0,-56.45909645909646,-8.791208791208792,-13.089133089133089,-1.7582417582417582,0.0,-4.493284493284493,-5.274725274725275,0.0,-44.346764346764346,-20.12210012210012,-18.168498168498168,0.1953601953601953,0.0,-9.18192918192918,-13.089133089133089,-40.04884004884005,-20.12210012210012,0.0,-296.7521367521368,376.4590964590965,8.00976800976801,-16.605616605616607,-40.04884004884005
-8.4004884004884,-606.2026862026862,518.6813186813187,6.446886446886447,0.0,-56.06837606837607,-7.619047619047619,-16.605616605616607,-5.665445665445666,0.0,-2.93040293040293,-6.446886446886447,0.0,-48.64468864468864,-26.37362637362637,-18.55921855921856,-2.148962148962149,0.0,-13.47985347985348,-16.214896214896214,-41.61172161172161,-23.63858363858364,0.0,-518.2905982905983,612.063492063492,-2.148962148962149,-22.075702075702075,-41.61172161172161
-12.307692307692308,-513.6019536019536,422.56410256410254,6.446886446886447,0.0,-61.14774114774115,-4.884004884004884,-20.512820512820515,-6.446886446886447,0.0,-0.1953601953601953,-8.4004884004884,0.0,-51.37973137973138,-27.545787545787547,-19.73137973137973,-1.3675213675213675,0.0,-13.089133089133089,-34.18803418803419,-31.45299145299145,-21.294261294261293,0.0,-422.17338217338215,521.8070818070818,-12.698412698412698,-30.28083028083028,-31.45299145299145
-12.307692307692308,-521.025641025641,444.8351648351649,-4.884004884004884,0.0,-58.02197802197802,-4.493284493284493,-21.68498168498169,-6.837606837606837,0.0,0.1953601953601953,-9.18192918192918,0.0,-49.81684981684982,-22.857142857142858,-21.68498168498169,0.1953601953601953,0.0,-13.47985347985348,-24.81074481074481,-42.002442002442,-13.089133089133089,0.0,-444.44444444444446,522.5885225885226,-14.652014652014651,-18.94993894993895,-42.002442002442
-12.698412698412698,-449.5238095238095,387.008547008547,-17.77777777777778,0.0,-54.114774114774114,-5.665445665445666,-22.466422466422465,-7.619047619047619,0.0,0.1953601953601953,-15.824175824175825,0.0,-50.5982905982906,-16.214896214896214,-21.294261294261293,-2.148962148962149,0.0,-9.18192918192918,-17.387057387057386,-52.16117216117216,-11.916971916971915,0.0,-386.6178266178266,447.1794871794872,-33.40659340659341,10.744810744810744,-52.16117216117216
-17.387057387057386,-696.4590964590965,625.3479853479854,-8.791208791208792,0.0,-59.58485958485959,-11.135531135531137,-20.12210012210012,-3.3211233211233213,0.0,-0.5860805860805861,-18.168498168498168,0.0,-53.724053724053725,-11.916971916971915,-20.12210012210012,0.9768009768009768,0.0,-8.791208791208792,-34.57875457875458,-31.45299145299145,-9.572649572649572,0.0,-624.957264957265,689.0354090354091,-31.843711843711844,-1.7582417582417582,-31.45299145299145
-22.466422466422465,-481.5628815628816,407.3260073260073,-4.102564102564102,0.0,-67.00854700854701,-17.77777777777778,-13.870573870573873,-0.5860805860805861,0.0,-4.884004884004884,-15.824175824175825,0.0,-47.472527472527474,-15.824175824175825,-21.294261294261293,3.711843711843712,0.0,-9.572649572649572,-37.31379731379732,-25.592185592185597,-6.837606837606837,0.0,-406.9352869352869,472.967032967033,-25.592185592185597,-12.307692307692308,-25.592185592185597
-25.592185592185597,-459.6825396825397,391.3064713064713,-6.837606837606837,0.0,-68.18070818070818,-19.34065934065934,-6.837606837606837,-4.493284493284493,0.0,-12.698412698412698,-14.652014652014651,0.0,-36.14163614163614,-25.592185592185597,-23.247863247863247,-1.3675213675213675,0.0,-10.354090354090356,-29.10866910866911,-35.36019536019536,-11.526251526251526,0.0,-390.9157509157509,458.9010989010989,-22.075702075702075,-9.18192918192918,-35.36019536019536
-14.261294261294262,-567.1306471306472,499.9267399267399,-6.837606837606837,0.0,-65.44566544566544,-15.824175824175825,-0.1953601953601953,-3.711843711843712,0.0,-15.824175824175825,-10.354090354090356,0.0,-32.234432234432234,-31.45299145299145,-22.075702075702075,-5.665445665445666,0.0,-8.791208791208792,-43.17460317460318,-19.73137973137973,-18.55921855921856,0.0,-499.5360195360195,586.2759462759462,-26.37362637362637,-35.36019536019536,-19.73137973137973
-5.665445665445666,-424.9084249084249,363.5653235653236,0.1953601953601953,0.0,-59.1941391941392,-12.307692307692308,6.056166056166056,0.1953601953601953,0.0,-19.73137973137973,0.1953601953601953,0.0,-30.671550671550676,-31.062271062271066,-20.512820512820515,-2.5396825396825395,0.0,-8.00976800976801,-21.68498168498169,-37.31379731379732,-17.387057387057386,0.0,-363.1746031746032,448.3516483516484,-19.34065934065934,-18.168498168498168,-37.31379731379732
3.711843711843712,-359.26739926739924,294.017094017094,6.056166056166056,0.0,-53.333333333333336,-6.446886446886447,5.665445665445666,1.3675213675213675,0.0,-21.68498168498169,6.056166056166056,0.0,-37.704517704517706,-23.247863247863247,-19.34065934065934,-0.9768009768009768,0.0,-6.056166056166056,4.493284493284493,-64.27350427350427,-16.605616605616607,0.0,-293.6263736263736,369.4261294261294,-15.042735042735044,20.12210012210012,-64.27350427350427
10.354090354090356,-337.77777777777777,270.5738705738706,11.526251526251526,0.0,-48.25396825396825,0.1953601953601953,4.493284493284493,0.1953601953601953,0.0,-19.34065934065934,9.572649572649572,0.0,-57.24053724053724,-11.135531135531137,-14.261294261294262,-0.5860805860805861,0.0,-10.744810744810744,-23.63858363858364,-36.92307692307692,-11.916971916971915,0.0,-270.1831501831502,331.52625152625154,-6.446886446886447,1.7582417582417582,-36.92307692307692
0.1953601953601953,-392.8693528693529,326.05616605616603,19.73137973137973,0.0,-51.77045177045177,1.3675213675213675,1.7582417582417582,4.102564102564102,0.0,-15.433455433455434,11.916971916971915,0.0,-61.92918192918193,-11.135531135531137,-9.963369963369964,5.665445665445666,0.0,-15.433455433455434,-38.095238095238095,-24.02930402930403,0.5860805860805861,0.0,-325.66544566544565,383.4920634920635,-5.274725274725275,-12.698412698412698,-24.02930402930403
-9.18192918192918,-63.49206349206349,-12.307692307692308,27.155067155067155,0.0,-59.1941391941392,2.93040293040293,-0.1953601953601953,0.5860805860805861,0.0,-12.698412698412698,13.47985347985348,0.0,-51.77045177045177,-13.870573870573873,-8.00976800976801,2.5396825396825395,0.0,-9.572649572649572,-53.724053724053725,-6.837606837606837,-0.9768009768009768,0.0,12.698412698412698,52.94261294261294,-17.77777777777778,-20.12210012210012,-6.837606837606837
-6.837606837606837,-296.3614163614164,236.1904761904762,9.18192918192918,0.0,-56.84981684981685,8.791208791208792,1.7582417582417582,-9.572649572649572,0.0,-9.572649572649572,13.47985347985348,0.0,-61.14774114774115,-8.791208791208792,-6.837606837606837,-4.493284493284493,0.0,-0.5860805860805861,-63.49206349206349,-10.354090354090356,-7.619047619047619,0.0,-235.7997557997558,301.05006105006106,-14.652014652014651,-33.7973137973138,-10.354090354090356
4.102564102564102,-222.5152625152625,174.45665445665446,7.228327228327228,0.0,-45.51892551892552,11.526251526251526,4.884004884004884,-4.493284493284493,0.0,-6.446886446886447,15.824175824175825,0.0,-54.114774114774114,-9.18192918192918,-4.493284493284493,-8.791208791208792,0.0,3.3211233211233213,-61.14774114774115,-3.711843711843712,-16.996336996336996,0.0,-174.06593406593407,244.7863247863248,-18.94993894993895,-46.69108669108669,-3.711843711843712
-0.5860805860805861,-325.66544566544565,265.8852258852259,22.466422466422465,0.0,-43.56532356532357,9.963369963369964,0.1953601953601953,-2.93040293040293,0.0,-8.791208791208792,18.168498168498168,0.0,-45.51892551892552,-7.619047619047619,-6.056166056166056,-0.1953601953601953,0.0,9.572649572649572,-22.857142857142858,-25.982905982905983,-21.294261294261293,0.0,-265.4945054945055,349.8901098901099,-17.387057387057386,-7.619047619047619,-25.982905982905983
-2.5396825396825395,-71.30647130647131,31.062271062271066,8.00976800976801,0.0,-41.22100122100122,15.433455433455434,1.7582417582417582,-8.791208791208792,0.0,-15.042735042735044,21.68498168498169,0.0,-47.081807081807085,-9.963369963369964,-4.884004884004884,4.102564102564102,0.0,5.665445665445666,-4.493284493284493,-42.78388278388278,-17.387057387057386,0.0,-30.671550671550676,83.02808302808303,-11.916971916971915,18.55921855921856,-42.78388278388278
-4.493284493284493,-389.7435897435897,338.94993894993894,16.214896214896214,0.0,-41.61172161172161,18.55921855921856,-3.711843711843712,-9.572649572649572,0.0,-20.512820512820515,20.903540903540904,0.0,-49.42612942612943,-15.042735042735044,-4.884004884004884,5.274725274725275,0.0,1.3675213675213675,-22.075702075702075,-31.062271062271066,-11.526251526251526,0.0,-338.5592185592185,393.6507936507937,-1.3675213675213675,-6.056166056166056,-31.062271062271066
-6.837606837606837,-109.5970695970696,47.081807081807085,25.982905982905983,0.0,-36.53235653235653,14.261294261294262,-9.572649572649572,-8.791208791208792,0.0,-24.81074481074481,22.466422466422465,0.0,-32.234432234432234,-20.512820512820515,-8.00976800976801,9.572649572649572,0.0,5.665445665445666,-33.7973137973138,-20.512820512820515,-2.93040293040293,0.0,-46.69108669108669,113.89499389499387,-11.916971916971915,-13.870573870573873,-20.512820512820515
-2.5396825396825395,-109.98778998778998,44.737484737484735,24.42002442002442,0.0,-31.843711843711844,18.55921855921856,-9.963369963369964,-16.996336996336996,0.0,-26.764346764346765,25.592185592185597,0.0,-20.512820512820515,-10.744810744810744,-9.572649572649572,2.5396825396825395,0.0,30.28083028083028,-39.26739926739927,-27.936507936507937,-0.9768009768009768,0.0,-44.346764346764346,103.34554334554336,7.619047619047619,-23.247863247863247,-27.936507936507937
4.884004884004884,156.4835164835165,-218.6080586080586,21.294261294261293,0.0,-15.824175824175825,17.387057387057386,-12.698412698412698,-22.075702075702075,0.0,-21.68498168498169,24.42002442002442,0.0,-28.71794871794872,-3.3211233211233213,-9.963369963369964,-8.4004884004884,0.0,29.89010989010989,-48.64468864468864,-27.155067155067155,-5.274725274725275,0.0,218.998778998779,-148.66910866910868,9.963369963369964,-46.3003663003663,-27.155067155067155
14.652014652014651,36.92307692307692,-88.88888888888889,27.155067155067155,0.0,0.9768009768009768,15.824175824175825,-11.916971916971915,-12.307692307692308,0.0,-13.089133089133089,29.499389499389498,0.0,-16.996336996336996,-4.884004884004884,-6.837606837606837,6.837606837606837,0.0,24.81074481074481,-31.45299145299145,-20.512820512820515,4.102564102564102,0.0,89.27960927960928,-16.605616605616607,6.056166056166056,-49.03540903540904,-20.512820512820515
20.12210012210012,8.00976800976801,-57.63125763125763,27.936507936507937,0.0,-1.3675213675213675,22.075702075702075,-11.135531135531137,-8.00976800976801,0.0,-10.354090354090356,34.969474969474966,0.0,-29.499389499389498,-2.5396825396825395,-2.93040293040293,11.916971916971915,0.0,24.81074481074481,-37.31379731379732,-21.68498168498169,10.744810744810744,0.0,58.02197802197802,10.354090354090356,-9.963369963369964,-34.18803418803419,-21.68498168498169
13.870573870573873,-36.14163614163614,-29.89010989010989,24.81074481074481,0.0,-25.982905982905983,25.592185592185597,-10.744810744810744,-13.47985347985348,0.0,-12.307692307692308,34.57875457875458,0.0,-38.48595848595848,-11.135531135531137,0.1953601953601953,9.18192918192918,0.0,14.261294261294262,-49.81684981684982,-9.18192918192918,4.102564102564102,0.0,30.28083028083028,47.081807081807085,-20.12210012210012,-35.75091575091575,-9.18192918192918
18.94993894993895,57.63125763125763,-130.6959706959707,31.45299145299145,0.0,-26.764346764346765,21.294261294261293,-10.354090354090356,-2.148962148962149,0.0,-14.261294261294262,33.7973137973138,0.0,-41.22100122100122,-12.698412698412698,-0.9768009768009768,11.526251526251526,0.0,5.274725274725275,-36.53235653235653,-9.572649572649572,-2.148962148962149,0.0,131.08669108669108,-31.062271062271066,-43.17460317460318,-22.466422466422465,-9.572649572649572
20.12210012210012,187.3504273504273,-273.3089133089133,34.969474969474966,0.0,-26.764346764346765,19.34065934065934,-14.652014652014651,-5.274725274725275,0.0,-15.042735042735044,25.592185592185597,0.0,-42.39316239316239,-12.698412698412698,-7.228327228327228,0.5860805860805861,0.0,8.4004884004884,-40.04884004884005,-24.02930402930403,-6.056166056166056,0.0,273.6996336996337,-166.25152625152626,-31.843711843711844,-22.466422466422465,-24.02930402930403
25.2014652014652,-31.45299145299145,-48.25396825396825,29.89010989010989,0.0,-4.102564102564102,8.00976800976801,-12.698412698412698,-11.916971916971915,0.0,-18.94993894993895,20.512820512820515,0.0,-40.43956043956044,-9.18192918192918,-9.18192918192918,-4.102564102564102,0.0,19.34065934065934,-40.43956043956044,-32.62515262515262,-9.963369963369964,0.0,48.64468864468864,41.61172161172161,-7.228327228327228,-21.68498168498169,-32.62515262515262
42.002442002442,-9.572649572649572,-55.67765567765568,11.916971916971915,0.0,24.02930402930403,4.102564102564102,-13.870573870573873,-23.247863247863247,0.0,-20.903540903540904,16.214896214896214,0.0,-27.545787545787547,-20.512820512820515,-9.572649572649572,-9.572649572649572,0.0,11.526251526251526,-18.168498168498168,-51.77045177045177,-10.354090354090356,0.0,56.06837606837607,31.062271062271066,-3.3211233211233213,-21.294261294261293,-51.77045177045177
36.53235653235653,-116.63003663003664,74.04151404151405,9.572649572649572,0.0,25.592185592185597,8.00976800976801,-9.963369963369964,-17.77777777777778,0.0,-18.94993894993895,19.73137973137973,0.0,-20.903540903540904,-28.32722832722833,-9.963369963369964,-2.5396825396825395,0.0,17.77777777777778,-27.155067155067155,-60.366300366300365,6.056166056166056,0.0,-73.65079365079364,131.86813186813183,6.446886446886447,-19.34065934065934,-60.366300366300365
27.936507936507937,77.55799755799755,-123.66300366300366,17.77777777777778,0.0,9.18192918192918,10.354090354090356,-6.837606837606837,-9.572649572649572,0.0,-20.903540903540904,25.592185592185597,0.0,-27.545787545787547,-14.652014652014651,-3.711843711843712,4.884004884004884,0.0,31.45299145299145,-51.37973137973138,-30.28083028083028,7.619047619047619,0.0,124.05372405372404,-69.74358974358974,-2.148962148962149,-24.81074481074481,-30.28083028083028
21.68498168498169,-192.42979242979243,120.14652014652016,25.982905982905983,0.0,-11.916971916971915,18.168498168498168,-12.698412698412698,-15.433455433455434,0.0,-18.168498168498168,21.294261294261293,0.0,16.996336996336996,-16.605616605616607,-5.274725274725275,3.3211233211233213,0.0,63.88278388278388,-19.73137973137973,-50.20757020757021,3.711843711843712,0.0,-119.75579975579976,201.8070818070818,-8.791208791208792,0.9768009768009768,-50.20757020757021
9.963369963369964,22.857142857142858,-68.57142857142857,28.32722832722833,0.0,-17.387057387057386,12.698412698412698,-5.665445665445666,6.446886446886447,0.0,-8.4004884004884,21.68498168498169,0.0,13.089133089133089,-1.3675213675213675,-4.102564102564102,9.572649572649572,0.0,69.35286935286935,-17.387057387057386,-42.39316239316239,7.619047619047619,0.0,68.96214896214896,-6.837606837606837,-8.791208791208792,-1.3675213675213675,-42.39316239316239
1.7582417582417582,-56.84981684981685,-29.499389499389498,55.28693528693529,0.0,-18.55921855921856,2.148962148962149,-14.261294261294262,2.93040293040293,0.0,-0.5860805860805861,13.47985347985348,0.0,-0.9768009768009768,7.619047619047619,-7.619047619047619,9.572649572649572,0.0,58.02197802197802,-24.42002442002442,-33.40659340659341,7.619047619047619,0.0,29.89010989010989,69.74358974358974,-11.135531135531137,-8.791208791208792,-33.40659340659341
13.47985347985348,93.96825396825396,-161.17216117216117,31.45299145299145,0.0,-4.102564102564102,-3.711843711843712,-7.228327228327228,-3.3211233211233213,0.0,1.3675213675213675,8.4004884004884,0.0,8.791208791208792,6.837606837606837,-6.837606837606837,2.5396825396825395,0.0,58.02197802197802,-24.02930402930403,-24.02930402930403,2.148962148962149,0.0,161.56288156288156,-80.68376068376068,-15.433455433455434,-18.55921855921856,-24.02930402930403
25.2014652014652,-129.52380952380952,47.081807081807085,28.71794871794872,0.0,0.5860805860805861,-6.837606837606837,-5.665445665445666,-13.089133089133089,0.0,0.1953601953601953,4.102564102564102,0.0,10.354090354090356,-0.9768009768009768,-9.572649572649572,-8.791208791208792,0.0,53.333333333333336,-34.969474969474966,-16.996336996336996,-11.135531135531137,0.0,-46.69108669108669,155.3113553113553,-15.433455433455434,-43.56532356532357,-16.996336996336996
17.387057387057386,13.089133089133089,-88.1074481074481,33.01587301587302,0.0,-14.261294261294262,-1.7582417582417582,-0.1953601953601953,-4.102564102564102,0.0,-2.5396825396825395,8.00976800976801,0.0,-8.4004884004884,-4.493284493284493,-5.665445665445666,7.619047619047619,0.0,31.843711843711844,-40.83028083028083,-0.5860805860805861,-1.7582417582417582,0.0,88.4981684981685,4.493284493284493,-10.744810744810744,-45.51892551892552,-0.5860805860805861
16.214896214896214,-80.68376068376068,26.764346764346765,31.843711843711844,0.0,-24.42002442002442,4.884004884004884,6.837606837606837,9.18192918192918,0.0,-12.698412698412698,8.4004884004884,0.0,-6.837606837606837,-22.075702075702075,0.1953601953601953,16.996336996336996,0.0,31.45299145299145,-29.499389499389498,-12.698412698412698,-0.1953601953601953,0.0,-26.37362637362637,86.15384615384616,-10.354090354090356,-11.916971916971915,-12.698412698412698
29.499389499389498,112.72283272283272,-183.05250305250303,38.095238095238095,0.0,-6.446886446886447,-3.711843711843712,1.7582417582417582,8.791208791208792,0.0,-22.857142857142858,5.665445665445666,0.0,-24.42002442002442,-22.075702075702075,0.1953601953601953,24.81074481074481,0.0,34.18803418803419,-28.71794871794872,-33.01587301587302,6.446886446886447,0.0,183.44322344322345,-101.78266178266178,-2.5396825396825395,-12.698412698412698,-33.01587301587302
27.545787545787547,98.65689865689866,-161.56288156288156,22.075702075702075,0.0,4.884004884004884,-15.824175824175825,-0.9768009768009768,2.148962148962149,0.0,-29.10866910866911,1.3675213675213675,0.0,-85.76312576312576,-18.55921855921856,-1.7582417582417582,23.247863247863247,0.0,-17.387057387057386,-43.17460317460318,-33.7973137973138,11.526251526251526,0.0,161.95360195360195,-85.37240537240537,-15.824175824175825,-21.68498168498169,-33.7973137973138
31.843711843711844,10.354090354090356,-59.58485958485959,21.294261294261293,0.0,19.34065934065934,-19.73137973137973,-0.9768009768009768,8.791208791208792,0.0,-30.671550671550676,0.1953601953601953,0.0,-44.737484737484735,-33.01587301587302,-2.5396825396825395,32.234432234432234,0.0,-0.9768009768009768,-30.28083028083028,-28.71794871794872,11.526251526251526,0.0,59.975579975579976,11.916971916971915,-22.075702075702075,-24.02930402930403,-28.71794871794872
34.18803418803419,-34.57875457875458,-28.32722832722833,10.354090354090356,0.0,9.18192918192918,-16.214896214896214,-2.148962148962149,-5.274725274725275,0.0,-29.89010989010989,-3.711843711843712,0.0,2.93040293040293,-37.31379731379732,-7.228327228327228,15.824175824175825,0.0,26.764346764346765,-16.605616605616607,-25.982905982905983,-9.963369963369964,0.0,28.71794871794872,55.67765567765568,-7.619047619047619,-40.83028083028083,-25.982905982905983
23.247863247863247,16.996336996336996,-78.33943833943835,1.3675213675213675,0.0,-2.148962148962149,-15.433455433455434,0.5860805860805861,-16.214896214896214,0.0,-18.94993894993895,-4.884004884004884,0.0,31.843711843711844,-36.92307692307692,-5.665445665445666,11.916971916971915,0.0,40.04884004884005,9.18192918192918,-27.155067155067155,-20.903540903540904,0.0,78.73015873015873,-2.5396825396825395,2.93040293040293,-24.02930402930403,-27.155067155067155
6.056166056166056,211.1843711843712,-234.23687423687423,20.12210012210012,0.0,-24.42002442002442,5.665445665445666,11.135531135531137,11.916971916971915,0.0,-5.665445665445666,0.1953601953601953,0.0,78.33943833943835,-47.86324786324786,2.5396825396825395,33.01587301587302,0.0,67.78998778998779,37.704517704517706,-24.81074481074481,-13.089133089133089,0.0,234.62759462759465,-213.91941391941396,31.843711843711844,6.446886446886447,-24.81074481074481
6.446886446886447,-58.8034188034188,18.94993894993895,30.671550671550676,0.0,-14.261294261294262,2.148962148962149,4.102564102564102,6.837606837606837,0.0,0.1953601953601953,-4.493284493284493,0.0,47.472527472527474,-30.28083028083028,4.102564102564102,26.764346764346765,0.0,62.71062271062271,33.40659340659341,-28.32722832722833,-17.77777777777778,0.0,-18.55921855921856,63.10134310134311,24.02930402930403,14.261294261294262,-28.32722832722833
23.63858363858364,-12.698412698412698,-33.40659340659341,26.764346764346765,0.0,24.02930402930403,-9.18192918192918,-3.3211233211233213,-3.711843711843712,0.0,-0.5860805860805861,-9.572649572649572,0.0,45.51892551892552,-39.65811965811966,3.3211233211233213,26.764346764346765,0.0,52.94261294261294,24.81074481074481,-35.36019536019536,-6.056166056166056,0.0,33.7973137973138,27.545787545787547,24.42002442002442,-1.7582417582417582,-35.36019536019536
47.472527472527474,-49.81684981684982,23.63858363858364,19.34065934065934,0.0,68.18070818070818,-17.77777777777778,-9.963369963369964,2.93040293040293,0.0,-3.711843711843712,-13.870573870573873,0.0,58.41269841269841,-50.20757020757021,-2.148962148962149,29.89010989010989,0.0,50.20757020757021,9.572649572649572,-25.592185592185597,0.9768009768009768,0.0,-23.247863247863247,67.3992673992674,1.3675213675213675,-6.837606837606837,-25.592185592185597
47.472527472527474,115.84859584859583,-159.21855921855922,13.870573870573873,0.0,78.33943833943835,-23.63858363858364,-22.466422466422465,-9.572649572649572,0.0,-13.089133089133089,-24.42002442002442,0.0,49.42612942612943,-54.5054945054945,-7.228327228327228,20.12210012210012,0.0,49.03540903540904,-3.711843711843712,-24.02930402930403,-12.307692307692308,0.0,159.6092796092796,-93.96825396825396,-2.93040293040293,-13.47985347985348,-24.02930402930403
40.04884004884005,-258.07081807081806,223.6874236874237,-4.102564102564102,0.0,71.6971916971917,-25.982905982905983,-22.466422466422465,-18.168498168498168,0.0,-13.870573870573873,-31.45299145299145,0.0,56.84981684981685,-60.757020757020754,-10.744810744810744,18.55921855921856,0.0,45.51892551892552,5.274725274725275,-40.83028083028083,-6.056166056166056,0.0,-223.2967032967033,279.16971916971914,-2.93040293040293,-6.837606837606837,-40.83028083028083
27.545787545787547,-168.2051282051282,156.87423687423689,-1.3675213675213675,0.0,63.10134310134311,-17.77777777777778,-18.168498168498168,-8.00976800976801,0.0,-4.884004884004884,-34.57875457875458,0.0,56.84981684981685,-52.16117216117216,-10.354090354090356,19.73137973137973,0.0,42.39316239316239,8.00976800976801,-33.40659340659341,-2.5396825396825395,0.0,-156.4835164835165,174.06593406593407,14.261294261294262,-3.3211233211233213,-33.40659340659341
14.261294261294262,-283.0769230769231,264.32234432234435,13.47985347985348,0.0,42.002442002442,-8.791208791208792,-15.433455433455434,-4.884004884004884,0.0,-0.9768009768009768,-36.53235653235653,0.0,34.969474969474966,-36.14163614163614,-5.665445665445666,20.903540903540904,0.0,36.14163614163614,5.665445665445666,-27.936507936507937,0.5860805860805861,0.0,-263.9316239316239,282.6862026862027,25.2014652014652,-1.7582417582417582,-27.936507936507937
20.512820512820515,-48.64468864468864,12.698412698412698,16.605616605616607,0.0,37.704517704517706,-3.711843711843712,-15.433455433455434,-12.307692307692308,0.0,0.5860805860805861,-38.095238095238095,0.0,8.00976800976801,-24.81074481074481,-1.7582417582417582,13.870573870573873,0.0,17.387057387057386,3.3211233211233213,-29.499389499389498,4.884004884004884,0.0,-12.307692307692308,54.114774114774114,18.94993894993895,-11.526251526251526,-29.499389499389498
26.764346764346765,-395.995115995116,359.26739926739924,14.652014652014651,0.0,31.062271062271066,1.3675213675213675,-11.916971916971915,-12.698412698412698,0.0,8.4004884004884,-31.843711843711844,0.0,8.791208791208792,-12.307692307692308,4.493284493284493,8.791208791208792,0.0,26.764346764346765,7.619047619047619,-20.903540903540904,-2.93040293040293,0.0,-358.87667887667885,407.3260073260073,17.387057387057386,-18.168498168498168,-20.903540903540904
11.526251526251526,-254.16361416361417,206.1050061050061,12.698412698412698,0.0,4.884004884004884,3.711843711843712,-11.526251526251526,-16.605616605616607,0.0,13.870573870573873,-24.02930402930403,0.0,-0.9768009768009768,0.9768009768009768,9.18192918192918,6.446886446886447,0.0,29.10866910866911,5.665445665445666,5.665445665445666,-24.02930402930403,0.0,-205.7142857142857,261.1965811965812,11.135531135531137,-14.261294261294262,5.665445665445666
7.619047619047619,-313.5531135531136,244.004884004884,3.3211233211233213,0.0,-7.619047619047619,3.3211233211233213,-17.77777777777778,-32.234432234432234,0.0,12.307692307692308,-21.294261294261293,0.0,-10.744810744810744,1.3675213675213675,10.354090354090356,0.1953601953601953,0.0,19.73137973137973,25.982905982905983,-3.3211233211233213,-42.39316239316239,0.0,-243.6141636141636,325.27472527472526,13.089133089133089,-7.619047619047619,-3.3211233211233213
-6.056166056166056,-458.5103785103785,416.3125763125763,0.1953601953601953,0.0,-2.5396825396825395,-0.1953601953601953,-18.168498168498168,-23.247863247863247,0.0,19.34065934065934,-18.94993894993895,0.0,-3.3211233211233213,-4.102564102564102,11.526251526251526,4.884004884004884,0.0,18.94993894993895,42.39316239316239,-7.228327228327228,-45.51892551892552,0.0,-415.9218559218559,469.8412698412698,32.234432234432234,3.3211233211233213,-7.228327228327228
-4.493284493284493,-419.8290598290598,374.8962148962149,19.73137973137973,0.0,17.77777777777778,-4.884004884004884,-22.857142857142858,-16.605616605616607,0.0,22.466422466422465,-19.73137973137973,0.0,-1.3675213675213675,-3.3211233211233213,9.963369963369964,14.652014652014651,0.0,19.73137973137973,28.71794871794872,6.837606837606837,-36.92307692307692,0.0,-374.5054945054945,428.8156288156288,47.081807081807085,-7.619047619047619,6.837606837606837
10.744810744810744,-284.24908424908426,223.2967032967033,17.387057387057386,0.0,22.075702075702075,-2.5396825396825395,-26.764346764346765,-20.903540903540904,0.0,15.824175824175825,-25.982905982905983,0.0,-22.466422466422465,-7.228327228327228,6.056166056166056,10.354090354090356,0.0,3.711843711843712,24.81074481074481,-18.94993894993895,-22.466422466422465,0.0,-222.9059829059829,291.28205128205127,28.32722832722833,0.1953601953601953,-18.94993894993895
13.47985347985348,-278.77899877899875,245.5677655677656,12.698412698412698,0.0,22.857142857142858,4.493284493284493,-20.512820512820515,-11.135531135531137,0.0,19.73137973137973,-23.247863247863247,0.0,-12.698412698412698,-10.744810744810744,9.572649572649572,14.652014652014651,0.0,10.744810744810744,26.764346764346765,-29.89010989010989,-6.056166056166056,0.0,-245.1770451770452,284.24908424908426,19.73137973137973,18.168498168498168,-29.89010989010989
6.056166056166056,-445.6166056166056,417.4847374847375,25.592185592185597,0.0,15.824175824175825,10.744810744810744,-16.214896214896214,-3.3211233211233213,0.0,26.37362637362637,-16.996336996336996,0.0,4.493284493284493,-3.711843711843712,13.089133089133089,14.652014652014651,0.0,24.81074481074481,6.446886446886447,-1.7582417582417582,0.1953601953601953,0.0,-417.0940170940171,455.38461538461536,7.228327228327228,8.00976800976801,-1.7582417582417582
-4.102564102564102,-160.78144078144078,136.55677655677655,11.526251526251526,0.0,-9.18192918192918,24.42002442002442,-15.433455433455434,-13.089133089133089,0.0,25.2014652014652,-12.307692307692308,0.0,3.3211233211233213,8.791208791208792,14.261294261294262,6.446886446886447,0.0,26.764346764346765,27.155067155067155,-17.77777777777778,-0.5860805860805861,0.0,-136.16605616605617,166.25152625152626,2.148962148962149,29.10866910866911,-17.77777777777778
-17.387057387057386,-224.85958485958488,208.0586080586081,2.5396825396825395,0.0,-11.916971916971915,29.10866910866911,-21.68498168498169,-24.42002442002442,0.0,26.764346764346765,-11.916971916971915,0.0,19.34065934065934,8.00976800976801,17.387057387057386,-2.148962148962149,0.0,24.42002442002442,43.95604395604396,-14.261294261294262,-10.354090354090356,0.0,-207.66788766788767,234.62759462759465,-0.5860805860805861,44.737484737484735,-14.261294261294262
-12.307692307692308,-146.7155067155067,132.25885225885227,12.307692307692308,0.0,15.433455433455434,20.903540903540904,-27.155067155067155,-20.903540903540904,0.0,23.247863247863247,-12.698412698412698,0.0,36.92307692307692,5.665445665445666,16.605616605616607,-3.711843711843712,0.0,26.37362637362637,29.10866910866911,17.77777777777778,-16.996336996336996,0.0,-131.86813186813183,165.0793650793651,4.493284493284493,18.168498168498168,17.77777777777778
2.5396825396825395,-238.5347985347985,217.04517704517704,6.446886446886447,0.0,20.903540903540904,17.77777777777778,-26.37362637362637,-21.294261294261293,0.0,15.824175824175825,-9.572649572649572,0.0,23.63858363858364,3.711843711843712,17.387057387057386,-0.9768009768009768,0.0,11.916971916971915,35.36019536019536,15.824175824175825,-19.73137973137973,0.0,-216.65445665445665,247.9120879120879,9.963369963369964,10.744810744810744,15.824175824175825
18.94993894993895,-23.63858363858364,-5.274725274725275,-5.274725274725275,0.0,20.12210012210012,15.042735042735044,-22.075702075702075,-25.982905982905983,0.0,12.698412698412698,-3.711843711843712,0.0,-2.5396825396825395,0.9768009768009768,20.512820512820515,0.1953601953601953,0.0,3.3211233211233213,27.545787545787547,15.824175824175825,-28.32722832722833,0.0,5.665445665445666,33.01587301587302,-2.5396825396825395,14.261294261294262,15.824175824175825
21.68498168498169,-259.6336996336996,280.7326007326008,1.3675213675213675,0.0,21.294261294261293,22.857142857142858,-4.884004884004884,6.056166056166056,0.0,23.63858363858364,12.307692307692308,0.0,-13.47985347985348,8.4004884004884,29.10866910866911,20.12210012210012,0.0,12.698412698412698,28.71794871794872,17.387057387057386,-14.261294261294262,0.0,-280.3418803418804,279.16971916971914,2.93040293040293,15.824175824175825,17.387057387057386
5.665445665445666,-24.42002442002442,33.40659340659341,12.698412698412698,0.0,-2.93040293040293,25.592185592185597,-1.7582417582417582,9.18192918192918,0.0,22.075702075702075,20.12210012210012,0.0,-38.48595848595848,9.963369963369964,30.671550671550676,24.02930402930403,0.0,15.824175824175825,17.77777777777778,3.711843711843712,-9.963369963369964,0.0,-33.01587301587302,39.65811965811966,15.433455433455434,15.824175824175825,3.711843711843712
8.4004884004884,-88.88888888888889,85.76312576312576,13.089133089133089,0.0,-2.148962148962149,22.857142857142858,-2.93040293040293,2.93040293040293,0.0,16.996336996336996,21.68498168498169,0.0,-34.18803418803419,10.354090354090356,28.71794871794872,19.34065934065934,0.0,32.62515262515262,6.056166056166056,-4.102564102564102,-8.4004884004884,0.0,-85.37240537240537,99.82905982905984,11.526251526251526,21.68498168498169,-4.102564102564102
2.5396825396825395,75.995115995116,-83.41880341880342,22.466422466422465,0.0,13.47985347985348,11.526251526251526,-8.4004884004884,2.5396825396825395,0.0,11.526251526251526,15.433455433455434,0.0,17.387057387057386,-3.711843711843712,23.63858363858364,8.791208791208792,0.0,44.346764346764346,12.307692307692308,1.7582417582417582,-11.526251526251526,0.0,83.80952380952381,-64.27350427350427,10.744810744810744,18.168498168498168,1.7582417582417582
8.791208791208792,55.67765567765568,-90.06105006105007,25.982905982905983,0.0,28.32722832722833,-3.711843711843712,-16.605616605616607,-3.711843711843712,0.0,0.1953601953601953,3.711843711843712,0.0,41.22100122100122,-13.089133089133089,16.214896214896214,-0.5860805860805861,0.0,37.31379731379732,18.168498168498168,7.619047619047619,-18.55921855921856,0.0,90.45177045177046,-48.25396825396825,15.042735042735044,2.5396825396825395,7.619047619047619
15.433455433455434,137.72893772893772,-186.95970695970692,13.870573870573873,0.0,27.936507936507937,-11.135531135531137,-20.12210012210012,-12.307692307692308,0.0,-7.619047619047619,-6.056166056166056,0.0,42.39316239316239,-15.824175824175825,11.135531135531137,-6.446886446886447,0.0,20.903540903540904,15.042735042735044,12.698412698412698,-18.55921855921856,0.0,187.3504273504273,-128.35164835164835,-9.963369963369964,-4.493284493284493,12.698412698412698
11.916971916971915,88.88888888888889,-126.3980463980464,9.572649572649572,0.0,20.12210012210012,-10.744810744810744,-14.261294261294262,-7.228327228327228,0.0,-7.619047619047619,-4.884004884004884,0.0,32.62515262515262,-15.042735042735044,15.433455433455434,-3.711843711843712,0.0,5.274725274725275,11.916971916971915,25.592185592185597,-14.261294261294262,0.0,126.7887667887668,-76.77655677655677,-18.94993894993895,-11.135531135531137,25.592185592185597
-8.791208791208792,377.24053724053726,-394.8229548229549,4.884004884004884,0.0,-10.744810744810744,-4.102564102564102,-7.228327228327228,3.3211233211233213,0.0,-5.665445665445666,0.1953601953601953,0.0,20.903540903540904,-14.261294261294262,20.903540903540904,12.307692307692308,0.0,-0.1953601953601953,15.433455433455434,25.982905982905983,-1.3675213675213675,0.0,395.2136752136752,-363.1746031746032,-15.042735042735044,-9.18192918192918,25.982905982905983
-20.512820512820515,524.5421245421245,-539.3894993894994,2.93040293040293,0.0,-25.982905982905983,-8.791208791208792,-4.884004884004884,10.354090354090356,0.0,-10.744810744810744,2.93040293040293,0.0,-7.228327228327228,-12.307692307692308,22.466422466422465,15.042735042735044,0.0,-4.493284493284493,0.9768009768009768,22.075702075702075,0.1953601953601953,0.0,539.7802197802198,-505.3968253968254,-13.089133089133089,-17.387057387057386,22.075702075702075
-1.7582417582417582,201.02564102564105,-213.13797313797315,1.7582417582417582,0.0,-3.711843711843712,-13.089133089133089,-3.711843711843712,10.744810744810744,0.0,-9.18192918192918,5.665445665445666,0.0,8.00976800976801,-15.824175824175825,24.81074481074481,11.526251526251526,0.0,19.34065934065934,4.493284493284493,15.433455433455434,-10.744810744810744,0.0,213.52869352869357,-182.27106227106228,2.5396825396825395,-9.963369963369964,15.433455433455434
6.837606837606837,278.3882783882784,-292.8449328449328,4.884004884004884,0.0,9.963369963369964,-13.089133089133089,-2.93040293040293,6.056166056166056,0.0,-5.274725274725275,4.493284493284493,0.0,32.62515262515262,-18.168498168498168,23.63858363858364,5.274725274725275,0.0,36.53235653235653,43.95604395604396,-9.963369963369964,-24.42002442002442,0.0,293.2356532356532,-260.8058608058608,20.12210012210012,19.73137973137973,-9.963369963369964
17.387057387057386,553.4554334554334,-585.1037851037851,9.18192918192918,0.0,16.996336996336996,-9.963369963369964,-7.619047619047619,-0.9768009768009768,0.0,1.3675213675213675,0.1953601953601953,0.0,33.01587301587302,-13.47985347985348,18.55921855921856,-2.148962148962149,0.0,39.65811965811966,56.45909645909646,-18.94993894993895,-39.65811965811966,0.0,585.4945054945055,-533.5286935286936,18.55921855921856,31.843711843711844,-18.94993894993895
21.68498168498169,424.5177045177045,-466.7155067155067,8.00976800976801,0.0,19.73137973137973,-5.274725274725275,-10.744810744810744,-11.526251526251526,0.0,5.665445665445666,-1.3675213675213675,0.0,23.63858363858364,-16.605616605616607,17.387057387057386,-9.18192918192918,0.0,29.499389499389498,27.936507936507937,1.3675213675213675,-44.346764346764346,0.0,467.1062271062271,-409.2796092796093,22.075702075702075,5.274725274725275,1.3675213675213675
3.3211233211233213,340.5128205128205,-364.7374847374848,1.7582417582417582,0.0,-5.665445665445666,6.446886446886447,-6.056166056166056,-10.744810744810744,0.0,11.135531135531137,2.5396825396825395,0.0,23.247863247863247,-12.307692307692308,20.903540903540904,-2.93040293040293,0.0,27.936507936507937,20.903540903540904,13.47985347985348,-33.40659340659341,0.0,365.12820512820514,-326.4468864468864,7.228327228327228,4.884004884004884,13.47985347985348
3.3211233211233213,454.99389499389497,-476.4835164835165,0.1953601953601953,0.0,-11.135531135531137,11.135531135531137,-9.18192918192918,-6.056166056166056,0.0,13.089133089133089,2.148962148962149,0.0,17.77777777777778,-9.572649572649572,20.12210012210012,0.9768009768009768,0.0,27.155067155067155,17.77777777777778,4.884004884004884,-20.903540903540904,0.0,476.8742368742369,-441.7094017094017,-0.9768009768009768,0.1953601953601953,4.884004884004884
4.102564102564102,705.8363858363858,-733.1868131868132,4.102564102564102,0.0,-6.837606837606837,3.3211233211233213,-12.698412698412698,0.1953601953601953,0.0,7.619047619047619,0.9768009768009768,0.0,9.963369963369964,-8.4004884004884,17.387057387057386,5.665445665445666,0.0,23.247863247863247,-4.493284493284493,11.916971916971915,-4.884004884004884,0.0,733.5775335775336,-696.0683760683761,-3.711843711843712,-23.247863247863247,11.916971916971915
26.764346764346765,477.2649572649573,-512.4297924297924,5.665445665445666,0.0,14.652014652014651,0.1953601953601953,-13.47985347985348,-0.9768009768009768,0.0,7.228327228327228,-1.3675213675213675,0.0,23.247863247863247,-6.446886446886447,16.214896214896214,8.791208791208792,0.0,26.37362637362637,25.592185592185597,-12.307692307692308,2.5396825396825395,0.0,512.8205128205128,-467.1062271062271,-19.34065934065934,8.00976800976801,-12.307692307692308
43.95604395604396,757.0207570207571,-807.8144078144078,9.18192918192918,0.0,37.704517704517706,-9.572649572649572,-18.55921855921856,-4.102564102564102,0.0,1.7582417582417582,-5.274725274725275,0.0,32.234432234432234,-12.698412698412698,11.135531135531137,6.056166056166056,0.0,25.592185592185597,35.36019536019536,-20.512820512820515,-2.5396825396825395,0.0,808.2051282051282,-744.1269841269841,-13.870573870573873,4.493284493284493,-20.512820512820515
45.90964590964591,437.020757020757,-506.1782661782662,9.18192918192918,0.0,38.48595848595848,-17.77777777777778,-24.02930402930403,-6.056166056166056,0.0,-9.963369963369964,-4.102564102564102,0.0,22.466422466422465,-21.68498168498169,6.056166056166056,8.791208791208792,0.0,15.433455433455434,-0.9768009768009768,8.4004884004884,-5.665445665445666,0.0,506.5689865689866,-420.2197802197802,-16.214896214896214,-31.45299145299145,8.4004884004884
47.081807081807085,427.25274725274727,-501.4896214896215,9.963369963369964,0.0,34.969474969474966,-16.214896214896214,-24.02930402930403,-8.791208791208792,0.0,-19.73137973137973,1.7582417582417582,0.0,18.55921855921856,-27.936507936507937,8.00976800976801,8.4004884004884,0.0,18.168498168498168,-11.526251526251526,9.572649572649572,-7.619047619047619,0.0,501.88034188034186,-414.3589743589744,-15.433455433455434,-27.545787545787547,9.572649572649572
39.26739926739927,360.43956043956047,-408.10744810744814,5.274725274725275,0.0,26.37362637362637,-6.446886446886447,-18.168498168498168,-1.3675213675213675,0.0,-18.55921855921856,11.135531135531137,0.0,20.903540903540904,-19.34065934065934,14.261294261294262,13.870573870573873,0.0,34.969474969474966,-8.4004884004884,13.089133089133089,-8.4004884004884,0.0,408.4981684981685,-339.7313797313797,-8.00976800976801,-25.982905982905983,13.089133089133089
22.075702075702075,474.13919413919416,-519.072039072039,8.00976800976801,0.0,2.5396825396825395,-0.5860805860805861,-15.824175824175825,2.148962148962149,0.0,-15.042735042735044,14.261294261294262,0.0,3.711843711843712,-11.526251526251526,15.042735042735044,19.73137973137973,0.0,35.36019536019536,2.148962148962149,-2.148962148962149,-6.056166056166056,0.0,519.4627594627594,-442.1001221001221,-2.148962148962149,-20.903540903540904,-2.148962148962149
28.71794871794872,207.27716727716728,-261.1965811965812,16.214896214896214,0.0,-0.5860805860805861,4.102564102564102,-11.916971916971915,1.7582417582417582,0.0,-7.619047619047619,16.996336996336996,0.0,3.3211233211233213,-2.148962148962149,16.996336996336996,20.903540903540904,0.0,40.43956043956044,50.20757020757021,-43.17460317460318,-7.619047619047619,0.0,261.5873015873016,-179.53601953601952,-4.102564102564102,28.71794871794872,-43.17460317460318
40.04884004884005,266.6666666666667,-302.6129426129426,5.665445665445666,0.0,8.791208791208792,6.446886446886447,-5.274725274725275,1.3675213675213675,0.0,0.1953601953601953,18.55921855921856,0.0,4.493284493284493,1.3675213675213675,15.824175824175825,20.12210012210012,0.0,41.61172161172161,60.757020757020754,-48.64468864468864,-9.572649572649572,0.0,303.003663003663,-238.5347985347985,-0.1953601953601953,31.843711843711844,-48.64468864468864
33.40659340659341,367.8632478632479,-412.014652014652,-1.3675213675213675,0.0,0.1953601953601953,-0.1953601953601953,-7.619047619047619,-0.9768009768009768,0.0,-4.493284493284493,17.387057387057386,0.0,0.5860805860805861,-6.056166056166056,11.135531135531137,20.512820512820515,0.0,38.87667887667888,-2.148962148962149,-3.711843711843712,-4.493284493284493,0.0,412.4053724053724,-333.4798534798535,-15.433455433455434,-30.28083028083028,-3.711843711843712
39.65811965811966,305.73870573870573,-356.1416361416361,1.3675213675213675,0.0,7.619047619047619,-4.102564102564102,-12.307692307692308,1.7582417582417582,0.0,-13.870573870573873,18.168498168498168,0.0,4.493284493284493,-11.526251526251526,8.00976800976801,23.63858363858364,0.0,54.5054945054945,-27.545787545787547,0.5860805860805861,-0.1953601953601953,0.0,356.5323565323565,-273.6996336996337,-15.433455433455434,-47.472527472527474,0.5860805860805861
43.17460317460318,152.57631257631255,-193.992673992674,2.148962148962149,0.0,15.042735042735044,-2.5396825396825395,-12.698412698412698,6.446886446886447,0.0,-21.68498168498169,20.903540903540904,0.0,15.433455433455434,-19.34065934065934,10.744810744810744,25.982905982905983,0.0,59.1941391941392,-37.31379731379732,4.102564102564102,8.00976800976801,0.0,194.3833943833944,-120.53724053724054,-22.857142857142858,-52.94261294261294,4.102564102564102
33.01587301587302,164.2979242979243,-205.7142857142857,8.4004884004884,0.0,20.12210012210012,-8.4004884004884,-17.77777777777778,8.791208791208792,0.0,-25.592185592185597,18.94993894993895,0.0,16.214896214896214,-20.903540903540904,13.47985347985348,29.89010989010989,0.0,59.58485958485959,-41.22100122100122,11.135531135531137,10.744810744810744,0.0,206.1050061050061,-125.6166056166056,-13.47985347985348,-68.96214896214896,11.135531135531137
36.92307692307692,415.1404151404152,-465.9340659340659,15.824175824175825,0.0,25.2014652014652,-16.605616605616607,-16.996336996336996,12.698412698412698,0.0,-29.499389499389498,20.903540903540904,0.0,6.837606837606837,-18.55921855921856,15.433455433455434,31.843711843711844,0.0,50.989010989010985,-14.652014652014651,-14.261294261294262,14.652014652014651,0.0,466.3247863247863,-383.1013431013431,-9.572649572649572,-42.78388278388278,-14.261294261294262
43.95604395604396,361.2210012210013,-417.8754578754578,19.73137973137973,0.0,27.155067155067155,-20.12210012210012,-12.307692307692308,15.433455433455434,0.0,-31.843711843711844,25.592185592185597,0.0,5.274725274725275,-21.294261294261293,15.824175824175825,30.671550671550676,0.0,40.43956043956044,9.572649572649572,-32.62515262515262,13.089133089133089,0.0,418.2661782661783,-350.2808302808303,2.5396825396825395,-16.214896214896214,-32.62515262515262
43.17460317460318,616.7521367521367,-673.7973137973138,16.605616605616607,0.0,33.7973137973138,-26.37362637362637,-10.744810744810744,9.18192918192918,0.0,-27.936507936507937,22.466422466422465,0.0,-8.4004884004884,-17.387057387057386,13.870573870573873,23.63858363858364,0.0,26.764346764346765,-19.73137973137973,-2.5396825396825395,7.619047619047619,0.0,674.1880341880342,-603.8583638583639,14.652014652014651,-53.724053724053725,-2.5396825396825395
34.57875457875458,340.5128205128205,-378.4126984126984,11.135531135531137,0.0,29.499389499389498,-27.545787545787547,-4.102564102564102,13.870573870573873,0.0,-28.32722832722833,23.63858363858364,0.0,-17.77777777777778,-12.698412698412698,11.526251526251526,27.545787545787547,0.0,24.81074481074481,-43.95604395604396,9.18192918192918,18.168498168498168,0.0,378.8034188034188,-322.14896214896214,-5.665445665445666,-62.31990231990232,9.18192918192918
33.40659340659341,563.2234432234433,-604.2490842490843,15.042735042735044,0.0,22.857142857142858,-22.857142857142858,-0.9768009768009768,11.916971916971915,0.0,-29.10866910866911,24.42002442002442,0.0,-6.056166056166056,-15.042735042735044,8.791208791208792,25.592185592185597,0.0,30.671550671550676,-56.84981684981685,16.996336996336996,22.075702075702075,0.0,604.6398046398047,-549.1575091575091,-11.916971916971915,-68.57142857142857,16.996336996336996
43.17460317460318,365.12820512820514,-407.7167277167277,18.94993894993895,0.0,27.155067155067155,-12.698412698412698,2.5396825396825395,4.884004884004884,0.0,-23.63858363858364,23.247863247863247,0.0,13.870573870573873,-16.996336996336996,8.4004884004884,18.94993894993895,0.0,34.18803418803419,-54.89621489621489,22.466422466422465,22.857142857142858,0.0,408.10744810744814,-345.2014652014652,-14.652014652014651,-79.9023199023199,22.466422466422465
52.94261294261294,497.1916971916972,-545.6410256410256,18.168498168498168,0.0,27.155067155067155,-9.572649572649572,5.274725274725275,2.148962148962149,0.0,-19.73137973137973,22.466422466422465,0.0,27.155067155067155,-18.168498168498168,7.619047619047619,16.996336996336996,0.0,37.704517704517706,-50.5982905982906,20.903540903540904,26.37362637362637,0.0,546.031746031746,-468.6691086691087,-31.843711843711844,-82.63736263736264,20.903540903540904
59.58485958485959,221.34310134310132,-287.76556776556777,20.903540903540904,0.0,20.12210012210012,-4.493284493284493,2.5396825396825395,-1.3675213675213675,0.0,-20.12210012210012,24.42002442002442,0.0,35.36019536019536,-16.996336996336996,5.665445665445666,12.698412698412698,0.0,39.26739926739927,-12.307692307692308,-6.446886446886447,17.77777777777778,0.0,288.15628815628816,-196.72771672771677,-29.499389499389498,-52.94261294261294,-6.446886446886447
71.30647130647131,506.1782661782662,-579.6336996336996,34.57875457875458,0.0,37.704517704517706,-1.3675213675213675,-2.148962148962149,0.9768009768009768,0.0,-18.94993894993895,23.63858363858364,0.0,30.671550671550676,-9.963369963369964,5.665445665445666,7.619047619047619,0.0,39.65811965811966,18.55921855921856,-22.075702075702075,0.1953601953601953,0.0,580.02442002442,-490.1587301587302,9.572649572649572,-37.31379731379732,-22.075702075702075
64.66422466422466,341.2942612942613,-421.001221001221,41.61172161172161,0.0,40.83028083028083,-2.93040293040293,-8.4004884004884,0.1953601953601953,0.0,-15.433455433455434,16.996336996336996,0.0,9.572649572649572,-0.1953601953601953,6.446886446886447,6.446886446886447,0.0,34.18803418803419,11.135531135531137,-15.042735042735044,-6.446886446886447,0.0,421.3919413919414,-318.63247863247864,13.089133089133089,-39.65811965811966,-15.042735042735044
50.989010989010985,367.0818070818071,-442.8815628815629,42.002442002442,0.0,34.57875457875458,-4.493284493284493,-10.354090354090356,1.3675213675213675,0.0,-16.214896214896214,16.996336996336996,0.0,-10.354090354090356,11.916971916971915,4.493284493284493,4.493284493284493,0.0,29.10866910866911,8.791208791208792,-18.55921855921856,-8.00976800976801,0.0,443.2722832722833,-342.07570207570205,20.512820512820515,-35.36019536019536,-18.55921855921856
49.03540903540904,231.11111111111111,-309.25518925518924,45.90964590964591,0.0,28.71794871794872,-1.7582417582417582,-8.791208791208792,2.93040293040293,0.0,-15.433455433455434,20.12210012210012,0.0,-8.4004884004884,14.261294261294262,2.5396825396825395,3.3211233211233213,0.0,32.234432234432234,-13.089133089133089,-1.3675213675213675,-4.493284493284493,0.0,309.6459096459096,-212.7472527472528,24.02930402930403,-50.989010989010985,-1.3675213675213675
55.28693528693529,234.23687423687423,-316.6788766788767,45.51892551892552,0.0,28.71794871794872,1.3675213675213675,-6.837606837606837,-0.9768009768009768,0.0,-11.526251526251526,23.247863247863247,0.0,16.605616605616607,9.963369963369964,0.5860805860805861,1.3675213675213675,0.0,49.81684981684982,-60.366300366300365,33.7973137973138,6.056166056166056,0.0,317.0695970695971,-210.7936507936508,2.148962148962149,-87.71672771672772,33.7973137973138
57.63125763125763,283.8583638583639,-361.2210012210013,40.83028083028083,0.0,34.969474969474966,1.7582417582417582,-7.619047619047619,-4.493284493284493,0.0,-9.572649572649572,27.936507936507937,0.0,36.92307692307692,3.711843711843712,-0.9768009768009768,0.5860805860805861,0.0,61.92918192918193,-45.12820512820513,15.824175824175825,7.228327228327228,0.0,361.6117216117216,-249.47496947496947,0.9768009768009768,-80.68376068376068,15.824175824175825
56.84981684981685,315.8974358974359,-399.5115995115995,45.51892551892552,0.0,32.62515262515262,4.493284493284493,-11.135531135531137,-3.711843711843712,0.0,-9.572649572649572,29.89010989010989,0.0,57.24053724053724,-6.837606837606837,-2.93040293040293,1.7582417582417582,0.0,68.96214896214896,-14.652014652014651,-14.261294261294262,9.572649572649572,0.0,399.9023199023199,-283.0769230769231,0.9768009768009768,-53.333333333333336,-14.261294261294262
59.1941391941392,374.1147741147741,-472.1855921855922,50.989010989010985,0.0,42.39316239316239,-0.5860805860805861,-15.042735042735044,-11.135531135531137,0.0,-9.963369963369964,21.294261294261293,0.0,59.1941391941392,-13.870573870573873,-6.056166056166056,-6.056166056166056,0.0,70.13431013431014,-45.90964590964591,5.274725274725275,1.7582417582417582,0.0,472.5763125763126,-347.5457875457876,16.605616605616607,-83.41880341880342,5.274725274725275
59.58485958485959,70.91575091575092,-171.7216117216117,54.114774114774114,0.0,43.17460317460318,-7.619047619047619,-13.47985347985348,-4.493284493284493,0.0,-12.698412698412698,16.214896214896214,0.0,53.333333333333336,-12.698412698412698,-6.446886446886447,-5.274725274725275,0.0,70.52503052503053,-34.18803418803419,-8.00976800976801,-0.5860805860805861,0.0,172.11233211233213,-42.002442002442,16.605616605616607,-68.96214896214896,-8.00976800976801
43.95604395604396,308.47374847374846,-404.98168498168496,50.989010989010985,0.0,25.592185592185597,-13.089133089133089,-10.744810744810744,0.1953601953601953,0.0,-15.042735042735044,12.698412698412698,0.0,44.737484737484735,-10.354090354090356,-9.572649572649572,-5.665445665445666,0.0,68.57142857142857,-6.837606837606837,-42.39316239316239,-0.9768009768009768,0.0,405.37240537240535,-285.42124542124543,15.042735042735044,-29.499389499389498,-42.39316239316239
38.87667887667888,196.72771672771677,-299.4871794871795,55.28693528693529,0.0,12.698412698412698,-11.916971916971915,-6.446886446886447,0.5860805860805861,0.0,-13.870573870573873,12.307692307692308,0.0,31.45299145299145,-1.7582417582417582,-11.526251526251526,-9.572649572649572,0.0,61.53846153846154,-41.22100122100122,-11.526251526251526,-0.5860805860805861,0.0,299.8778998778999,-178.75457875457874,7.619047619047619,-56.45909645909646,-11.526251526251526
48.25396825396825,202.97924297924297,-292.06349206349205,51.77045177045177,0.0,17.387057387057386,-1.7582417582417582,-4.884004884004884,2.93040293040293,0.0,-5.274725274725275,11.526251526251526,0.0,33.01587301587302,11.135531135531137,-10.354090354090356,-10.354090354090356,0.0,69.74358974358974,-9.572649572649572,-25.982905982905983,-8.791208791208792,0.0,292.45421245421244,-175.62881562881563,9.18192918192918,-37.31379731379732,-25.982905982905983
35.75091575091575,139.29181929181928,-216.65445665445665,39.26739926739927,0.0,2.93040293040293,4.102564102564102,-6.446886446886447,-0.1953601953601953,0.0,0.1953601953601953,9.18192918192918,0.0,29.89010989010989,17.387057387057386,-11.526251526251526,-9.963369963369964,0.0,72.08791208791209,-7.619047619047619,-27.155067155067155,-10.354090354090356,0.0,217.04517704517704,-101.3919413919414,11.916971916971915,-49.03540903540904,-27.155067155067155
42.78388278388278,460.85470085470087,-549.1575091575091,36.92307692307692,0.0,3.3211233211233213,7.228327228327228,-9.572649572649572,-6.446886446886447,0.0,2.148962148962149,6.837606837606837,0.0,12.698412698412698,16.605616605616607,-15.042735042735044,-17.77777777777778,0.0,52.16117216117216,-35.75091575091575,-1.7582417582417582,-16.605616605616607,0.0,549.5482295482295,-435.0671550671551,6.837606837606837,-70.13431013431014,-1.7582417582417582
56.84981684981685,232.28327228327228,-328.009768009768,32.62515262515262,0.0,14.652014652014651,5.665445665445666,-15.042735042735044,-8.4004884004884,0.0,-2.148962148962149,5.274725274725275,0.0,-0.1953601953601953,19.34065934065934,-16.214896214896214,-19.34065934065934,0.0,50.20757020757021,-29.89010989010989,-11.916971916971915,-24.42002442002442,0.0,328.4004884004884,-221.7338217338217,24.81074481074481,-64.27350427350427,-11.916971916971915
53.724053724053725,356.5323565323565,-453.040293040293,34.969474969474966,0.0,20.512820512820515,-3.3211233211233213,-13.47985347985348,-7.228327228327228,0.0,-4.884004884004884,4.884004884004884,0.0,-7.228327228327228,18.168498168498168,-18.168498168498168,-18.168498168498168,0.0,49.81684981684982,-21.294261294261293,-24.81074481074481,-28.32722832722833,0.0,453.4310134310134,-339.7313797313797,25.982905982905983,-56.06837606837607,-24.81074481074481
50.989010989010985,54.89621489621489,-163.12576312576311,44.346764346764346,0.0,28.32722832722833,-17.77777777777778,-11.526251526251526,-6.837606837606837,0.0,-15.824175824175825,5.665445665445666,0.0,-14.652014652014651,10.354090354090356,-22.075702075702075,-21.294261294261293,0.0,45.12820512820513,-45.51892551892552,-12.698412698412698,-34.969474969474966,0.0,163.5164835164835,-41.22100122100122,36.14163614163614,-75.6043956043956,-12.698412698412698
60.366300366300365,234.62759462759465,-343.2478632478632,47.081807081807085,0.0,33.7973137973138,-22.857142857142858,-4.493284493284493,-3.711843711843712,0.0,-24.02930402930403,11.135531135531137,0.0,-9.963369963369964,4.884004884004884,-18.94993894993895,-18.94993894993895,0.0,43.95604395604396,-24.02930402930403,-25.2014652014652,-37.704517704517706,0.0,343.6385836385836,-224.46886446886447,33.7973137973138,-56.06837606837607,-25.2014652014652
56.84981684981685,185.78754578754575,-285.8119658119658,48.25396825396825,0.0,29.499389499389498,-25.592185592185597,2.148962148962149,2.148962148962149,0.0,-25.982905982905983,11.135531135531137,0.0,0.1953601953601953,0.1953601953601953,-15.824175824175825,-16.605616605616607,0.0,47.86324786324786,-20.903540903540904,-24.02930402930403,-35.36019536019536,0.0,286.2026862026862,-163.9072039072039,31.062271062271066,-66.61782661782662,-24.02930402930403
56.06837606837607,196.72771672771677,-293.6263736263736,43.56532356532357,0.0,24.02930402930403,-27.936507936507937,2.148962148962149,7.228327228327228,0.0,-26.764346764346765,9.963369963369964,0.0,4.493284493284493,-5.665445665445666,-12.698412698412698,-13.47985347985348,0.0,45.12820512820513,-36.14163614163614,-6.837606837606837,-29.89010989010989,0.0,294.017094017094,-171.33089133089132,15.824175824175825,-78.73015873015873,-6.837606837606837
53.724053724053725,73.26007326007326,-162.34432234432234,34.57875457875458,0.0,22.075702075702075,-27.545787545787547,0.1953601953601953,6.446886446886447,0.0,-28.32722832722833,9.18192918192918,0.0,-8.791208791208792,5.665445665445666,-10.354090354090356,-14.652014652014651,0.0,37.704517704517706,-10.354090354090356,-23.247863247863247,-31.843711843711844,0.0,162.73504273504273,-55.28693528693529,10.354090354090356,-42.78388278388278,-23.247863247863247
52.94261294261294,89.27960927960928,-179.14529914529913,39.65811965811966,0.0,28.32722832722833,-24.81074481074481,-1.3675213675213675,4.102564102564102,0.0,-23.247863247863247,6.446886446886447,0.0,-11.916971916971915,24.42002442002442,-7.619047619047619,-16.996336996336996,0.0,53.333333333333336,4.102564102564102,-35.75091575091575,-34.969474969474966,0.0,179.53601953601952,-72.08791208791209,18.55921855921856,-25.2014652014652,-35.75091575091575
41.61172161172161,248.6935286935287,-339.7313797313797,43.17460317460318,0.0,26.37362637362637,-20.12210012210012,-3.711843711843712,-4.493284493284493,0.0,-17.77777777777778,6.837606837606837,0.0,-18.94993894993895,33.40659340659341,-8.791208791208792,-18.168498168498168,0.0,62.31990231990232,5.274725274725275,-43.95604395604396,-36.53235653235653,0.0,340.1221001221001,-226.8131868131868,24.42002442002442,-11.526251526251526,-43.95604395604396
37.31379731379732,269.4017094017094,-354.1880341880342,33.7973137973138,0.0,23.247863247863247,-14.652014652014651,0.1953601953601953,-18.168498168498168,0.0,-16.214896214896214,12.698412698412698,0.0,-14.261294261294262,33.40659340659341,-10.354090354090356,-20.12210012210012,0.0,67.3992673992674,4.102564102564102,-35.75091575091575,-48.25396825396825,0.0,354.57875457875457,-249.86568986568983,31.45299145299145,-11.135531135531137,-35.75091575091575
56.45909645909646,504.61538461538464,-558.1440781440781,25.2014652014652,0.0,30.671550671550676,-1.7582417582417582,13.089133089133089,-10.744810744810744,0.0,-10.354090354090356,24.42002442002442,0.0,-6.837606837606837,29.89010989010989,-10.354090354090356,-17.387057387057386,0.0,71.30647130647131,2.5396825396825395,-36.92307692307692,-42.39316239316239,0.0,558.5347985347985,-478.4371184371184,29.499389499389498,-18.168498168498168,-36.92307692307692
60.366300366300365,147.49694749694748,-192.8205128205128,20.903540903540904,0.0,25.592185592185597,6.056166056166056,13.089133089133089,-6.056166056166056,0.0,-6.446886446886447,29.499389499389498,0.0,-1.7582417582417582,16.605616605616607,-12.307692307692308,-9.963369963369964,0.0,68.96214896214896,11.916971916971915,-59.975579975579976,-29.89010989010989,0.0,193.2112332112332,-115.45787545787546,32.62515262515262,-18.94993894993895,-59.975579975579976
65.44566544566544,325.66544566544565,-370.2075702075702,18.168498168498168,0.0,27.936507936507937,1.3675213675213675,6.837606837606837,3.3211233211233213,0.0,-4.102564102564102,32.62515262515262,0.0,-4.493284493284493,10.354090354090356,-12.698412698412698,-7.228327228327228,0.0,69.35286935286935,-33.40659340659341,-29.89010989010989,-19.34065934065934,0.0,370.5982905982906,-300.65934065934067,30.671550671550676,-59.975579975579976,-29.89010989010989
70.13431013431014,222.9059829059829,-283.8583638583639,30.28083028083028,0.0,33.40659340659341,-0.5860805860805861,-0.1953601953601953,9.572649572649572,0.0,-2.93040293040293,32.234432234432234,0.0,-11.916971916971915,16.214896214896214,-11.526251526251526,-7.228327228327228,0.0,76.77655677655677,-53.333333333333336,-32.234432234432234,-5.274725274725275,0.0,284.24908424908426,-208.84004884004884,25.982905982905983,-62.31990231990232,-32.234432234432234
63.88278388278388,384.2735042735043,-475.3113553113553,41.61172161172161,0.0,32.62515262515262,-0.9768009768009768,-13.870573870573873,0.1953601953601953,0.0,-0.9768009768009768,24.02930402930403,0.0,-0.5860805860805861,20.512820512820515,-10.744810744810744,-13.089133089133089,0.0,88.1074481074481,-45.90964590964591,-41.61172161172161,-4.102564102564102,0.0,475.7020757020757,-363.956043956044,9.963369963369964,-50.5982905982906,-41.61172161172161
49.03540903540904,120.53724053724054,-220.95238095238096,42.78388278388278,0.0,20.512820512820515,0.1953601953601953,-18.168498168498168,-7.619047619047619,0.0,0.9768009768009768,18.55921855921856,0.0,-4.102564102564102,24.42002442002442,-9.963369963369964,-18.168498168498168,0.0,86.54456654456655,-62.71062271062271,-22.075702075702075,-8.4004884004884,0.0,221.34310134310132,-99.04761904761904,3.711843711843712,-57.63125763125763,-22.075702075702075
57.24053724053724,465.5433455433456,-561.2698412698413,31.843711843711844,0.0,20.903540903540904,3.3211233211233213,-12.307692307692308,-15.433455433455434,0.0,0.9768009768009768,21.294261294261293,0.0,4.493284493284493,34.57875457875458,-6.446886446886447,-21.294261294261293,0.0,85.76312576312576,-32.62515262515262,-17.387057387057386,-23.247863247863247,0.0,561.6605616605617,-442.1001221001221,9.18192918192918,-52.94261294261294,-17.387057387057386
74.04151404151405,220.95238095238096,-315.11599511599513,28.71794871794872,0.0,29.10866910866911,6.837606837606837,-6.056166056166056,-17.387057387057386,0.0,4.884004884004884,20.903540903540904,0.0,9.963369963369964,42.002442002442,-5.274725274725275,-25.2014652014652,0.0,86.15384615384616,13.47985347985348,-43.56532356532357,-34.18803418803419,0.0,315.5067155067155,-186.95970695970692,-2.93040293040293,-13.870573870573873,-43.56532356532357
86.54456654456655,219.78021978021977,-302.6129426129426,25.592185592185597,0.0,36.92307692307692,6.446886446886447,-3.711843711843712,-8.00976800976801,0.0,6.446886446886447,25.2014652014652,0.0,3.711843711843712,45.12820512820513,-2.93040293040293,-22.857142857142858,0.0,82.24664224664225,-24.02930402930403,0.1953601953601953,-34.57875457875458,0.0,303.003663003663,-194.7741147741148,18.94993894993895,-65.83638583638583,0.1953601953601953
114.28571428571428,-3.711843711843712,-97.48473748473748,33.01587301587302,0.0,67.3992673992674,-0.5860805860805861,-11.916971916971915,-6.056166056166056,0.0,2.148962148962149,27.155067155067155,0.0,12.307692307692308,35.75091575091575,-4.493284493284493,-23.63858363858364,0.0,96.31257631257633,-11.916971916971915,-26.37362637362637,-36.14163614163614,0.0,97.87545787545788,10.354090354090356,31.45299145299145,-47.081807081807085,-26.37362637362637
115.06715506715508,217.82661782661785,-333.8705738705739,45.51892551892552,0.0,72.08791208791209,-0.1953601953601953,-17.387057387057386,-6.446886446886447,0.0,-1.7582417582417582,25.592185592185597,0.0,8.791208791208792,27.155067155067155,-8.791208791208792,-24.02930402930403,0.0,100.6105006105006,-5.274725274725275,-67.00854700854701,-22.857142857142858,0.0,334.26129426129427,-223.6874236874237,43.17460317460318,-28.32722832722833,-67.00854700854701
95.92185592185592,147.1062271062271,-256.1172161172161,37.704517704517706,0.0,61.14774114774115,-2.5396825396825395,-24.42002442002442,-5.665445665445666,0.0,-9.18192918192918,24.42002442002442,0.0,-0.5860805860805861,13.089133089133089,-14.652014652014651,-22.857142857142858,0.0,80.68376068376068,-9.18192918192918,-88.88888888888889,-7.619047619047619,0.0,256.5079365079365,-149.45054945054946,23.247863247863247,-15.824175824175825,-88.88888888888889
69.35286935286935,128.35164835164835,-229.1575091575092,36.92307692307692,0.0,43.95604395604396,-5.665445665445666,-26.764346764346765,-2.5396825396825395,0.0,-15.433455433455434,25.592185592185597,0.0,-15.433455433455434,5.274725274725275,-18.168498168498168,-18.55921855921856,0.0,67.78998778998779,-28.32722832722833,-83.02808302808303,-2.93040293040293,0.0,229.5482295482296,-130.6959706959707,40.04884004884005,-44.346764346764346,-83.02808302808303
52.94261294261294,121.7094017094017,-205.7142857142857,31.062271062271066,0.0,24.42002442002442,-2.93040293040293,-20.512820512820515,1.3675213675213675,0.0,-11.135531135531137,26.764346764346765,0.0,-23.63858363858364,17.387057387057386,-18.94993894993895,-12.698412698412698,0.0,61.14774114774115,-38.48595848595848,-65.44566544566544,3.3211233211233213,0.0,206.1050061050061,-117.4114774114774,22.466422466422465,-49.42612942612943,-65.44566544566544
50.20757020757021,-1.3675213675213675,-78.33943833943835,16.605616605616607,0.0,20.12210012210012,-9.572649572649572,-18.168498168498168,-1.3675213675213675,0.0,-9.18192918192918,21.68498168498169,0.0,-32.62515262515262,18.55921855921856,-19.34065934065934,-17.77777777777778,0.0,42.39316239316239,-83.41880341880342,-8.791208791208792,-2.5396825396825395,0.0,78.73015873015873,14.652014652014651,-5.274725274725275,-84.2002442002442,-8.791208791208792
56.84981684981685,147.49694749694748,-242.8327228327228,24.02930402930403,0.0,28.32722832722833,-17.387057387057386,-17.77777777777778,-3.711843711843712,0.0,-8.791208791208792,18.55921855921856,0.0,-25.592185592185597,20.512820512820515,-15.042735042735044,-20.903540903540904,0.0,58.41269841269841,-107.25274725274726,26.37362637362637,-20.12210012210012,0.0,243.2234432234432,-137.33821733821733,18.94993894993895,-118.97435897435898,26.37362637362637
59.975579975579976,149.05982905982907,-241.66056166056163,22.466422466422465,0.0,24.02930402930403,-18.168498168498168,-11.916971916971915,-0.5860805860805861,0.0,-10.354090354090356,16.214896214896214,0.0,-10.744810744810744,17.77777777777778,-10.744810744810744,-19.34065934065934,0.0,65.83638583638583,-51.77045177045177,-19.34065934065934,-17.77777777777778,0.0,242.05128205128204,-141.63614163614164,4.884004884004884,-49.42612942612943,-19.34065934065934
52.16117216117216,417.0940170940171,-526.4957264957264,30.28083028083028,0.0,11.916971916971915,-18.94993894993895,-8.00976800976801,-6.837606837606837,0.0,-13.47985347985348,13.47985347985348,0.0,-5.665445665445666,6.446886446886447,-7.619047619047619,-22.466422466422465,0.0,58.41269841269841,-26.764346764346765,-46.3003663003663,-16.605616605616607,0.0,526.8864468864468,-409.6703296703297,-2.93040293040293,-13.870573870573873,-46.3003663003663
44.737484737484735,24.42002442002442,-101.78266178266178,17.77777777777778,0.0,2.93040293040293,-12.307692307692308,-0.1953601953601953,-2.148962148962149,0.0,-14.652014652014651,16.605616605616607,0.0,-13.089133089133089,2.148962148962149,-4.102564102564102,-21.68498168498169,0.0,53.724053724053725,-39.65811965811966,-29.499389499389498,-22.857142857142858,0.0,102.17338217338218,-15.042735042735044,20.512820512820515,-42.39316239316239,-29.499389499389498
42.78388278388278,252.6007326007326,-322.14896214896214,29.89010989010989,0.0,0.9768009768009768,-7.228327228327228,2.148962148962149,11.135531135531137,0.0,-10.744810744810744,22.075702075702075,0.0,-24.42002442002442,6.056166056166056,-4.884004884004884,-16.996336996336996,0.0,54.89621489621489,47.081807081807085,-131.08669108669108,-12.698412698412698,0.0,322.53968253968253,-247.13064713064716,31.062271062271066,44.346764346764346,-131.08669108669108
43.95604395604396,90.45177045177046,-162.34432234432234,32.62515262515262,0.0,3.3211233211233213,-1.3675213675213675,0.1953601953601953,5.665445665445666,0.0,-8.4004884004884,24.42002442002442,0.0,-22.075702075702075,3.3211233211233213,-9.18192918192918,-23.247863247863247,0.0,52.55189255189255,23.63858363858364,-120.14652014652016,-9.18192918192918,0.0,162.73504273504273,-87.32600732600733,30.671550671550676,24.81074481074481,-120.14652014652016
47.86324786324786,203.76068376068372,-274.87179487179486,25.982905982905983,0.0,18.94993894993895,-6.056166056166056,-6.837606837606837,0.9768009768009768,0.0,-5.274725274725275,22.857142857142858,0.0,-13.47985347985348,3.3211233211233213,-15.042735042735044,-26.37362637362637,0.0,60.366300366300365,-25.592185592185597,-76.77655677655677,-10.744810744810744,0.0,275.26251526251525,-198.6813186813187,29.499389499389498,-28.32722832722833,-76.77655677655677
52.16117216117216,-58.02197802197802,-24.02930402930403,29.10866910866911,0.0,33.7973137973138,-18.55921855921856,-11.916971916971915,0.1953601953601953,0.0,-5.274725274725275,20.512820512820515,0.0,-1.3675213675213675,-2.93040293040293,-18.94993894993895,-21.294261294261293,0.0,72.47863247863248,15.824175824175825,-133.82173382173383,-1.3675213675213675,0.0,24.42002442002442,67.00854700854701,20.903540903540904,18.168498168498168,-133.82173382173383
60.757020757020754,250.25641025641025,-348.32722832722834,30.28083028083028,0.0,33.01587301587302,-24.42002442002442,-5.665445665445666,-4.493284493284493,0.0,-9.18192918192918,18.94993894993895,0.0,11.526251526251526,-4.102564102564102,-19.34065934065934,-19.34065934065934,0.0,72.47863247863248,-63.49206349206349,-43.95604395604396,1.3675213675213675,0.0,348.7179487179488,-240.0976800976801,-11.135531135531137,-52.16117216117216,-43.95604395604396
50.5982905982906,17.387057387057386,-105.68986568986568,23.247863247863247,0.0,14.652014652014651,-24.02930402930403,3.711843711843712,-5.274725274725275,0.0,-5.665445665445666,14.261294261294262,0.0,7.619047619047619,-2.5396825396825395,-15.433455433455434,-20.12210012210012,0.0,65.44566544566544,-83.80952380952381,-4.884004884004884,-9.18192918192918,0.0,106.08058608058607,1.7582417582417582,-17.387057387057386,-78.73015873015873,-4.884004884004884
57.24053724053724,9.963369963369964,-86.54456654456655,16.996336996336996,0.0,3.711843711843712,-15.042735042735044,15.433455433455434,-1.3675213675213675,0.0,0.1953601953601953,12.307692307692308,0.0,0.9768009768009768,7.228327228327228,-11.135531135531137,-15.042735042735044,0.0,69.35286935286935,-4.884004884004884,-70.13431013431014,-13.870573870573873,0.0,86.93528693528694,18.94993894993895,-8.00976800976801,-16.996336996336996,-70.13431013431014
66.61782661782662,-233.84615384615384,156.87423687423689,18.94993894993895,0.0,2.5396825396825395,-6.837606837606837,16.605616605616607,-0.9768009768009768,0.0,2.5396825396825395,11.526251526251526,0.0,-2.93040293040293,11.916971916971915,-8.791208791208792,-17.77777777777778,0.0,66.22710622710623,-34.18803418803419,-34.18803418803419,-16.605616605616607,0.0,-156.4835164835165,255.3357753357753,4.102564102564102,-54.114774114774114,-34.18803418803419
72.47863247863248,-102.95482295482296,30.671550671550676,25.592185592185597,0.0,20.512820512820515,-0.1953601953601953,10.744810744810744,-1.3675213675213675,0.0,5.665445665445666,11.526251526251526,0.0,0.1953601953601953,12.307692307692308,-5.665445665445666,-14.652014652014651,0.0,68.96214896214896,34.969474969474966,-93.57753357753356,-19.34065934065934,0.0,-30.28083028083028,113.89499389499387,22.466422466422465,15.433455433455434,-93.57753357753356
65.83638583638583,-6.446886446886447,-66.22710622710623,29.89010989010989,0.0,35.75091575091575,0.9768009768009768,-5.665445665445666,-4.493284493284493,0.0,1.7582417582417582,11.526251526251526,0.0,-2.5396825396825395,4.102564102564102,-9.572649572649572,-10.354090354090356,0.0,72.08791208791209,16.996336996336996,-97.87545787545788,-11.526251526251526,0.0,66.61782661782662,10.354090354090356,42.002442002442,2.93040293040293,-97.87545787545788
61.53846153846154,-23.63858363858364,-54.5054945054945,27.545787545787547,0.0,34.18803418803419,-1.3675213675213675,-12.307692307692308,-6.056166056166056,0.0,-4.102564102564102,18.94993894993895,0.0,0.9768009768009768,-3.711843711843712,-10.354090354090356,-4.884004884004884,0.0,70.52503052503053,-48.25396825396825,-33.01587301587302,-9.18192918192918,0.0,54.89621489621489,27.936507936507937,29.89010989010989,-59.1941391941392,-33.01587301587302
67.00854700854701,-59.58485958485959,-22.075702075702075,27.155067155067155,0.0,27.155067155067155,-2.148962148962149,-4.102564102564102,-4.884004884004884,0.0,-7.619047619047619,27.155067155067155,0.0,4.102564102564102,-4.102564102564102,-11.916971916971915,-2.5396825396825395,0.0,69.74358974358974,38.87667887667888,-118.5836385836386,-5.665445665445666,0.0,22.466422466422465,69.74358974358974,1.7582417582417582,38.87667887667888,-118.5836385836386
45.51892551892552,-204.15140415140417,133.43101343101344,18.94993894993895,0.0,0.9768009768009768,0.1953601953601953,0.1953601953601953,-4.493284493284493,0.0,-8.4004884004884,29.499389499389498,0.0,-6.446886446886447,-2.148962148962149,-15.824175824175825,-7.619047619047619,0.0,57.24053724053724,-54.89621489621489,-33.01587301587302,-3.711843711843712,0.0,-133.04029304029305,222.12454212454213,-1.7582417582417582,-53.333333333333336,-33.01587301587302
49.03540903540904,49.81684981684982,-103.34554334554336,-4.884004884004884,0.0,-9.963369963369964,0.9768009768009768,11.135531135531137,-9.18192918192918,0.0,-2.93040293040293,30.28083028083028,0.0,-9.572649572649572,2.93040293040293,-15.042735042735044,-3.3211233211233213,0.0,54.5054945054945,-81.07448107448107,3.3211233211233213,-4.102564102564102,0.0,103.73626373626374,-19.73137973137973,-17.387057387057386,-83.41880341880342,3.3211233211233213
49.03540903540904,15.824175824175825,-40.04884004884005,-15.042735042735044,0.0,-15.433455433455434,2.5396825396825395,22.857142857142858,0.9768009768009768,0.0,6.837606837606837,28.32722832722833,0.0,-18.94993894993895,9.18192918192918,-13.47985347985348,0.1953601953601953,0.0,50.20757020757021,-8.4004884004884,-62.71062271062271,-2.148962148962149,0.0,40.43956043956044,5.274725274725275,-7.619047619047619,-7.228327228327228,-62.71062271062271
45.90964590964591,314.72527472527474,-334.65201465201466,-0.1953601953601953,0.0,-16.214896214896214,9.963369963369964,23.247863247863247,9.963369963369964,0.0,20.903540903540904,20.903540903540904,0.0,-27.155067155067155,12.698412698412698,-12.698412698412698,3.3211233211233213,0.0,46.3003663003663,12.307692307692308,-82.24664224664225,-1.7582417582417582,0.0,335.04273504273505,-297.1428571428572,3.711843711843712,18.168498168498168,-82.24664224664225
42.39316239316239,-1.3675213675213675,-18.94993894993895,-2.5396825396825395,0.0,-21.294261294261293,9.963369963369964,19.73137973137973,11.526251526251526,0.0,20.903540903540904,14.652014652014651,0.0,-16.214896214896214,11.135531135531137,-13.870573870573873,6.056166056166056,0.0,58.41269841269841,-23.247863247863247,-41.61172161172161,-6.056166056166056,0.0,19.34065934065934,15.824175824175825,8.791208791208792,-23.63858363858364,-41.61172161172161
57.24053724053724,234.23687423687423,-278.77899877899875,10.744810744810744,0.0,-9.963369963369964,6.446886446886447,11.526251526251526,17.77777777777778,0.0,14.261294261294262,13.47985347985348,0.0,-2.5396825396825395,8.791208791208792,-17.387057387057386,9.572649572649572,0.0,61.14774114774115,11.526251526251526,-74.04151404151405,-0.9768009768009768,0.0,279.16971916971914,-233.84615384615384,-7.619047619047619,18.168498168498168,-74.04151404151405
57.63125763125763,-26.764346764346765,-36.92307692307692,22.857142857142858,0.0,-4.493284493284493,3.3211233211233213,6.837606837606837,13.089133089133089,0.0,6.056166056166056,9.963369963369964,0.0,9.963369963369964,4.493284493284493,-22.466422466422465,1.3675213675213675,0.0,67.3992673992674,25.982905982905983,-97.87545787545788,-1.7582417582417582,0.0,37.31379731379732,24.02930402930403,-5.665445665445666,30.28083028083028,-97.87545787545788
63.49206349206349,86.15384615384616,-162.73504273504273,26.764346764346765,0.0,10.744810744810744,0.9768009768009768,-0.5860805860805861,4.884004884004884,0.0,3.3211233211233213,11.526251526251526,0.0,6.837606837606837,2.5396825396825395,-23.247863247863247,-4.102564102564102,0.0,68.96214896214896,-97.87545787545788,15.433455433455434,-5.665445665445666,0.0,163.12576312576311,-72.08791208791209,-4.884004884004884,-106.86202686202688,15.433455433455434
52.55189255189255,-138.5103785103785,72.08791208791209,25.982905982905983,0.0,9.572649572649572,0.5860805860805861,0.1953601953601953,5.665445665445666,0.0,7.228327228327228,19.34065934065934,0.0,-6.056166056166056,6.446886446886447,-15.433455433455434,3.711843711843712,0.0,63.10134310134311,-43.56532356532357,-26.37362637362637,-3.711843711843712,0.0,-71.6971916971917,159.21855921855922,-2.5396825396825395,-57.63125763125763,-26.37362637362637
43.17460317460318,35.36019536019536,-82.24664224664225,31.843711843711844,0.0,1.3675213675213675,7.619047619047619,8.00976800976801,12.698412698412698,0.0,19.73137973137973,25.982905982905983,0.0,-22.857142857142858,13.089133089133089,-7.619047619047619,9.18192918192918,0.0,64.66422466422466,27.936507936507937,-104.9084249084249,2.148962148962149,0.0,82.63736263736264,-6.056166056166056,13.089133089133089,16.605616605616607,-104.9084249084249
38.48595848595848,-53.724053724053725,22.075702075702075,42.78388278388278,0.0,-6.837606837606837,14.261294261294262,21.68498168498169,22.466422466422465,0.0,34.57875457875458,32.62515262515262,0.0,-29.499389499389498,22.075702075702075,-0.5860805860805861,13.870573870573873,0.0,63.49206349206349,-47.472527472527474,-14.261294261294262,3.711843711843712,0.0,-21.68498168498169,86.15384615384616,19.73137973137973,-56.45909645909646,-14.261294261294262
34.18803418803419,-23.63858363858364,-23.63858363858364,54.5054945054945,0.0,-22.075702075702075,8.4004884004884,24.81074481074481,32.234432234432234,0.0,39.65811965811966,31.062271062271066,0.0,-27.155067155067155,29.499389499389498,0.1953601953601953,20.903540903540904,0.0,65.05494505494505,76.77655677655677,-127.57020757020756,8.00976800976801,0.0,24.02930402930403,44.737484737484735,12.698412698412698,75.995115995116,-127.57020757020756
51.37973137973138,-249.47496947496947,199.85347985347985,48.25396825396825,0.0,-6.837606837606837,1.3675213675213675,23.63858363858364,34.18803418803419,0.0,36.53235653235653,19.73137973137973,0.0,-13.870573870573873,32.234432234432234,-8.00976800976801,13.47985347985348,0.0,72.08791208791209,-3.3211233211233213,-52.94261294261294,7.619047619047619,0.0,-199.46275946275944,254.16361416361417,26.37362637362637,-4.884004884004884,-52.94261294261294
59.975579975579976,-294.017094017094,227.5946275946276,55.28693528693529,0.0,15.042735042735044,-7.619047619047619,15.824175824175825,27.936507936507937,0.0,24.81074481074481,6.056166056166056,0.0,-4.884004884004884,29.89010989010989,-18.168498168498168,-1.3675213675213675,0.0,74.04151404151405,-0.5860805860805861,-63.88278388278388,-3.3211233211233213,0.0,-227.2039072039072,284.24908424908426,45.90964590964591,-1.7582417582417582,-63.88278388278388
64.66422466422466,-106.47130647130648,27.545787545787547,53.724053724053725,0.0,30.28083028083028,-16.605616605616607,2.5396825396825395,25.982905982905983,0.0,15.824175824175825,-0.5860805860805861,0.0,-6.056166056166056,25.592185592185597,-20.903540903540904,-4.102564102564102,0.0,69.74358974358974,-0.1953601953601953,-60.757020757020754,-15.433455433455434,0.0,-27.155067155067155,101.3919413919414,62.31990231990232,-22.857142857142858,-60.757020757020754
71.6971916971917,-68.18070818070818,12.307692307692308,35.36019536019536,0.0,43.95604395604396,-14.261294261294262,-2.148962148962149,27.155067155067155,0.0,13.089133089133089,2.148962148962149,0.0,-7.619047619047619,24.42002442002442,-17.77777777777778,0.1953601953601953,0.0,69.35286935286935,-4.493284493284493,-55.67765567765568,-10.354090354090356,0.0,-11.916971916971915,66.61782661782662,66.61782661782662,-33.7973137973138,-55.67765567765568
43.95604395604396,-50.5982905982906,17.77777777777778,39.65811965811966,0.0,34.969474969474966,-9.572649572649572,1.3675213675213675,25.982905982905983,0.0,13.47985347985348,11.526251526251526,0.0,-11.526251526251526,21.68498168498169,-11.135531135531137,3.3211233211233213,0.0,64.27350427350427,-22.075702075702075,-34.18803418803419,-5.274725274725275,0.0,-17.387057387057386,61.53846153846154,72.08791208791209,-52.94261294261294,-34.18803418803419
23.247863247863247,-158.82783882783883,132.64957264957266,43.17460317460318,0.0,15.433455433455434,-10.354090354090356,9.572649572649572,27.936507936507937,0.0,14.261294261294262,17.387057387057386,0.0,-15.433455433455434,14.652014652014651,-5.665445665445666,9.572649572649572,0.0,50.20757020757021,-8.00976800976801,-42.002442002442,1.7582417582417582,0.0,-132.25885225885227,185.3968253968254,42.39316239316239,-29.89010989010989,-42.002442002442
21.294261294261293,89.67032967032966,-111.15995115995116,42.002442002442,0.0,4.102564102564102,-9.572649572649572,17.77777777777778,31.843711843711844,0.0,16.214896214896214,22.466422466422465,0.0,-16.214896214896214,10.354090354090356,-4.102564102564102,13.47985347985348,0.0,45.12820512820513,2.93040293040293,-56.84981684981685,11.526251526251526,0.0,111.55067155067157,-65.05494505494505,22.466422466422465,-2.5396825396825395,-56.84981684981685
24.81074481074481,-213.13797313797315,182.27106227106228,42.78388278388278,0.0,9.572649572649572,-11.135531135531137,16.996336996336996,24.02930402930403,0.0,16.214896214896214,16.996336996336996,0.0,-15.824175824175825,8.791208791208792,-9.18192918192918,6.446886446886447,0.0,49.03540903540904,24.81074481074481,-99.43833943833944,13.870573870573873,0.0,-181.8803418803419,231.11111111111111,18.168498168498168,38.87667887667888,-99.43833943833944
31.062271062271066,-397.5579975579976,340.9035409035409,44.346764346764346,0.0,6.837606837606837,-15.042735042735044,14.261294261294262,15.433455433455434,0.0,15.433455433455434,7.228327228327228,0.0,-9.963369963369964,8.00976800976801,-15.042735042735044,-4.493284493284493,0.0,51.37973137973138,-7.228327228327228,-72.08791208791209,4.102564102564102,0.0,-340.5128205128205,410.45177045177047,0.1953601953601953,26.764346764346765,-72.08791208791209
37.31379731379732,-186.56898656898656,126.7887667887668,50.20757020757021,0.0,9.572649572649572,-13.870573870573873,17.387057387057386,17.387057387057386,0.0,18.94993894993895,8.791208791208792,0.0,-2.5396825396825395,9.572649572649572,-14.261294261294262,-5.274725274725275,0.0,55.67765567765568,-72.47863247863248,6.056166056166056,-3.3211233211233213,0.0,-126.3980463980464,195.16483516483515,7.619047619047619,-43.17460317460318,6.056166056166056
25.2014652014652,-63.49206349206349,30.671550671550676,45.90964590964591,0.0,9.963369963369964,-4.884004884004884,21.294261294261293,13.870573870573873,0.0,22.857142857142858,9.963369963369964,0.0,6.446886446886447,16.996336996336996,-9.963369963369964,-10.354090354090356,0.0,59.1941391941392,-52.94261294261294,6.446886446886447,-10.354090354090356,0.0,-30.28083028083028,72.47863247863248,35.36019536019536,-39.65811965811966,6.446886446886447
4.102564102564102,-124.83516483516485,109.2063492063492,35.36019536019536,0.0,-4.884004884004884,-2.148962148962149,22.075702075702075,9.963369963369964,0.0,18.55921855921856,8.00976800976801,0.0,11.916971916971915,19.73137973137973,-5.665445665445666,-11.135531135531137,0.0,51.77045177045177,-74.43223443223444,47.081807081807085,-9.963369963369964,0.0,-108.8156288156288,143.98046398046398,23.63858363858364,-68.96214896214896,47.081807081807085
-12.307692307692308,158.82783882783883,-154.13919413919413,34.969474969474966,0.0,-18.55921855921856,-4.884004884004884,31.843711843711844,21.294261294261293,0.0,13.870573870573873,11.526251526251526,0.0,2.93040293040293,20.512820512820515,-0.9768009768009768,-4.102564102564102,0.0,40.83028083028083,-8.00976800976801,-13.870573870573873,-0.9768009768009768,0.0,154.52991452991452,-135.77533577533578,25.982905982905983,-9.18192918192918,-13.870573870573873
-6.446886446886447,-168.5958485958486,165.86080586080587,23.63858363858364,0.0,-9.963369963369964,-10.354090354090356,13.870573870573873,22.075702075702075,0.0,2.93040293040293,8.791208791208792,0.0,-5.665445665445666,16.605616605616607,-4.884004884004884,-1.3675213675213675,0.0,43.95604395604396,97.09401709401708,-150.23199023199024,11.526251526251526,0.0,-165.47008547008548,171.33089133089132,31.062271062271066,110.76923076923076,-150.23199023199024
0.5860805860805861,-487.032967032967,463.5897435897436,25.2014652014652,0.0,13.47985347985348,-15.824175824175825,-4.884004884004884,11.526251526251526,0.0,-6.837606837606837,7.228327228327228,0.0,-7.228327228327228,9.18192918192918,-10.354090354090356,-3.3211233211233213,0.0,49.81684981684982,20.903540903540904,-103.73626373626374,17.77777777777778,0.0,-463.1990231990232,492.8937728937729,16.214896214896214,52.94261294261294,-103.73626373626374
13.47985347985348,-199.85347985347985,160.0,45.51892551892552,0.0,33.40659340659341,-19.34065934065934,-4.493284493284493,11.916971916971915,0.0,-10.354090354090356,9.963369963369964,0.0,-6.056166056166056,-0.1953601953601953,-14.261294261294262,-4.493284493284493,0.0,57.24053724053724,-17.77777777777778,-77.55799755799755,9.18192918192918,0.0,-159.6092796092796,201.02564102564105,33.7973137973138,18.55921855921856,-77.55799755799755
15.433455433455434,-70.91575091575092,43.17460317460318,52.55189255189255,0.0,25.592185592185597,-8.00976800976801,5.665445665445666,16.996336996336996,0.0,-5.665445665445666,13.47985347985348,0.0,0.5860805860805861,-3.711843711843712,-16.996336996336996,-4.102564102564102,0.0,59.1941391941392,-63.10134310134311,-28.71794871794872,6.056166056166056,0.0,-42.78388278388278,82.63736263736264,31.45299145299145,-24.42002442002442,-28.71794871794872
28.71794871794872,-309.6459096459096,283.0769230769231,43.17460317460318,0.0,14.652014652014651,4.102564102564102,17.77777777777778,9.572649572649572,0.0,0.9768009768009768,11.526251526251526,0.0,6.837606837606837,-1.7582417582417582,-16.605616605616607,-9.572649572649572,0.0,51.77045177045177,-80.68376068376068,9.18192918192918,-3.3211233211233213,0.0,-282.6862026862027,322.9304029304029,16.214896214896214,-44.346764346764346,9.18192918192918
30.671550671550676,-226.8131868131868,223.2967032967033,30.671550671550676,0.0,-4.884004884004884,9.963369963369964,38.48595848595848,15.042735042735044,0.0,10.744810744810744,10.744810744810744,0.0,1.3675213675213675,16.214896214896214,-14.261294261294262,-6.446886446886447,0.0,49.03540903540904,-47.081807081807085,0.5860805860805861,-6.837606837606837,0.0,-222.9059829059829,240.0976800976801,7.228327228327228,-10.354090354090356,0.5860805860805861
35.36019536019536,16.605616605616607,-14.652014652014651,24.81074481074481,0.0,0.1953601953601953,13.089133089133089,35.36019536019536,15.042735042735044,0.0,16.996336996336996,12.307692307692308,0.0,5.665445665445666,28.71794871794872,-15.042735042735044,-9.963369963369964,0.0,45.51892551892552,0.1953601953601953,-34.57875457875458,-2.5396825396825395,0.0,15.042735042735044,-2.148962148962149,-7.228327228327228,36.14163614163614,-34.57875457875458
36.53235653235653,-212.7472527472528,208.0586080586081,21.68498168498169,0.0,31.843711843711844,12.307692307692308,10.744810744810744,-0.1953601953601953,0.0,20.512820512820515,13.089133089133089,0.0,8.4004884004884,33.40659340659341,-15.042735042735044,-14.261294261294262,0.0,33.40659340659341,20.12210012210012,-33.40659340659341,-8.4004884004884,0.0,-207.66788766788767,215.87301587301587,1.7582417582417582,45.51892551892552,-33.40659340659341
42.78388278388278,-464.3711843711844,467.1062271062271,29.499389499389498,0.0,66.61782661782662,8.00976800976801,6.056166056166056,-4.493284493284493,0.0,18.55921855921856,15.042735042735044,0.0,9.963369963369964,33.7973137973138,-15.433455433455434,-15.433455433455434,0.0,38.095238095238095,48.64468864468864,-60.757020757020754,-14.261294261294262,0.0,-466.7155067155067,473.74847374847377,29.10866910866911,56.06837606837607,-60.757020757020754
40.83028083028083,-152.57631257631255,159.6092796092796,32.234432234432234,0.0,69.35286935286935,9.18192918192918,7.619047619047619,-5.274725274725275,0.0,14.261294261294262,17.77777777777778,0.0,2.5396825396825395,28.71794871794872,-16.605616605616607,-14.261294261294262,0.0,43.95604395604396,30.28083028083028,-58.02197802197802,-16.996336996336996,0.0,-159.21855921855922,177.97313797313797,35.36019536019536,34.57875457875458,-58.02197802197802
6.056166056166056,-108.42490842490842,119.36507936507935,28.32722832722833,0.0,34.57875457875458,8.00976800976801,7.619047619047619,-3.3211233211233213,0.0,5.665445665445666,13.089133089133089,0.0,-6.837606837606837,17.387057387057386,-17.387057387057386,-11.526251526251526,0.0,35.75091575091575,1.3675213675213675,-41.61172161172161,-16.214896214896214,0.0,-118.97435897435898,128.74236874236874,19.73137973137973,32.62515262515262,-41.61172161172161
3.3211233211233213,-189.6947496947497,171.33089133089132,31.062271062271066,0.0,-1.3675213675213675,7.619047619047619,15.042735042735044,-4.493284493284493,0.0,-1.3675213675213675,4.493284493284493,0.0,-10.354090354090356,16.996336996336996,-22.857142857142858,-12.698412698412698,0.0,56.06837606837607,27.936507936507937,-98.26617826617829,-17.387057387057386,0.0,-170.94017094017093,201.02564102564105,15.433455433455434,77.94871794871794,-98.26617826617829
5.274725274725275,-47.081807081807085,40.43956043956044,31.45299145299145,0.0,-6.446886446886447,15.433455433455434,19.73137973137973,2.5396825396825395,0.0,5.665445665445666,6.446886446886447,0.0,2.5396825396825395,31.062271062271066,-18.94993894993895,-13.47985347985348,0.0,67.78998778998779,-50.989010989010985,-9.572649572649572,-7.228327228327228,0.0,-40.04884004884005,67.00854700854701,-3.3211233211233213,-4.102564102564102,-9.572649572649572
4.102564102564102,-96.31257631257633,74.82295482295483,42.78388278388278,0.0,-3.711843711843712,14.652014652014651,13.870573870573873,1.3675213675213675,0.0,12.698412698412698,2.93040293040293,0.0,20.903540903540904,29.89010989010989,-17.387057387057386,-20.12210012210012,0.0,58.41269841269841,-57.63125763125763,20.512820512820515,-8.791208791208792,0.0,-74.43223443223444,108.42490842490842,-2.93040293040293,-25.592185592185597,20.512820512820515
34.969474969474966,-300.2686202686203,274.87179487179486,38.87667887667888,0.0,21.68498168498169,12.698412698412698,13.47985347985348,1.3675213675213675,0.0,15.824175824175825,4.884004884004884,0.0,34.57875457875458,26.764346764346765,-12.698412698412698,-19.73137973137973,0.0,43.17460317460318,33.01587301587302,-39.26739926739927,-9.18192918192918,0.0,-274.4810744810745,298.31501831501834,-0.5860805860805861,38.87667887667888,-39.26739926739927
53.724053724053725,-119.36507936507935,125.6166056166056,27.155067155067155,0.0,49.42612942612943,15.824175824175825,18.168498168498168,3.711843711843712,0.0,18.94993894993895,11.135531135531137,0.0,39.26739926739927,28.32722832722833,-8.00976800976801,-16.996336996336996,0.0,36.92307692307692,38.87667887667888,-30.28083028083028,-4.493284493284493,0.0,-125.22588522588522,133.04029304029305,-8.4004884004884,34.969474969474966,-30.28083028083028
45.90964590964591,135.3846153846154,-121.31868131868131,27.545787545787547,0.0,55.28693528693529,7.228327228327228,18.94993894993895,5.274725274725275,0.0,17.77777777777778,8.791208791208792,0.0,20.12210012210012,33.40659340659341,-9.572649572649572,-14.652014652014651,0.0,28.71794871794872,12.307692307692308,-0.1953601953601953,-11.916971916971915,0.0,121.7094017094017,-117.02075702075702,-3.711843711843712,12.307692307692308,-0.1953601953601953
46.69108669108669,-138.1196581196581,140.46398046398048,22.075702075702075,0.0,63.49206349206349,2.93040293040293,9.572649572649572,-3.3211233211233213,0.0,20.512820512820515,0.9768009768009768,0.0,31.45299145299145,31.45299145299145,-18.55921855921856,-15.433455433455434,0.0,28.71794871794872,21.294261294261293,-15.042735042735044,-7.228327228327228,0.0,-140.0732600732601,154.52991452991452,-24.02930402930403,31.843711843711844,-15.042735042735044
32.62515262515262,-235.018315018315,260.02442002442,8.4004884004884,0.0,54.5054945054945,9.963369963369964,10.744810744810744,-9.18192918192918,0.0,25.592185592185597,-5.274725274725275,0.0,36.53235653235653,39.26739926739927,-23.63858363858364,-21.68498168498169,0.0,34.969474969474966,-26.37362637362637,29.499389499389498,-8.4004884004884,0.0,-259.6336996336996,260.8058608058608,-36.53235653235653,-2.93040293040293,29.499389499389498
41.22100122100122,-3.3211233211233213,15.042735042735044,14.652014652014651,0.0,52.94261294261294,7.619047619047619,13.47985347985348,-4.884004884004884,0.0,28.71794871794872,-13.870573870573873,0.0,45.51892551892552,34.57875457875458,-25.592185592185597,-22.466422466422465,0.0,35.36019536019536,-24.02930402930403,28.71794871794872,-8.4004884004884,0.0,-14.652014652014651,27.155067155067155,-30.28083028083028,-17.387057387057386,28.71794871794872
57.24053724053724,-60.366300366300365,47.86324786324786,13.870573870573873,0.0,58.8034188034188,-4.884004884004884,7.228327228327228,-0.5860805860805861,0.0,24.81074481074481,-22.075702075702075,0.0,45.51892551892552,26.37362637362637,-23.63858363858364,-20.512820512820515,0.0,34.969474969474966,29.10866910866911,-28.32722832722833,-8.791208791208792,0.0,-47.472527472527474,65.83638583638583,-35.75091575091575,40.83028083028083,-28.32722832722833
54.89621489621489,-319.023199023199,303.7851037851038,9.572649572649572,0.0,64.27350427350427,-2.93040293040293,-6.446886446886447,-2.148962148962149,0.0,22.466422466422465,-25.982905982905983,0.0,40.04884004884005,20.512820512820515,-20.12210012210012,-20.12210012210012,0.0,38.48595848595848,154.13919413919413,-165.86080586080587,-6.446886446886447,0.0,-303.3943833943834,317.85103785103786,-38.48595848595848,183.44322344322345,-165.86080586080587
68.57142857142857,-111.55067155067157,79.51159951159951,21.294261294261293,0.0,74.04151404151405,0.1953601953601953,-9.572649572649572,-4.493284493284493,0.0,22.075702075702075,-25.2014652014652,0.0,35.75091575091575,29.499389499389498,-18.94993894993895,-24.42002442002442,0.0,53.333333333333336,68.96214896214896,-86.54456654456655,-15.042735042735044,0.0,-79.12087912087912,111.94139194139194,-31.45299145299145,98.26617826617829,-86.54456654456655
45.51892551892552,163.9072039072039,-197.50915750915752,32.234432234432234,0.0,56.45909645909646,1.3675213675213675,-6.056166056166056,-5.665445665445666,0.0,24.02930402930403,-19.73137973137973,0.0,41.61172161172161,34.57875457875458,-20.12210012210012,-18.94993894993895,0.0,63.49206349206349,11.526251526251526,-25.982905982905983,-11.916971916971915,0.0,197.8998778998779,-159.21855921855922,-25.2014652014652,42.002442002442,-25.982905982905983
22.075702075702075,16.214896214896214,-27.155067155067155,27.545787545787547,0.0,29.10866910866911,17.387057387057386,-0.5860805860805861,-4.884004884004884,0.0,30.671550671550676,-13.870573870573873,0.0,43.95604395604396,27.155067155067155,-20.12210012210012,-14.652014652014651,0.0,36.14163614163614,-9.963369963369964,18.55921855921856,-8.791208791208792,0.0,27.545787545787547,-6.446886446886447,-33.7973137973138,12.698412698412698,18.55921855921856
34.18803418803419,113.11355311355312,-104.9084249084249,9.18192918192918,0.0,39.65811965811966,20.12210012210012,1.7582417582417582,-9.18192918192918,0.0,28.71794871794872,-10.744810744810744,0.0,40.04884004884005,23.63858363858364,-20.903540903540904,-18.94993894993895,0.0,17.77777777777778,-10.354090354090356,29.89010989010989,-14.652014652014651,0.0,105.2991452991453,-86.93528693528694,-38.87667887667888,-11.526251526251526,29.89010989010989
30.28083028083028,133.82173382173383,-109.2063492063492,-0.1953601953601953,0.0,42.78388278388278,11.135531135531137,4.102564102564102,-3.711843711843712,0.0,20.903540903540904,-7.228327228327228,0.0,43.17460317460318,6.056166056166056,-18.94993894993895,-9.18192918192918,0.0,11.135531135531137,63.10134310134311,-45.12820512820513,-8.4004884004884,0.0,109.5970695970696,-102.56410256410255,-34.57875457875458,56.45909645909646,-45.12820512820513
31.45299145299145,378.8034188034188,-321.7582417582417,-23.247863247863247,0.0,44.346764346764346,19.73137973137973,-4.102564102564102,5.665445665445666,0.0,16.605616605616607,-4.884004884004884,0.0,16.996336996336996,-0.5860805860805861,-15.042735042735044,-7.228327228327228,0.0,0.1953601953601953,45.51892551892552,-42.78388278388278,-10.354090354090356,0.0,322.14896214896214,-375.28693528693526,-9.18192918192918,54.89621489621489,-42.78388278388278
47.081807081807085,71.30647130647131,-42.78388278388278,-11.526251526251526,0.0,70.91575091575092,9.18192918192918,-15.824175824175825,0.5860805860805861,0.0,14.261294261294262,-8.00976800976801,0.0,13.47985347985348,7.228327228327228,-18.55921855921856,-17.77777777777778,0.0,11.135531135531137,88.1074481074481,-102.17338217338218,-13.870573870573873,0.0,43.17460317460318,-70.52503052503053,-21.294261294261293,115.06715506715508,-102.17338217338218
34.969474969474966,315.8974358974359,-272.9181929181929,-36.92307692307692,0.0,51.37973137973138,7.228327228327228,0.1953601953601953,-17.77777777777778,0.0,11.135531135531137,-4.102564102564102,0.0,29.499389499389498,9.963369963369964,-19.73137973137973,-30.671550671550676,0.0,43.17460317460318,-6.837606837606837,-20.903540903540904,-27.155067155067155,0.0,273.3089133089133,-312.7716727716728,-3.3211233211233213,18.94993894993895,-20.903540903540904
30.28083028083028,32.234432234432234,-6.056166056166056,0.5860805860805861,0.0,36.14163614163614,12.307692307692308,6.056166056166056,2.5396825396825395,0.0,6.056166056166056,6.446886446886447,0.0,9.963369963369964,24.81074481074481,-16.605616605616607,-21.68498168498169,0.0,42.002442002442,-86.54456654456655,59.58485958485959,-19.73137973137973,0.0,6.446886446886447,-42.78388278388278,-1.3675213675213675,-53.333333333333336,59.58485958485959
24.02930402930403,-109.2063492063492,113.11355311355312,11.916971916971915,0.0,31.843711843711844,16.214896214896214,0.1953601953601953,-8.00976800976801,0.0,0.9768009768009768,7.228327228327228,0.0,23.63858363858364,0.1953601953601953,-12.307692307692308,-21.294261294261293,0.0,33.01587301587302,7.228327228327228,-25.2014652014652,-25.592185592185597,0.0,-112.72283272283272,85.37240537240537,16.996336996336996,31.062271062271066,-25.2014652014652
25.592185592185597,-49.42612942612943,67.3992673992674,-10.354090354090356,0.0,37.704517704517706,20.903540903540904,-2.5396825396825395,-22.857142857142858,0.0,-5.274725274725275,7.619047619047619,0.0,33.7973137973138,-0.1953601953601953,-8.791208791208792,-21.294261294261293,0.0,40.04884004884005,-8.00976800976801,0.5860805860805861,-29.499389499389498,0.0,-67.00854700854701,25.592185592185597,15.042735042735044,7.619047619047619,0.5860805860805861
12.307692307692308,111.15995115995116,-98.26617826617829,19.73137973137973,0.0,20.512820512820515,39.65811965811966,-0.5860805860805861,-14.261294261294262,0.0,-5.665445665445666,13.47985347985348,0.0,54.89621489621489,-13.089133089133089,-1.7582417582417582,6.446886446886447,0.0,40.04884004884005,39.65811965811966,-24.81074481074481,-9.572649572649572,0.0,98.65689865689866,-139.29181929181928,31.45299145299145,44.737484737484735,-24.81074481074481
10.744810744810744,-116.23931623931624,177.1916971916972,11.916971916971915,0.0,48.25396825396825,33.01587301587302,8.00976800976801,-4.493284493284493,0.0,0.9768009768009768,14.261294261294262,0.0,67.00854700854701,-18.94993894993895,-1.3675213675213675,10.354090354090356,0.0,20.12210012210012,83.41880341880342,-43.95604395604396,-2.93040293040293,0.0,-176.8009768009768,90.06105006105007,32.62515262515262,78.33943833943835,-43.95604395604396
27.545787545787547,-203.36996336996336,268.62026862026863,11.916971916971915,0.0,74.43223443223444,15.433455433455434,20.12210012210012,-5.274725274725275,0.0,2.93040293040293,14.261294261294262,0.0,59.58485958485959,4.884004884004884,-2.148962148962149,11.526251526251526,0.0,25.2014652014652,70.13431013431014,-22.075702075702075,-0.5860805860805861,0.0,-268.22954822954824,202.97924297924297,15.042735042735044,56.45909645909646,-22.075702075702075
21.68498168498169,67.78998778998779,2.148962148962149,8.791208791208792,0.0,75.21367521367522,7.619047619047619,19.73137973137973,-2.5396825396825395,0.0,0.1953601953601953,16.996336996336996,0.0,63.49206349206349,6.446886446886447,-2.5396825396825395,10.744810744810744,0.0,43.17460317460318,0.1953601953601953,34.57875457875458,-0.1953601953601953,0.0,-1.7582417582417582,-62.31990231990232,35.75091575091575,-25.982905982905983,34.57875457875458
12.698412698412698,-34.18803418803419,115.06715506715508,11.526251526251526,0.0,68.96214896214896,11.916971916971915,14.652014652014651,9.18192918192918,0.0,-0.1953601953601953,22.857142857142858,0.0,34.969474969474966,13.089133089133089,1.3675213675213675,11.135531135531137,0.0,31.45299145299145,89.27960927960928,-57.24053724053724,-2.93040293040293,0.0,-114.67643467643468,36.92307692307692,44.737484737484735,61.53846153846154,-57.24053724053724
1.7582417582417582,-292.06349206349205,381.1477411477412,-0.9768009768009768,0.0,40.83028083028083,22.466422466422465,14.261294261294262,9.18192918192918,0.0,-3.711843711843712,25.982905982905983,0.0,-0.5860805860805861,18.55921855921856,1.3675213675213675,16.996336996336996,0.0,20.512820512820515,39.26739926739927,-22.466422466422465,-1.3675213675213675,0.0,-380.7570207570208,292.06349206349205,49.42612942612943,29.499389499389498,-22.466422466422465
6.837606837606837,-113.89499389499387,204.15140415140417,-6.056166056166056,0.0,53.724053724053725,17.387057387057386,5.665445665445666,12.307692307692308,0.0,-2.5396825396825395,25.982905982905983,0.0,9.963369963369964,16.214896214896214,1.7582417582417582,26.764346764346765,0.0,33.7973137973138,-36.92307692307692,54.114774114774114,3.3211233211233213,0.0,-203.76068376068372,95.53113553113552,68.96214896214896,-48.25396825396825,54.114774114774114
38.87667887667888,61.53846153846154,26.37362637362637,11.135531135531137,0.0,104.51770451770452,8.4004884004884,5.274725274725275,19.73137973137973,0.0,-0.5860805860805861,28.71794871794872,0.0,19.34065934065934,12.698412698412698,0.1953601953601953,36.53235653235653,0.0,24.02930402930403,64.27350427350427,-33.7973137973138,13.47985347985348,0.0,-25.982905982905983,-82.63736263736264,63.10134310134311,55.67765567765568,-33.7973137973138
27.936507936507937,-62.31990231990232,141.24542124542126,25.592185592185597,0.0,116.23931623931624,-4.493284493284493,4.884004884004884,15.433455433455434,0.0,-6.837606837606837,24.02930402930403,0.0,22.466422466422465,6.446886446886447,-2.93040293040293,33.40659340659341,0.0,26.764346764346765,-16.996336996336996,46.69108669108669,2.148962148962149,0.0,-140.85470085470087,34.18803418803419,94.74969474969475,-24.42002442002442,46.69108669108669
6.056166056166056,-155.3113553113553,198.2905982905983,37.704517704517706,0.0,97.09401709401708,-16.605616605616607,0.5860805860805861,5.274725274725275,0.0,-12.307692307692308,14.652014652014651,0.0,32.62515262515262,-9.18192918192918,-1.3675213675213675,28.71794871794872,0.0,34.18803418803419,-65.44566544566544,87.32600732600733,-6.446886446886447,0.0,-197.8998778998779,128.35164835164835,99.43833943833944,-66.61782661782662,87.32600732600733
6.446886446886447,-154.52991452991452,186.56898656898656,31.843711843711844,0.0,82.63736263736264,-15.042735042735044,3.711843711843712,-0.9768009768009768,0.0,-12.307692307692308,5.274725274725275,0.0,39.65811965811966,-15.824175824175825,-1.7582417582417582,17.77777777777778,0.0,32.234432234432234,44.346764346764346,-16.214896214896214,-21.294261294261293,0.0,-186.17826617826617,145.93406593406593,89.27960927960928,28.71794871794872,-16.214896214896214
-10.354090354090356,-297.5335775335776,333.0891330891331,27.545787545787547,0.0,38.48595848595848,-2.148962148962149,12.307692307692308,3.711843711843712,0.0,-9.572649572649572,-0.1953601953601953,0.0,16.996336996336996,-24.81074481074481,-3.711843711843712,15.824175824175825,0.0,6.837606837606837,108.42490842490842,-92.4053724053724,-19.34065934065934,0.0,-332.6984126984127,280.7326007326008,96.31257631257633,104.9084249084249,-92.4053724053724
-0.9768009768009768,-116.23931623931624,168.5958485958486,11.135531135531137,0.0,20.903540903540904,8.4004884004884,18.94993894993895,11.916971916971915,0.0,-0.1953601953601953,-5.274725274725275,0.0,24.42002442002442,-24.81074481074481,-5.274725274725275,16.605616605616607,0.0,10.744810744810744,68.57142857142857,-56.45909645909646,-12.698412698412698,0.0,-168.2051282051282,97.48473748473748,102.56410256410255,54.89621489621489,-56.45909645909646
27.545787545787547,-297.5335775335776,371.77045177045176,-6.056166056166056,0.0,35.36019536019536,11.135531135531137,18.168498168498168,28.71794871794872,0.0,11.526251526251526,-3.3211233211233213,0.0,47.472527472527474,-14.652014652014651,-6.056166056166056,18.94993894993895,0.0,18.94993894993895,38.095238095238095,-16.214896214896214,3.711843711843712,0.0,-371.37973137973137,276.8253968253968,84.2002442002442,7.619047619047619,-16.214896214896214
8.791208791208792,-334.26129426129427,426.0805860805861,3.711843711843712,0.0,20.903540903540904,16.996336996336996,20.12210012210012,45.51892551892552,0.0,20.12210012210012,5.665445665445666,0.0,18.55921855921856,8.791208791208792,-0.5860805860805861,36.14163614163614,0.0,-5.274725274725275,0.1953601953601953,41.22100122100122,27.545787545787547,0.0,-425.6898656898657,301.83150183150184,92.4053724053724,-42.78388278388278,41.22100122100122
-14.261294261294262,-426.8620268620269,494.0659340659341,19.73137973137973,0.0,-7.228327228327228,17.77777777777778,16.214896214896214,43.56532356532357,0.0,24.42002442002442,9.572649572649572,0.0,20.12210012210012,9.18192918192918,4.102564102564102,40.83028083028083,0.0,3.711843711843712,-36.14163614163614,80.29304029304029,27.545787545787547,0.0,-493.6752136752137,385.44566544566544,93.96825396825396,-75.6043956043956,80.29304029304029
-37.31379731379732,-264.71306471306474,321.36752136752136,22.075702075702075,0.0,-24.81074481074481,8.00976800976801,18.168498168498168,38.48595848595848,0.0,30.28083028083028,6.056166056166056,0.0,33.40659340659341,6.837606837606837,8.4004884004884,36.92307692307692,0.0,27.155067155067155,49.42612942612943,-14.261294261294262,23.63858363858364,0.0,-320.976800976801,236.5811965811966,81.46520146520146,14.261294261294262,-14.261294261294262
-28.71794871794872,-290.5006105006105,340.9035409035409,24.81074481074481,0.0,-13.089133089133089,1.3675213675213675,25.982905982905983,31.062271062271066,0.0,34.18803418803419,0.9768009768009768,0.0,28.71794871794872,8.4004884004884,7.228327228327228,34.969474969474966,0.0,35.36019536019536,36.14163614163614,-4.102564102564102,12.698412698412698,0.0,-340.5128205128205,267.0573870573871,90.06105006105007,6.056166056166056,-4.102564102564102
-8.791208791208792,-452.64957264957263,509.3040293040293,20.12210012210012,0.0,12.307692307692308,-5.665445665445666,31.062271062271066,27.936507936507937,0.0,35.36019536019536,-3.3211233211233213,0.0,61.53846153846154,-17.77777777777778,8.791208791208792,31.062271062271066,0.0,59.1941391941392,103.73626373626374,-73.26007326007326,-4.884004884004884,0.0,-508.9133089133089,413.968253968254,100.6105006105006,96.31257631257633,-73.26007326007326
20.903540903540904,-485.4700854700855,544.4688644688645,11.526251526251526,0.0,59.1941391941392,-12.698412698412698,24.02930402930403,20.903540903540904,0.0,26.764346764346765,-6.056166056166056,0.0,64.66422466422466,-11.916971916971915,9.572649572649572,17.77777777777778,0.0,59.58485958485959,75.6043956043956,-29.499389499389498,-24.42002442002442,0.0,-544.0781440781441,429.5970695970696,125.22588522588522,56.06837606837607,-29.499389499389498
40.83028083028083,-663.6385836385837,729.6703296703297,6.837606837606837,0.0,83.41880341880342,-11.135531135531137,17.387057387057386,23.247863247863247,0.0,22.857142857142858,-1.7582417582417582,0.0,56.45909645909646,-5.274725274725275,14.652014652014651,22.075702075702075,0.0,25.592185592185597,16.214896214896214,70.52503052503053,-23.63858363858364,0.0,-729.2796092796093,593.3089133089134,128.35164835164835,-24.81074481074481,70.52503052503053
17.387057387057386,-433.1135531135531,499.5360195360195,14.652014652014651,0.0,61.53846153846154,-10.354090354090356,15.824175824175825,30.671550671550676,0.0,14.652014652014651,9.18192918192918,0.0,21.68498168498169,8.00976800976801,20.512820512820515,36.14163614163614,0.0,-13.089133089133089,41.22100122100122,73.65079365079364,-12.307692307692308,0.0,-499.14529914529913,370.2075702075702,108.42490842490842,-3.3211233211233213,73.65079365079364
24.81074481074481,-555.4090354090354,601.5140415140415,14.261294261294262,0.0,57.63125763125763,-13.47985347985348,10.744810744810744,30.28083028083028,0.0,8.791208791208792,13.089133089133089,0.0,26.764346764346765,6.446886446886447,19.34065934065934,37.704517704517706,0.0,1.3675213675213675,173.67521367521368,-82.63736263736264,-0.1953601953601953,0.0,-601.1233211233211,501.88034188034186,105.2991452991453,121.31868131868131,-82.63736263736264
18.55921855921856,-496.4102564102564,560.8791208791209,0.5860805860805861,0.0,48.25396825396825,-18.94993894993895,17.77777777777778,36.14163614163614,0.0,7.228327228327228,18.94993894993895,0.0,35.75091575091575,5.665445665445666,17.77777777777778,42.002442002442,0.0,13.089133089133089,10.744810744810744,69.35286935286935,8.00976800976801,0.0,-560.4884004884005,462.8083028083028,85.76312576312576,-38.095238095238095,69.35286935286935
-9.18192918192918,-676.9230769230769,739.047619047619,3.711843711843712,0.0,-3.3211233211233213,-19.34065934065934,33.7973137973138,45.12820512820513,0.0,4.102564102564102,26.37362637362637,0.0,19.73137973137973,5.665445665445666,16.996336996336996,48.64468864468864,0.0,11.916971916971915,6.446886446886447,65.05494505494505,9.18192918192918,0.0,-738.6568986568986,656.6056166056167,64.66422466422466,-27.155067155067155,65.05494505494505
-1.7582417582417582,-677.3137973137973,701.5384615384615,20.12210012210012,0.0,-12.698412698412698,-19.34065934065934,34.57875457875458,40.83028083028083,0.0,-1.3675213675213675,24.02930402930403,0.0,33.7973137973138,-6.446886446886447,16.214896214896214,38.87667887667888,0.0,32.234432234432234,40.43956043956044,14.261294261294262,-2.93040293040293,0.0,-701.1477411477412,656.6056166056167,70.13431013431014,6.056166056166056,14.261294261294262
-5.665445665445666,-687.8632478632478,730.8424908424909,8.00976800976801,0.0,-15.042735042735044,-10.744810744810744,34.969474969474966,35.75091575091575,0.0,-0.5860805860805861,20.903540903540904,0.0,43.56532356532357,-16.605616605616607,22.857142857142858,35.36019536019536,0.0,8.791208791208792,-20.903540903540904,113.11355311355312,-13.870573870573873,0.0,-730.4517704517705,665.5921855921856,52.16117216117216,-63.88278388278388,113.11355311355312
-10.744810744810744,-490.1587301587302,540.1709401709402,23.63858363858364,0.0,-31.843711843711844,4.493284493284493,37.704517704517706,50.5982905982906,0.0,-0.9768009768009768,20.903540903540904,0.0,26.37362637362637,-15.042735042735044,24.42002442002442,45.12820512820513,0.0,-7.228327228327228,146.7155067155067,-55.67765567765568,-0.1953601953601953,0.0,-539.7802197802198,466.3247863247863,35.36019536019536,119.36507936507935,-55.67765567765568
14.261294261294262,-463.5897435897436,520.2442002442002,17.77777777777778,0.0,-0.1953601953601953,16.605616605616607,29.10866910866911,42.39316239316239,0.0,-2.93040293040293,18.168498168498168,0.0,41.22100122100122,-17.77777777777778,20.903540903540904,43.95604395604396,0.0,2.93040293040293,149.45054945054946,-77.16727716727716,13.870573870573873,0.0,-519.8534798534798,433.8949938949939,36.53235653235653,134.993894993895,-77.16727716727716
46.3003663003663,-268.22954822954824,371.37973137973137,-9.18192918192918,0.0,71.30647130647131,5.274725274725275,26.37362637362637,34.18803418803419,0.0,-2.148962148962149,20.12210012210012,0.0,70.13431013431014,-25.2014652014652,20.903540903540904,49.42612942612943,0.0,16.996336996336996,62.71062271062271,15.433455433455434,20.12210012210012,0.0,-370.989010989011,244.004884004884,42.39316239316239,50.5982905982906,15.433455433455434
63.10134310134311,-505.3968253968254,623.7851037851037,-6.837606837606837,0.0,106.86202686202688,-2.148962148962149,31.45299145299145,36.14163614163614,0.0,-2.5396825396825395,28.71794871794872,0.0,58.8034188034188,-3.3211233211233213,22.075702075702075,48.25396825396825,0.0,22.857142857142858,16.214896214896214,65.05494505494505,22.075702075702075,0.0,-623.3943833943833,503.8339438339438,35.36019536019536,-4.493284493284493,65.05494505494505
46.69108669108669,-360.04884004884,448.3516483516484,16.214896214896214,0.0,90.45177045177046,-9.572649572649572,38.48595848595848,31.45299145299145,0.0,-0.1953601953601953,36.14163614163614,0.0,54.5054945054945,2.148962148962149,24.81074481074481,42.39316239316239,0.0,26.37362637362637,-2.93040293040293,92.4053724053724,8.791208791208792,0.0,-447.960927960928,378.0219780219781,37.31379731379732,-37.31379731379732,92.4053724053724
40.04884004884005,-333.8705738705739,403.4188034188034,14.652014652014651,0.0,68.96214896214896,-13.870573870573873,40.43956043956044,27.936507936507937,0.0,-0.9768009768009768,34.57875457875458,0.0,31.062271062271066,-2.5396825396825395,29.10866910866911,31.062271062271066,0.0,7.619047619047619,-4.102564102564102,96.7032967032967,-9.963369963369964,0.0,-403.028083028083,346.7643467643468,44.737484737484735,-45.90964590964591,96.7032967032967
33.40659340659341,-343.2478632478632,368.25396825396825,27.155067155067155,0.0,33.40659340659341,-13.870573870573873,32.62515262515262,33.40659340659341,0.0,-0.1953601953601953,27.545787545787547,0.0,25.982905982905983,-6.837606837606837,29.499389499389498,25.2014652014652,0.0,12.698412698412698,63.49206349206349,19.73137973137973,-20.512820512820515,0.0,-367.8632478632479,349.1086691086691,27.545787545787547,29.499389499389498,19.73137973137973
5.274725274725275,-241.66056166056163,273.6996336996337,0.1953601953601953,0.0,-25.982905982905983,-3.3211233211233213,24.42002442002442,42.002442002442,0.0,2.148962148962149,20.903540903540904,0.0,27.155067155067155,-18.94993894993895,25.2014652014652,27.155067155067155,0.0,19.73137973137973,86.15384615384616,-25.982905982905983,-18.168498168498168,0.0,-273.3089133089133,222.12454212454213,29.499389499389498,75.21367521367522,-25.982905982905983
11.135531135531137,-318.24175824175825,353.4065934065934,-26.764346764346765,0.0,-26.37362637362637,4.493284493284493,8.791208791208792,31.45299145299145,0.0,-1.3675213675213675,7.619047619047619,0.0,25.982905982905983,-25.982905982905983,18.94993894993895,28.32722832722833,0.0,21.294261294261293,48.64468864468864,0.9768009768009768,-22.466422466422465,0.0,-353.015873015873,271.35531135531136,55.28693528693529,48.64468864468864,0.9768009768009768
23.247863247863247,-279.16971916971914,359.26739926739924,-44.346764346764346,0.0,4.884004884004884,10.354090354090356,16.214896214896214,24.42002442002442,0.0,-0.5860805860805861,7.619047619047619,0.0,38.095238095238095,-15.042735042735044,17.387057387057386,31.45299145299145,0.0,32.62515262515262,33.40659340659341,28.71794871794872,-22.075702075702075,0.0,-358.87667887667885,261.5873015873016,50.989010989010985,19.34065934065934,28.71794871794872
23.247863247863247,-395.995115995116,497.5824175824176,-27.936507936507937,0.0,24.42002442002442,15.824175824175825,23.63858363858364,30.28083028083028,0.0,5.274725274725275,11.526251526251526,0.0,34.969474969474966,-4.884004884004884,20.12210012210012,29.89010989010989,0.0,24.02930402930403,25.2014652014652,52.16117216117216,-19.34065934065934,0.0,-497.1916971916972,401.4652014652015,33.7973137973138,3.711843711843712,52.16117216117216
44.737484737484735,-9.18192918192918,109.98778998778998,-7.228327228327228,0.0,59.1941391941392,19.73137973137973,32.62515262515262,24.02930402930403,0.0,13.089133089133089,8.4004884004884,0.0,12.307692307692308,4.493284493284493,24.42002442002442,21.68498168498169,0.0,-0.5860805860805861,70.52503052503053,16.214896214896214,-20.512820512820515,0.0,-109.5970695970696,29.10866910866911,24.02930402930403,52.55189255189255,16.214896214896214
47.081807081807085,-267.0573870573871,351.06227106227107,9.18192918192918,0.0,65.05494505494505,18.94993894993895,29.499389499389498,23.247863247863247,0.0,14.652014652014651,1.3675213675213675,0.0,3.3211233211233213,8.791208791208792,24.81074481074481,10.744810744810744,0.0,-6.446886446886447,106.86202686202688,-35.75091575091575,-14.261294261294262,0.0,-350.6715506715507,294.7985347985348,8.4004884004884,93.96825396825396,-35.75091575091575
44.737484737484735,-154.9206349206349,198.2905982905983,33.40659340659341,0.0,60.757020757020754,15.042735042735044,14.261294261294262,29.10866910866911,0.0,22.466422466422465,-5.665445665445666,0.0,23.247863247863247,11.135531135531137,25.2014652014652,11.135531135531137,0.0,21.294261294261293,79.9023199023199,-20.12210012210012,-7.228327228327228,0.0,-197.8998778998779,180.31746031746036,-8.4004884004884,81.46520146520146,-20.12210012210012
27.155067155067155,-258.46153846153845,295.1892551892552,20.903540903540904,0.0,35.75091575091575,12.307692307692308,4.493284493284493,30.671550671550676,0.0,20.512820512820515,-12.307692307692308,0.0,33.01587301587302,6.446886446886447,19.34065934065934,21.68498168498169,0.0,33.01587301587302,31.062271062271066,19.34065934065934,-1.3675213675213675,0.0,-294.7985347985348,260.8058608058608,9.572649572649572,45.12820512820513,19.34065934065934
11.135531135531137,24.81074481074481,5.274725274725275,4.884004884004884,0.0,-8.4004884004884,9.18192918192918,8.4004884004884,36.53235653235653,0.0,12.307692307692308,-14.261294261294262,0.0,30.28083028083028,1.3675213675213675,16.214896214896214,27.545787545787547,0.0,33.01587301587302,4.884004884004884,42.78388278388278,-3.711843711843712,0.0,-4.884004884004884,-32.234432234432234,20.12210012210012,6.056166056166056,42.78388278388278
9.963369963369964,-284.63980463980465,315.8974358974359,3.3211233211233213,0.0,-6.446886446886447,3.3211233211233213,9.963369963369964,36.53235653235653,0.0,21.68498168498169,-12.698412698412698,0.0,42.39316239316239,8.791208791208792,18.94993894993895,28.32722832722833,0.0,46.3003663003663,2.5396825396825395,70.13431013431014,-17.387057387057386,0.0,-315.5067155067155,281.51404151404154,35.36019536019536,-24.81074481074481,70.13431013431014
20.512820512820515,-79.12087912087912,98.65689865689866,16.214896214896214,0.0,16.605616605616607,-6.837606837606837,10.744810744810744,34.969474969474966,0.0,22.075702075702075,-16.996336996336996,0.0,43.17460317460318,3.711843711843712,20.512820512820515,23.247863247863247,0.0,37.704517704517706,5.665445665445666,78.33943833943835,-29.10866910866911,0.0,-98.26617826617829,74.04151404151405,29.10866910866911,-19.34065934065934,78.33943833943835
19.73137973137973,-156.87423687423689,156.87423687423689,22.466422466422465,0.0,18.55921855921856,-9.572649572649572,11.526251526251526,20.903540903540904,0.0,13.089133089133089,-23.247863247863247,0.0,21.68498168498169,7.228327228327228,19.73137973137973,8.791208791208792,0.0,24.42002442002442,111.94139194139194,-42.39316239316239,-33.01587301587302,0.0,-156.4835164835165,154.52991452991452,11.526251526251526,108.42490842490842,-42.39316239316239
42.002442002442,-20.903540903540904,27.545787545787547,30.671550671550676,0.0,53.333333333333336,2.148962148962149,5.274725274725275,16.214896214896214,0.0,25.592185592185597,-29.499389499389498,0.0,52.16117216117216,12.307692307692308,21.294261294261293,2.148962148962149,0.0,50.5982905982906,78.33943833943835,-8.00976800976801,-30.671550671550676,0.0,-27.155067155067155,32.234432234432234,17.387057387057386,61.53846153846154,-8.00976800976801
43.56532356532357,27.545787545787547,-34.969474969474966,33.7973137973138,0.0,61.53846153846154,2.5396825396825395,-0.1953601953601953,4.884004884004884,0.0,32.234432234432234,-43.95604395604396,0.0,50.5982905982906,14.652014652014651,16.996336996336996,-10.744810744810744,0.0,54.114774114774114,51.77045177045177,10.354090354090356,-43.95604395604396,0.0,35.36019536019536,-6.056166056166056,5.274725274725275,46.3003663003663,10.354090354090356
21.68498168498169,50.20757020757021,-7.619047619047619,-27.936507936507937,0.0,31.843711843711844,7.619047619047619,1.7582417582417582,-6.056166056166056,0.0,24.42002442002442,-49.81684981684982,0.0,26.764346764346765,20.903540903540904,13.47985347985348,-18.55921855921856,0.0,47.081807081807085,26.764346764346765,23.247863247863247,-52.55189255189255,0.0,8.00976800976801,-38.87667887667888,17.387057387057386,29.10866910866911,23.247863247863247
34.18803418803419,32.62515262515262,60.366300366300365,-36.53235653235653,0.0,37.704517704517706,13.089133089133089,16.214896214896214,20.903540903540904,0.0,30.28083028083028,-42.39316239316239,0.0,30.28083028083028,28.32722832722833,17.387057387057386,-2.5396825396825395,0.0,51.37973137973138,33.01587301587302,24.02930402930403,-33.01587301587302,0.0,-59.975579975579976,-34.18803418803419,13.089133089133089,42.39316239316239,24.02930402930403
30.28083028083028,196.33699633699635,-134.21245421245422,-34.57875457875458,0.0,32.234432234432234,-1.3675213675213675,16.214896214896214,9.18192918192918,0.0,28.32722832722833,-50.5982905982906,0.0,13.47985347985348,32.234432234432234,11.916971916971915,-13.089133089133089,0.0,48.64468864468864,0.1953601953601953,38.87667887667888,-41.61172161172161,0.0,134.6031746031746,-196.33699633699635,-2.93040293040293,21.294261294261293,38.87667887667888
11.135531135531137,320.5860805860806,-259.24297924297923,-8.00976800976801,0.0,30.671550671550676,-13.47985347985348,14.652014652014651,30.28083028083028,0.0,10.744810744810744,-42.78388278388278,0.0,9.18192918192918,19.34065934065934,8.791208791208792,4.493284493284493,0.0,38.87667887667888,2.5396825396825395,26.37362637362637,-24.02930402930403,0.0,259.6336996336996,-329.1819291819292,20.12210012210012,27.155067155067155,26.37362637362637
15.042735042735044,-18.168498168498168,44.346764346764346,9.963369963369964,0.0,28.32722832722833,-22.466422466422465,9.572649572649572,33.7973137973138,0.0,-4.102564102564102,-41.61172161172161,0.0,14.261294261294262,-0.9768009768009768,5.665445665445666,4.493284493284493,0.0,29.89010989010989,9.572649572649572,8.4004884004884,-22.857142857142858,0.0,-43.95604395604396,4.493284493284493,22.075702075702075,34.57875457875458,8.4004884004884
11.526251526251526,166.64224664224665,-174.06593406593407,25.2014652014652,0.0,18.168498168498168,-23.63858363858364,2.93040293040293,30.28083028083028,0.0,-2.148962148962149,-40.43956043956044,0.0,15.042735042735044,-2.93040293040293,6.837606837606837,-0.1953601953601953,0.0,18.168498168498168,13.870573870573873,20.512820512820515,-32.234432234432234,0.0,174.45665445665446,-176.8009768009768,24.81074481074481,17.77777777777778,20.512820512820515
7.619047619047619,511.6483516483517,-520.2442002442002,9.18192918192918,0.0,7.228327228327228,-19.73137973137973,-1.7582417582417582,22.075702075702075,0.0,0.5860805860805861,-41.61172161172161,0.0,22.857142857142858,-14.652014652014651,4.102564102564102,-8.00976800976801,0.0,11.916971916971915,37.704517704517706,-3.3211233211233213,-40.43956043956044,0.0,520.6349206349206,-522.1978021978022,23.247863247863247,42.78388278388278,-3.3211233211233213
13.47985347985348,483.5164835164835,-484.2979242979243,-1.3675213675213675,0.0,6.837606837606837,-7.619047619047619,-0.5860805860805861,11.916971916971915,0.0,3.711843711843712,-41.61172161172161,0.0,24.81074481074481,-16.605616605616607,4.884004884004884,-10.354090354090356,0.0,3.711843711843712,33.01587301587302,4.102564102564102,-36.53235653235653,0.0,484.6886446886447,-509.3040293040293,30.671550671550676,36.53235653235653,4.102564102564102
3.3211233211233213,687.4725274725274,-689.8168498168499,20.12210012210012,0.0,-1.7582417582417582,3.711843711843712,6.446886446886447,11.135531135531137,0.0,17.77777777777778,-43.56532356532357,0.0,26.764346764346765,-16.214896214896214,6.837606837606837,0.1953601953601953,0.0,7.228327228327228,9.963369963369964,17.77777777777778,-15.824175824175825,0.0,690.2075702075703,-712.4786324786324,29.89010989010989,26.37362637362637,17.77777777777778
0.9768009768009768,359.65811965811963,-352.6251526251526,19.34065934065934,0.0,9.572649572649572,7.228327228327228,6.837606837606837,2.148962148962149,0.0,17.77777777777778,-47.86324786324786,0.0,48.64468864468864,-36.92307692307692,4.102564102564102,0.1953601953601953,0.0,23.247863247863247,-16.605616605616607,24.02930402930403,-13.47985347985348,0.0,353.015873015873,-374.1147741147741,3.711843711843712,36.53235653235653,24.02930402930403
-35.36019536019536,705.8363858363858,-674.5787545787546,35.75091575091575,0.0,0.5860805860805861,3.711843711843712,11.526251526251526,12.698412698412698,0.0,8.00976800976801,-42.39316239316239,0.0,38.87667887667888,-42.39316239316239,6.056166056166056,18.168498168498168,0.0,18.168498168498168,-8.4004884004884,11.135531135531137,1.7582417582417582,0.0,674.969474969475,-723.4188034188035,36.53235653235653,43.56532356532357,11.135531135531137
-43.95604395604396,634.3345543345544,-631.5995115995116,45.90964590964591,0.0,-14.652014652014651,-0.9768009768009768,11.526251526251526,7.228327228327228,0.0,2.148962148962149,-44.737484737484735,0.0,44.737484737484735,-40.04884004884005,7.228327228327228,14.261294261294262,0.0,20.903540903540904,-40.43956043956044,42.78388278388278,4.102564102564102,0.0,631.990231990232,-645.2747252747253,-4.493284493284493,25.592185592185597,42.78388278388278
-15.433455433455434,728.1074481074481,-702.3199023199023,14.261294261294262,0.0,13.870573870573873,-7.228327228327228,11.526251526251526,4.102564102564102,0.0,-0.1953601953601953,-43.95604395604396,0.0,64.66422466422466,-34.969474969474966,11.135531135531137,10.354090354090356,0.0,38.095238095238095,65.05494505494505,-54.114774114774114,2.5396825396825395,0.0,702.7106227106227,-716.3858363858363,-54.89621489621489,138.1196581196581,-54.114774114774114
0.1953601953601953,512.4297924297924,-470.6227106227106,8.4004884004884,0.0,28.32722832722833,-7.619047619047619,11.135531135531137,17.77777777777778,0.0,-2.148962148962149,-42.002442002442,0.0,56.84981684981685,-29.10866910866911,12.307692307692308,9.572649572649572,0.0,36.14163614163614,-45.90964590964591,49.42612942612943,11.135531135531137,0.0,471.013431013431,-513.992673992674,-50.5982905982906,33.01587301587302,49.42612942612943
24.81074481074481,818.3638583638584,-810.1587301587301,24.81074481074481,0.0,40.43956043956044,-8.4004884004884,3.3211233211233213,22.075702075702075,0.0,0.9768009768009768,-47.472527472527474,0.0,43.56532356532357,-20.12210012210012,20.12210012210012,11.526251526251526,0.0,29.10866910866911,-33.01587301587302,54.5054945054945,5.274725274725275,0.0,810.5494505494505,-842.1978021978022,-6.056166056166056,4.102564102564102,54.5054945054945
41.61172161172161,705.054945054945,-680.4395604395604,-8.00976800976801,0.0,59.1941391941392,-8.791208791208792,-6.056166056166056,13.870573870573873,0.0,1.3675213675213675,-51.37973137973138,0.0,36.14163614163614,-16.996336996336996,21.68498168498169,12.698412698412698,0.0,53.724053724053725,-19.73137973137973,19.34065934065934,1.7582417582417582,0.0,680.8302808302808,-734.3589743589744,-8.00976800976801,44.737484737484735,19.34065934065934
15.433455433455434,776.5567765567765,-762.1001221001221,14.261294261294262,0.0,51.77045177045177,-10.354090354090356,-12.698412698412698,15.824175824175825,0.0,4.102564102564102,-48.64468864468864,0.0,38.87667887667888,-27.155067155067155,22.466422466422465,11.135531135531137,0.0,51.77045177045177,-39.26739926739927,34.969474969474966,-0.1953601953601953,0.0,762.4908424908425,-807.4236874236874,3.3211233211233213,27.545787545787547,34.969474969474966
-22.075702075702075,1042.2466422466423,-1052.014652014652,39.65811965811966,0.0,23.247863247863247,-6.837606837606837,-12.698412698412698,4.493284493284493,0.0,4.102564102564102,-49.42612942612943,0.0,24.02930402930403,-27.155067155067155,21.294261294261293,8.791208791208792,0.0,37.31379731379732,-3.711843711843712,0.5860805860805861,-4.493284493284493,0.0,1052.4053724053724,-1069.5970695970695,31.45299145299145,49.42612942612943,0.5860805860805861
-15.433455433455434,968.7912087912088,-962.5396825396824,12.698412698412698,0.0,22.857142857142858,-2.93040293040293,-3.711843711843712,-13.089133089133089,0.0,3.3211233211233213,-49.42612942612943,0.0,32.234432234432234,-34.18803418803419,16.605616605616607,-2.93040293040293,0.0,35.36019536019536,-2.5396825396825395,-17.77777777777778,-0.9768009768009768,0.0,962.9304029304028,-980.5128205128206,-14.652014652014651,74.82295482295483,-17.77777777777778
-16.996336996336996,762.4908424908425,-709.7435897435897,18.94993894993895,0.0,30.28083028083028,0.1953601953601953,12.698412698412698,9.18192918192918,0.0,8.4004884004884,-36.92307692307692,0.0,36.92307692307692,-41.61172161172161,19.73137973137973,5.665445665445666,0.0,28.32722832722833,-4.493284493284493,-7.619047619047619,6.056166056166056,0.0,710.1343101343101,-758.1929181929182,0.9768009768009768,55.28693528693529,-7.619047619047619
-17.387057387057386,735.5311355311355,-690.2075702075703,21.294261294261293,0.0,17.77777777777778,-1.3675213675213675,20.512820512820515,9.963369963369964,0.0,4.884004884004884,-37.31379731379732,0.0,36.92307692307692,-56.06837606837607,15.824175824175825,9.963369963369964,0.0,29.499389499389498,-38.87667887667888,13.47985347985348,2.93040293040293,0.0,690.5982905982906,-732.7960927960928,38.87667887667888,2.93040293040293,13.47985347985348
-6.056166056166056,844.5421245421245,-792.967032967033,13.089133089133089,0.0,13.089133089133089,7.619047619047619,24.02930402930403,10.354090354090356,0.0,6.837606837606837,-33.7973137973138,0.0,56.06837606837607,-63.49206349206349,13.47985347985348,10.744810744810744,0.0,42.002442002442,-7.228327228327228,-11.526251526251526,-4.884004884004884,0.0,793.3577533577534,-855.8730158730159,49.81684981684982,38.095238095238095,-11.526251526251526
-6.056166056166056,731.2332112332113,-688.6446886446887,8.4004884004884,0.0,20.512820512820515,0.1953601953601953,15.042735042735044,6.837606837606837,0.0,1.3675213675213675,-34.969474969474966,0.0,64.66422466422466,-68.18070818070818,9.18192918192918,0.1953601953601953,0.0,52.16117216117216,0.9768009768009768,-25.982905982905983,-20.12210012210012,0.0,689.0354090354091,-737.0940170940171,49.42612942612943,45.51892551892552,-25.982905982905983
-15.433455433455434,683.5653235653235,-634.7252747252747,27.936507936507937,0.0,24.81074481074481,-0.1953601953601953,18.55921855921856,16.996336996336996,0.0,-0.5860805860805861,-30.28083028083028,0.0,84.59096459096459,-68.96214896214896,11.526251526251526,13.47985347985348,0.0,48.25396825396825,-16.605616605616607,18.55921855921856,-7.619047619047619,0.0,635.1159951159951,-692.942612942613,21.294261294261293,51.77045177045177,18.55921855921856
-13.089133089133089,650.3540903540903,-591.3553113553113,36.14163614163614,0.0,18.55921855921856,12.307692307692308,25.592185592185597,22.857142857142858,0.0,-0.9768009768009768,-27.545787545787547,0.0,88.1074481074481,-63.88278388278388,13.870573870573873,8.00976800976801,0.0,27.155067155067155,20.512820512820515,4.493284493284493,-3.711843711843712,0.0,591.7460317460317,-670.6715506715507,-24.42002442002442,128.74236874236874,4.493284493284493
-12.698412698412698,682.7838827838827,-627.3015873015873,27.155067155067155,0.0,20.903540903540904,0.1953601953601953,25.2014652014652,21.294261294261293,0.0,-2.148962148962149,-29.10866910866911,0.0,56.45909645909646,-45.51892551892552,14.261294261294262,3.3211233211233213,0.0,23.63858363858364,-18.55921855921856,32.234432234432234,-6.446886446886447,0.0,627.6923076923077,-683.1746031746031,-33.01587301587302,79.51159951159951,32.234432234432234
-21.68498168498169,451.0866910866911,-409.2796092796093,31.843711843711844,0.0,0.1953601953601953,5.274725274725275,25.982905982905983,18.55921855921856,0.0,3.711843711843712,-30.28083028083028,0.0,44.346764346764346,-33.40659340659341,19.34065934065934,13.089133089133089,0.0,42.39316239316239,-75.6043956043956,86.54456654456655,-7.619047619047619,0.0,409.6703296703297,-446.7887667887668,-1.3675213675213675,-2.93040293040293,86.54456654456655
-20.903540903540904,579.6336996336996,-556.9719169719169,26.764346764346765,0.0,-11.526251526251526,13.089133089133089,15.042735042735044,10.354090354090356,0.0,11.135531135531137,-35.75091575091575,0.0,49.42612942612943,-43.95604395604396,14.261294261294262,3.711843711843712,0.0,67.00854700854701,-27.155067155067155,7.619047619047619,-21.294261294261293,0.0,557.3626373626373,-575.7264957264957,16.996336996336996,39.65811965811966,7.619047619047619
-9.572649572649572,419.4383394383394,-416.7032967032967,2.148962148962149,0.0,-18.55921855921856,12.698412698412698,4.493284493284493,-4.493284493284493,0.0,10.744810744810744,-43.17460317460318,0.0,41.22100122100122,-41.22100122100122,7.228327228327228,-8.4004884004884,0.0,89.67032967032966,18.55921855921856,-74.82295482295483,-34.18803418803419,0.0,417.0940170940171,-415.1404151404152,36.53235653235653,68.57142857142857,-74.82295482295483
11.526251526251526,423.7362637362637,-413.1868131868132,1.3675213675213675,0.0,-8.00976800976801,27.155067155067155,2.5396825396825395,0.9768009768009768,0.0,14.261294261294262,-45.51892551892552,0.0,50.20757020757021,-30.28083028083028,6.446886446886447,-0.5860805860805861,0.0,85.76312576312576,-22.857142857142858,-21.294261294261293,-13.870573870573873,0.0,413.5775335775336,-415.53113553113553,-5.274725274725275,33.40659340659341,-21.294261294261293
41.22100122100122,275.26251526251525,-217.82661782661785,-13.089133089133089,0.0,38.48595848595848,27.155067155067155,8.791208791208792,9.18192918192918,0.0,16.605616605616607,-44.737484737484735,0.0,80.29304029304029,-27.155067155067155,7.228327228327228,2.148962148962149,0.0,59.58485958485959,15.042735042735044,-9.963369963369964,-0.1953601953601953,0.0,218.2173382173382,-265.8852258852259,-53.724053724053725,73.26007326007326,-9.963369963369964
52.16117216117216,505.3968253968254,-411.2332112332113,-19.34065934065934,0.0,33.01587301587302,34.18803418803419,22.857142857142858,33.7973137973138,0.0,14.261294261294262,-36.14163614163614,0.0,67.3992673992674,-5.274725274725275,13.47985347985348,8.4004884004884,0.0,31.062271062271066,24.81074481074481,16.605616605616607,11.916971916971915,0.0,411.6239316239317,-491.7216117216117,-99.04761904761904,86.54456654456655,16.605616605616607
80.68376068376068,236.97191697191695,-187.74114774114773,-12.698412698412698,0.0,32.62515262515262,27.545787545787547,22.857142857142858,31.062271062271066,0.0,18.94993894993895,-34.57875457875458,0.0,88.88888888888889,11.916971916971915,15.824175824175825,9.963369963369964,0.0,35.36019536019536,10.744810744810744,74.43223443223444,7.228327228327228,0.0,188.13186813186812,-211.96581196581195,-126.3980463980464,29.499389499389498,74.43223443223444
149.45054945054946,201.8070818070818,-177.58241758241758,-14.261294261294262,0.0,90.84249084249085,27.936507936507937,19.73137973137973,18.168498168498168,0.0,29.499389499389498,-34.18803418803419,0.0,166.64224664224665,16.996336996336996,21.294261294261293,8.00976800976801,0.0,75.6043956043956,81.85592185592185,63.88278388278388,-6.056166056166056,0.0,177.97313797313797,-172.8937728937729,-111.55067155067157,29.10866910866911,63.88278388278388
259.24297924297923,46.69108669108669,-35.75091575091575,-13.870573870573873,0.0,192.42979242979243,30.671550671550676,14.261294261294262,16.214896214896214,0.0,30.671550671550676,-29.89010989010989,0.0,256.1172161172161,7.619047619047619,28.32722832722833,4.102564102564102,0.0,129.52380952380952,160.0,32.62515262515262,-24.02930402930403,0.0,36.14163614163614,-11.916971916971915,-72.47863247863248,25.982905982905983,32.62515262515262
365.9096459096459,-197.8998778998779,188.13186813186812,-8.00976800976801,0.0,304.56654456654456,25.2014652014652,6.446886446886447,8.791208791208792,0.0,40.83028083028083,-25.982905982905983,0.0,324.1025641025641,23.247863247863247,41.61172161172161,8.4004884004884,0.0,186.56898656898656,216.65445665445665,33.01587301587302,-36.53235653235653,0.0,-187.74114774114773,248.3028083028083,-72.86935286935287,33.01587301587302,33.01587301587302
438.97435897435895,53.724053724053725,-47.86324786324786,-36.14163614163614,0.0,394.43223443223445,19.73137973137973,2.93040293040293,-9.963369963369964,0.0,60.366300366300365,-25.2014652014652,0.0,387.3992673992674,40.43956043956044,51.77045177045177,6.837606837606837,0.0,238.14407814407812,279.9511599511599,15.042735042735044,-43.95604395604396,0.0,48.25396825396825,5.274725274725275,-70.91575091575092,47.081807081807085,15.042735042735044
501.4896214896215,21.294261294261293,42.39316239316239,-23.63858363858364,0.0,451.47741147741147,34.969474969474966,19.34065934065934,33.40659340659341,0.0,80.29304029304029,-1.3675213675213675,0.0,387.3992673992674,79.12087912087912,72.08791208791209,35.75091575091575,0.0,271.74603174603175,313.1623931623932,16.605616605616607,-24.81074481074481,0.0,-42.002442002442,38.095238095238095,-65.83638583638583,59.58485958485959,16.605616605616607
508.9133089133089,-201.8070818070818,273.3089133089133,-30.28083028083028,0.0,425.2991452991453,47.472527472527474,31.062271062271066,42.39316239316239,0.0,95.53113553113552,10.354090354090356,0.0,396.3858363858364,104.9084249084249,80.29304029304029,40.43956043956044,0.0,306.5201465201465,286.5934065934066,44.346764346764346,-13.47985347985348,0.0,-272.9181929181929,276.8253968253968,-111.55067155067157,30.28083028083028,44.346764346764346
548.3760683760684,-402.24664224664224,456.947496947497,-24.42002442002442,0.0,437.8021978021978,53.724053724053725,36.92307692307692,47.081807081807085,0.0,120.92796092796092,13.089133089133089,0.0,456.1660561660562,117.02075702075702,74.04151404151405,51.37973137973138,0.0,319.023199023199,317.85103785103786,47.472527472527474,14.652014652014651,0.0,-456.5567765567766,485.8608058608058,-147.49694749694748,10.354090354090356,47.472527472527474
688.6446886446887,-344.029304029304,363.5653235653236,-8.4004884004884,0.0,515.9462759462759,86.54456654456655,38.87667887667888,54.89621489621489,0.0,111.94139194139194,11.916971916971915,0.0,512.039072039072,113.5042735042735,71.6971916971917,56.84981684981685,0.0,324.1025641025641,333.0891330891331,65.05494505494505,33.40659340659341,0.0,-363.1746031746032,420.2197802197802,-159.6092796092796,-27.155067155067155,65.05494505494505
774.6031746031746,-312.7716727716728,308.08302808302807,-13.47985347985348,0.0,605.030525030525,68.96214896214896,33.40659340659341,45.12820512820513,0.0,105.68986568986568,3.711843711843712,0.0,562.4420024420025,107.25274725274726,68.96214896214896,42.78388278388278,0.0,345.2014652014652,344.81074481074484,72.47863247863248,18.94993894993895,0.0,-307.6923076923077,406.9352869352869,-200.63492063492063,-24.42002442002442,72.47863247863248
860.1709401709402,-783.1990231990231,766.007326007326,-8.00976800976801,0.0,693.7240537240538,57.24053724053724,33.01587301587302,47.472527472527474,0.0,118.1929181929182,-1.3675213675213675,0.0,553.8461538461538,126.3980463980464,74.82295482295483,42.39316239316239,0.0,308.47374847374846,415.1404151404152,72.08791208791209,2.5396825396825395,0.0,-765.6166056166056,884.004884004884,-195.94627594627596,-2.148962148962149,72.08791208791209
881.6605616605617,-703.1013431013431,682.3931623931624,-10.354090354090356,0.0,722.2466422466423,54.89621489621489,28.32722832722833,40.83028083028083,0.0,126.007326007326,-3.3211233211233213,0.0,524.1514041514041,135.3846153846154,78.73015873015873,41.61172161172161,0.0,285.42124542124543,481.1721611721612,22.857142857142858,-6.446886446886447,0.0,-682.002442002442,801.5628815628816,-167.42368742368745,32.234432234432234,22.857142857142858
866.031746031746,-813.6752136752136,827.7411477411478,-13.870573870573873,0.0,699.97557997558,68.18070818070818,37.704517704517706,56.84981684981685,0.0,134.21245421245422,11.526251526251526,0.0,398.3394383394384,210.4029304029304,91.23321123321124,42.78388278388278,0.0,254.55433455433456,440.92796092796095,60.366300366300365,-11.526251526251526,0.0,-827.3504273504274,911.3553113553112,-154.52991452991452,-11.526251526251526,60.366300366300365
832.4297924297924,-547.985347985348,544.0781440781441,-12.698412698412698,0.0,680.04884004884,57.63125763125763,36.14163614163614,38.48595848595848,0.0,150.62271062271063,15.042735042735044,0.0,401.074481074481,208.0586080586081,86.93528693528694,38.87667887667888,0.0,221.7338217338217,465.5433455433456,61.53846153846154,-11.135531135531137,0.0,-543.6874236874237,656.6056166056167,-191.64835164835165,12.307692307692308,61.53846153846154
802.7350427350427,-716.3858363858363,756.2393162393163,-31.45299145299145,0.0,640.1953601953602,74.04151404151405,43.95604395604396,49.42612942612943,0.0,158.43711843711844,25.592185592185597,0.0,394.43223443223445,195.94627594627596,85.37240537240537,52.55189255189255,0.0,163.9072039072039,482.3443223443224,75.6043956043956,8.00976800976801,0.0,-755.8485958485959,835.9462759462759,-186.56898656898656,-25.2014652014652,75.6043956043956
815.6288156288156,-773.8217338217338,804.2979242979243,-33.01587301587302,0.0,628.4737484737485,75.21367521367522,47.86324786324786,58.02197802197802,0.0,157.65567765567766,31.45299145299145,0.0,397.1672771672772,177.1916971916972,87.32600732600733,56.45909645909646,0.0,140.46398046398048,497.1916971916972,73.65079365079364,7.228327228327228,0.0,-803.9072039072039,891.037851037851,-181.4896214896215,-49.03540903540904,73.65079365079364
817.1916971916972,-908.6202686202686,909.010989010989,-28.32722832722833,0.0,648.4004884004884,46.3003663003663,40.04884004884005,50.5982905982906,0.0,147.88766788766787,25.982905982905983,0.0,425.6898656898657,144.76190476190476,81.85592185592185,59.975579975579976,0.0,133.82173382173383,532.7472527472528,41.61172161172161,6.446886446886447,0.0,-908.6202686202686,1039.1208791208792,-233.84615384615384,13.870573870573873,41.61172161172161
804.6886446886447,-1126.6422466422466,1128.2051282051282,-24.02930402930403,0.0,645.6654456654456,30.671550671550676,39.26739926739927,61.92918192918193,0.0,139.68253968253967,23.247863247863247,0.0,408.4981684981685,141.24542124542126,82.63736263736264,58.41269841269841,0.0,101.001221001221,569.4749694749695,25.982905982905983,-3.711843711843712,0.0,-1127.8144078144078,1271.5995115995115,-153.35775335775335,-58.8034188034188,25.982905982905983
796.4835164835165,-1072.722832722833,1039.90231990232,3.711843711843712,0.0,626.910866910867,31.45299145299145,40.04884004884005,65.44566544566544,0.0,136.94749694749694,20.12210012210012,0.0,379.5848595848596,153.74847374847374,83.80952380952381,62.31990231990232,0.0,109.5970695970696,521.4163614163614,57.63125763125763,-7.619047619047619,0.0,-1039.5115995115996,1226.2759462759464,-174.06593406593407,-75.995115995116,57.63125763125763
788.6691086691087,-914.4810744810744,867.985347985348,0.9768009768009768,0.0,598.7789987789988,40.04884004884005,41.61172161172161,59.1941391941392,0.0,138.5103785103785,17.387057387057386,0.0,364.3467643467644,165.47008547008548,80.29304029304029,56.45909645909646,0.0,120.14652014652016,462.026862026862,91.62393162393164,-4.884004884004884,0.0,-867.5946275946276,1063.7362637362637,-195.16483516483515,-95.53113553113552,91.62393162393164
787.4969474969475,-897.6800976800977,832.039072039072,-4.884004884004884,0.0,571.037851037851,47.86324786324786,42.39316239316239,50.989010989010985,0.0,134.21245421245422,13.089133089133089,0.0,361.6117216117216,163.12576312576311,84.98168498168498,40.43956043956044,0.0,110.76923076923076,460.0732600732601,98.65689865689866,-16.996336996336996,0.0,-831.6483516483516,1035.6043956043957,-213.13797313797315,-79.9023199023199,98.65689865689866
765.6166056166056,-966.4468864468864,956.6788766788768,-1.3675213675213675,0.0,519.4627594627594,79.51159951159951,63.49206349206349,88.1074481074481,0.0,144.37118437118437,31.45299145299145,0.0,334.26129426129427,167.81440781440782,101.3919413919414,84.59096459096459,0.0,92.014652014652,439.7557997557997,129.9145299145299,26.764346764346765,0.0,-956.2881562881564,1092.2588522588524,-239.7069597069597,-59.1941391941392,129.9145299145299
773.4310134310134,-991.0622710622712,993.4065934065934,-32.234432234432234,0.0,508.5225885225885,88.4981684981685,50.5982905982906,92.014652014652,0.0,148.2783882783883,34.18803418803419,0.0,314.72527472527474,168.5958485958486,100.6105006105006,88.1074481074481,0.0,89.67032967032966,440.92796092796095,105.68986568986568,36.92307692307692,0.0,-993.015873015873,1100.854700854701,-207.66788766788767,-84.59096459096459,105.68986568986568
763.6630036630037,-917.2161172161173,887.1306471306472,-30.28083028083028,0.0,518.2905982905983,71.30647130647131,34.18803418803419,75.21367521367522,0.0,140.0732600732601,25.592185592185597,0.0,304.9572649572649,161.56288156288156,94.74969474969475,78.33943833943835,0.0,98.65689865689866,456.947496947497,52.16117216117216,33.01587301587302,0.0,-886.7399267399268,1031.6971916971918,-204.93284493284492,-59.58485958485959,52.16117216117216
733.1868131868132,-851.5750915750916,833.6019536019536,-30.671550671550676,0.0,504.61538461538464,65.83638583638583,39.26739926739927,70.13431013431014,0.0,142.02686202686203,24.42002442002442,0.0,288.54700854700855,158.04639804639805,92.014652014652,80.29304029304029,0.0,101.3919413919414,430.3785103785104,55.28693528693529,33.01587301587302,0.0,-833.2112332112332,975.4334554334554,-156.4835164835165,-111.55067155067157,55.28693528693529
721.0744810744811,-859.3894993894994,808.986568986569,-7.619047619047619,0.0,490.94017094017096,67.3992673992674,30.28083028083028,69.74358974358974,0.0,148.66910866910868,19.34065934065934,0.0,290.1098901098901,149.84126984126985,83.41880341880342,77.94871794871794,0.0,117.8021978021978,409.2796092796093,45.90964590964591,29.499389499389498,0.0,-808.5958485958486,980.1221001221002,-135.77533577533578,-123.66300366300366,45.90964590964591
716.3858363858363,-822.2710622710623,761.7094017094017,-12.698412698412698,0.0,485.8608058608058,52.55189255189255,29.499389499389498,70.52503052503053,0.0,144.76190476190476,13.47985347985348,0.0,286.2026862026862,146.32478632478632,83.41880341880342,66.61782661782662,0.0,130.6959706959707,415.53113553113553,22.857142857142858,14.652014652014651,0.0,-761.3186813186813,928.5470085470084,-146.32478632478632,-75.6043956043956,22.857142857142858
698.4126984126984,-843.7606837606837,800.0,-10.744810744810744,0.0,473.74847374847377,45.12820512820513,40.04884004884005,80.68376068376068,0.0,141.63614163614164,16.214896214896214,0.0,264.32234432234435,152.57631257631255,97.09401709401708,73.65079365079364,0.0,119.75579975579976,407.3260073260073,39.65811965811966,22.857142857142858,0.0,-799.6092796092796,953.5531135531136,-162.34432234432234,-65.83638583638583,39.65811965811966
673.4065934065934,-760.5372405372406,774.6031746031746,-2.93040293040293,0.0,475.7020757020757,36.92307692307692,43.17460317460318,124.44444444444444,0.0,145.15262515262515,30.671550671550676,0.0,244.7863247863248,155.7020757020757,107.64346764346764,102.95482295482296,0.0,80.68376068376068,378.8034188034188,100.6105006105006,52.16117216117216,0.0,-774.2124542124542,860.5616605616606,-180.70818070818072,-81.07448107448107,100.6105006105006
663.2478632478633,-701.1477411477412,712.0879120879121,-14.652014652014651,0.0,472.5763125763126,34.18803418803419,32.234432234432234,116.23931623931624,0.0,132.64957264957266,25.592185592185597,0.0,254.55433455433456,137.33821733821733,99.82905982905984,96.31257631257633,0.0,76.38583638583638,358.48595848595846,102.95482295482296,51.37973137973138,0.0,-711.6971916971917,795.7020757020757,-195.16483516483515,-77.16727716727716,102.95482295482296
639.8046398046398,-524.5421245421245,532.3565323565324,-11.526251526251526,0.0,457.72893772893775,33.01587301587302,39.65811965811966,101.78266178266178,0.0,124.44444444444444,19.73137973137973,0.0,267.0573870573871,113.5042735042735,93.96825396825396,92.4053724053724,0.0,60.757020757020754,362.3931623931624,94.74969474969475,49.81684981684982,0.0,-531.965811965812,621.050061050061,-203.36996336996336,-60.366300366300365,94.74969474969475
605.4212454212454,-571.4285714285714,568.3028083028083,24.81074481074481,0.0,436.6300366300366,38.87667887667888,39.26739926739927,108.8156288156288,0.0,113.89499389499387,17.387057387057386,0.0,273.3089133089133,98.65689865689866,80.68376068376068,107.25274725274726,0.0,65.44566544566544,342.07570207570205,97.48473748473748,56.45909645909646,0.0,-567.9120879120879,660.9035409035409,-174.06593406593407,-65.05494505494505,97.48473748473748
625.7387057387058,-685.5189255189255,590.1831501831501,55.28693528693529,0.0,410.0610500610501,47.86324786324786,34.969474969474966,90.06105006105007,0.0,100.6105006105006,12.698412698412698,0.0,282.2954822954823,84.98168498168498,72.86935286935287,96.7032967032967,0.0,103.73626373626374,326.05616605616603,78.73015873015873,29.499389499389498,0.0,-589.7924297924297,755.8485958485959,-127.57020757020756,-92.014652014652,78.73015873015873
600.3418803418804,-687.8632478632478,611.2820512820513,50.20757020757021,0.0,384.2735042735043,50.20757020757021,41.22100122100122,95.14041514041514,0.0,100.21978021978022,13.47985347985348,0.0,267.0573870573871,93.96825396825396,75.995115995116,88.4981684981685,0.0,126.007326007326,327.2283272283272,60.366300366300365,14.652014652014651,0.0,-610.8913308913309,739.4383394383394,-111.15995115995116,-41.22100122100122,60.366300366300365
575.3357753357753,-702.7106227106227,681.6117216117216,28.32722832722833,0.0,395.2136752136752,31.45299145299145,41.22100122100122,111.15995115995116,0.0,94.74969474969475,18.168498168498168,0.0,239.7069597069597,105.2991452991453,81.07448107448107,90.06105006105007,0.0,124.83516483516485,290.8913308913309,79.9023199023199,22.466422466422465,0.0,-681.2210012210012,753.5042735042736,-105.2991452991453,-59.1941391941392,79.9023199023199
572.2100122100122,-554.6275946275946,494.45665445665446,44.346764346764346,0.0,410.0610500610501,16.605616605616607,21.68498168498169,103.73626373626374,0.0,88.88888888888889,13.47985347985348,0.0,249.86568986568983,86.93528693528694,78.33943833943835,79.12087912087912,0.0,143.5897435897436,252.991452991453,87.71672771672772,11.526251526251526,0.0,-494.0659340659341,606.984126984127,-122.1001221001221,-60.757020757020754,87.71672771672772
540.1709401709402,-619.4871794871794,654.6520146520146,-35.75091575091575,0.0,410.45177045177047,9.18192918192918,18.94993894993895,96.31257631257633,0.0,87.32600732600733,9.572649572649572,0.0,244.004884004884,81.07448107448107,75.995115995116,65.05494505494505,0.0,133.82173382173383,258.07081807081806,74.43223443223444,1.3675213675213675,0.0,-654.2612942612942,665.5921855921856,-147.1062271062271,-5.274725274725275,74.43223443223444
512.8205128205128,-603.0769230769231,658.949938949939,-62.31990231990232,0.0,399.5115995115995,6.056166056166056,25.2014652014652,70.13431013431014,0.0,83.02808302808303,6.446886446886447,0.0,236.1904761904762,73.65079365079364,71.6971916971917,54.114774114774114,0.0,109.5970695970696,253.77289377289375,83.41880341880342,-9.963369963369964,0.0,-658.5592185592186,662.0757020757021,-163.12576312576311,-5.274725274725275,83.41880341880342
492.1123321123321,-627.3015873015873,635.5067155067155,-17.387057387057386,0.0,372.16117216117215,22.466422466422465,26.764346764346765,57.24053724053724,0.0,75.21367521367522,11.135531135531137,0.0,235.7997557997558,61.53846153846154,70.91575091575092,55.67765567765568,0.0,131.4774114774115,225.25030525030525,72.47863247863248,-2.93040293040293,0.0,-635.1159951159951,674.1880341880342,-122.88156288156289,-22.075702075702075,72.47863247863248
469.059829059829,-662.4664224664225,678.4859584859585,-5.274725274725275,0.0,333.0891330891331,42.002442002442,40.04884004884005,60.366300366300365,0.0,63.88278388278388,21.294261294261293,0.0,227.2039072039072,63.88278388278388,72.08791208791209,65.05494505494505,0.0,151.4041514041514,201.8070818070818,56.06837606837607,20.512820512820515,0.0,-678.0952380952381,700.7570207570208,-109.2063492063492,-9.18192918192918,56.06837606837607
471.013431013431,-625.7387057387058,616.3614163614163,6.446886446886447,0.0,319.8046398046398,40.43956043956044,43.56532356532357,59.58485958485959,0.0,56.06837606837607,19.73137973137973,0.0,228.7667887667888,58.41269841269841,66.22710622710623,56.45909645909646,0.0,158.82783882783883,181.8803418803419,38.48595848595848,32.62515262515262,0.0,-615.9706959706959,644.1025641025641,-102.17338217338218,-8.00976800976801,38.48595848595848
450.3052503052503,-533.919413919414,505.7875457875458,32.62515262515262,0.0,315.8974358974359,36.92307692307692,34.969474969474966,63.10134310134311,0.0,37.704517704517706,15.824175824175825,0.0,245.5677655677656,35.75091575091575,59.58485958485959,51.77045177045177,0.0,186.17826617826617,166.25152625152626,0.9768009768009768,42.002442002442,0.0,-505.3968253968254,560.09768009768,-95.53113553113552,8.791208791208792,0.9768009768009768
428.4249084249085,-551.5018315018315,495.2380952380952,38.095238095238095,0.0,327.6190476190476,9.18192918192918,15.433455433455434,54.114774114774114,0.0,23.63858363858364,5.274725274725275,0.0,272.13675213675214,12.307692307692308,44.737484737484735,31.062271062271066,0.0,190.86691086691087,132.64957264957266,25.592185592185597,13.47985347985348,0.0,-494.8473748473749,583.1501831501831,-109.5970695970696,-4.884004884004884,25.592185592185597
397.948717948718,-648.4004884004884,639.023199023199,-42.39316239316239,0.0,306.1294261294261,-8.4004884004884,11.526251526251526,33.01587301587302,0.0,16.605616605616607,-5.665445665445666,0.0,285.8119658119658,-2.93040293040293,38.095238095238095,11.135531135531137,0.0,189.6947496947497,74.04151404151405,102.17338217338218,-31.843711843711844,0.0,-638.6324786324786,673.4065934065934,-109.5970695970696,-60.757020757020754,102.17338217338218
350.2808302808303,-553.8461538461538,574.945054945055,-45.51892551892552,0.0,277.6068376068376,-10.744810744810744,18.94993894993895,36.53235653235653,0.0,15.042735042735044,-5.274725274725275,0.0,281.12332112332115,-12.307692307692308,39.65811965811966,17.77777777777778,0.0,191.64835164835165,79.9023199023199,96.31257631257633,-39.26739926739927,0.0,-574.5543345543346,587.8388278388278,-94.35897435897436,-52.94261294261294,96.31257631257633
314.33455433455435,-372.16117216117215,351.06227106227107,-20.12210012210012,0.0,231.8925518925519,-2.5396825396825395,6.837606837606837,33.40659340659341,0.0,7.619047619047619,-11.135531135531137,0.0,283.4676434676435,-21.294261294261293,34.57875457875458,26.764346764346765,0.0,220.17094017094016,32.234432234432234,120.53724053724054,-47.86324786324786,0.0,-350.6715506715507,382.3199023199023,-58.41269841269841,-85.37240537240537,120.53724053724054
276.8253968253968,-414.3589743589744,443.2722832722833,-33.7973137973138,0.0,207.27716727716728,5.665445665445666,11.916971916971915,42.78388278388278,0.0,5.665445665445666,-13.870573870573873,0.0,256.5079365079365,-2.93040293040293,36.53235653235653,30.671550671550676,0.0,219.38949938949935,70.13431013431014,81.46520146520146,-48.64468864468864,0.0,-442.8815628815629,404.5909645909646,-22.466422466422465,-30.671550671550676,81.46520146520146
258.85225885225884,-517.8998778998779,514.7741147741148,6.056166056166056,0.0,200.24420024420024,4.102564102564102,5.274725274725275,49.03540903540904,0.0,2.148962148962149,-18.168498168498168,0.0,230.32967032967036,7.619047619047619,36.53235653235653,35.36019536019536,0.0,201.4163614163614,148.66910866910868,-15.824175824175825,-21.294261294261293,0.0,-514.3833943833944,505.7875457875458,-15.042735042735044,48.64468864468864,-15.824175824175825
224.07814407814408,-252.6007326007326,227.2039072039072,26.764346764346765,0.0,177.1916971916972,2.5396825396825395,-1.7582417582417582,44.346764346764346,0.0,-3.3211233211233213,-23.63858363858364,0.0,213.13797313797315,6.056166056166056,29.89010989010989,28.32722832722833,0.0,192.8205128205128,127.96092796092796,-19.73137973137973,-20.12210012210012,0.0,-226.8131868131868,252.991452991453,-12.307692307692308,38.48595848595848,-19.73137973137973
194.7741147741148,-84.59096459096459,83.41880341880342,4.493284493284493,0.0,154.52991452991452,0.1953601953601953,6.837606837606837,32.234432234432234,0.0,-7.619047619047619,-23.63858363858364,0.0,215.48229548229548,-2.93040293040293,25.592185592185597,16.996336996336996,0.0,191.2576312576313,68.96214896214896,27.936507936507937,-30.671550671550676,0.0,-83.02808302808303,82.24664224664225,-18.168498168498168,9.963369963369964,27.936507936507937
174.84737484737485,-15.042735042735044,-1.7582417582417582,11.526251526251526,0.0,131.08669108669108,-2.93040293040293,8.00976800976801,29.499389499389498,0.0,-13.47985347985348,-27.936507936507937,0.0,217.04517704517704,-26.764346764346765,18.55921855921856,17.387057387057386,0.0,193.992673992674,18.168498168498168,35.75091575091575,-19.73137973137973,0.0,2.148962148962149,28.71794871794872,-11.916971916971915,-38.87667887667888,35.75091575091575
149.45054945054946,349.4993894993895,-334.26129426129427,-8.4004884004884,0.0,97.09401709401708,-2.93040293040293,17.387057387057386,40.04884004884005,0.0,-25.2014652014652,-27.155067155067155,0.0,196.33699633699635,-39.26739926739927,16.605616605616607,26.764346764346765,0.0,189.3040293040293,3.711843711843712,25.592185592185597,-16.605616605616607,0.0,334.65201465201466,-338.16849816849816,-2.5396825396825395,-37.31379731379732,25.592185592185597
123.27228327228327,481.953601953602,-473.3577533577534,-6.446886446886447,0.0,67.00854700854701,-0.1953601953601953,18.168498168498168,35.36019536019536,0.0,-31.843711843711844,-33.01587301587302,0.0,179.14529914529913,-53.333333333333336,11.135531135531137,32.62515262515262,0.0,170.54945054945054,-32.234432234432234,40.04884004884005,-6.837606837606837,0.0,473.74847374847377,-493.2844932844933,17.77777777777778,-59.58485958485959,40.04884004884005
116.63003663003664,-5.274725274725275,19.73137973137973,9.572649572649572,0.0,62.71062271062271,-2.148962148962149,20.903540903540904,56.06837606837607,0.0,-34.18803418803419,-33.7973137973138,0.0,150.23199023199024,-58.02197802197802,15.824175824175825,42.002442002442,0.0,133.04029304029305,59.58485958485959,-61.92918192918193,20.903540903540904,0.0,-19.34065934065934,-15.042735042735044,27.155067155067155,29.499389499389498,-61.92918192918193
88.1074481074481,262.75946275946274,-249.86568986568983,6.446886446886447,0.0,52.94261294261294,-17.387057387057386,13.47985347985348,56.06837606837607,0.0,-43.17460317460318,-34.57875457875458,0.0,100.6105006105006,-49.42612942612943,20.903540903540904,36.53235653235653,0.0,101.001221001221,77.55799755799755,-78.33943833943835,9.963369963369964,0.0,250.25641025641025,-275.26251526251525,28.32722832722833,56.45909645909646,-78.33943833943835
68.18070818070818,733.1868131868132,-716.7765567765567,0.1953601953601953,0.0,48.64468864468864,-27.545787545787547,11.916971916971915,48.64468864468864,0.0,-48.25396825396825,-33.40659340659341,0.0,102.56410256410255,-56.06837606837607,16.996336996336996,22.857142857142858,0.0,101.78266178266178,12.307692307692308,-20.903540903540904,-4.493284493284493,0.0,717.1672771672771,-744.5177045177045,18.94993894993895,17.77777777777778,-20.903540903540904
52.94261294261294,586.6666666666666,-572.991452991453,6.837606837606837,0.0,38.48595848595848,-21.294261294261293,11.916971916971915,42.39316239316239,0.0,-45.12820512820513,-31.062271062271066,0.0,95.53113553113552,-56.45909645909646,20.903540903540904,11.526251526251526,0.0,83.80952380952381,-19.73137973137973,27.936507936507937,-17.77777777777778,0.0,573.3821733821734,-591.3553113553113,14.652014652014651,-11.916971916971915,27.936507936507937
54.5054945054945,868.3760683760684,-839.072039072039,-35.36019536019536,0.0,25.2014652014652,-16.605616605616607,8.4004884004884,28.32722832722833,0.0,-44.737484737484735,-35.36019536019536,0.0,88.4981684981685,-59.58485958485959,18.94993894993895,1.3675213675213675,0.0,95.92185592185592,-50.989010989010985,48.64468864468864,-42.002442002442,0.0,839.4627594627594,-870.3296703296703,25.982905982905983,-46.69108669108669,48.64468864468864
37.31379731379732,593.3089133089134,-531.5750915750916,-56.45909645909646,0.0,-9.963369963369964,-1.7582417582417582,23.63858363858364,27.936507936507937,0.0,-38.095238095238095,-35.75091575091575,0.0,75.21367521367522,-47.081807081807085,15.433455433455434,0.1953601953601953,0.0,96.7032967032967,-39.65811965811966,40.43956043956044,-51.37973137973138,0.0,531.965811965812,-607.3748473748474,41.22100122100122,-34.57875457875458,40.43956043956044
39.65811965811966,646.8376068376068,-594.0903540903541,-60.366300366300365,0.0,-18.94993894993895,2.5396825396825395,30.671550671550676,13.870573870573873,0.0,-32.62515262515262,-36.92307692307692,0.0,56.45909645909646,-43.95604395604396,12.698412698412698,-4.102564102564102,0.0,79.12087912087912,2.5396825396825395,5.665445665445666,-64.66422466422466,0.0,594.4810744810745,-674.1880341880342,42.78388278388278,14.652014652014651,5.665445665445666
34.57875457875458,429.98778998779,-386.2271062271062,-49.03540903540904,0.0,-9.572649572649572,-4.493284493284493,25.592185592185597,15.042735042735044,0.0,-35.36019536019536,-39.26739926739927,0.0,56.84981684981685,-51.37973137973138,6.446886446886447,1.3675213675213675,0.0,89.67032967032966,3.711843711843712,-16.996336996336996,-61.14774114774115,0.0,386.6178266178266,-454.6031746031746,48.64468864468864,24.81074481074481,-16.996336996336996
-4.493284493284493,542.9059829059829,-490.94017094017096,-37.31379731379732,0.0,5.274725274725275,-21.68498168498169,8.791208791208792,13.47985347985348,0.0,-46.3003663003663,-46.69108669108669,0.0,51.37973137973138,-60.366300366300365,-0.1953601953601953,0.1953601953601953,0.0,81.46520146520146,-13.870573870573873,-13.47985347985348,-61.92918192918193,0.0,491.33089133089135,-544.4688644688645,50.989010989010985,15.433455433455434,-13.47985347985348
-32.234432234432234,245.958485958486,-226.031746031746,-22.075702075702075,0.0,0.9768009768009768,-33.40659340659341,-6.446886446886447,1.3675213675213675,0.0,-56.84981684981685,-52.94261294261294,0.0,52.16117216117216,-81.46520146520146,-6.446886446886447,-4.884004884004884,0.0,61.53846153846154,-26.764346764346765,-11.916971916971915,-62.71062271062271,0.0,226.4224664224664,-249.08424908424908,58.02197802197802,10.354090354090356,-11.916971916971915
-51.77045177045177,91.23321123321124,-72.08791208791209,-27.155067155067155,0.0,-18.94993894993895,-32.62515262515262,-11.916971916971915,1.7582417582417582,0.0,-61.14774114774115,-61.14774114774115,0.0,47.86324786324786,-92.014652014652,-8.00976800976801,-13.47985347985348,0.0,51.37973137973138,-65.83638583638583,13.089133089133089,-64.27350427350427,0.0,72.47863247863248,-97.87545787545788,57.24053724053724,-24.02930402930403,13.089133089133089
-62.71062271062271,408.10744810744814,-372.9426129426129,-52.16117216117216,0.0,-53.724053724053725,-16.605616605616607,-13.089133089133089,1.3675213675213675,0.0,-59.975579975579976,-65.83638583638583,0.0,16.605616605616607,-89.67032967032966,-4.493284493284493,-22.466422466422465,0.0,33.01587301587302,-6.446886446886447,-35.75091575091575,-91.62393162393164,0.0,373.3333333333333,-421.78266178266176,74.04151404151405,29.499389499389498,-35.75091575091575
-63.88278388278388,310.03663003663,-269.010989010989,-58.02197802197802,0.0,-54.89621489621489,-15.824175824175825,-10.354090354090356,-1.3675213675213675,0.0,-52.94261294261294,-59.58485958485959,0.0,-17.387057387057386,-63.88278388278388,-2.148962148962149,-18.168498168498168,0.0,17.77777777777778,9.18192918192918,-45.51892551892552,-83.80952380952381,0.0,269.4017094017094,-346.7643467643468,91.23321123321124,45.12820512820513,-45.51892551892552
-61.92918192918193,43.17460317460318,-2.93040293040293,-50.5982905982906,0.0,-29.499389499389498,-14.261294261294262,-15.433455433455434,-13.47985347985348,0.0,-46.3003663003663,-54.5054945054945,0.0,-21.294261294261293,-46.69108669108669,-4.884004884004884,-31.843711843711844,0.0,23.63858363858364,-4.102564102564102,-42.39316239316239,-81.46520146520146,0.0,3.3211233211233213,-64.66422466422466,82.24664224664225,20.903540903540904,-42.39316239316239
-50.5982905982906,71.6971916971917,4.102564102564102,-29.499389499389498,0.0,-11.526251526251526,-2.148962148962149,-0.9768009768009768,7.619047619047619,0.0,-36.14163614163614,-34.57875457875458,0.0,-9.572649572649572,-31.062271062271066,8.791208791208792,-7.619047619047619,0.0,46.3003663003663,-37.704517704517706,15.824175824175825,-64.27350427350427,0.0,-3.711843711843712,-69.74358974358974,76.38583638583638,-23.63858363858364,15.824175824175825
-64.66422466422466,-58.41269841269841,131.08669108669108,-10.354090354090356,0.0,-13.870573870573873,-2.5396825396825395,3.3211233211233213,8.00976800976801,0.0,-27.936507936507937,-25.982905982905983,0.0,-20.12210012210012,-24.42002442002442,4.493284493284493,12.698412698412698,0.0,47.86324786324786,78.73015873015873,-120.53724053724054,-32.62515262515262,0.0,-130.6959706959707,82.24664224664225,72.08791208791209,103.34554334554336,-120.53724053724054
-65.44566544566544,70.91575091575092,-16.214896214896214,-17.77777777777778,0.0,-34.18803418803419,-0.9768009768009768,1.3675213675213675,2.5396825396825395,0.0,-35.75091575091575,-32.62515262515262,0.0,-4.493284493284493,-57.24053724053724,-11.916971916971915,-6.446886446886447,0.0,40.43956043956044,-79.12087912087912,0.1953601953601953,-41.61172161172161,0.0,16.605616605616607,-42.002442002442,52.16117216117216,-42.002442002442,0.1953601953601953
-65.05494505494505,-114.28571428571428,219.78021978021977,-29.10866910866911,0.0,-42.39316239316239,3.3211233211233213,17.77777777777778,28.71794871794872,0.0,-36.53235653235653,-30.28083028083028,0.0,2.148962148962149,-63.49206349206349,-8.4004884004884,9.572649572649572,0.0,26.764346764346765,-108.8156288156288,76.38583638583638,-54.5054945054945,0.0,-219.38949938949935,116.63003663003664,71.30647130647131,-65.05494505494505,76.38583638583638
-87.71672771672772,54.5054945054945,34.57875457875458,-33.01587301587302,0.0,-52.94261294261294,-6.446886446886447,8.00976800976801,15.824175824175825,0.0,-45.12820512820513,-46.3003663003663,0.0,-16.996336996336996,-75.6043956043956,-17.387057387057386,7.619047619047619,0.0,-15.824175824175825,-26.37362637362637,-14.261294261294262,-44.737484737484735,0.0,-34.18803418803419,-70.52503052503053,79.12087912087912,21.68498168498169,-14.261294261294262
-89.67032967032966,-210.7936507936508,277.997557997558,-29.10866910866911,0.0,-39.26739926739927,-8.791208791208792,-10.354090354090356,4.884004884004884,0.0,-52.94261294261294,-61.14774114774115,0.0,8.791208791208792,-80.29304029304029,-23.247863247863247,-1.7582417582417582,0.0,-4.884004884004884,-56.45909645909646,16.996336996336996,-50.5982905982906,0.0,-277.6068376068376,172.8937728937729,95.14041514041514,-18.55921855921856,16.996336996336996
-88.1074481074481,-27.936507936507937,106.86202686202688,-26.37362637362637,0.0,-29.89010989010989,-7.228327228327228,-7.619047619047619,6.446886446886447,0.0,-48.64468864468864,-63.10134310134311,0.0,41.22100122100122,-72.47863247863248,-10.744810744810744,-3.3211233211233213,0.0,29.499389499389498,-63.88278388278388,62.71062271062271,-73.65079365079364,0.0,-106.47130647130648,-23.63858363858364,129.9145299145299,-47.472527472527474,62.71062271062271
-110.37851037851038,-335.04273504273505,410.45177045177047,-10.744810744810744,0.0,-61.53846153846154,3.3211233211233213,1.3675213675213675,7.228327228327228,0.0,-41.61172161172161,-59.1941391941392,0.0,28.32722832722833,-52.94261294261294,-4.102564102564102,-4.493284493284493,0.0,56.06837606837607,109.98778998778998,-125.6166056166056,-73.65079365079364,0.0,-410.0610500610501,308.86446886446885,132.25885225885227,134.6031746031746,-125.6166056166056
-115.06715506715508,63.49206349206349,-18.55921855921856,-7.619047619047619,0.0,-81.07448107448107,8.4004884004884,-1.7582417582417582,-6.056166056166056,0.0,-39.65811965811966,-56.06837606837607,0.0,11.526251526251526,-45.12820512820513,-9.572649572649572,-18.55921855921856,0.0,82.63736263736264,33.40659340659341,-88.88888888888889,-89.27960927960928,0.0,18.94993894993895,-71.6971916971917,143.1990231990232,64.27350427350427,-88.88888888888889
-116.23931623931624,68.96214896214896,8.4004884004884,-26.764346764346765,0.0,-72.08791208791209,12.307692307692308,1.7582417582417582,-9.963369963369964,0.0,-34.969474969474966,-43.56532356532357,0.0,-9.18192918192918,-34.969474969474966,-9.572649572649572,-19.73137973137973,0.0,69.74358974358974,-27.545787545787547,-23.63858363858364,-92.4053724053724,0.0,-8.00976800976801,-75.6043956043956,152.96703296703296,4.884004884004884,-23.63858363858364
-132.25885225885227,394.43223443223445,-281.51404151404154,-40.83028083028083,0.0,-74.82295482295483,10.354090354090356,12.698412698412698,-11.135531135531137,0.0,-27.936507936507937,-35.75091575091575,0.0,-30.671550671550676,-21.68498168498169,-10.354090354090356,-18.168498168498168,0.0,47.081807081807085,-39.26739926739927,-11.526251526251526,-78.33943833943835,0.0,281.9047619047619,-385.8363858363858,152.57631257631255,-19.34065934065934,-11.526251526251526
-117.8021978021978,570.6471306471307,-477.65567765567766,-26.764346764346765,0.0,-53.724053724053725,-4.884004884004884,12.698412698412698,-7.228327228327228,0.0,-23.247863247863247,-35.36019536019536,0.0,-24.42002442002442,-30.28083028083028,-11.135531135531137,1.3675213675213675,0.0,28.32722832722833,-100.21978021978022,57.24053724053724,-51.37973137973138,0.0,478.04639804639805,-548.7667887667887,123.66300366300366,-89.27960927960928,57.24053724053724
-103.34554334554336,188.5225885225885,-109.5970695970696,-9.18192918192918,0.0,-34.969474969474966,-17.77777777777778,14.261294261294262,2.93040293040293,0.0,-26.764346764346765,-38.095238095238095,0.0,-20.12210012210012,-36.14163614163614,-6.056166056166056,12.698412698412698,0.0,27.545787545787547,-22.466422466422465,-4.493284493284493,-50.20757020757021,0.0,109.98778998778998,-195.55555555555557,148.2783882783883,-8.4004884004884,-4.493284493284493
-110.76923076923076,247.52136752136752,-145.15262515262515,18.94993894993895,0.0,-20.12210012210012,-22.075702075702075,17.387057387057386,32.62515262515262,0.0,-26.764346764346765,-37.31379731379732,0.0,-2.5396825396825395,-38.48595848595848,-1.7582417582417582,23.63858363858364,0.0,42.002442002442,-14.652014652014651,-8.791208791208792,-38.48595848595848,0.0,145.54334554334554,-259.6336996336996,194.3833943833944,-13.47985347985348,-8.791208791208792
-119.75579975579976,535.4822954822955,-471.79487179487177,34.969474969474966,0.0,-34.57875457875458,-30.671550671550676,11.135531135531137,31.062271062271066,0.0,-38.095238095238095,-48.25396825396825,0.0,-6.056166056166056,-47.86324786324786,-7.619047619047619,11.135531135531137,0.0,31.843711843711844,-26.37362637362637,-8.791208791208792,-47.081807081807085,0.0,472.1855921855922,-534.3101343101343,164.2979242979243,-4.884004884004884,-8.791208791208792
-133.82173382173383,549.5482295482295,-453.4310134310134,-4.493284493284493,0.0,-54.5054945054945,-26.764346764346765,13.47985347985348,22.857142857142858,0.0,-53.724053724053725,-50.20757020757021,0.0,-19.34065934065934,-59.1941391941392,-9.572649572649572,11.135531135531137,0.0,21.294261294261293,-2.93040293040293,-46.69108669108669,-49.81684981684982,0.0,453.8217338217338,-560.09768009768,187.3504273504273,26.37362637362637,-46.69108669108669
-142.8083028083028,648.4004884004884,-535.0915750915751,-29.10866910866911,0.0,-51.77045177045177,-23.247863247863247,2.5396825396825395,10.744810744810744,0.0,-56.45909645909646,-52.55189255189255,0.0,-4.493284493284493,-67.3992673992674,-10.354090354090356,4.493284493284493,0.0,29.499389499389498,-19.73137973137973,-42.78388278388278,-45.51892551892552,0.0,535.4822954822955,-664.0293040293041,195.55555555555557,-0.9768009768009768,-42.78388278388278
-151.01343101343102,596.4346764346765,-514.7741147741148,-18.168498168498168,0.0,-63.49206349206349,-13.870573870573873,-6.446886446886447,-4.493284493284493,0.0,-54.89621489621489,-55.67765567765568,0.0,-7.228327228327228,-72.08791208791209,-9.963369963369964,-0.1953601953601953,0.0,29.89010989010989,-56.45909645909646,-22.075702075702075,-42.002442002442,0.0,515.1648351648352,-597.2161172161173,153.35775335775335,-25.592185592185597,-22.075702075702075
-144.76190476190476,685.5189255189255,-617.9242979242979,-19.73137973137973,0.0,-71.30647130647131,-9.963369963369964,-4.102564102564102,-12.307692307692308,0.0,-46.3003663003663,-52.94261294261294,0.0,-25.592185592185597,-70.91575091575092,-3.3211233211233213,4.884004884004884,0.0,49.81684981684982,-122.1001221001221,24.81074481074481,-48.64468864468864,0.0,618.3150183150183,-699.1941391941392,182.27106227106228,-90.06105006105007,24.81074481074481
-127.57020757020756,606.984126984127,-514.7741147741148,-9.572649572649572,0.0,-41.61172161172161,-7.228327228327228,3.3211233211233213,-0.5860805860805861,0.0,-29.499389499389498,-45.12820512820513,0.0,-11.135531135531137,-68.57142857142857,3.711843711843712,7.228327228327228,0.0,83.80952380952381,-68.96214896214896,-24.81074481074481,-59.1941391941392,0.0,515.1648351648352,-606.984126984127,195.16483516483515,-34.57875457875458,-24.81074481074481
-121.31868131868131,896.1172161172161,-781.2454212454212,7.228327228327228,0.0,-18.168498168498168,-5.274725274725275,9.572649572649572,12.698412698412698,0.0,-18.168498168498168,-40.04884004884005,0.0,-17.77777777777778,-49.81684981684982,4.102564102564102,7.228327228327228,0.0,65.05494505494505,-57.24053724053724,-1.7582417582417582,-61.92918192918193,0.0,781.6361416361416,-865.2503052503052,187.3504273504273,-43.95604395604396,-1.7582417582417582
-126.7887667887668,581.1965811965812,-450.3052503052503,2.93040293040293,0.0,-26.37362637362637,-7.228327228327228,22.857142857142858,16.214896214896214,0.0,-17.77777777777778,-34.57875457875458,0.0,-30.671550671550676,-46.3003663003663,2.5396825396825395,8.791208791208792,0.0,50.20757020757021,-120.92796092796092,70.13431013431014,-65.44566544566544,0.0,450.6959706959707,-538.998778998779,218.6080586080586,-133.82173382173383,70.13431013431014
-131.4774114774115,796.8742368742369,-662.4664224664225,-2.93040293040293,0.0,-39.65811965811966,-4.493284493284493,21.294261294261293,20.12210012210012,0.0,-17.77777777777778,-33.40659340659341,0.0,-32.234432234432234,-44.346764346764346,0.5860805860805861,13.870573870573873,0.0,21.294261294261293,-61.14774114774115,34.969474969474966,-56.45909645909646,0.0,662.8571428571429,-771.0866910866911,190.47619047619048,-61.14774114774115,34.969474969474966
-157.65567765567766,654.6520146520146,-531.5750915750916,6.837606837606837,0.0,-43.56532356532357,-9.963369963369964,4.884004884004884,19.34065934065934,0.0,-20.12210012210012,-46.3003663003663,0.0,-54.89621489621489,-44.346764346764346,-6.446886446886447,9.18192918192918,0.0,0.1953601953601953,24.42002442002442,-70.52503052503053,-50.5982905982906,0.0,531.965811965812,-640.5860805860806,199.85347985347985,31.45299145299145,-70.52503052503053
-204.93284493284492,716.7765567765567,-629.6459096459097,31.062271062271066,0.0,-73.26007326007326,-12.307692307692308,-11.135531135531137,9.18192918192918,0.0,-22.466422466422465,-59.975579975579976,0.0,-72.86935286935287,-49.03540903540904,-12.698412698412698,4.102564102564102,0.0,-1.3675213675213675,-99.43833943833944,18.55921855921856,-47.86324786324786,0.0,630.0366300366301,-707.008547008547,219.78021978021977,-77.55799755799755,18.55921855921856
-193.992673992674,472.5763125763126,-413.1868131868132,16.605616605616607,0.0,-71.30647130647131,-15.433455433455434,-16.996336996336996,-13.47985347985348,0.0,-19.73137973137973,-72.86935286935287,0.0,-23.247863247863247,-64.27350427350427,-21.294261294261293,-6.056166056166056,0.0,34.18803418803419,-98.65689865689866,2.93040293040293,-56.45909645909646,0.0,413.5775335775336,-468.27838827838826,195.94627594627596,-56.84981684981685,2.93040293040293
-152.18559218559218,903.931623931624,-807.4236874236874,11.916971916971915,0.0,-9.572649572649572,-20.12210012210012,-12.698412698412698,-1.3675213675213675,0.0,-22.466422466422465,-71.30647130647131,0.0,25.2014652014652,-75.6043956043956,-22.857142857142858,-5.274725274725275,0.0,51.77045177045177,-58.8034188034188,-15.824175824175825,-56.45909645909646,0.0,807.8144078144078,-904.7130647130648,199.46275946275944,-28.71794871794872,-15.824175824175825
-125.6166056166056,650.7448107448107,-556.5811965811965,-3.3211233211233213,0.0,12.698412698412698,-18.55921855921856,-8.791208791208792,-20.903540903540904,0.0,-33.01587301587302,-67.00854700854701,0.0,39.65811965811966,-81.46520146520146,-20.12210012210012,-7.228327228327228,0.0,61.14774114774115,-139.68253968253967,70.13431013431014,-63.10134310134311,0.0,556.9719169719169,-637.4603174603175,192.42979242979243,-122.1001221001221,70.13431013431014
-113.11355311355312,576.1172161172161,-483.9072039072039,-16.605616605616607,0.0,-2.93040293040293,-10.744810744810744,1.3675213675213675,-25.982905982905983,0.0,-37.31379731379732,-58.41269841269841,0.0,33.01587301587302,-79.51159951159951,-13.870573870573873,-5.665445665445666,0.0,68.18070818070818,-153.74847374847374,79.51159951159951,-61.92918192918193,0.0,484.2979242979243,-565.5677655677656,183.83394383394383,-136.94749694749694,79.51159951159951
-119.75579975579976,521.4163614163614,-371.77045177045176,-20.512820512820515,0.0,-12.307692307692308,4.884004884004884,9.572649572649572,4.884004884004884,0.0,-31.062271062271066,-42.39316239316239,0.0,6.446886446886447,-84.2002442002442,-1.7582417582417582,19.73137973137973,0.0,42.78388278388278,-71.30647130647131,16.214896214896214,-47.472527472527474,0.0,372.16117216117215,-519.8534798534798,186.95970695970692,-45.12820512820513,16.214896214896214
-156.87423687423689,540.5616605616606,-410.84249084249086,-15.433455433455434,0.0,-49.81684981684982,6.446886446886447,0.1953601953601953,-1.3675213675213675,0.0,-27.545787545787547,-40.83028083028083,0.0,-26.37362637362637,-92.014652014652,3.3211233211233213,21.294261294261293,0.0,45.51892551892552,-84.59096459096459,7.228327228327228,-62.71062271062271,0.0,411.2332112332113,-528.058608058608,214.31013431013432,-59.975579975579976,7.228327228327228
-197.8998778998779,548.3760683760684,-445.6166056166056,2.5396825396825395,0.0,-106.86202686202688,13.089133089133089,-0.9768009768009768,0.9768009768009768,0.0,-16.996336996336996,-40.04884004884005,0.0,-66.61782661782662,-72.86935286935287,2.5396825396825395,15.042735042735044,0.0,54.114774114774114,-106.08058608058607,8.00976800976801,-77.94871794871794,0.0,446.007326007326,-535.8730158730159,240.0976800976801,-69.74358974358974,8.00976800976801
-196.33699633699635,581.978021978022,-491.33089133089135,5.665445665445666,0.0,-102.95482295482296,7.619047619047619,-3.3211233211233213,-1.7582417582417582,0.0,-8.791208791208792,-40.83028083028083,0.0,-63.10134310134311,-84.98168498168498,-4.102564102564102,15.824175824175825,0.0,43.56532356532357,-43.56532356532357,-63.49206349206349,-73.26007326007326,0.0,491.7216117216117,-565.5677655677656,236.1904761904762,2.93040293040293,-63.49206349206349
-172.11233211233213,787.4969474969475,-708.1807081807082,2.93040293040293,0.0,-84.2002442002442,9.18192918192918,-4.884004884004884,-9.572649572649572,0.0,-11.526251526251526,-42.39316239316239,0.0,-75.6043956043956,-49.42612942612943,-11.916971916971915,2.5396825396825395,0.0,54.89621489621489,-88.1074481074481,-27.936507936507937,-73.65079365079364,0.0,708.5714285714286,-789.4505494505495,246.3492063492064,-40.43956043956044,-27.936507936507937
-140.85470085470087,374.8962148962149,-337.3870573870574,14.652014652014651,0.0,-56.84981684981685,2.93040293040293,-4.493284493284493,-29.89010989010989,0.0,-25.2014652014652,-47.472527472527474,0.0,-47.86324786324786,-38.095238095238095,-16.605616605616607,-12.698412698412698,0.0,72.08791208791209,-122.4908424908425,15.042735042735044,-81.85592185592185,0.0,337.77777777777777,-392.4786324786325,240.4884004884005,-72.47863247863248,15.042735042735044
-124.83516483516485,572.991452991453,-492.5030525030525,1.3675213675213675,0.0,-2.5396825396825395,-5.665445665445666,-0.9768009768009768,-32.62515262515262,0.0,-36.53235653235653,-44.737484737484735,0.0,-6.837606837606837,-52.94261294261294,-21.68498168498169,-1.3675213675213675,0.0,68.57142857142857,-101.3919413919414,7.228327228327228,-59.1941391941392,0.0,492.8937728937729,-585.1037851037851,234.23687423687423,-56.06837606837607,7.228327228327228
-110.37851037851038,540.5616605616606,-401.074481074481,-9.572649572649572,0.0,31.843711843711844,0.1953601953601953,3.711843711843712,-17.77777777777778,0.0,-47.081807081807085,-37.704517704517706,0.0,40.43956043956044,-71.30647130647131,-16.996336996336996,12.698412698412698,0.0,88.88888888888889,-114.67643467643468,40.83028083028083,-51.37973137973138,0.0,401.4652014652015,-539.3894993894994,229.1575091575092,-78.73015873015873,40.83028083028083
-123.27228327228327,662.4664224664225,-540.1709401709402,-2.148962148962149,0.0,22.075702075702075,3.711843711843712,-3.711843711843712,-26.764346764346765,0.0,-51.77045177045177,-40.43956043956044,0.0,29.10866910866911,-78.33943833943835,-14.261294261294262,18.94993894993895,0.0,93.18681318681318,-134.6031746031746,50.5982905982906,-55.28693528693529,0.0,540.5616605616606,-645.2747252747253,228.3760683760684,-99.43833943833944,50.5982905982906
-142.8083028083028,342.07570207570205,-206.1050061050061,-6.446886446886447,0.0,2.93040293040293,12.698412698412698,-5.274725274725275,-25.2014652014652,0.0,-42.78388278388278,-37.31379731379732,0.0,-5.665445665445666,-85.37240537240537,-11.916971916971915,32.62515262515262,0.0,76.77655677655677,-127.57020757020756,23.247863247863247,-45.12820512820513,0.0,206.4957264957265,-310.8180708180708,226.4224664224664,-83.02808302808303,23.247863247863247
-132.25885225885227,666.7643467643468,-521.025641025641,-38.87667887667888,0.0,-10.744810744810744,21.68498168498169,-16.996336996336996,-20.12210012210012,0.0,-32.234432234432234,-34.57875457875458,0.0,-43.17460317460318,-65.83638583638583,-10.354090354090356,36.14163614163614,0.0,90.06105006105007,-104.9084249084249,-14.652014652014651,-54.89621489621489,0.0,521.4163614163614,-673.7973137973138,246.3492063492064,-39.65811965811966,-14.652014652014651
-145.93406593406593,480.0,-352.6251526251526,-32.234432234432234,0.0,-18.168498168498168,18.55921855921856,-20.903540903540904,-30.28083028083028,0.0,-24.81074481074481,-35.75091575091575,0.0,-30.671550671550676,-60.366300366300365,-11.916971916971915,20.12210012210012,0.0,107.64346764346764,-135.3846153846154,13.870573870573873,-70.13431013431014,0.0,353.015873015873,-487.032967032967,254.55433455433456,-68.57142857142857,13.870573870573873
-151.01343101343102,492.1123321123321,-369.035409035409,-23.63858363858364,0.0,-22.466422466422465,18.168498168498168,-10.744810744810744,-36.53235653235653,0.0,-15.042735042735044,-26.37362637362637,0.0,-18.168498168498168,-62.71062271062271,-6.446886446886447,21.294261294261293,0.0,107.25274725274726,-126.7887667887668,20.12210012210012,-68.18070818070818,0.0,369.4261294261294,-491.33089133089135,252.991452991453,-64.27350427350427,20.12210012210012
-154.9206349206349,301.83150183150184,-172.11233211233213,-19.34065934065934,0.0,-29.499389499389498,17.77777777777778,-1.3675213675213675,-32.62515262515262,0.0,-10.744810744810744,-17.77777777777778,0.0,-24.42002442002442,-58.41269841269841,-2.5396825396825395,18.55921855921856,0.0,99.82905982905984,-96.31257631257633,-2.148962148962149,-68.18070818070818,0.0,172.50305250305252,-297.92429792429795,252.6007326007326,-36.92307692307692,-2.148962148962149
-175.23809523809524,612.4542124542124,-480.7814407814408,-0.1953601953601953,0.0,-54.5054945054945,25.2014652014652,12.307692307692308,-28.71794871794872,0.0,-14.261294261294262,-13.089133089133089,0.0,-40.04884004884005,-52.94261294261294,0.5860805860805861,24.42002442002442,0.0,81.07448107448107,-124.83516483516485,29.499389499389498,-54.114774114774114,0.0,481.1721611721612,-591.7460317460317,221.34310134310132,-46.69108669108669,29.499389499389498
-170.94017094017093,462.8083028083028,-350.2808302808303,13.47985347985348,0.0,-50.989010989010985,31.45299145299145,13.089133089133089,-40.43956043956044,0.0,-9.572649572649572,-15.042735042735044,0.0,-62.31990231990232,-40.43956043956044,0.5860805860805861,24.81074481074481,0.0,50.989010989010985,-135.77533577533578,53.333333333333336,-46.3003663003663,0.0,350.6715506715507,-431.941391941392,194.7741147741148,-56.45909645909646,53.333333333333336
-146.7155067155067,401.074481074481,-284.63980463980465,-22.075702075702075,0.0,-34.18803418803419,24.02930402930403,5.274725274725275,-49.81684981684982,0.0,-17.77777777777778,-18.168498168498168,0.0,-75.995115995116,-40.04884004884005,-2.93040293040293,30.28083028083028,0.0,40.04884004884005,-121.7094017094017,32.62515262515262,-40.83028083028083,0.0,285.03052503052504,-385.44566544566544,178.36385836385836,-37.704517704517706,32.62515262515262
-160.0,414.3589743589744,-253.77289377289375,-38.87667887667888,0.0,-27.936507936507937,16.605616605616607,9.572649572649572,-38.48595848595848,0.0,-29.10866910866911,-13.47985347985348,0.0,-49.03540903540904,-73.26007326007326,-4.493284493284493,35.75091575091575,0.0,32.234432234432234,-133.82173382173383,46.69108669108669,-36.92307692307692,0.0,254.16361416361417,-394.04151404151406,168.5958485958486,-38.095238095238095,46.69108669108669
-156.87423687423689,318.24175824175825,-177.97313797313797,-17.387057387057386,0.0,-16.214896214896214,14.261294261294262,0.9768009768009768,-34.57875457875458,0.0,-35.36019536019536,-10.744810744810744,0.0,-32.234432234432234,-86.15384615384616,-6.837606837606837,50.20757020757021,0.0,28.71794871794872,-101.78266178266178,25.592185592185597,-28.32722832722833,0.0,178.36385836385836,-285.8119658119658,164.6886446886447,-21.294261294261293,25.592185592185597
-168.98656898656898,387.7899877899878,-245.1770451770452,-45.90964590964591,0.0,-33.7973137973138,6.446886446886447,-4.884004884004884,-41.22100122100122,0.0,-42.39316239316239,-13.089133089133089,0.0,-48.64468864468864,-112.33211233211232,-9.18192918192918,49.03540903540904,0.0,-2.93040293040293,-101.78266178266178,13.089133089133089,-30.671550671550676,0.0,245.5677655677656,-364.3467643467644,162.34432234432234,-24.42002442002442,13.089133089133089
-180.31746031746036,382.7106227106227,-261.5873015873016,-29.89010989010989,0.0,-44.346764346764346,2.93040293040293,-10.744810744810744,-38.095238095238095,0.0,-40.83028083028083,-18.168498168498168,0.0,-71.30647130647131,-104.9084249084249,-9.572649572649572,42.78388278388278,0.0,-13.870573870573873,-118.1929181929182,33.7973137973138,-45.51892551892552,0.0,261.978021978022,-364.7374847374848,170.15873015873015,-41.22100122100122,33.7973137973138
-192.03907203907204,610.5006105006105,-530.0122100122101,-10.354090354090356,0.0,-87.71672771672772,24.81074481074481,-12.307692307692308,-47.86324786324786,0.0,-36.14163614163614,-20.512820512820515,0.0,-81.85592185592185,-70.91575091575092,-7.228327228327228,34.969474969474966,0.0,5.274725274725275,-116.63003663003664,34.969474969474966,-49.42612942612943,0.0,530.4029304029305,-597.2161172161173,171.7216117216117,-42.78388278388278,34.969474969474966
-188.13186813186812,160.3907203907204,-95.92185592185592,-34.57875457875458,0.0,-109.5970695970696,29.499389499389498,-16.214896214896214,-63.49206349206349,0.0,-29.89010989010989,-19.73137973137973,0.0,-84.98168498168498,-61.92918192918193,-6.837606837606837,19.73137973137973,0.0,7.228327228327228,-122.88156288156289,24.02930402930403,-43.95604395604396,0.0,96.31257631257633,-157.26495726495727,160.3907203907204,-53.724053724053725,24.02930402930403
-206.4957264957265,429.5970695970696,-337.77777777777777,-29.499389499389498,0.0,-129.13308913308913,33.01587301587302,-4.493284493284493,-44.737484737484735,0.0,-29.89010989010989,-2.5396825396825395,0.0,-122.4908424908425,-47.081807081807085,2.93040293040293,31.843711843711844,0.0,6.446886446886447,-117.4114774114774,8.4004884004884,-32.234432234432234,0.0,338.16849816849816,-424.5177045177045,161.56288156288156,-26.764346764346765,8.4004884004884
-233.84615384615384,259.6336996336996,-181.8803418803419,-0.9768009768009768,0.0,-169.76800976800976,59.1941391941392,-0.5860805860805861,-46.69108669108669,0.0,-32.62515262515262,8.791208791208792,0.0,-159.6092796092796,-29.10866910866911,7.619047619047619,44.346764346764346,0.0,2.93040293040293,-91.23321123321124,-24.02930402930403,-22.857142857142858,0.0,182.27106227106228,-246.3492063492064,159.6092796092796,21.294261294261293,-24.02930402930403
-225.64102564102564,381.92918192918194,-240.4884004884005,-33.7973137973138,0.0,-156.87423687423689,52.55189255189255,8.791208791208792,-25.2014652014652,0.0,-29.89010989010989,17.77777777777778,0.0,-154.9206349206349,-20.512820512820515,4.884004884004884,52.55189255189255,0.0,5.274725274725275,-79.12087912087912,-24.42002442002442,-18.55921855921856,0.0,240.87912087912088,-387.7899877899878,174.84737484737485,27.155067155067155,-24.42002442002442
-242.05128205128204,187.74114774114773,-71.30647130647131,-20.512820512820515,0.0,-129.9145299145299,37.31379731379732,-8.4004884004884,-45.51892551892552,0.0,-34.18803418803419,-3.3211233211233213,0.0,-142.8083028083028,-36.14163614163614,-9.572649572649572,41.61172161172161,0.0,15.042735042735044,-120.14652014652016,13.089133089133089,-55.28693528693529,0.0,71.6971916971917,-173.2844932844933,185.006105006105,-0.5860805860805861,13.089133089133089
-217.04517704517704,415.53113553113553,-318.24175824175825,-25.982905982905983,0.0,-138.1196581196581,51.77045177045177,-6.837606837606837,-54.114774114774114,0.0,-33.01587301587302,-14.652014652014651,0.0,-93.18681318681318,-39.65811965811966,-23.247863247863247,22.466422466422465,0.0,32.62515262515262,-119.75579975579976,33.01587301587302,-79.51159951159951,0.0,318.63247863247864,-421.3919413919414,178.36385836385836,-2.5396825396825395,33.01587301587302
-178.75457875457874,158.43711843711844,-41.22100122100122,-42.002442002442,0.0,-110.37851037851038,56.45909645909646,-9.963369963369964,-40.83028083028083,0.0,-35.36019536019536,-16.996336996336996,0.0,-5.274725274725275,-77.16727716727716,-26.764346764346765,18.168498168498168,0.0,52.16117216117216,-109.5970695970696,32.234432234432234,-66.61782661782662,0.0,41.61172161172161,-169.37728937728937,180.70818070818072,-22.857142857142858,32.234432234432234
-174.06593406593407,200.24420024420024,-115.84859584859583,-46.69108669108669,0.0,-58.02197802197802,20.903540903540904,-39.65811965811966,-60.757020757020754,0.0,-41.61172161172161,-28.71794871794872,0.0,-27.545787545787547,-105.68986568986568,-32.62515262515262,4.102564102564102,0.0,24.02930402930403,-140.46398046398048,11.526251526251526,-58.41269841269841,0.0,116.23931623931624,-174.45665445665446,163.9072039072039,-58.02197802197802,11.526251526251526
-177.97313797313797,-88.88888888888889,162.73504273504273,-53.333333333333336,0.0,-78.73015873015873,17.77777777777778,-31.843711843711844,-64.66422466422466,0.0,-50.989010989010985,-12.698412698412698,0.0,-99.04761904761904,-93.18681318681318,-16.605616605616607,12.307692307692308,0.0,-9.572649572649572,-130.3052503052503,-18.94993894993895,-37.704517704517706,0.0,-162.34432234432234,101.3919413919414,159.21855921855922,-38.87667887667888,-18.94993894993895
-182.27106227106228,-221.7338217338217,338.94993894993894,-32.234432234432234,0.0,-85.76312576312576,25.2014652014652,-15.042735042735044,-22.075702075702075,0.0,-49.03540903540904,18.55921855921856,0.0,-145.54334554334554,-79.9023199023199,1.3675213675213675,46.69108669108669,0.0,1.7582417582417582,-122.88156288156289,-71.30647130647131,15.433455433455434,0.0,-338.5592185592185,211.1843711843712,179.14529914529913,4.884004884004884,-71.30647130647131
-224.46886446886447,21.68498168498169,67.00854700854701,-9.963369963369964,0.0,-106.47130647130648,6.446886446886447,-11.135531135531137,-34.57875457875458,0.0,-42.002442002442,25.2014652014652,0.0,-189.6947496947497,-55.67765567765568,4.884004884004884,40.83028083028083,0.0,0.5860805860805861,-171.7216117216117,-22.466422466422465,-6.056166056166056,0.0,-66.61782661782662,-25.2014652014652,184.6153846153846,-25.2014652014652,-22.466422466422465
-238.14407814407812,57.63125763125763,36.53235653235653,-6.446886446886447,0.0,-162.73504273504273,44.346764346764346,8.4004884004884,-42.002442002442,0.0,-26.764346764346765,39.65811965811966,0.0,-181.8803418803419,-28.32722832722833,11.135531135531137,36.14163614163614,0.0,38.87667887667888,-160.0,1.3675213675213675,-42.39316239316239,0.0,-36.14163614163614,-60.757020757020754,177.97313797313797,8.4004884004884,1.3675213675213675
-192.8205128205128,-202.1978021978022,325.27472527472526,-2.148962148962149,0.0,-136.94749694749694,62.71062271062271,27.155067155067155,-26.37362637362637,0.0,-6.056166056166056,48.64468864468864,0.0,-93.18681318681318,-24.42002442002442,10.744810744810744,32.62515262515262,0.0,113.11355311355312,-124.05372405372404,-16.214896214896214,-47.472527472527474,0.0,-324.88400488400487,176.8009768009768,184.22466422466425,52.55189255189255,-16.214896214896214
-216.65445665445665,-34.969474969474966,164.6886446886447,-14.652014652014651,0.0,-150.23199023199024,74.82295482295483,16.214896214896214,-45.12820512820513,0.0,1.3675213675213675,36.53235653235653,0.0,-88.88888888888889,-35.36019536019536,5.274725274725275,23.247863247863247,0.0,82.24664224664225,-120.14652014652016,3.3211233211233213,-61.53846153846154,0.0,-164.2979242979243,40.83028083028083,187.3504273504273,21.294261294261293,3.3211233211233213
-206.8864468864469,238.14407814407812,-99.82905982905984,-43.17460317460318,0.0,-137.72893772893772,70.13431013431014,11.526251526251526,-57.63125763125763,0.0,2.148962148962149,29.499389499389498,0.0,-77.16727716727716,-41.22100122100122,-0.5860805860805861,21.68498168498169,0.0,51.77045177045177,-122.4908424908425,26.37362637362637,-54.114774114774114,0.0,100.21978021978022,-238.14407814407812,194.3833943833944,-22.075702075702075,26.37362637362637
-177.58241758241758,100.21978021978022,40.43956043956044,-25.2014652014652,0.0,-85.37240537240537,62.71062271062271,2.93040293040293,-43.56532356532357,0.0,-6.446886446886447,30.671550671550676,0.0,-88.4981684981685,-54.5054945054945,0.9768009768009768,27.155067155067155,0.0,32.234432234432234,-87.71672771672772,-24.42002442002442,-33.7973137973138,0.0,-40.04884004884005,-101.78266178266178,200.24420024420024,10.354090354090356,-24.42002442002442
-183.83394383394383,174.45665445665446,-43.95604395604396,-41.22100122100122,0.0,-107.64346764346764,69.74358974358974,-5.665445665445666,-52.16117216117216,0.0,-10.744810744810744,28.32722832722833,0.0,-204.15140415140417,-30.28083028083028,6.837606837606837,22.857142857142858,0.0,-33.7973137973138,-107.25274725274726,-31.45299145299145,-29.89010989010989,0.0,44.346764346764346,-191.64835164835165,208.84004884004884,3.711843711843712,-31.45299145299145
-163.9072039072039,127.57020757020756,-25.592185592185597,-23.247863247863247,0.0,-54.89621489621489,33.7973137973138,-11.916971916971915,-53.724053724053725,0.0,-18.168498168498168,25.982905982905983,0.0,-148.66910866910868,-31.843711843711844,5.665445665445666,11.526251526251526,0.0,12.698412698412698,-189.3040293040293,54.89621489621489,-41.22100122100122,0.0,25.982905982905983,-140.0732600732601,206.8864468864469,-83.02808302808303,54.89621489621489
-182.66178266178267,283.0769230769231,-181.4896214896215,-4.102564102564102,0.0,-65.44566544566544,35.36019536019536,-8.4004884004884,-48.64468864468864,0.0,-24.02930402930403,31.45299145299145,0.0,-130.6959706959707,-44.346764346764346,10.744810744810744,4.102564102564102,0.0,46.3003663003663,-133.04029304029305,-21.294261294261293,-52.55189255189255,0.0,181.8803418803419,-282.2954822954823,220.56166056166057,-13.089133089133089,-21.294261294261293
-179.53601953601952,159.21855921855922,-72.86935286935287,-8.791208791208792,0.0,-53.724053724053725,13.47985347985348,-4.493284493284493,-58.41269841269841,0.0,-12.698412698412698,33.01587301587302,0.0,-105.2991452991453,-39.65811965811966,9.572649572649572,-1.7582417582417582,0.0,99.04761904761904,-107.25274725274726,-61.53846153846154,-67.00854700854701,0.0,73.26007326007326,-168.5958485958486,220.95238095238096,43.95604395604396,-61.53846153846154
-179.9267399267399,445.2258852258853,-347.1550671550672,6.446886446886447,0.0,-40.04884004884005,15.042735042735044,1.7582417582417582,-52.94261294261294,0.0,-3.711843711843712,37.704517704517706,0.0,-8.4004884004884,-70.13431013431014,4.884004884004884,10.354090354090356,0.0,115.84859584859583,-160.0,25.592185592185597,-45.12820512820513,0.0,347.5457875457876,-441.7094017094017,230.32967032967036,-49.03540903540904,25.592185592185597
-131.4774114774115,181.4896214896215,-77.16727716727716,25.2014652014652,0.0,7.619047619047619,21.294261294261293,6.056166056166056,-38.48595848595848,0.0,-0.9768009768009768,45.90964590964591,0.0,48.64468864468864,-101.001221001221,-1.3675213675213675,10.744810744810744,0.0,80.29304029304029,-50.989010989010985,-22.857142857142858,-48.25396825396825,0.0,77.55799755799755,-177.1916971916972,221.7338217338217,27.545787545787547,-22.857142857142858
-117.8021978021978,296.7521367521368,-138.1196581196581,-47.081807081807085,0.0,7.228327228327228,25.982905982905983,18.55921855921856,-60.757020757020754,0.0,-0.9768009768009768,54.114774114774114,0.0,-2.93040293040293,-66.22710622710623,3.3211233211233213,1.7582417582417582,0.0,65.05494505494505,-117.8021978021978,54.89621489621489,-65.44566544566544,0.0,138.5103785103785,-310.03663003663,224.85958485958488,-29.89010989010989,54.89621489621489
-136.94749694749694,227.5946275946276,-64.27350427350427,-34.969474969474966,0.0,-41.61172161172161,57.24053724053724,23.247863247863247,-50.20757020757021,0.0,-0.9768009768009768,55.67765567765568,0.0,-38.48595848595848,-47.081807081807085,3.3211233211233213,2.93040293040293,0.0,57.63125763125763,-172.11233211233213,87.71672771672772,-53.724053724053725,0.0,64.66422466422466,-237.75335775335776,226.4224664224664,-77.94871794871794,87.71672771672772
-179.9267399267399,211.1843711843712,-81.46520146520146,-42.39316239316239,0.0,-115.84859584859583,68.96214896214896,11.916971916971915,-59.975579975579976,0.0,-9.963369963369964,41.22100122100122,0.0,-102.56410256410255,-37.31379731379732,-2.148962148962149,-6.056166056166056,0.0,19.34065934065934,-153.35775335775335,36.14163614163614,-51.77045177045177,0.0,81.85592185592185,-227.985347985348,213.91941391941396,-52.94261294261294,36.14163614163614
-215.87301587301587,-51.37973137973138,173.67521367521368,-48.25396825396825,0.0,-134.6031746031746,50.989010989010985,0.9768009768009768,-60.757020757020754,0.0,-14.652014652014651,28.32722832722833,0.0,-126.3980463980464,-36.53235653235653,-2.148962148962149,-0.9768009768009768,0.0,39.26739926739927,-156.87423687423689,-5.274725274725275,-45.12820512820513,0.0,-173.2844932844933,37.704517704517706,204.93284493284492,-20.12210012210012,-5.274725274725275
-223.6874236874237,92.7960927960928,-13.870573870573873,-20.512820512820515,0.0,-132.25885225885227,34.18803418803419,-12.307692307692308,-55.28693528693529,0.0,-18.94993894993895,15.824175824175825,0.0,-83.41880341880342,-60.366300366300365,-8.791208791208792,2.148962148962149,0.0,47.081807081807085,-138.5103785103785,-25.982905982905983,-33.7973137973138,0.0,14.261294261294262,-109.2063492063492,179.9267399267399,0.5860805860805861,-25.982905982905983
-192.03907203907204,221.7338217338217,-152.18559218559218,-16.996336996336996,0.0,-62.71062271062271,12.307692307692308,-27.545787545787547,-61.92918192918193,0.0,-37.704517704517706,11.135531135531137,0.0,-36.14163614163614,-84.59096459096459,-11.526251526251526,0.1953601953601953,0.0,45.90964590964591,-91.23321123321124,-43.95604395604396,-43.56532356532357,0.0,152.57631257631255,-235.4090354090354,168.2051282051282,40.43956043956044,-43.95604395604396
-179.9267399267399,217.04517704517704,-117.02075702075702,-25.2014652014652,0.0,-45.12820512820513,13.870573870573873,-15.824175824175825,-58.8034188034188,0.0,-52.55189255189255,27.155067155067155,0.0,-49.81684981684982,-85.76312576312576,-2.5396825396825395,0.1953601953601953,0.0,51.77045177045177,-122.4908424908425,-11.135531135531137,-56.45909645909646,0.0,117.4114774114774,-227.2039072039072,178.75457875457874,20.512820512820515,-11.135531135531137
-205.7142857142857,337.3870573870574,-235.4090354090354,-24.42002442002442,0.0,-74.04151404151405,15.824175824175825,-7.619047619047619,-63.49206349206349,0.0,-54.5054945054945,41.22100122100122,0.0,-94.74969474969475,-65.83638583638583,0.1953601953601953,-4.102564102564102,0.0,47.86324786324786,-190.86691086691087,48.25396825396825,-70.91575091575092,0.0,235.7997557997558,-357.7045177045177,209.23076923076923,-43.95604395604396,48.25396825396825
-205.7142857142857,85.37240537240537,-10.354090354090356,-27.545787545787547,0.0,-109.2063492063492,34.57875457875458,-3.3211233211233213,-81.07448107448107,0.0,-55.67765567765568,46.69108669108669,0.0,-143.5897435897436,-37.704517704517706,1.7582417582417582,-8.00976800976801,0.0,28.32722832722833,-170.15873015873015,25.592185592185597,-72.86935286935287,0.0,10.744810744810744,-117.4114774114774,222.12454212454213,-37.31379731379732,25.592185592185597
-223.2967032967033,314.33455433455435,-206.1050061050061,-32.62515262515262,0.0,-148.66910866910868,62.71062271062271,1.7582417582417582,-66.22710622710623,0.0,-48.64468864468864,56.06837606837607,0.0,-191.64835164835165,-46.3003663003663,6.837606837606837,0.1953601953601953,0.0,-1.3675213675213675,-195.94627594627596,31.843711843711844,-65.05494505494505,0.0,206.4957264957265,-351.45299145299145,249.47496947496947,-63.88278388278388,31.843711843711844
-218.6080586080586,247.52136752136752,-141.24542124542126,-35.36019536019536,0.0,-97.87545787545788,28.32722832722833,-9.572649572649572,-69.74358974358974,0.0,-36.92307692307692,52.16117216117216,0.0,-174.84737484737485,-41.22100122100122,2.148962148962149,1.7582417582417582,0.0,9.963369963369964,-191.64835164835165,31.062271062271066,-61.14774114774115,0.0,141.63614163614164,-282.2954822954823,259.24297924297923,-77.55799755799755,31.062271062271066
-208.84004884004884,510.86691086691087,-398.3394383394384,-32.234432234432234,0.0,-86.15384615384616,30.671550671550676,-11.135531135531137,-63.49206349206349,0.0,-41.22100122100122,48.25396825396825,0.0,-117.8021978021978,-61.14774114774115,0.1953601953601953,3.711843711843712,0.0,10.744810744810744,-145.15262515262515,16.996336996336996,-57.63125763125763,0.0,398.73015873015873,-531.965811965812,240.87912087912088,-54.89621489621489,16.996336996336996
-220.95238095238096,204.54212454212453,-88.88888888888889,-34.57875457875458,0.0,-124.44444444444444,47.472527472527474,-9.963369963369964,-53.333333333333336,0.0,-53.724053724053725,46.3003663003663,0.0,-100.6105006105006,-62.71062271062271,0.9768009768009768,7.619047619047619,0.0,31.843711843711844,-140.0732600732601,4.884004884004884,-50.5982905982906,0.0,89.27960927960928,-220.17094017094016,226.4224664224664,-49.81684981684982,4.884004884004884
-228.3760683760684,478.4371184371184,-378.4126984126984,-21.294261294261293,0.0,-136.55677655677655,36.92307692307692,-10.354090354090356,-40.83028083028083,0.0,-65.44566544566544,41.61172161172161,0.0,-70.52503052503053,-68.96214896214896,-4.884004884004884,16.214896214896214,0.0,52.16117216117216,-136.16605616605617,-2.93040293040293,-41.22100122100122,0.0,378.8034188034188,-503.8339438339438,214.31013431013432,-29.89010989010989,-2.93040293040293
-253.3821733821734,156.87423687423689,-97.87545787545788,-5.665445665445666,0.0,-208.0586080586081,48.25396825396825,-8.4004884004884,-32.234432234432234,0.0,-84.98168498168498,33.01587301587302,0.0,-67.3992673992674,-80.68376068376068,-10.354090354090356,15.824175824175825,0.0,27.155067155067155,-108.03418803418803,-18.55921855921856,-42.78388278388278,0.0,98.26617826617829,-198.6813186813187,188.91330891330887,7.619047619047619,-18.55921855921856
-217.43589743589743,229.93894993894995,-165.0793650793651,-15.433455433455434,0.0,-159.6092796092796,33.40659340659341,-8.4004884004884,-33.7973137973138,0.0,-91.23321123321124,25.592185592185597,0.0,-54.114774114774114,-85.37240537240537,-9.572649572649572,23.247863247863247,0.0,42.002442002442,-131.86813186813183,-2.93040293040293,-33.40659340659341,0.0,165.47008547008548,-275.26251526251525,182.66178266178267,-5.665445665445666,-2.93040293040293
-170.54945054945054,34.18803418803419,38.48595848595848,9.963369963369964,0.0,-33.01587301587302,-9.572649572649572,-22.075702075702075,-22.857142857142858,0.0,-90.84249084249085,27.936507936507937,0.0,-22.857142857142858,-99.43833943833944,-13.47985347985348,27.155067155067155,0.0,56.06837606837607,-138.5103785103785,-8.00976800976801,-18.94993894993895,0.0,-38.095238095238095,-66.61782661782662,186.95970695970692,-11.916971916971915,-8.00976800976801
-142.8083028083028,196.33699633699635,-82.24664224664225,-15.042735042735044,0.0,34.18803418803419,-29.89010989010989,-17.387057387057386,-31.062271062271066,0.0,-88.4981684981685,37.31379731379732,0.0,-10.354090354090356,-118.1929181929182,-10.354090354090356,26.37362637362637,0.0,30.671550671550676,-146.7155067155067,13.47985347985348,-11.135531135531137,0.0,82.63736263736264,-231.5018315018315,192.03907203907204,-35.75091575091575,13.47985347985348
-134.21245421245422,138.5103785103785,8.791208791208792,-15.042735042735044,0.0,44.737484737484735,-15.433455433455434,-9.963369963369964,-21.68498168498169,0.0,-79.12087912087912,54.5054945054945,0.0,-74.04151404151405,-77.55799755799755,0.5860805860805861,32.234432234432234,0.0,28.71794871794872,-186.17826617826617,41.61172161172161,-4.102564102564102,0.0,-8.4004884004884,-159.6092796092796,213.13797313797315,-87.32600732600733,41.61172161172161
-174.06593406593407,113.89499389499387,34.57875457875458,-9.963369963369964,0.0,-32.234432234432234,15.433455433455434,-1.3675213675213675,-18.55921855921856,0.0,-69.35286935286935,69.35286935286935,0.0,-133.04029304029305,-66.22710622710623,5.665445665445666,36.14163614163614,0.0,7.619047619047619,-204.54212454212453,33.7973137973138,5.274725274725275,0.0,-34.18803418803419,-123.66300366300366,203.36996336996336,-96.7032967032967,33.7973137973138
-196.33699633699635,-168.5958485958486,315.11599511599513,-21.68498168498169,0.0,-98.65689865689866,36.53235653235653,6.056166056166056,-16.605616605616607,0.0,-62.31990231990232,72.47863247863248,0.0,-153.35775335775335,-56.06837606837607,7.619047619047619,31.843711843711844,0.0,-16.996336996336996,-159.6092796092796,26.764346764346765,-19.73137973137973,0.0,-314.72527472527474,143.98046398046398,216.26373626373623,-77.94871794871794,26.764346764346765
-202.97924297924297,-181.8803418803419,310.4273504273504,-32.62515262515262,0.0,-136.55677655677655,48.64468864468864,5.665445665445666,-26.764346764346765,0.0,-63.88278388278388,62.31990231990232,0.0,-110.76923076923076,-65.05494505494505,3.3211233211233213,20.512820512820515,0.0,20.903540903540904,-146.32478632478632,7.619047619047619,-33.7973137973138,0.0,-310.03663003663,163.9072039072039,197.8998778998779,-55.67765567765568,7.619047619047619
-192.03907203907204,124.05372405372404,15.042735042735044,-39.65811965811966,0.0,-129.9145299145299,49.03540903540904,8.00976800976801,-20.903540903540904,0.0,-62.31990231990232,57.63125763125763,0.0,-64.27350427350427,-72.08791208791209,-0.1953601953601953,33.01587301587302,0.0,40.43956043956044,-125.6166056166056,-3.3211233211233213,-15.824175824175825,0.0,-14.652014652014651,-152.96703296703296,186.17826617826617,-35.75091575091575,-3.3211233211233213
-163.9072039072039,124.05372405372404,-27.155067155067155,-16.996336996336996,0.0,-95.14041514041514,28.71794871794872,-9.18192918192918,-10.744810744810744,0.0,-68.96214896214896,47.081807081807085,0.0,-52.16117216117216,-77.55799755799755,-8.00976800976801,33.40659340659341,0.0,45.51892551892552,-131.08669108669108,-4.493284493284493,-14.652014652014651,0.0,27.545787545787547,-168.2051282051282,184.22466422466425,-39.65811965811966,-4.493284493284493
-149.84126984126985,276.4346764346764,-214.7008547008547,-7.619047619047619,0.0,-61.92918192918193,5.665445665445666,-20.903540903540904,-18.94993894993895,0.0,-84.59096459096459,39.26739926739927,0.0,-91.62393162393164,-72.47863247863248,-4.102564102564102,28.32722832722833,0.0,34.969474969474966,-162.34432234432234,3.711843711843712,-17.387057387057386,0.0,215.0915750915751,-335.04273504273505,186.56898656898656,-43.95604395604396,3.711843711843712
-171.33089133089132,57.63125763125763,40.04884004884005,-2.93040293040293,0.0,-83.80952380952381,16.605616605616607,-10.744810744810744,0.1953601953601953,0.0,-89.27960927960928,48.25396825396825,0.0,-154.9206349206349,-37.704517704517706,4.102564102564102,43.95604395604396,0.0,2.148962148962149,-221.7338217338217,68.57142857142857,5.665445665445666,0.0,-39.65811965811966,-108.8156288156288,186.95970695970692,-101.3919413919414,68.57142857142857
-205.32356532356533,256.5079365079365,-210.7936507936508,31.843711843711844,0.0,-115.45787545787546,3.711843711843712,-18.168498168498168,1.7582417582417582,0.0,-88.4981684981685,48.25396825396825,0.0,-196.33699633699635,-41.61172161172161,6.446886446886447,40.83028083028083,0.0,-34.57875457875458,-182.66178266178267,25.592185592185597,1.3675213675213675,0.0,211.1843711843712,-305.73870573870573,192.8205128205128,-69.35286935286935,25.592185592185597
-214.7008547008547,177.58241758241758,-56.84981684981685,-13.089133089133089,0.0,-85.76312576312576,-15.433455433455434,-2.93040293040293,-3.711843711843712,0.0,-89.27960927960928,50.5982905982906,0.0,-97.48473748473748,-73.26007326007326,4.884004884004884,35.75091575091575,0.0,-9.18192918192918,-151.01343101343102,26.37362637362637,4.493284493284493,0.0,57.24053724053724,-217.43589743589743,191.2576312576313,-55.28693528693529,26.37362637362637
-168.2051282051282,429.5970695970696,-308.08302808302807,-14.261294261294262,0.0,-45.12820512820513,-9.963369963369964,1.3675213675213675,-7.619047619047619,0.0,-88.4981684981685,49.03540903540904,0.0,-14.261294261294262,-88.88888888888889,-2.148962148962149,31.062271062271066,0.0,22.857142857142858,-146.32478632478632,38.87667887667888,9.572649572649572,0.0,308.47374847374846,-454.6031746031746,182.66178266178267,-84.59096459096459,38.87667887667888
-136.94749694749694,170.15873015873015,-54.5054945054945,-26.37362637362637,0.0,-42.39316239316239,9.572649572649572,-0.1953601953601953,-16.214896214896214,0.0,-76.38583638583638,46.69108669108669,0.0,2.93040293040293,-93.57753357753356,-8.4004884004884,27.155067155067155,0.0,44.346764346764346,-153.35775335775335,20.512820512820515,15.824175824175825,0.0,54.89621489621489,-195.94627594627596,172.50305250305252,-88.4981684981685,20.512820512820515
-110.76923076923076,463.1990231990232,-358.0952380952381,-20.512820512820515,0.0,-15.042735042735044,6.056166056166056,-8.00976800976801,-11.135531135531137,0.0,-69.74358974358974,43.56532356532357,0.0,9.963369963369964,-95.92185592185592,-12.698412698412698,21.68498168498169,0.0,54.114774114774114,-171.33089133089132,29.499389499389498,8.791208791208792,0.0,358.48595848595846,-492.5030525030525,169.37728937728937,-99.43833943833944,29.499389499389498
-105.68986568986568,181.0989010989011,-93.57753357753356,-16.214896214896214,0.0,-35.36019536019536,24.42002442002442,-11.135531135531137,-13.870573870573873,0.0,-63.10134310134311,43.56532356532357,0.0,-54.114774114774114,-67.00854700854701,-6.446886446886447,16.214896214896214,0.0,31.843711843711844,-187.74114774114773,49.03540903540904,-5.274725274725275,0.0,93.96825396825396,-210.7936507936508,167.03296703296704,-109.2063492063492,49.03540903540904
-127.57020757020756,211.5750915750916,-104.12698412698413,-20.512820512820515,0.0,-71.6971916971917,41.22100122100122,-9.963369963369964,-2.148962148962149,0.0,-43.17460317460318,48.25396825396825,0.0,-97.48473748473748,-49.81684981684982,1.3675213675213675,23.247863247863247,0.0,25.592185592185597,-154.13919413919413,16.996336996336996,-10.744810744810744,0.0,104.51770451770452,-240.0976800976801,180.31746031746036,-67.78998778998779,16.996336996336996
-143.5897435897436,-40.04884004884005,134.6031746031746,-13.089133089133089,0.0,-96.7032967032967,33.40659340659341,-4.102564102564102,3.3211233211233213,0.0,-40.83028083028083,46.69108669108669,0.0,-69.74358974358974,-47.081807081807085,4.493284493284493,20.512820512820515,0.0,53.724053724053725,-122.88156288156289,-5.665445665445666,-16.605616605616607,0.0,-134.21245421245422,2.148962148962149,181.4896214896215,-30.28083028083028,-5.665445665445666
-132.25885225885227,186.17826617826617,-125.6166056166056,4.884004884004884,0.0,-85.76312576312576,24.42002442002442,-6.446886446886447,0.5860805860805861,0.0,-47.081807081807085,34.969474969474966,0.0,-84.2002442002442,-26.37362637362637,4.493284493284493,10.354090354090356,0.0,58.41269841269841,-116.23931623931624,-6.446886446886447,-31.062271062271066,0.0,126.007326007326,-224.85958485958488,184.6153846153846,-20.12210012210012,-6.446886446886447
-93.96825396825396,140.0732600732601,-106.47130647130648,-1.3675213675213675,0.0,-54.89621489621489,15.824175824175825,-7.619047619047619,-16.214896214896214,0.0,-47.86324786324786,24.42002442002442,0.0,-65.44566544566544,-26.37362637362637,0.9768009768009768,2.93040293040293,0.0,83.41880341880342,-132.64957264957266,-13.870573870573873,-25.982905982905983,0.0,106.86202686202688,-177.58241758241758,172.8937728937729,-31.843711843711844,-13.870573870573873
-83.02808302808303,131.08669108669108,-81.07448107448107,18.168498168498168,0.0,-50.5982905982906,36.14163614163614,-0.9768009768009768,0.1953601953601953,0.0,-38.87667887667888,27.936507936507937,0.0,-60.366300366300365,-13.089133089133089,2.93040293040293,9.963369963369964,0.0,74.82295482295483,-166.25152625152626,36.53235653235653,-6.056166056166056,0.0,81.46520146520146,-164.6886446886447,160.78144078144078,-76.77655677655677,36.53235653235653
-83.41880341880342,64.66422466422466,-27.545787545787547,36.92307692307692,0.0,-25.982905982905983,25.982905982905983,-9.18192918192918,-0.1953601953601953,0.0,-33.40659340659341,29.10866910866911,0.0,-72.08791208791209,-15.042735042735044,1.3675213675213675,12.307692307692308,0.0,22.075702075702075,-147.49694749694748,38.095238095238095,12.698412698412698,0.0,27.936507936507937,-85.76312576312576,130.3052503052503,-77.16727716727716,38.095238095238095
-99.43833943833944,0.9768009768009768,81.07448107448107,0.1953601953601953,0.0,-19.73137973137973,18.168498168498168,-6.446886446886447,-8.4004884004884,0.0,-25.592185592185597,35.36019536019536,0.0,-42.002442002442,-36.53235653235653,2.5396825396825395,5.274725274725275,0.0,-1.7582417582417582,-127.57020757020756,45.51892551892552,12.698412698412698,0.0,-80.68376068376068,-15.824175824175825,127.96092796092796,-93.96825396825396,45.51892551892552
-124.44444444444444,161.17216117216117,-103.73626373626374,3.3211233211233213,0.0,-79.51159951159951,31.45299145299145,-3.711843711843712,-11.526251526251526,0.0,-16.605616605616607,41.22100122100122,0.0,-37.31379731379732,-37.31379731379732,3.711843711843712,0.9768009768009768,0.0,13.089133089133089,-138.5103785103785,38.48595848595848,15.824175824175825,0.0,104.12698412698413,-188.91330891330887,122.88156288156289,-98.65689865689866,38.48595848595848
-131.08669108669108,176.01953601953602,-125.6166056166056,-5.274725274725275,0.0,-79.51159951159951,14.261294261294262,-6.837606837606837,-14.261294261294262,0.0,-16.605616605616607,42.78388278388278,0.0,-38.87667887667888,-26.37362637362637,4.493284493284493,-2.148962148962149,0.0,30.671550671550676,-152.18559218559218,35.36019536019536,21.68498168498169,0.0,126.007326007326,-207.66788766788767,96.7032967032967,-87.32600732600733,35.36019536019536
-132.64957264957266,472.967032967033,-453.040293040293,-2.93040293040293,0.0,-72.86935286935287,-0.9768009768009768,-16.996336996336996,-23.63858363858364,0.0,-22.857142857142858,31.062271062271066,0.0,-49.42612942612943,-29.10866910866911,1.3675213675213675,-22.857142857142858,0.0,34.969474969474966,-146.7155067155067,19.34065934065934,-8.4004884004884,0.0,453.4310134310134,-494.8473748473749,110.76923076923076,-83.80952380952381,19.34065934065934
-101.3919413919414,45.90964590964591,-32.234432234432234,2.5396825396825395,0.0,-80.29304029304029,17.77777777777778,-9.963369963369964,-11.916971916971915,0.0,-31.45299145299145,31.843711843711844,0.0,-74.43223443223444,-16.214896214896214,7.228327228327228,-12.307692307692308,0.0,45.51892551892552,-202.97924297924297,61.92918192918193,-1.3675213675213675,0.0,32.62515262515262,-93.18681318681318,124.05372405372404,-116.63003663003664,61.92918192918193
-80.68376068376068,276.04395604395603,-251.42857142857144,28.32722832722833,0.0,-9.963369963369964,-2.5396825396825395,-19.73137973137973,4.493284493284493,0.0,-38.87667887667888,29.499389499389498,0.0,-62.71062271062271,-22.857142857142858,5.274725274725275,-2.5396825396825395,0.0,25.2014652014652,-177.58241758241758,59.1941391941392,9.18192918192918,0.0,251.8192918192918,-297.5335775335776,110.37851037851038,-96.31257631257633,59.1941391941392
-82.24664224664225,167.42368742368745,-126.7887667887668,7.619047619047619,0.0,14.261294261294262,-17.77777777777778,-23.247863247863247,-6.446886446886447,0.0,-46.3003663003663,20.512820512820515,0.0,-67.00854700854701,-34.969474969474966,4.884004884004884,-12.307692307692308,0.0,-14.261294261294262,-108.8156288156288,23.63858363858364,-10.354090354090356,0.0,127.17948717948718,-180.70818070818072,127.57020757020756,-59.58485958485959,23.63858363858364
-75.6043956043956,271.74603174603175,-222.12454212454213,4.102564102564102,0.0,13.47985347985348,-11.526251526251526,-16.214896214896214,-7.619047619047619,0.0,-45.51892551892552,22.466422466422465,0.0,-50.5982905982906,-33.40659340659341,3.3211233211233213,-14.652014652014651,0.0,2.93040293040293,-127.57020757020756,28.32722832722833,-0.9768009768009768,0.0,222.5152625152625,-275.26251526251525,109.2063492063492,-77.55799755799755,28.32722832722833
-91.62393162393164,21.68498168498169,18.94993894993895,19.73137973137973,0.0,-12.698412698412698,-6.446886446886447,-6.837606837606837,-3.3211233211233213,0.0,-37.704517704517706,30.671550671550676,0.0,-10.354090354090356,-30.671550671550676,4.493284493284493,-6.837606837606837,0.0,36.14163614163614,-83.80952380952381,-4.102564102564102,7.228327228327228,0.0,-18.55921855921856,-16.214896214896214,85.76312576312576,-31.45299145299145,-4.102564102564102
-102.17338217338218,446.7887667887668,-388.18070818070817,-7.619047619047619,0.0,-39.65811965811966,-4.102564102564102,-0.5860805860805861,-7.619047619047619,0.0,-34.18803418803419,34.57875457875458,0.0,-16.996336996336996,-22.466422466422465,6.837606837606837,-10.744810744810744,0.0,34.57875457875458,-54.89621489621489,-32.234432234432234,7.228327228327228,0.0,388.57142857142856,-440.92796092796095,68.18070818070818,-2.93040293040293,-32.234432234432234
-44.346764346764346,138.5103785103785,-111.94139194139194,6.837606837606837,0.0,-1.3675213675213675,-3.711843711843712,-3.711843711843712,-1.7582417582417582,0.0,-39.26739926739927,35.36019536019536,0.0,-31.45299145299145,-31.45299145299145,7.228327228327228,-12.307692307692308,0.0,21.294261294261293,-120.14652014652016,14.652014652014651,13.47985347985348,0.0,112.33211233211232,-157.65567765567766,77.55799755799755,-68.57142857142857,14.652014652014651
-37.31379731379732,117.8021978021978,-106.86202686202688,12.698412698412698,0.0,11.526251526251526,-15.433455433455434,-9.572649572649572,-0.1953601953601953,0.0,-44.737484737484735,32.234432234432234,0.0,-46.69108669108669,-37.31379731379732,10.744810744810744,-8.00976800976801,0.0,11.916971916971915,-123.66300366300366,18.94993894993895,9.572649572649572,0.0,107.25274725274726,-129.9145299145299,85.37240537240537,-79.51159951159951,18.94993894993895
-64.66422466422466,18.94993894993895,18.168498168498168,-11.526251526251526,0.0,-21.294261294261293,-12.307692307692308,-7.619047619047619,2.5396825396825395,0.0,-45.12820512820513,30.28083028083028,0.0,-116.23931623931624,-31.843711843711844,18.168498168498168,-10.354090354090356,0.0,-15.433455433455434,-125.6166056166056,12.307692307692308,-11.526251526251526,0.0,-17.77777777777778,-33.40659340659341,105.2991452991453,-61.92918192918193,12.307692307692308
-79.9023199023199,86.93528693528694,-69.35286935286935,5.274725274725275,0.0,-54.114774114774114,-5.665445665445666,-10.744810744810744,14.261294261294262,0.0,-39.26739926739927,29.499389499389498,0.0,-131.4774114774115,-52.55189255189255,17.77777777777778,-15.824175824175825,0.0,-42.002442002442,-163.9072039072039,40.83028083028083,-16.996336996336996,0.0,69.74358974358974,-101.3919413919414,102.56410256410255,-91.62393162393164,40.83028083028083
-117.8021978021978,71.6971916971917,-34.57875457875458,7.228327228327228,0.0,-80.68376068376068,-8.4004884004884,-6.446886446886447,22.466422466422465,0.0,-31.843711843711844,34.18803418803419,0.0,-89.67032967032966,-24.42002442002442,18.168498168498168,-12.698412698412698,0.0,3.3211233211233213,-128.35164835164835,31.843711843711844,-15.824175824175825,0.0,34.969474969474966,-67.00854700854701,92.4053724053724,-73.65079365079364,31.843711843711844
-121.31868131868131,72.08791208791209,-13.089133089133089,-2.5396825396825395,0.0,-77.16727716727716,-11.916971916971915,-3.3211233211233213,27.545787545787547,0.0,-33.40659340659341,34.57875457875458,0.0,-41.61172161172161,-14.652014652014651,13.47985347985348,-17.387057387057386,0.0,65.05494505494505,-104.9084249084249,-7.228327228327228,-13.089133089133089,0.0,13.47985347985348,-60.366300366300365,92.7960927960928,-36.92307692307692,-7.228327228327228
-107.64346764346764,97.09401709401708,-33.40659340659341,9.572649572649572,0.0,-52.16117216117216,-15.042735042735044,0.1953601953601953,32.62515262515262,0.0,-40.83028083028083,31.843711843711844,0.0,-10.354090354090356,-17.77777777777778,6.446886446886447,-24.42002442002442,0.0,38.095238095238095,-97.87545787545788,21.68498168498169,-8.791208791208792,0.0,33.7973137973138,-84.2002442002442,86.15384615384616,-52.55189255189255,21.68498168498169
-95.14041514041514,-160.3907203907204,203.36996336996336,21.68498168498169,0.0,2.5396825396825395,-46.69108669108669,-4.102564102564102,17.77777777777778,0.0,-56.06837606837607,18.168498168498168,0.0,43.56532356532357,-29.499389499389498,-2.5396825396825395,-36.14163614163614,0.0,35.36019536019536,-67.3992673992674,19.73137973137973,-13.089133089133089,0.0,-202.97924297924297,178.36385836385836,106.86202686202688,-69.74358974358974,19.73137973137973
-77.55799755799755,144.37118437118437,-98.65689865689866,8.4004884004884,0.0,29.499389499389498,-52.55189255189255,-6.837606837606837,5.665445665445666,0.0,-70.52503052503053,8.00976800976801,0.0,56.84981684981685,-40.04884004884005,-8.4004884004884,-36.92307692307692,0.0,28.32722832722833,-65.83638583638583,17.387057387057386,-9.572649572649572,0.0,99.04761904761904,-116.63003663003664,98.65689865689866,-75.995115995116,17.387057387057386
-69.35286935286935,45.12820512820513,8.4004884004884,14.652014652014651,0.0,17.387057387057386,-33.40659340659341,-0.9768009768009768,15.824175824175825,0.0,-75.6043956043956,6.446886446886447,0.0,31.062271062271066,-58.02197802197802,-7.228327228327228,-29.89010989010989,0.0,-11.916971916971915,-66.61782661782662,14.261294261294262,-0.1953601953601953,0.0,-8.00976800976801,-29.89010989010989,81.46520146520146,-59.975579975579976,14.261294261294262
-79.51159951159951,205.7142857142857,-193.6019536019536,26.37362637362637,0.0,-25.982905982905983,-18.94993894993895,-6.837606837606837,11.916971916971915,0.0,-68.18070818070818,5.274725274725275,0.0,-11.135531135531137,-64.66422466422466,-2.5396825396825395,-20.512820512820515,0.0,-21.294261294261293,-65.44566544566544,-16.605616605616607,3.711843711843712,0.0,193.992673992674,-206.4957264957265,83.41880341880342,-44.346764346764346,-16.605616605616607
-94.35897435897436,-53.724053724053725,99.82905982905984,-5.665445665445666,0.0,-59.975579975579976,4.102564102564102,-9.572649572649572,10.744810744810744,0.0,-57.24053724053724,12.307692307692308,0.0,-61.92918192918193,-53.333333333333336,1.3675213675213675,-14.261294261294262,0.0,-15.824175824175825,-90.84249084249085,-34.18803418803419,11.916971916971915,0.0,-99.43833943833944,57.63125763125763,72.86935286935287,-36.92307692307692,-34.18803418803419
-120.53724053724054,131.4774114774115,-79.9023199023199,-9.572649572649572,0.0,-114.28571428571428,31.062271062271066,-5.665445665445666,9.963369963369964,0.0,-45.90964590964591,24.42002442002442,0.0,-140.85470085470087,-29.10866910866911,11.135531135531137,-11.135531135531137,0.0,-30.28083028083028,-116.23931623931624,-23.63858363858364,0.1953601953601953,0.0,80.29304029304029,-129.52380952380952,74.04151404151405,-26.37362637362637,-23.63858363858364
-158.82783882783883,-142.41758241758242,186.95970695970692,0.5860805860805861,0.0,-168.98656898656898,36.53235653235653,0.1953601953601953,17.77777777777778,0.0,-40.43956043956044,31.062271062271066,0.0,-129.52380952380952,-21.294261294261293,14.652014652014651,-13.089133089133089,0.0,-16.605616605616607,-102.17338217338218,-16.996336996336996,-12.307692307692308,0.0,-186.56898656898656,143.1990231990232,97.87545787545788,-25.2014652014652,-16.996336996336996
-136.55677655677655,-223.2967032967033,264.71306471306474,3.711843711843712,0.0,-74.43223443223444,-14.261294261294262,-15.042735042735044,11.916971916971915,0.0,-51.37973137973138,20.12210012210012,0.0,-33.01587301587302,-40.04884004884005,6.837606837606837,-23.63858363858364,0.0,6.446886446886447,-109.2063492063492,28.71794871794872,-16.605616605616607,0.0,-264.32234432234435,258.85225885225884,101.78266178266178,-88.88888888888889,28.71794871794872
-83.41880341880342,-301.83150183150184,354.96947496947496,8.4004884004884,0.0,11.916971916971915,-45.51892551892552,-11.916971916971915,23.247863247863247,0.0,-59.1941391941392,15.824175824175825,0.0,-11.916971916971915,-33.40659340659341,5.274725274725275,-20.12210012210012,0.0,9.963369963369964,-94.35897435897436,37.31379731379732,-13.47985347985348,0.0,-354.57875457875457,344.42002442002445,102.17338217338218,-88.1074481074481,37.31379731379732
-70.13431013431014,-444.8351648351649,511.25763125763126,16.605616605616607,0.0,50.20757020757021,-61.53846153846154,-7.619047619047619,31.45299145299145,0.0,-62.31990231990232,11.916971916971915,0.0,9.572649572649572,-41.61172161172161,5.274725274725275,-18.168498168498168,0.0,7.619047619047619,-45.51892551892552,2.148962148962149,-8.791208791208792,0.0,-510.86691086691087,487.032967032967,103.73626373626374,-41.22100122100122,2.148962148962149
-73.26007326007326,-111.15995115995116,163.5164835164835,20.12210012210012,0.0,29.10866910866911,-47.472527472527474,-11.135531135531137,27.936507936507937,0.0,-57.63125763125763,6.837606837606837,0.0,-11.916971916971915,-47.472527472527474,3.711843711843712,-22.857142857142858,0.0,-4.884004884004884,-98.65689865689866,33.40659340659341,-9.18192918192918,0.0,-163.12576312576311,155.7020757020757,93.96825396825396,-79.12087912087912,33.40659340659341
-63.88278388278388,-92.014652014652,158.04639804639805,-19.34065934065934,0.0,-2.93040293040293,-16.214896214896214,-9.18192918192918,11.135531135531137,0.0,-50.989010989010985,6.837606837606837,0.0,-43.95604395604396,-36.14163614163614,0.9768009768009768,-24.02930402930403,0.0,-27.155067155067155,-101.78266178266178,27.155067155067155,-1.7582417582417582,0.0,-157.65567765567766,125.22588522588522,69.35286935286935,-72.47863247863248,27.155067155067155
-76.38583638583638,-401.4652014652015,469.45054945054943,-19.34065934065934,0.0,-33.01587301587302,9.963369963369964,-9.572649572649572,3.711843711843712,0.0,-52.16117216117216,8.00976800976801,0.0,-8.00976800976801,-40.43956043956044,0.1953601953601953,-26.764346764346765,0.0,-3.711843711843712,-98.26617826617829,23.63858363858364,1.7582417582417582,0.0,-469.059829059829,426.8620268620269,75.995115995116,-75.6043956043956,23.63858363858364
-78.73015873015873,-410.45177045177047,464.3711843711844,-22.466422466422465,0.0,-34.18803418803419,8.791208791208792,-17.387057387057386,-5.274725274725275,0.0,-53.724053724053725,2.93040293040293,0.0,14.261294261294262,-47.081807081807085,1.3675213675213675,-34.57875457875458,0.0,11.526251526251526,-108.03418803418803,40.83028083028083,-11.135531135531137,0.0,-463.980463980464,437.8021978021978,68.96214896214896,-86.54456654456655,40.83028083028083
-87.32600732600733,-290.8913308913309,349.1086691086691,-32.234432234432234,0.0,-11.135531135531137,-11.526251526251526,-24.42002442002442,-13.47985347985348,0.0,-51.37973137973138,0.9768009768009768,0.0,0.1953601953601953,-50.20757020757021,3.3211233211233213,-33.40659340659341,0.0,11.916971916971915,-95.53113553113552,16.605616605616607,-13.47985347985348,0.0,-348.7179487179488,321.7582417582417,90.84249084249085,-74.82295482295483,16.605616605616607
-88.4981684981685,-236.97191697191695,283.4676434676435,-12.307692307692308,0.0,8.4004884004884,-34.57875457875458,-24.02930402930403,-4.493284493284493,0.0,-49.03540903540904,5.665445665445666,0.0,-45.12820512820513,-31.843711843711844,8.4004884004884,-26.764346764346765,0.0,-1.3675213675213675,-40.83028083028083,-34.57875457875458,-16.996336996336996,0.0,-283.0769230769231,271.35531135531136,104.9084249084249,-24.42002442002442,-34.57875457875458
-108.8156288156288,-573.7728937728938,621.4407814407814,-13.47985347985348,0.0,-12.698412698412698,-39.65811965811966,-22.466422466422465,0.1953601953601953,0.0,-42.002442002442,10.354090354090356,0.0,-98.65689865689866,-6.837606837606837,11.526251526251526,-22.857142857142858,0.0,-23.247863247863247,-31.843711843711844,-41.22100122100122,-18.55921855921856,0.0,-621.050061050061,609.7191697191697,92.4053724053724,1.3675213675213675,-41.22100122100122
-106.08058608058607,-559.3162393162393,589.7924297924297,-10.744810744810744,0.0,-29.10866910866911,-33.7973137973138,-20.12210012210012,-1.7582417582417582,0.0,-31.45299145299145,15.042735042735044,0.0,-86.54456654456655,-10.744810744810744,11.135531135531137,-18.168498168498168,0.0,-18.55921855921856,-44.737484737484735,-37.31379731379732,-2.5396825396825395,0.0,-589.4017094017094,598.7789987789988,74.04151404151405,-13.47985347985348,-37.31379731379732
-82.24664224664225,-864.8595848595849,867.5946275946276,1.7582417582417582,0.0,-16.214896214896214,-31.062271062271066,-22.075702075702075,-7.619047619047619,0.0,-34.57875457875458,13.089133089133089,0.0,-52.16117216117216,-19.73137973137973,3.711843711843712,-19.73137973137973,0.0,-1.3675213675213675,-65.05494505494505,-32.234432234432234,8.791208791208792,0.0,-867.2039072039072,901.5873015873016,65.83638583638583,-41.22100122100122,-32.234432234432234
-79.51159951159951,-683.1746031746031,726.1538461538462,-4.884004884004884,0.0,-2.148962148962149,-26.37362637362637,-12.307692307692308,-0.5860805860805861,0.0,-33.40659340659341,12.698412698412698,0.0,-6.446886446886447,-27.545787545787547,2.5396825396825395,-14.652014652014651,0.0,12.307692307692308,-81.07448107448107,11.135531135531137,9.18192918192918,0.0,-725.7631257631258,720.2930402930403,43.95604395604396,-35.75091575091575,11.135531135531137
-72.47863247863248,-764.0537240537241,816.8009768009769,-15.824175824175825,0.0,2.148962148962149,-19.73137973137973,-8.00976800976801,-9.963369963369964,0.0,-26.37362637362637,4.102564102564102,0.0,28.71794871794872,-47.86324786324786,3.3211233211233213,-22.466422466422465,0.0,22.075702075702075,-96.31257631257633,32.62515262515262,0.9768009768009768,0.0,-816.4102564102565,800.3907203907204,48.64468864468864,-58.41269841269841,32.62515262515262
-78.73015873015873,-613.2356532356532,664.8107448107448,-9.18192918192918,0.0,11.526251526251526,-22.075702075702075,-8.4004884004884,-16.996336996336996,0.0,-23.247863247863247,2.5396825396825395,0.0,10.744810744810744,-37.31379731379732,3.711843711843712,-17.77777777777778,0.0,14.652014652014651,-74.82295482295483,7.228327228327228,10.744810744810744,0.0,-664.4200244200244,646.8376068376068,73.26007326007326,-54.114774114774114,7.228327228327228
-91.62393162393164,-636.6788766788767,688.2539682539683,-5.665445665445666,0.0,2.148962148962149,-24.81074481074481,-8.791208791208792,-15.433455433455434,0.0,-27.545787545787547,2.5396825396825395,0.0,-16.605616605616607,-24.81074481074481,1.7582417582417582,-20.512820512820515,0.0,-6.056166056166056,-50.20757020757021,-8.4004884004884,3.711843711843712,0.0,-687.8632478632478,657.7777777777778,91.62393162393164,-36.53235653235653,-8.4004884004884
-92.7960927960928,-503.052503052503,538.2173382173382,-15.433455433455434,0.0,-4.884004884004884,-25.2014652014652,-18.55921855921856,-24.02930402930403,0.0,-29.10866910866911,4.493284493284493,0.0,-55.28693528693529,-6.837606837606837,4.102564102564102,-25.592185592185597,0.0,-16.214896214896214,-72.08791208791209,-0.9768009768009768,5.665445665445666,0.0,-537.8266178266178,522.9792429792429,77.16727716727716,-54.89621489621489,-0.9768009768009768
-99.82905982905984,-835.9462759462759,838.2905982905983,-0.1953601953601953,0.0,-26.37362637362637,-21.68498168498169,-23.247863247863247,-24.81074481074481,0.0,-27.936507936507937,8.791208791208792,0.0,-76.77655677655677,-3.3211233211233213,0.5860805860805861,-28.71794871794872,0.0,-21.68498168498169,-107.25274725274726,8.4004884004884,11.916971916971915,0.0,-837.8998778998779,869.9389499389499,47.472527472527474,-71.30647130647131,8.4004884004884
-79.51159951159951,-653.4798534798534,656.996336996337,6.837606837606837,0.0,-15.042735042735044,-16.996336996336996,-19.34065934065934,-16.214896214896214,0.0,-30.671550671550676,11.526251526251526,0.0,-44.737484737484735,-8.791208791208792,-1.7582417582417582,-35.75091575091575,0.0,-0.5860805860805861,-93.18681318681318,22.075702075702075,-21.294261294261293,0.0,-656.6056166056167,671.4529914529915,61.92918192918193,-37.31379731379732,22.075702075702075
-65.44566544566544,-644.8840048840049,671.0622710622711,-11.526251526251526,0.0,-14.261294261294262,-9.963369963369964,-9.963369963369964,-15.433455433455434,0.0,-26.37362637362637,11.526251526251526,0.0,-40.43956043956044,-1.7582417582417582,-0.5860805860805861,-44.737484737484735,0.0,2.93040293040293,-102.56410256410255,55.67765567765568,-43.95604395604396,0.0,-670.6715506715507,662.4664224664225,58.02197802197802,-39.26739926739927,55.67765567765568
-79.9023199023199,-886.7399267399268,908.2295482295482,0.1953601953601953,0.0,-40.04884004884005,0.5860805860805861,0.1953601953601953,-20.12210012210012,0.0,-19.34065934065934,14.261294261294262,0.0,-44.346764346764346,0.1953601953601953,1.3675213675213675,-46.3003663003663,0.0,6.056166056166056,-35.36019536019536,-16.996336996336996,-42.78388278388278,0.0,-907.8388278388278,911.3553113553112,58.41269841269841,38.095238095238095,-16.996336996336996
-65.83638583638583,-776.1660561660561,810.5494505494505,9.572649572649572,0.0,-13.870573870573873,-1.7582417582417582,8.791208791208792,-15.433455433455434,0.0,-13.47985347985348,16.605616605616607,0.0,-37.31379731379732,9.572649572649572,-0.5860805860805861,-39.26739926739927,0.0,15.433455433455434,-16.996336996336996,-43.17460317460318,-23.63858363858364,0.0,-810.1587301587301,787.1062271062272,74.82295482295483,52.94261294261294,-43.17460317460318
-86.54456654456655,-543.6874236874237,577.6800976800977,-7.619047619047619,0.0,-51.37973137973138,3.3211233211233213,11.135531135531137,-24.42002442002442,0.0,-13.870573870573873,13.089133089133089,0.0,-75.21367521367522,18.94993894993895,-5.274725274725275,-39.26739926739927,0.0,-2.148962148962149,-72.86935286935287,-18.55921855921856,-7.228327228327228,0.0,-577.2893772893773,547.2039072039072,39.26739926739927,28.71794871794872,-18.55921855921856
-110.76923076923076,-473.3577533577534,508.5225885225885,4.884004884004884,0.0,-59.975579975579976,4.102564102564102,6.837606837606837,-21.68498168498169,0.0,-9.572649572649572,12.307692307692308,0.0,-97.87545787545788,38.48595848595848,-9.572649572649572,-33.40659340659341,0.0,-29.10866910866911,-96.7032967032967,9.963369963369964,11.526251526251526,0.0,-508.13186813186815,486.25152625152623,2.93040293040293,11.135531135531137,9.963369963369964
-93.96825396825396,-590.9645909645909,617.1428571428571,7.619047619047619,0.0,-32.62515262515262,1.3675213675213675,0.1953601953601953,-29.499389499389498,0.0,-12.698412698412698,5.665445665445666,0.0,-24.42002442002442,15.433455433455434,-19.73137973137973,-31.843711843711844,0.0,-28.71794871794872,-115.06715506715508,61.92918192918193,20.12210012210012,0.0,-616.7521367521367,602.2954822954823,-13.089133089133089,-33.7973137973138,61.92918192918193
-80.68376068376068,-156.0927960927961,153.35775335775335,25.982905982905983,0.0,-29.89010989010989,2.93040293040293,-7.228327228327228,-21.294261294261293,0.0,-11.916971916971915,-0.9768009768009768,0.0,0.1953601953601953,17.77777777777778,-24.81074481074481,-31.843711843711844,0.0,-21.294261294261293,-108.03418803418803,86.93528693528694,2.93040293040293,0.0,-152.96703296703296,160.78144078144078,0.1953601953601953,-54.5054945054945,86.93528693528694
-101.78266178266178,-397.5579975579976,381.92918192918194,34.18803418803419,0.0,-16.605616605616607,-21.68498168498169,-13.47985347985348,-29.10866910866911,0.0,-19.73137973137973,-9.572649572649572,0.0,15.042735042735044,12.698412698412698,-28.71794871794872,-48.25396825396825,0.0,-12.307692307692308,-53.724053724053725,46.69108669108669,-29.10866910866911,0.0,-381.5384615384616,422.17338217338215,28.71794871794872,-25.2014652014652,46.69108669108669
-70.52503052503053,-251.8192918192918,218.998778998779,52.55189255189255,0.0,27.936507936507937,-36.92307692307692,-13.870573870573873,-26.37362637362637,0.0,-25.592185592185597,-9.963369963369964,0.0,28.32722832722833,15.824175824175825,-27.936507936507937,-47.86324786324786,0.0,8.791208791208792,-23.63858363858364,8.00976800976801,-24.42002442002442,0.0,-218.6080586080586,277.6068376068376,36.14163614163614,9.572649572649572,8.00976800976801
-57.24053724053724,-238.5347985347985,221.7338217338217,25.592185592185597,0.0,23.63858363858364,-36.53235653235653,-10.744810744810744,-22.466422466422465,0.0,-30.28083028083028,-6.056166056166056,0.0,-18.55921855921856,19.73137973137973,-25.592185592185597,-47.86324786324786,0.0,-0.1953601953601953,-63.49206349206349,7.228327228327228,-16.605616605616607,0.0,-221.34310134310132,249.86568986568983,13.47985347985348,17.77777777777778,7.228327228327228
-51.37973137973138,74.82295482295483,-92.4053724053724,27.936507936507937,0.0,20.903540903540904,-33.7973137973138,-15.042735042735044,-11.916971916971915,0.0,-40.04884004884005,-2.148962148962149,0.0,-19.34065934065934,14.652014652014651,-22.857142857142858,-47.472527472527474,0.0,0.1953601953601953,-61.92918192918193,-0.1953601953601953,-13.089133089133089,0.0,92.7960927960928,-70.13431013431014,-2.5396825396825395,39.65811965811966,-0.1953601953601953
-43.95604395604396,-13.089133089133089,9.18192918192918,9.963369963369964,0.0,33.40659340659341,-23.63858363858364,-22.075702075702075,-24.02930402930403,0.0,-42.002442002442,1.3675213675213675,0.0,-22.466422466422465,7.228327228327228,-20.512820512820515,-40.43956043956044,0.0,-13.47985347985348,-96.7032967032967,23.63858363858364,9.18192918192918,0.0,-8.791208791208792,29.10866910866911,-32.62515262515262,15.433455433455434,23.63858363858364
-47.86324786324786,67.00854700854701,-77.16727716727716,17.387057387057386,0.0,11.916971916971915,-12.698412698412698,-22.466422466422465,-16.214896214896214,0.0,-33.40659340659341,4.884004884004884,0.0,-34.57875457875458,2.148962148962149,-16.605616605616607,-34.18803418803419,0.0,-21.294261294261293,-132.25885225885227,56.84981684981685,12.307692307692308,0.0,77.55799755799755,-54.5054945054945,-38.87667887667888,-19.34065934065934,56.84981684981685
-70.13431013431014,263.1501831501831,-267.0573870573871,18.168498168498168,0.0,-8.00976800976801,-11.135531135531137,-19.73137973137973,-14.652014652014651,0.0,-26.37362637362637,5.665445665445666,0.0,-34.18803418803419,2.5396825396825395,-14.652014652014651,-30.28083028083028,0.0,-7.619047619047619,-101.3919413919414,26.764346764346765,4.102564102564102,0.0,267.44810744810746,-247.9120879120879,-13.089133089133089,-0.1953601953601953,26.764346764346765
-67.78998778998779,240.4884004884005,-227.985347985348,-3.711843711843712,0.0,-8.00976800976801,-8.791208791208792,-14.261294261294262,-27.545787545787547,0.0,-19.73137973137973,1.7582417582417582,0.0,-31.843711843711844,2.93040293040293,-12.698412698412698,-40.04884004884005,0.0,-1.3675213675213675,-83.41880341880342,7.228327228327228,-6.056166056166056,0.0,228.3760683760684,-216.26373626373623,-14.652014652014651,15.433455433455434,7.228327228327228
-51.77045177045177,394.04151404151406,-380.3663003663004,4.493284493284493,0.0,2.5396825396825395,-6.056166056166056,-4.102564102564102,-25.2014652014652,0.0,-15.433455433455434,2.5396825396825395,0.0,-29.10866910866911,16.996336996336996,-12.307692307692308,-35.75091575091575,0.0,26.764346764346765,-106.47130647130648,23.63858363858364,-6.056166056166056,0.0,380.7570207570208,-365.5189255189255,-19.34065934065934,10.744810744810744,23.63858363858364
-40.43956043956044,94.35897435897436,-94.35897435897436,21.294261294261293,0.0,12.698412698412698,-11.916971916971915,-1.7582417582417582,-16.214896214896214,0.0,-20.903540903540904,6.056166056166056,0.0,4.102564102564102,13.870573870573873,-13.870573870573873,-36.14163614163614,0.0,31.062271062271066,-117.02075702075702,58.02197802197802,-6.056166056166056,0.0,94.74969474969475,-65.44566544566544,-33.40659340659341,-9.963369963369964,58.02197802197802
-22.857142857142858,36.92307692307692,-55.28693528693529,32.62515262515262,0.0,38.48595848595848,-22.857142857142858,-6.056166056166056,-16.996336996336996,0.0,-33.01587301587302,11.526251526251526,0.0,25.2014652014652,2.93040293040293,-15.042735042735044,-36.14163614163614,0.0,20.903540903540904,-93.96825396825396,50.989010989010985,-2.148962148962149,0.0,55.67765567765568,-1.7582417582417582,-56.06837606837607,4.102564102564102,50.989010989010985
-19.73137973137973,288.54700854700855,-334.65201465201466,45.12820512820513,0.0,18.55921855921856,-18.55921855921856,-6.837606837606837,-11.526251526251526,0.0,-34.969474969474966,20.512820512820515,0.0,25.2014652014652,-8.00976800976801,-12.307692307692308,-28.32722832722833,0.0,21.68498168498169,-94.74969474969475,48.64468864468864,-0.5860805860805861,0.0,335.04273504273505,-263.9316239316239,-43.17460317460318,-10.354090354090356,48.64468864468864
-40.43956043956044,225.25030525030525,-281.51404151404154,56.06837606837607,0.0,-19.73137973137973,-13.870573870573873,-7.619047619047619,2.93040293040293,0.0,-33.7973137973138,26.37362637362637,0.0,3.711843711843712,-10.744810744810744,-11.135531135531137,-22.857142857142858,0.0,8.791208791208792,-104.12698412698413,50.989010989010985,0.5860805860805861,0.0,281.9047619047619,-217.04517704517704,-47.472527472527474,-11.526251526251526,50.989010989010985
-22.466422466422465,-237.75335775335776,185.3968253968254,28.71794871794872,0.0,-40.04884004884005,0.9768009768009768,-5.274725274725275,0.1953601953601953,0.0,-33.40659340659341,27.936507936507937,0.0,-22.075702075702075,-11.526251526251526,-11.135531135531137,-29.499389499389498,0.0,1.3675213675213675,-84.59096459096459,11.526251526251526,-5.665445665445666,0.0,-185.006105006105,235.4090354090354,-74.82295482295483,31.062271062271066,11.526251526251526
-13.870573870573873,-80.68376068376068,35.36019536019536,15.824175824175825,0.0,-47.472527472527474,13.870573870573873,-3.3211233211233213,-4.102564102564102,0.0,-24.02930402930403,21.294261294261293,0.0,-43.17460317460318,0.9768009768009768,-11.135531135531137,-31.843711843711844,0.0,-4.493284493284493,-81.07448107448107,0.1953601953601953,-1.3675213675213675,0.0,-34.969474969474966,65.83638583638583,-92.7960927960928,54.89621489621489,0.1953601953601953
-22.466422466422465,447.960927960928,-473.74847374847377,20.512820512820515,0.0,-22.466422466422465,5.665445665445666,-5.665445665445666,-4.102564102564102,0.0,-17.387057387057386,18.168498168498168,0.0,-41.22100122100122,16.214896214896214,-13.870573870573873,-31.843711843711844,0.0,-7.228327228327228,-106.86202686202688,27.155067155067155,13.870573870573873,0.0,474.13919413919416,-443.6630036630037,-111.55067155067157,25.982905982905983,27.155067155067155
-29.499389499389498,507.74114774114776,-508.5225885225885,15.433455433455434,0.0,10.354090354090356,-11.135531135531137,-3.711843711843712,-8.4004884004884,0.0,-16.996336996336996,20.512820512820515,0.0,-34.18803418803419,12.698412698412698,-12.698412698412698,-30.671550671550676,0.0,-25.2014652014652,-89.27960927960928,20.903540903540904,27.545787545787547,0.0,508.9133089133089,-486.6422466422466,-130.6959706959707,35.36019536019536,20.903540903540904
-45.12820512820513,887.9120879120879,-899.2429792429792,29.499389499389498,0.0,9.18192918192918,-12.698412698412698,-0.1953601953601953,-21.294261294261293,0.0,-10.354090354090356,19.34065934065934,0.0,-54.5054945054945,11.135531135531137,-7.619047619047619,-25.2014652014652,0.0,-37.704517704517706,-71.6971916971917,4.884004884004884,27.155067155067155,0.0,899.6336996336996,-872.6739926739926,-104.12698412698413,54.114774114774114,4.884004884004884
-68.18070818070818,920.3418803418804,-932.4542124542124,35.36019536019536,0.0,-11.135531135531137,-6.056166056166056,2.93040293040293,-30.28083028083028,0.0,-0.1953601953601953,19.34065934065934,0.0,-30.28083028083028,9.572649572649572,-5.274725274725275,-27.155067155067155,0.0,-26.37362637362637,-44.737484737484735,16.996336996336996,0.1953601953601953,0.0,932.8449328449328,-915.6532356532356,-33.40659340659341,31.062271062271066,16.996336996336996
-38.87667887667888,762.4908424908425,-787.8876678876679,27.155067155067155,0.0,3.711843711843712,-5.665445665445666,7.228327228327228,-40.83028083028083,0.0,-2.5396825396825395,16.996336996336996,0.0,-6.837606837606837,17.77777777777778,-8.4004884004884,-33.40659340659341,0.0,-5.665445665445666,-43.17460317460318,29.499389499389498,-13.089133089133089,0.0,788.2783882783883,-761.3186813186813,-29.499389499389498,20.512820512820515,29.499389499389498
7.228327228327228,597.997557997558,-658.949938949939,40.43956043956044,0.0,15.042735042735044,2.148962148962149,8.00976800976801,-36.92307692307692,0.0,-13.089133089133089,11.135531135531137,0.0,31.843711843711844,7.228327228327228,-14.652014652014651,-34.57875457875458,0.0,15.042735042735044,-15.433455433455434,5.665445665445666,-16.214896214896214,0.0,659.3406593406594,-615.9706959706959,-36.92307692307692,55.67765567765568,5.665445665445666
19.73137973137973,679.6581196581196,-736.7032967032967,23.247863247863247,0.0,11.916971916971915,8.4004884004884,-1.7582417582417582,-30.671550671550676,0.0,-11.916971916971915,6.056166056166056,0.0,45.12820512820513,12.307692307692308,-18.168498168498168,-38.095238095238095,0.0,17.77777777777778,-15.042735042735044,12.307692307692308,-15.042735042735044,0.0,737.0940170940171,-688.6446886446887,-68.96214896214896,57.24053724053724,12.307692307692308
5.665445665445666,631.2087912087912,-664.4200244200244,7.228327228327228,0.0,5.665445665445666,-6.837606837606837,-3.711843711843712,-12.698412698412698,0.0,-15.824175824175825,8.791208791208792,0.0,16.214896214896214,16.605616605616607,-18.168498168498168,-34.969474969474966,0.0,-2.148962148962149,-14.652014652014651,-2.5396825396825395,-1.3675213675213675,0.0,664.8107448107448,-636.6788766788767,-85.37240537240537,66.22710622710623,-2.5396825396825395
-7.619047619047619,723.8095238095239,-782.026862026862,20.512820512820515,0.0,-6.446886446886447,-11.916971916971915,-8.00976800976801,-16.214896214896214,0.0,-18.168498168498168,12.698412698412698,0.0,-1.3675213675213675,11.526251526251526,-18.94993894993895,-42.78388278388278,0.0,-17.77777777777778,-24.02930402930403,-8.00976800976801,-0.9768009768009768,0.0,782.4175824175824,-725.7631257631258,-97.09401709401708,66.61782661782662,-8.00976800976801
-15.042735042735044,690.5982905982906,-739.4383394383394,13.870573870573873,0.0,-21.294261294261293,-6.446886446886447,-0.9768009768009768,-18.55921855921856,0.0,-11.916971916971915,21.68498168498169,0.0,-36.14163614163614,21.294261294261293,-8.4004884004884,-40.83028083028083,0.0,-29.499389499389498,-50.5982905982906,18.94993894993895,-3.3211233211233213,0.0,739.8290598290598,-694.5054945054945,-100.21978021978022,57.24053724053724,18.94993894993895
-1.3675213675213675,700.7570207570208,-744.5177045177045,17.77777777777778,0.0,-15.042735042735044,-6.837606837606837,8.791208791208792,-12.307692307692308,0.0,-12.698412698412698,29.10866910866911,0.0,-51.77045177045177,26.764346764346765,-6.056166056166056,-38.095238095238095,0.0,-31.45299145299145,-47.86324786324786,11.526251526251526,-2.5396825396825395,0.0,744.9084249084249,-701.9291819291819,-77.94871794871794,49.03540903540904,11.526251526251526
7.228327228327228,738.6568986568986,-795.3113553113553,16.214896214896214,0.0,-39.65811965811966,3.3211233211233213,18.168498168498168,-13.089133089133089,0.0,-13.47985347985348,32.62515262515262,0.0,-25.592185592185597,20.512820512820515,-9.572649572649572,-33.01587301587302,0.0,-7.619047619047619,-44.346764346764346,-4.102564102564102,6.446886446886447,0.0,795.7020757020757,-751.5506715506715,-85.76312576312576,60.366300366300365,-4.102564102564102
8.00976800976801,676.5323565323565,-762.1001221001221,24.42002442002442,0.0,-67.3992673992674,14.652014652014651,15.042735042735044,-13.47985347985348,0.0,-14.261294261294262,27.936507936507937,0.0,-23.247863247863247,5.274725274725275,-14.261294261294262,-25.982905982905983,0.0,-10.744810744810744,-46.3003663003663,-21.294261294261293,17.77777777777778,0.0,762.4908424908425,-704.6642246642247,-105.2991452991453,84.98168498168498,-21.294261294261293
-8.4004884004884,596.4346764346765,-639.8046398046398,11.135531135531137,0.0,-61.14774114774115,1.3675213675213675,15.824175824175825,3.711843711843712,0.0,-9.963369963369964,25.592185592185597,0.0,-19.73137973137973,-4.884004884004884,-16.214896214896214,-21.68498168498169,0.0,-18.55921855921856,-25.982905982905983,-34.57875457875458,15.042735042735044,0.0,640.1953601953602,-625.7387057387058,-89.67032967032966,89.27960927960928,-34.57875457875458
-53.724053724053725,596.8253968253969,-639.023199023199,12.698412698412698,0.0,-74.43223443223444,-10.354090354090356,8.00976800976801,-4.102564102564102,0.0,-12.307692307692308,21.68498168498169,0.0,-8.4004884004884,-15.824175824175825,-21.294261294261293,-19.34065934065934,0.0,-11.135531135531137,-17.387057387057386,-37.704517704517706,0.5860805860805861,0.0,639.4139194139194,-624.957264957265,-35.75091575091575,67.78998778998779,-37.704517704517706
-45.12820512820513,653.4798534798534,-709.7435897435897,13.089133089133089,0.0,-61.14774114774115,-11.916971916971915,-0.5860805860805861,-11.526251526251526,0.0,-26.764346764346765,16.214896214896214,0.0,-11.135531135531137,-29.499389499389498,-24.81074481074481,-25.592185592185597,0.0,-26.37362637362637,-34.18803418803419,-27.545787545787547,-2.93040293040293,0.0,710.1343101343101,-686.3003663003662,-47.081807081807085,61.14774114774115,-27.545787545787547
-6.837606837606837,671.8437118437118,-726.1538461538462,19.34065934065934,0.0,-9.963369963369964,-19.73137973137973,-2.5396825396825395,-6.056166056166056,0.0,-38.48595848595848,17.387057387057386,0.0,-6.837606837606837,-34.969474969474966,-22.466422466422465,-21.68498168498169,0.0,-23.63858363858364,-21.294261294261293,-45.90964590964591,3.711843711843712,0.0,726.5445665445666,-698.4126984126984,-48.64468864468864,70.52503052503053,-45.90964590964591
-0.1953601953601953,508.5225885225885,-560.4884004884005,9.572649572649572,0.0,-6.837606837606837,-15.042735042735044,-3.3211233211233213,-13.47985347985348,0.0,-50.5982905982906,19.34065934065934,0.0,-3.3211233211233213,-45.51892551892552,-21.294261294261293,-19.73137973137973,0.0,-21.68498168498169,-36.14163614163614,-44.346764346764346,11.135531135531137,0.0,560.8791208791209,-528.4493284493285,-62.71062271062271,67.00854700854701,-44.346764346764346
-2.93040293040293,433.8949938949939,-469.45054945054943,16.996336996336996,0.0,-34.57875457875458,6.056166056166056,6.446886446886447,1.7582417582417582,0.0,-46.69108669108669,26.764346764346765,0.0,-17.387057387057386,-38.095238095238095,-16.996336996336996,-8.791208791208792,0.0,-24.81074481074481,-74.43223443223444,-13.47985347985348,29.499389499389498,0.0,469.8412698412698,-457.33821733821736,-82.63736263736264,50.989010989010985,-13.47985347985348
-6.056166056166056,539.3894993894994,-584.3223443223443,26.37362637362637,0.0,-13.870573870573873,-7.619047619047619,6.056166056166056,-6.446886446886447,0.0,-33.01587301587302,22.857142857142858,0.0,-10.744810744810744,-39.26739926739927,-15.042735042735044,-9.963369963369964,0.0,-24.02930402930403,-79.12087912087912,-6.837606837606837,32.234432234432234,0.0,584.7130647130647,-543.2967032967033,-102.95482295482296,43.17460317460318,-6.837606837606837
-6.056166056166056,481.1721611721612,-512.8205128205128,29.89010989010989,0.0,4.493284493284493,-18.55921855921856,11.135531135531137,-3.3211233211233213,0.0,-27.936507936507937,21.68498168498169,0.0,-15.824175824175825,-33.7973137973138,-15.824175824175825,-1.7582417582417582,0.0,-28.32722832722833,-72.08791208791209,0.1953601953601953,31.062271062271066,0.0,513.2112332112332,-463.980463980464,-101.3919413919414,26.764346764346765,0.1953601953601953
-33.01587301587302,395.6043956043956,-449.5238095238095,33.01587301587302,0.0,-27.155067155067155,-24.02930402930403,8.4004884004884,-8.791208791208792,0.0,-26.37362637362637,20.512820512820515,0.0,-20.903540903540904,-32.62515262515262,-20.512820512820515,-3.711843711843712,0.0,-22.857142857142858,-74.43223443223444,-4.493284493284493,22.857142857142858,0.0,449.9145299145299,-387.008547008547,-90.45177045177046,20.903540903540904,-4.493284493284493
-39.26739926739927,196.72771672771677,-253.3821733821734,21.68498168498169,0.0,-27.545787545787547,-33.7973137973138,4.884004884004884,-15.824175824175825,0.0,-20.903540903540904,20.12210012210012,0.0,-35.36019536019536,-27.936507936507937,-22.857142857142858,-8.4004884004884,0.0,-22.857142857142858,-56.45909645909646,-38.48595848595848,21.294261294261293,0.0,253.77289377289375,-185.3968253968254,-100.6105006105006,47.86324786324786,-38.48595848595848
-16.214896214896214,182.27106227106228,-247.52136752136752,5.274725274725275,0.0,-18.94993894993895,-33.01587301587302,-3.3211233211233213,-17.387057387057386,0.0,-24.81074481074481,18.55921855921856,0.0,-41.61172161172161,-24.02930402930403,-27.155067155067155,-13.089133089133089,0.0,-21.68498168498169,-58.41269841269841,-50.20757020757021,22.857142857142858,0.0,247.9120879120879,-167.81440781440782,-105.68986568986568,25.592185592185597,-50.20757020757021
-28.32722832722833,-164.6886446886447,134.6031746031746,-3.711843711843712,0.0,-44.346764346764346,-16.214896214896214,3.3211233211233213,-4.102564102564102,0.0,-21.294261294261293,32.62515262515262,0.0,-11.916971916971915,-25.2014652014652,-19.34065934065934,0.5860805860805861,0.0,5.274725274725275,-34.969474969474966,-59.975579975579976,31.843711843711844,0.0,-134.21245421245422,157.65567765567766,-70.91575091575092,33.40659340659341,-59.975579975579976
-22.857142857142858,136.55677655677655,-166.25152625152626,16.605616605616607,0.0,-41.22100122100122,0.1953601953601953,5.665445665445666,0.9768009768009768,0.0,-19.73137973137973,36.14163614163614,0.0,-15.433455433455434,-27.155067155067155,-11.526251526251526,12.307692307692308,0.0,7.619047619047619,-11.135531135531137,-72.86935286935287,32.234432234432234,0.0,166.64224664224665,-161.95360195360195,-60.366300366300365,83.02808302808303,-72.86935286935287
6.446886446886447,-12.307692307692308,-49.03540903540904,22.466422466422465,0.0,-25.2014652014652,9.572649572649572,-2.93040293040293,-11.916971916971915,0.0,-24.81074481074481,28.71794871794872,0.0,-9.963369963369964,-33.01587301587302,-13.47985347985348,10.354090354090356,0.0,-0.5860805860805861,2.93040293040293,-73.65079365079364,22.857142857142858,0.0,49.42612942612943,-9.963369963369964,-56.84981684981685,76.77655677655677,-73.65079365079364
11.135531135531137,-16.996336996336996,-24.42002442002442,19.34065934065934,0.0,-20.512820512820515,16.214896214896214,0.1953601953601953,-5.665445665445666,0.0,-29.89010989010989,28.71794871794872,0.0,13.47985347985348,-40.43956043956044,-15.824175824175825,14.652014652014651,0.0,-5.274725274725275,17.387057387057386,-65.05494505494505,22.857142857142858,0.0,24.81074481074481,-21.68498168498169,-38.095238095238095,76.77655677655677,-65.05494505494505
6.837606837606837,-323.3211233211233,287.76556776556777,30.28083028083028,0.0,20.12210012210012,6.446886446886447,-12.698412698412698,-9.963369963369964,0.0,-35.36019536019536,21.68498168498169,0.0,15.042735042735044,-45.12820512820513,-22.466422466422465,8.791208791208792,0.0,-13.870573870573873,0.1953601953601953,-57.24053724053724,26.37362637362637,0.0,-287.3748473748474,303.3943833943834,-60.366300366300365,84.59096459096459,-57.24053724053724
-4.884004884004884,-447.1794871794872,443.2722832722833,-8.791208791208792,0.0,29.10866910866911,-6.446886446886447,-16.214896214896214,-21.68498168498169,0.0,-35.75091575091575,16.605616605616607,0.0,-5.665445665445666,-39.26739926739927,-28.71794871794872,-0.1953601953601953,0.0,-26.37362637362637,-48.64468864468864,-19.73137973137973,20.903540903540904,0.0,-442.8815628815629,453.4310134310134,-60.366300366300365,20.512820512820515,-19.73137973137973
-15.824175824175825,-93.57753357753356,104.12698412698413,-15.042735042735044,0.0,22.857142857142858,-9.18192918192918,-16.214896214896214,-16.605616605616607,0.0,-26.764346764346765,20.903540903540904,0.0,-19.73137973137973,-31.843711843711844,-28.71794871794872,-4.493284493284493,0.0,-25.2014652014652,-65.44566544566544,-7.619047619047619,12.698412698412698,0.0,-103.73626373626374,115.84859584859583,-68.57142857142857,4.102564102564102,-7.619047619047619
-31.45299145299145,-217.04517704517704,229.93894993894995,5.665445665445666,0.0,9.18192918192918,-7.228327228327228,-4.884004884004884,-8.00976800976801,0.0,-17.77777777777778,33.01587301587302,0.0,-60.366300366300365,-11.135531135531137,-15.042735042735044,10.354090354090356,0.0,-9.572649572649572,-71.6971916971917,-5.665445665445666,10.354090354090356,0.0,-229.5482295482296,229.93894993894995,-45.51892551892552,28.32722832722833,-5.665445665445666
-39.26739926739927,-529.2307692307693,522.1978021978022,14.261294261294262,0.0,-16.996336996336996,-5.274725274725275,-4.102564102564102,-3.3211233211233213,0.0,-14.261294261294262,37.704517704517706,0.0,-90.06105006105007,-11.135531135531137,-7.228327228327228,20.512820512820515,0.0,-5.274725274725275,-91.23321123321124,-8.791208791208792,16.605616605616607,0.0,-521.8070818070818,533.5286935286936,-31.45299145299145,21.68498168498169,-8.791208791208792
-32.62515262515262,-317.85103785103786,299.8778998778999,21.68498168498169,0.0,-35.75091575091575,1.3675213675213675,0.5860805860805861,5.274725274725275,0.0,-16.214896214896214,41.61172161172161,0.0,-32.234432234432234,-21.68498168498169,-4.493284493284493,28.71794871794872,0.0,5.274725274725275,-53.724053724053725,-5.274725274725275,22.857142857142858,0.0,-299.4871794871795,315.8974358974359,-29.89010989010989,25.982905982905983,-5.274725274725275
-23.63858363858364,-236.1904761904762,229.5482295482296,16.605616605616607,0.0,-18.55921855921856,-1.7582417582417582,2.5396825396825395,5.274725274725275,0.0,-25.2014652014652,43.95604395604396,0.0,15.824175824175825,-32.62515262515262,-8.4004884004884,25.982905982905983,0.0,5.665445665445666,4.102564102564102,-41.22100122100122,30.671550671550676,0.0,-229.1575091575092,221.34310134310132,-13.870573870573873,56.45909645909646,-41.22100122100122
-13.870573870573873,-283.8583638583639,265.1037851037851,32.62515262515262,0.0,-6.056166056166056,-6.056166056166056,-1.3675213675213675,14.652014652014651,0.0,-31.062271062271066,45.90964590964591,0.0,42.39316239316239,-47.081807081807085,-11.526251526251526,33.40659340659341,0.0,-4.884004884004884,25.982905982905983,-46.69108669108669,42.002442002442,0.0,-264.71306471306474,263.5409035409035,-40.83028083028083,84.98168498168498,-46.69108669108669
2.93040293040293,-235.4090354090354,235.4090354090354,0.1953601953601953,0.0,-9.572649572649572,5.665445665445666,1.3675213675213675,5.274725274725275,0.0,-32.234432234432234,42.78388278388278,0.0,45.12820512820513,-52.94261294261294,-12.307692307692308,28.71794871794872,0.0,-23.247863247863247,38.87667887667888,-36.53235653235653,29.10866910866911,0.0,-235.018315018315,210.7936507936508,-41.22100122100122,74.82295482295483,-36.53235653235653
6.837606837606837,-336.6056166056166,344.42002442002445,12.698412698412698,0.0,-6.056166056166056,16.214896214896214,5.274725274725275,12.698412698412698,0.0,-22.857142857142858,47.86324786324786,0.0,0.1953601953601953,-22.857142857142858,-4.884004884004884,31.062271062271066,0.0,-14.652014652014651,38.87667887667888,-34.18803418803419,12.307692307692308,0.0,-344.029304029304,305.73870573870573,-18.168498168498168,84.2002442002442,-34.18803418803419
-2.5396825396825395,-514.7741147741148,512.8205128205128,25.2014652014652,0.0,-11.135531135531137,20.12210012210012,2.5396825396825395,8.791208791208792,0.0,-11.135531135531137,47.472527472527474,0.0,-31.843711843711844,2.148962148962149,1.7582417582417582,40.83028083028083,0.0,-6.056166056166056,1.7582417582417582,1.7582417582417582,13.870573870573873,0.0,-512.4297924297924,478.8278388278388,-28.32722832722833,75.995115995116,1.7582417582417582
3.3211233211233213,-119.36507936507935,148.2783882783883,-0.5860805860805861,0.0,15.433455433455434,16.214896214896214,-2.93040293040293,2.5396825396825395,0.0,-10.744810744810744,40.83028083028083,0.0,-13.870573870573873,4.884004884004884,0.5860805860805861,33.40659340659341,0.0,8.791208791208792,-11.135531135531137,9.18192918192918,17.387057387057386,0.0,-147.88766788766787,113.89499389499387,-37.31379731379732,45.51892551892552,9.18192918192918
1.7582417582417582,-49.81684981684982,74.43223443223444,8.791208791208792,0.0,44.737484737484735,-1.3675213675213675,-8.4004884004884,1.7582417582417582,0.0,-10.354090354090356,36.92307692307692,0.0,-1.3675213675213675,5.274725274725275,-1.7582417582417582,23.247863247863247,0.0,19.73137973137973,-0.9768009768009768,-9.572649572649572,13.47985347985348,0.0,-74.04151404151405,73.26007326007326,-53.333333333333336,63.10134310134311,-9.572649572649572
-11.135531135531137,-427.64346764346766,471.4041514041514,-1.3675213675213675,0.0,56.45909645909646,-16.605616605616607,-6.446886446886447,-1.7582417582417582,0.0,-9.18192918192918,41.22100122100122,0.0,-6.837606837606837,8.4004884004884,-3.3211233211233213,21.294261294261293,0.0,17.387057387057386,36.92307692307692,-45.51892551892552,9.18192918192918,0.0,-471.013431013431,454.99389499389497,-33.40659340659341,95.53113553113552,-45.51892551892552
0.9768009768009768,-517.1184371184371,552.6739926739926,-16.214896214896214,0.0,41.61172161172161,-8.4004884004884,-4.884004884004884,-6.837606837606837,0.0,-9.572649572649572,39.65811965811966,0.0,0.1953601953601953,-0.9768009768009768,-7.619047619047619,11.526251526251526,0.0,17.77777777777778,30.28083028083028,-43.95604395604396,-1.7582417582417582,0.0,-552.2832722832723,532.7472527472528,-19.73137973137973,79.51159951159951,-43.95604395604396
2.93040293040293,-517.5091575091575,561.2698412698413,-9.572649572649572,0.0,18.168498168498168,10.744810744810744,2.93040293040293,3.711843711843712,0.0,-2.93040293040293,45.51892551892552,0.0,-15.433455433455434,0.1953601953601953,-1.7582417582417582,12.698412698412698,0.0,17.387057387057386,29.10866910866911,-42.39316239316239,-10.354090354090356,0.0,-560.8791208791209,523.3699633699633,-4.493284493284493,88.1074481074481,-42.39316239316239
-9.18192918192918,-679.6581196581196,728.1074481074481,-25.2014652014652,0.0,-30.28083028083028,40.04884004884005,12.698412698412698,-9.963369963369964,0.0,4.493284493284493,46.3003663003663,0.0,-43.95604395604396,15.433455433455434,1.3675213675213675,15.042735042735044,0.0,29.10866910866911,-21.294261294261293,-9.963369963369964,-9.572649572649572,0.0,-727.7167277167277,664.4200244200244,-0.9768009768009768,70.13431013431014,-9.963369963369964
10.744810744810744,-680.04884004884,700.3663003663004,-11.526251526251526,0.0,-42.002442002442,58.41269841269841,8.00976800976801,-4.884004884004884,0.0,11.526251526251526,41.22100122100122,0.0,-35.75091575091575,21.68498168498169,-0.1953601953601953,11.916971916971915,0.0,31.45299145299145,-60.366300366300365,26.764346764346765,-1.3675213675213675,0.0,-699.97557997558,642.1489621489621,-14.261294261294262,33.40659340659341,26.764346764346765
17.387057387057386,-566.3492063492064,593.3089133089134,3.711843711843712,0.0,20.903540903540904,36.14163614163614,1.7582417582417582,-10.354090354090356,0.0,8.791208791208792,33.01587301587302,0.0,-16.996336996336996,17.77777777777778,-1.7582417582417582,10.354090354090356,0.0,33.7973137973138,-39.26739926739927,7.228327228327228,6.056166056166056,0.0,-592.918192918193,571.037851037851,-43.56532356532357,54.5054945054945,7.228327228327228
10.354090354090356,-860.952380952381,918.7789987789988,0.5860805860805861,0.0,59.1941391941392,15.824175824175825,2.93040293040293,-8.4004884004884,0.0,1.3675213675213675,34.57875457875458,0.0,-5.665445665445666,15.433455433455434,-2.93040293040293,17.77777777777778,0.0,30.671550671550676,-13.47985347985348,0.9768009768009768,5.274725274725275,0.0,-918.3882783882784,885.5677655677656,-29.10866910866911,52.55189255189255,0.9768009768009768
17.387057387057386,-785.934065934066,818.7545787545788,15.824175824175825,0.0,74.04151404151405,5.665445665445666,-3.711843711843712,-8.4004884004884,0.0,-3.711843711843712,34.57875457875458,0.0,-15.824175824175825,16.605616605616607,-6.837606837606837,19.34065934065934,0.0,15.433455433455434,7.228327228327228,-6.056166056166056,-4.884004884004884,0.0,-818.3638583638584,815.6288156288156,-24.42002442002442,59.58485958485959,-6.056166056166056
11.916971916971915,-660.5128205128206,709.7435897435897,9.18192918192918,0.0,67.78998778998779,3.711843711843712,-5.274725274725275,4.102564102564102,0.0,-6.056166056166056,33.7973137973138,0.0,-7.228327228327228,4.493284493284493,-9.572649572649572,24.02930402930403,0.0,11.135531135531137,19.34065934065934,-20.512820512820515,0.1953601953601953,0.0,-709.3528693528693,699.5848595848596,-33.40659340659341,69.35286935286935,-20.512820512820515
-8.791208791208792,-479.2185592185592,536.2637362637363,-4.884004884004884,0.0,25.2014652014652,6.837606837606837,-0.1953601953601953,10.354090354090356,0.0,-10.354090354090356,36.53235653235653,0.0,-33.7973137973138,7.228327228327228,-9.572649572649572,30.28083028083028,0.0,3.3211233211233213,-12.307692307692308,-1.7582417582417582,4.102564102564102,0.0,-535.8730158730159,512.4297924297924,-42.002442002442,52.55189255189255,-1.7582417582417582
-16.996336996336996,-590.9645909645909,631.5995115995116,-6.837606837606837,0.0,-9.572649572649572,16.996336996336996,-2.148962148962149,9.572649572649572,0.0,-12.698412698412698,33.40659340659341,0.0,-38.095238095238095,2.93040293040293,-13.089133089133089,27.155067155067155,0.0,10.354090354090356,-49.03540903540904,18.55921855921856,-2.5396825396825395,0.0,-631.2087912087912,613.2356532356532,-37.31379731379732,28.32722832722833,18.55921855921856
-0.5860805860805861,-350.2808302808303,370.989010989011,-11.526251526251526,0.0,3.711843711843712,8.00976800976801,-8.791208791208792,5.274725274725275,0.0,-18.94993894993895,24.81074481074481,0.0,9.963369963369964,-8.791208791208792,-15.042735042735044,16.214896214896214,0.0,37.31379731379732,-14.652014652014651,-6.056166056166056,-15.433455433455434,0.0,-370.5982905982906,359.26739926739924,-7.619047619047619,27.155067155067155,-6.056166056166056
22.857142857142858,-631.990231990232,630.8180708180709,-6.837606837606837,0.0,33.40659340659341,-2.93040293040293,-8.791208791208792,-5.665445665445666,0.0,-27.936507936507937,22.075702075702075,0.0,29.89010989010989,-18.168498168498168,-12.307692307692308,9.572649572649572,0.0,46.3003663003663,3.3211233211233213,-17.77777777777778,-22.466422466422465,0.0,-630.4273504273505,644.4932844932845,-5.665445665445666,32.234432234432234,-17.77777777777778
11.916971916971915,-360.83028083028086,342.46642246642244,5.274725274725275,0.0,18.168498168498168,0.1953601953601953,-8.00976800976801,-9.572649572649572,0.0,-26.764346764346765,24.42002442002442,0.0,35.36019536019536,-31.843711843711844,-8.00976800976801,6.837606837606837,0.0,50.989010989010985,15.042735042735044,-34.969474969474966,-29.499389499389498,0.0,-342.07570207570205,374.1147741147741,-0.5860805860805861,53.724053724053725,-34.969474969474966
8.791208791208792,-389.3528693528693,365.5189255189255,5.274725274725275,0.0,-2.148962148962149,3.711843711843712,-6.446886446886447,-2.148962148962149,0.0,-22.075702075702075,25.592185592185597,0.0,13.870573870573873,-32.62515262515262,-7.619047619047619,7.228327228327228,0.0,45.12820512820513,35.75091575091575,-77.55799755799755,-22.857142857142858,0.0,-365.12820512820514,386.2271062271062,-0.5860805860805861,90.06105006105007,-77.55799755799755
-6.446886446886447,-73.26007326007326,69.35286935286935,-4.102564102564102,0.0,-20.12210012210012,13.47985347985348,-6.837606837606837,-0.9768009768009768,0.0,-23.247863247863247,31.45299145299145,0.0,-36.92307692307692,-18.94993894993895,-6.446886446886447,11.916971916971915,0.0,30.28083028083028,-27.155067155067155,-40.04884004884005,-13.870573870573873,0.0,-68.96214896214896,78.33943833943835,-14.652014652014651,52.94261294261294,-40.04884004884005
-53.333333333333336,9.18192918192918,5.274725274725275,-15.433455433455434,0.0,-68.96214896214896,22.857142857142858,-7.619047619047619,-0.5860805860805861,0.0,-16.605616605616607,34.969474969474966,0.0,-80.29304029304029,-11.135531135531137,-8.791208791208792,18.55921855921856,0.0,8.791208791208792,-40.43956043956044,-42.78388278388278,-7.619047619047619,0.0,-4.884004884004884,9.963369963369964,-20.512820512820515,42.78388278388278,-42.78388278388278
-3.711843711843712,-154.9206349206349,168.98656898656898,-24.02930402930403,0.0,-16.996336996336996,16.214896214896214,-14.261294261294262,1.3675213675213675,0.0,-26.764346764346765,31.843711843711844,0.0,-36.92307692307692,-12.307692307692308,-16.996336996336996,18.55921855921856,0.0,45.51892551892552,-43.56532356532357,-36.14163614163614,-14.261294261294262,0.0,-168.5958485958486,165.86080586080587,-5.274725274725275,16.605616605616607,-36.14163614163614
22.857142857142858,-168.98656898656898,175.62881562881563,-25.982905982905983,0.0,26.37362637362637,2.5396825396825395,-19.34065934065934,-5.665445665445666,0.0,-43.95604395604396,28.32722832722833,0.0,-9.18192918192918,-27.545787545787547,-21.68498168498169,15.824175824175825,0.0,53.724053724053725,-46.3003663003663,-29.89010989010989,-19.73137973137973,0.0,-175.23809523809524,185.006105006105,-8.4004884004884,7.228327228327228,-29.89010989010989
35.75091575091575,117.02075702075702,-131.08669108669108,-8.791208791208792,0.0,24.81074481074481,-0.9768009768009768,-15.433455433455434,6.056166056166056,0.0,-50.989010989010985,31.843711843711844,0.0,-0.5860805860805861,-38.48595848595848,-21.294261294261293,29.89010989010989,0.0,43.95604395604396,-33.40659340659341,-35.36019536019536,-6.056166056166056,0.0,131.4774114774115,-101.78266178266178,-32.234432234432234,21.294261294261293,-35.36019536019536
28.32722832722833,49.81684981684982,-74.43223443223444,0.5860805860805861,0.0,20.903540903540904,-11.526251526251526,-11.916971916971915,8.791208791208792,0.0,-51.77045177045177,33.7973137973138,0.0,3.711843711843712,-49.03540903540904,-20.512820512820515,27.155067155067155,0.0,45.90964590964591,-52.94261294261294,-25.592185592185597,-6.446886446886447,0.0,74.82295482295483,-46.69108669108669,-17.77777777777778,8.00976800976801,-25.592185592185597
4.884004884004884,-247.9120879120879,217.04517704517704,13.870573870573873,0.0,0.1953601953601953,-12.698412698412698,-8.791208791208792,12.698412698412698,0.0,-46.3003663003663,34.57875457875458,0.0,-20.903540903540904,-34.57875457875458,-16.605616605616607,18.94993894993895,0.0,29.10866910866911,-66.61782661782662,-8.791208791208792,-7.228327228327228,0.0,-216.65445665445665,246.73992673992677,-13.089133089133089,-4.493284493284493,-8.791208791208792
-20.12210012210012,-113.5042735042735,75.995115995116,28.32722832722833,0.0,-31.45299145299145,1.7582417582417582,-7.619047619047619,8.4004884004884,0.0,-34.57875457875458,40.83028083028083,0.0,-46.69108669108669,-12.698412698412698,-7.228327228327228,7.619047619047619,0.0,14.652014652014651,-40.04884004884005,-13.089133089133089,-20.512820512820515,0.0,-75.6043956043956,117.8021978021978,-4.102564102564102,11.526251526251526,-13.089133089133089
-10.354090354090356,-165.47008547008548,134.6031746031746,20.512820512820515,0.0,-15.042735042735044,8.00976800976801,-8.791208791208792,-2.93040293040293,0.0,-20.512820512820515,45.12820512820513,0.0,-33.7973137973138,-0.1953601953601953,-2.93040293040293,-7.619047619047619,0.0,37.31379731379732,-36.14163614163614,-6.837606837606837,-40.04884004884005,0.0,-134.21245421245422,172.11233211233213,15.824175824175825,7.228327228327228,-6.837606837606837
14.652014652014651,-81.07448107448107,77.55799755799755,13.089133089133089,0.0,9.18192918192918,24.42002442002442,-8.4004884004884,-0.5860805860805861,0.0,-11.526251526251526,50.989010989010985,0.0,-28.71794871794872,10.354090354090356,-0.9768009768009768,-11.135531135531137,0.0,50.20757020757021,-29.10866910866911,-2.93040293040293,-49.03540903540904,0.0,-77.16727716727716,84.2002442002442,34.57875457875458,13.089133089133089,-2.93040293040293
25.2014652014652,-203.76068376068372,211.96581196581195,8.4004884004884,0.0,8.4004884004884,42.002442002442,-8.791208791208792,0.5860805860805861,0.0,-3.3211233211233213,54.5054945054945,0.0,-20.903540903540904,4.493284493284493,-3.3211233211233213,-2.93040293040293,0.0,54.5054945054945,-9.572649572649572,-24.81074481074481,-42.78388278388278,0.0,-211.5750915750916,218.6080586080586,35.75091575091575,27.545787545787547,-24.81074481074481
26.37362637362637,25.982905982905983,11.916971916971915,-17.77777777777778,0.0,8.791208791208792,37.31379731379732,-4.102564102564102,4.102564102564102,0.0,-2.5396825396825395,53.724053724053725,0.0,-16.214896214896214,-3.3211233211233213,-10.354090354090356,5.274725274725275,0.0,63.10134310134311,-43.56532356532357,-12.698412698412698,-31.843711843711844,0.0,-11.526251526251526,-9.572649572649572,40.83028083028083,-6.446886446886447,-12.698412698412698
-1.3675213675213675,34.18803418803419,-15.042735042735044,-12.698412698412698,0.0,-9.18192918192918,18.94993894993895,-9.963369963369964,4.493284493284493,0.0,-8.00976800976801,45.90964590964591,0.0,-15.042735042735044,-12.307692307692308,-18.94993894993895,10.354090354090356,0.0,57.63125763125763,-46.69108669108669,-29.499389499389498,-17.77777777777778,0.0,15.433455433455434,-30.671550671550676,42.78388278388278,-4.493284493284493,-29.499389499389498
-15.042735042735044,107.64346764346764,-115.84859584859583,1.7582417582417582,0.0,-7.619047619047619,4.493284493284493,-16.605616605616607,-0.9768009768009768,0.0,-11.135531135531137,33.40659340659341,0.0,-15.042735042735044,-14.652014652014651,-21.294261294261293,8.4004884004884,0.0,49.42612942612943,-37.31379731379732,-48.25396825396825,-6.837606837606837,0.0,116.23931623931624,-98.26617826617829,25.592185592185597,6.056166056166056,-48.25396825396825
-10.744810744810744,407.3260073260073,-421.3919413919414,2.5396825396825395,0.0,3.711843711843712,-4.493284493284493,-15.433455433455434,-4.493284493284493,0.0,-16.214896214896214,27.936507936507937,0.0,-15.042735042735044,-16.214896214896214,-18.55921855921856,0.1953601953601953,0.0,47.081807081807085,-33.01587301587302,-55.28693528693529,-9.18192918192918,0.0,421.78266178266176,-386.2271062271062,6.446886446886447,17.387057387057386,-55.28693528693529
-9.963369963369964,131.86813186813183,-185.006105006105,12.307692307692308,0.0,-8.4004884004884,-7.619047619047619,-18.94993894993895,-13.870573870573873,0.0,-13.089133089133089,26.764346764346765,0.0,-45.12820512820513,-0.5860805860805861,-13.089133089133089,-6.446886446886447,0.0,36.53235653235653,-30.671550671550676,-44.346764346764346,-26.37362637362637,0.0,185.3968253968254,-118.5836385836386,6.446886446886447,21.294261294261293,-44.346764346764346
5.665445665445666,145.15262515262515,-168.5958485958486,4.493284493284493,0.0,-7.619047619047619,6.446886446886447,-9.572649572649572,-0.1953601953601953,0.0,-1.7582417582417582,36.53235653235653,0.0,-45.51892551892552,15.824175824175825,-4.102564102564102,-3.3211233211233213,0.0,36.53235653235653,-9.18192918192918,-39.65811965811966,-25.982905982905983,0.0,168.98656898656898,-143.5897435897436,2.93040293040293,41.61172161172161,-39.65811965811966
28.32722832722833,157.26495726495727,-176.01953601953602,-8.791208791208792,0.0,-5.274725274725275,16.214896214896214,-4.493284493284493,-3.711843711843712,0.0,5.274725274725275,40.04884004884005,0.0,-33.7973137973138,18.94993894993895,-0.9768009768009768,-6.446886446886447,0.0,37.704517704517706,-21.294261294261293,-8.00976800976801,-31.45299145299145,0.0,176.4102564102564,-147.88766788766787,5.274725274725275,0.9768009768009768,-8.00976800976801
40.83028083028083,140.85470085470087,-178.36385836385836,-13.870573870573873,0.0,-11.135531135531137,14.261294261294262,-11.916971916971915,-0.5860805860805861,0.0,8.00976800976801,40.04884004884005,0.0,-17.387057387057386,14.652014652014651,-2.93040293040293,0.9768009768009768,0.0,56.84981684981685,-31.45299145299145,-6.446886446886447,-23.63858363858364,0.0,178.75457875457874,-145.54334554334554,27.936507936507937,-36.53235653235653,-6.446886446886447
24.02930402930403,-148.2783882783883,123.27228327228327,-16.605616605616607,0.0,-8.4004884004884,7.228327228327228,-18.94993894993895,3.711843711843712,0.0,8.00976800976801,33.40659340659341,0.0,-8.791208791208792,-0.9768009768009768,-6.837606837606837,11.526251526251526,0.0,59.58485958485959,-40.43956043956044,-18.55921855921856,-6.056166056166056,0.0,-122.88156288156289,143.98046398046398,35.75091575091575,-43.95604395604396,-18.55921855921856
33.40659340659341,-81.46520146520146,59.1941391941392,-20.512820512820515,0.0,11.135531135531137,0.1953601953601953,-24.42002442002442,2.93040293040293,0.0,-1.7582417582417582,24.81074481074481,0.0,-4.102564102564102,-17.77777777777778,-11.135531135531137,14.652014652014651,0.0,64.66422466422466,-44.346764346764346,-43.56532356532357,2.93040293040293,0.0,-58.8034188034188,93.18681318681318,30.671550671550676,-46.3003663003663,-43.56532356532357
29.499389499389498,172.50305250305252,-235.7997557997558,-2.5396825396825395,0.0,1.3675213675213675,-14.261294261294262,-27.936507936507937,5.665445665445666,0.0,-11.526251526251526,19.73137973137973,0.0,-24.42002442002442,-32.62515262515262,-13.089133089133089,18.94993894993895,0.0,64.66422466422466,-49.42612942612943,-64.27350427350427,-2.93040293040293,0.0,236.1904761904762,-155.7020757020757,30.671550671550676,-42.39316239316239,-64.27350427350427
19.73137973137973,112.33211233211232,-189.6947496947497,2.93040293040293,0.0,-6.056166056166056,-30.28083028083028,-26.37362637362637,9.963369963369964,0.0,-11.135531135531137,23.63858363858364,0.0,-40.43956043956044,-31.062271062271066,-12.307692307692308,22.857142857142858,0.0,33.01587301587302,-59.975579975579976,-38.87667887667888,2.93040293040293,0.0,190.0854700854701,-104.12698412698413,-13.870573870573873,-28.32722832722833,-38.87667887667888
56.45909645909646,163.9072039072039,-241.66056166056163,8.791208791208792,0.0,29.499389499389498,-34.18803418803419,-17.77777777777778,11.526251526251526,0.0,-7.228327228327228,27.545787545787547,0.0,-41.61172161172161,-6.446886446886447,-5.665445665445666,19.34065934065934,0.0,0.1953601953601953,-30.671550671550676,-3.3211233211233213,-0.5860805860805861,0.0,242.05128205128204,-159.21855921855922,-42.002442002442,-18.94993894993895,-3.3211233211233213
79.12087912087912,77.55799755799755,-179.14529914529913,8.4004884004884,0.0,38.095238095238095,-38.095238095238095,-16.996336996336996,4.884004884004884,0.0,-8.00976800976801,25.592185592185597,0.0,-19.73137973137973,4.102564102564102,-0.9768009768009768,15.042735042735044,0.0,-13.870573870573873,12.698412698412698,8.00976800976801,-7.619047619047619,0.0,179.53601953601952,-75.995115995116,-58.02197802197802,-15.042735042735044,8.00976800976801
79.12087912087912,286.2026862026862,-374.1147741147741,9.18192918192918,0.0,36.92307692307692,-36.14163614163614,-14.261294261294262,15.824175824175825,0.0,-1.7582417582417582,29.499389499389498,0.0,-9.18192918192918,15.824175824175825,1.7582417582417582,18.94993894993895,0.0,-44.737484737484735,20.512820512820515,42.78388278388278,8.791208791208792,0.0,374.5054945054945,-295.97069597069594,-86.54456654456655,-24.42002442002442,42.78388278388278
77.94871794871794,169.76800976800976,-273.6996336996337,15.824175824175825,0.0,33.01587301587302,-32.62515262515262,-15.433455433455434,7.228327228327228,0.0,3.3211233211233213,24.42002442002442,0.0,16.996336996336996,24.02930402930403,1.7582417582417582,16.996336996336996,0.0,-47.472527472527474,70.13431013431014,31.062271062271066,6.837606837606837,0.0,274.0903540903541,-183.05250305250303,-90.84249084249085,-2.93040293040293,31.062271062271066
83.02808302808303,442.4908424908425,-563.6141636141637,18.168498168498168,0.0,12.307692307692308,-25.592185592185597,-10.744810744810744,5.665445665445666,0.0,14.652014652014651,20.12210012210012,0.0,23.247863247863247,29.89010989010989,0.9768009768009768,15.824175824175825,0.0,-58.41269841269841,123.27228327228327,-1.3675213675213675,8.4004884004884,0.0,564.004884004884,-460.4639804639805,-99.43833943833944,22.466422466422465,-1.3675213675213675
95.14041514041514,134.21245421245422,-280.7326007326008,19.73137973137973,0.0,-2.148962148962149,-27.936507936507937,-8.00976800976801,8.791208791208792,0.0,24.42002442002442,20.512820512820515,0.0,15.433455433455434,29.89010989010989,-3.711843711843712,22.857142857142858,0.0,-58.41269841269841,114.67643467643468,-10.354090354090356,18.94993894993895,0.0,281.12332112332115,-161.17216117216117,-122.1001221001221,21.68498168498169,-10.354090354090356
121.31868131868131,381.1477411477412,-543.6874236874237,14.652014652014651,0.0,3.711843711843712,-29.10866910866911,-4.493284493284493,4.884004884004884,0.0,31.062271062271066,24.81074481074481,0.0,24.81074481074481,36.53235653235653,-6.056166056166056,27.936507936507937,0.0,-63.49206349206349,106.47130647130648,16.214896214896214,23.63858363858364,0.0,544.0781440781441,-417.0940170940171,-154.13919413919413,13.089133089133089,16.214896214896214
145.15262515262515,43.17460317460318,-207.27716727716728,0.1953601953601953,0.0,-1.3675213675213675,-24.42002442002442,-2.93040293040293,11.135531135531137,0.0,27.155067155067155,23.63858363858364,0.0,17.387057387057386,27.936507936507937,-6.056166056166056,29.10866910866911,0.0,-86.93528693528694,113.11355311355312,16.214896214896214,25.2014652014652,0.0,207.66788766788767,-86.93528693528694,-180.70818070818072,16.214896214896214,16.214896214896214
151.4041514041514,102.17338217338218,-278.3882783882784,-6.446886446886447,0.0,2.148962148962149,-30.671550671550676,-9.18192918192918,7.619047619047619,0.0,20.12210012210012,17.387057387057386,0.0,10.744810744810744,23.63858363858364,-9.572649572649572,29.89010989010989,0.0,-102.17338217338218,105.68986568986568,32.234432234432234,18.168498168498168,0.0,278.77899877899875,-140.46398046398048,-198.2905982905983,0.5860805860805861,32.234432234432234
157.65567765567766,-138.9010989010989,-51.77045177045177,3.711843711843712,0.0,13.089133089133089,-35.36019536019536,-15.042735042735044,9.18192918192918,0.0,18.55921855921856,15.824175824175825,0.0,22.075702075702075,15.042735042735044,-13.47985347985348,30.671550671550676,0.0,-119.75579975579976,98.26617826617829,61.14774114774115,14.261294261294262,0.0,52.16117216117216,109.5970695970696,-224.07814407814408,-14.652014652014651,61.14774114774115
124.05372405372404,9.572649572649572,-213.13797313797315,13.47985347985348,0.0,-16.996336996336996,-31.843711843711844,-18.55921855921856,4.102564102564102,0.0,20.512820512820515,8.00976800976801,0.0,33.7973137973138,24.02930402930403,-17.77777777777778,23.63858363858364,0.0,-123.27228327228327,124.05372405372404,59.1941391941392,4.884004884004884,0.0,213.52869352869357,-44.737484737484735,-224.07814407814408,6.056166056166056,59.1941391941392
126.7887667887668,-10.744810744810744,-195.55555555555557,17.77777777777778,0.0,6.056166056166056,-40.04884004884005,-19.73137973137973,-4.884004884004884,0.0,29.89010989010989,2.93040293040293,0.0,49.81684981684982,41.61172161172161,-20.903540903540904,18.55921855921856,0.0,-125.22588522588522,145.54334554334554,73.65079365079364,-4.102564102564102,0.0,195.94627594627596,-23.63858363858364,-213.13797313797315,0.1953601953601953,73.65079365079364
143.5897435897436,-35.36019536019536,-151.4041514041514,11.916971916971915,0.0,17.387057387057386,-32.234432234432234,-13.089133089133089,-0.9768009768009768,0.0,33.01587301587302,11.526251526251526,0.0,93.96825396825396,47.081807081807085,-21.294261294261293,25.2014652014652,0.0,-83.80952380952381,142.02686202686203,85.37240537240537,1.3675213675213675,0.0,151.7948717948718,1.3675213675213675,-211.96581196581195,-11.526251526251526,85.37240537240537
141.24542124542126,-253.77289377289375,74.04151404151405,4.493284493284493,0.0,6.056166056166056,-21.68498168498169,-9.572649572649572,-5.665445665445666,0.0,30.28083028083028,16.996336996336996,0.0,95.53113553113552,51.37973137973138,-18.55921855921856,24.42002442002442,0.0,-65.44566544566544,136.55677655677655,76.77655677655677,5.274725274725275,0.0,-73.65079365079364,211.1843711843712,-214.7008547008547,0.9768009768009768,76.77655677655677
147.49694749694748,-280.3418803418804,95.92185592185592,9.18192918192918,0.0,7.228327228327228,-17.387057387057386,-9.963369963369964,-4.493284493284493,0.0,19.34065934065934,21.68498168498169,0.0,84.59096459096459,40.43956043956044,-15.824175824175825,29.89010989010989,0.0,-61.92918192918193,131.86813186813183,63.10134310134311,6.056166056166056,0.0,-95.53113553113552,238.5347985347985,-208.44932844932845,0.5860805860805861,63.10134310134311
143.1990231990232,14.652014652014651,-199.46275946275944,8.00976800976801,0.0,-6.056166056166056,-18.55921855921856,-9.18192918192918,2.93040293040293,0.0,11.135531135531137,25.592185592185597,0.0,49.42612942612943,30.28083028083028,-15.042735042735044,36.53235653235653,0.0,-80.68376068376068,143.5897435897436,24.42002442002442,13.870573870573873,0.0,199.85347985347985,-52.55189255189255,-212.3565323565324,14.261294261294262,24.42002442002442
136.16605616605617,-105.2991452991453,-95.92185592185592,13.870573870573873,0.0,-18.168498168498168,-23.63858363858364,-13.47985347985348,7.228327228327228,0.0,6.446886446886447,21.68498168498169,0.0,41.22100122100122,14.652014652014651,-20.903540903540904,43.17460317460318,0.0,-117.02075702075702,161.56288156288156,9.18192918192918,24.42002442002442,0.0,96.31257631257633,68.18070818070818,-229.5482295482296,23.63858363858364,9.18192918192918
107.64346764346764,22.466422466422465,-251.03785103785103,11.526251526251526,0.0,-42.002442002442,-40.43956043956044,-25.2014652014652,1.7582417582417582,0.0,0.1953601953601953,7.228327228327228,0.0,29.89010989010989,0.1953601953601953,-26.764346764346765,35.36019536019536,0.0,-157.26495726495727,161.56288156288156,20.903540903540904,12.698412698412698,0.0,251.42857142857144,-66.22710622710623,-231.5018315018315,9.18192918192918,20.903540903540904
117.02075702075702,-119.36507936507935,-112.72283272283272,2.5396825396825395,0.0,-39.65811965811966,-46.3003663003663,-23.63858363858364,0.1953601953601953,0.0,0.1953601953601953,3.711843711843712,0.0,50.989010989010985,-10.744810744810744,-25.592185592185597,33.01587301587302,0.0,-153.74847374847374,169.76800976800976,25.2014652014652,6.056166056166056,0.0,113.11355311355312,62.31990231990232,-220.56166056166057,8.791208791208792,25.2014652014652
118.97435897435898,19.73137973137973,-227.985347985348,-7.228327228327228,0.0,-47.081807081807085,-37.704517704517706,-15.433455433455434,6.056166056166056,0.0,-3.711843711843712,11.526251526251526,0.0,37.31379731379732,6.056166056166056,-20.12210012210012,40.04884004884005,0.0,-140.85470085470087,161.56288156288156,29.499389499389498,13.089133089133089,0.0,228.3760683760684,-84.98168498168498,-216.26373626373623,17.387057387057386,29.499389499389498
97.09401709401708,-165.0793650793651,-26.37362637362637,-15.433455433455434,0.0,-68.57142857142857,-25.592185592185597,-13.870573870573873,0.9768009768009768,0.0,-7.228327228327228,19.34065934065934,0.0,23.63858363858364,11.916971916971915,-15.824175824175825,35.36019536019536,0.0,-127.17948717948718,108.03418803418803,54.5054945054945,19.73137973137973,0.0,26.764346764346765,93.57753357753356,-225.64102564102564,9.18192918192918,54.5054945054945
104.12698412698413,64.66422466422466,-257.2893772893773,7.228327228327228,0.0,-59.58485958485959,-11.135531135531137,-6.837606837606837,0.1953601953601953,0.0,-0.9768009768009768,27.155067155067155,0.0,20.512820512820515,25.982905982905983,-6.056166056166056,42.002442002442,0.0,-120.53724053724054,126.3980463980464,53.724053724053725,22.466422466422465,0.0,257.6800976800977,-130.3052503052503,-209.23076923076923,18.55921855921856,53.724053724053725
116.23931623931624,-180.70818070818072,11.526251526251526,1.3675213675213675,0.0,-31.843711843711844,-7.228327228327228,-5.665445665445666,-2.5396825396825395,0.0,2.148962148962149,28.32722832722833,0.0,21.294261294261293,31.843711843711844,-7.619047619047619,43.56532356532357,0.0,-118.1929181929182,143.5897435897436,36.53235653235653,26.764346764346765,0.0,-11.135531135531137,131.08669108669108,-200.24420024420024,22.466422466422465,36.53235653235653
101.001221001221,-308.86446886446885,140.85470085470087,0.1953601953601953,0.0,-27.155067155067155,-7.619047619047619,-16.214896214896214,-11.135531135531137,0.0,3.711843711843712,20.903540903540904,0.0,24.42002442002442,28.71794871794872,-12.307692307692308,32.234432234432234,0.0,-128.74236874236874,101.001221001221,75.6043956043956,25.2014652014652,0.0,-140.46398046398048,261.1965811965812,-210.4029304029304,-11.135531135531137,75.6043956043956
106.47130647130648,-183.83394383394383,-16.214896214896214,5.274725274725275,0.0,-8.4004884004884,-18.168498168498168,-32.62515262515262,-24.02930402930403,0.0,9.572649572649572,7.228327228327228,0.0,35.75091575091575,23.63858363858364,-13.47985347985348,25.982905982905983,0.0,-129.52380952380952,126.007326007326,70.91575091575092,5.274725274725275,0.0,16.605616605616607,133.82173382173383,-185.78754578754575,-19.73137973137973,70.91575091575092
97.09401709401708,-99.82905982905984,-38.87667887667888,-18.168498168498168,0.0,0.5860805860805861,-22.857142857142858,-29.89010989010989,-4.493284493284493,0.0,15.042735042735044,7.228327228327228,0.0,23.63858363858364,33.7973137973138,-11.916971916971915,33.7973137973138,0.0,-123.66300366300366,127.57020757020756,50.989010989010985,24.81074481074481,0.0,39.26739926739927,51.77045177045177,-183.83394383394383,-9.572649572649572,50.989010989010985
75.21367521367522,-341.68498168498166,223.2967032967033,-2.148962148962149,0.0,-10.354090354090356,-23.247863247863247,-29.499389499389498,21.294261294261293,0.0,17.77777777777778,9.963369963369964,0.0,14.261294261294262,42.78388278388278,-10.354090354090356,41.61172161172161,0.0,-126.3980463980464,125.22588522588522,49.42612942612943,40.04884004884005,0.0,-222.9059829059829,301.83150183150184,-194.7741147741148,-0.1953601953601953,49.42612942612943
65.44566544566544,-364.3467643467644,231.8925518925519,-3.3211233211233213,0.0,-25.2014652014652,-29.10866910866911,-29.10866910866911,16.214896214896214,0.0,15.042735042735044,5.665445665445666,0.0,5.274725274725275,46.3003663003663,-9.963369963369964,40.43956043956044,0.0,-120.53724053724054,125.22588522588522,45.12820512820513,33.01587301587302,0.0,-231.5018315018315,323.3211233211233,-200.63492063492063,18.94993894993895,45.12820512820513
65.05494505494505,-52.16117216117216,-57.24053724053724,12.698412698412698,0.0,-24.81074481074481,-25.592185592185597,-14.261294261294262,36.92307692307692,0.0,18.55921855921856,11.526251526251526,0.0,12.307692307692308,50.20757020757021,-7.228327228327228,50.989010989010985,0.0,-110.37851037851038,151.7948717948718,29.89010989010989,35.36019536019536,0.0,57.63125763125763,1.3675213675213675,-159.6092796092796,33.7973137973138,29.89010989010989
59.975579975579976,-172.8937728937729,54.89621489621489,5.274725274725275,0.0,-28.71794871794872,-28.32722832722833,-13.870573870573873,22.466422466422465,0.0,14.652014652014651,4.884004884004884,0.0,11.916971916971915,48.25396825396825,-11.526251526251526,38.095238095238095,0.0,-114.67643467643468,124.83516483516485,47.081807081807085,29.10866910866911,0.0,-54.5054945054945,133.04029304029305,-164.6886446886447,6.056166056166056,47.081807081807085
68.96214896214896,-466.3247863247863,326.05616605616603,-6.446886446886447,0.0,-37.31379731379732,-31.062271062271066,-10.354090354090356,4.102564102564102,0.0,9.572649572649572,2.148962148962149,0.0,7.228327228327228,40.43956043956044,-15.433455433455434,26.764346764346765,0.0,-120.14652014652016,96.31257631257633,61.53846153846154,21.68498168498169,0.0,-325.66544566544565,412.7960927960928,-168.98656898656898,-12.698412698412698,61.53846153846154
65.83638583638583,-457.72893772893775,335.04273504273505,-8.00976800976801,0.0,-40.04884004884005,-24.81074481074481,-0.5860805860805861,4.102564102564102,0.0,12.698412698412698,4.102564102564102,0.0,14.261294261294262,31.45299145299145,-12.698412698412698,29.10866910866911,0.0,-123.27228327228327,115.45787545787546,38.87667887667888,31.45299145299145,0.0,-334.65201465201466,398.73015873015873,-166.64224664224665,9.572649572649572,38.87667887667888
59.58485958485959,-360.43956043956047,245.5677655677656,-16.214896214896214,0.0,-45.51892551892552,-20.512820512820515,-2.148962148962149,0.1953601953601953,0.0,15.042735042735044,2.148962148962149,0.0,5.274725274725275,32.234432234432234,-14.652014652014651,27.936507936507937,0.0,-128.35164835164835,76.77655677655677,54.89621489621489,46.3003663003663,0.0,-245.1770451770452,319.4139194139194,-198.2905982905983,-16.996336996336996,54.89621489621489
50.989010989010985,-214.7008547008547,115.84859584859583,-12.307692307692308,0.0,-45.12820512820513,-10.744810744810744,-4.493284493284493,3.3211233211233213,0.0,22.075702075702075,3.3211233211233213,0.0,6.446886446886447,34.18803418803419,-16.214896214896214,31.843711843711844,0.0,-126.3980463980464,91.23321123321124,45.51892551892552,46.3003663003663,0.0,-115.45787545787546,178.75457875457874,-205.32356532356533,7.228327228327228,45.51892551892552
63.88278388278388,-726.935286935287,581.978021978022,12.307692307692308,0.0,-27.936507936507937,-8.4004884004884,-24.02930402930403,-3.3211233211233213,0.0,33.40659340659341,-4.493284493284493,0.0,18.168498168498168,31.062271062271066,-21.294261294261293,27.155067155067155,0.0,-117.4114774114774,111.55067155067157,13.089133089133089,47.86324786324786,0.0,-581.5873015873016,676.5323565323565,-200.24420024420024,31.843711843711844,13.089133089133089
63.10134310134311,-721.4652014652015,600.7326007326008,-18.55921855921856,0.0,-10.354090354090356,-11.135531135531137,-34.57875457875458,-15.433455433455434,0.0,41.22100122100122,-13.47985347985348,0.0,12.698412698412698,39.26739926739927,-23.63858363858364,19.34065934065934,0.0,-118.1929181929182,109.2063492063492,24.42002442002442,33.01587301587302,0.0,-600.3418803418804,658.5592185592186,-163.12576312576311,5.665445665445666,24.42002442002442
76.77655677655677,-985.5921855921856,822.6617826617827,-2.5396825396825395,0.0,-2.93040293040293,-15.824175824175825,-45.90964590964591,-19.34065934065934,0.0,40.83028083028083,-17.387057387057386,0.0,4.884004884004884,42.002442002442,-24.42002442002442,5.274725274725275,0.0,-113.5042735042735,107.64346764346764,21.294261294261293,12.698412698412698,0.0,-822.2710622710623,917.6068376068376,-150.23199023199024,-5.274725274725275,21.294261294261293
84.2002442002442,-1157.1184371184372,1002.7838827838827,6.056166056166056,0.0,-1.3675213675213675,-13.089133089133089,-28.71794871794872,-15.433455433455434,0.0,45.12820512820513,-7.619047619047619,0.0,2.148962148962149,54.114774114774114,-6.837606837606837,10.744810744810744,0.0,-105.68986568986568,153.35775335775335,25.982905982905983,-12.307692307692308,0.0,-1002.3931623931624,1053.1868131868132,-92.7960927960928,30.671550671550676,25.982905982905983
66.61782661782662,-970.7448107448108,858.6080586080586,-3.711843711843712,0.0,-16.996336996336996,-12.698412698412698,-9.18192918192918,-5.665445665445666,0.0,44.346764346764346,-4.884004884004884,0.0,-9.572649572649572,53.724053724053725,-0.5860805860805861,7.228327228327228,0.0,-118.1929181929182,127.96092796092796,47.472527472527474,-5.274725274725275,0.0,-858.2173382173382,897.2893772893773,-105.2991452991453,6.056166056166056,47.472527472527474
47.86324786324786,-785.1526251526252,682.002442002442,9.18192918192918,0.0,-32.62515262515262,-15.824175824175825,2.93040293040293,3.3211233211233213,0.0,41.22100122100122,0.1953601953601953,0.0,-25.2014652014652,56.45909645909646,3.3211233211233213,8.4004884004884,0.0,-123.66300366300366,124.05372405372404,41.22100122100122,1.7582417582417582,0.0,-681.6117216117216,724.5909645909646,-119.36507936507935,18.168498168498168,41.22100122100122
36.92307692307692,-843.3699633699633,738.2661782661783,18.94993894993895,0.0,-39.65811965811966,-12.698412698412698,-0.1953601953601953,8.00976800976801,0.0,40.83028083028083,0.1953601953601953,0.0,-11.916971916971915,44.737484737484735,1.3675213675213675,9.963369963369964,0.0,-126.7887667887668,145.54334554334554,10.354090354090356,14.652014652014651,0.0,-737.8754578754579,775.7753357753357,-132.64957264957266,57.63125763125763,10.354090354090356
27.936507936507937,-936.7521367521368,816.4102564102565,4.493284493284493,0.0,-50.20757020757021,-9.963369963369964,-14.261294261294262,-8.00976800976801,0.0,41.22100122100122,-16.214896214896214,0.0,3.711843711843712,30.671550671550676,-9.963369963369964,-8.791208791208792,0.0,-120.92796092796092,88.4981684981685,42.78388278388278,3.711843711843712,0.0,-816.019536019536,872.2832722832723,-127.96092796092796,-4.884004884004884,42.78388278388278
16.214896214896214,-882.4420024420025,754.2857142857143,-11.135531135531137,0.0,-47.472527472527474,-9.18192918192918,-30.28083028083028,-31.45299145299145,0.0,40.83028083028083,-28.71794871794872,0.0,13.870573870573873,21.68498168498169,-16.605616605616607,-15.824175824175825,0.0,-112.33211233211232,120.14652014652016,11.526251526251526,-16.605616605616607,0.0,-753.894993894994,817.973137973138,-104.12698412698413,18.168498168498168,11.526251526251526
8.00976800976801,-832.039072039072,703.1013431013431,10.744810744810744,0.0,-49.42612942612943,-4.102564102564102,-35.36019536019536,-15.042735042735044,0.0,36.92307692307692,-29.89010989010989,0.0,18.55921855921856,12.307692307692308,-19.73137973137973,-11.916971916971915,0.0,-99.43833943833944,142.8083028083028,-22.075702075702075,-21.68498168498169,0.0,-702.7106227106227,766.007326007326,-75.21367521367522,42.002442002442,-22.075702075702075
7.619047619047619,-820.7081807081807,689.4261294261295,-5.274725274725275,0.0,-56.06837606837607,-6.837606837606837,-30.671550671550676,-29.89010989010989,0.0,33.40659340659341,-37.31379731379732,0.0,9.572649572649572,11.916971916971915,-18.168498168498168,-14.652014652014651,0.0,-110.37851037851038,99.04761904761904,20.12210012210012,-20.12210012210012,0.0,-689.0354090354091,760.5372405372406,-84.98168498168498,2.5396825396825395,20.12210012210012
18.55921855921856,-822.6617826617827,709.3528693528693,10.354090354090356,0.0,-52.55189255189255,-8.4004884004884,-24.02930402930403,6.056166056166056,0.0,32.62515262515262,-33.01587301587302,0.0,-5.665445665445666,13.47985347985348,-14.261294261294262,-1.7582417582417582,0.0,-122.88156288156289,121.31868131868131,-7.619047619047619,0.5860805860805861,0.0,-708.962148962149,769.1330891330891,-111.94139194139194,35.36019536019536,-7.619047619047619
17.77777777777778,-815.2380952380952,676.5323565323565,34.969474969474966,0.0,-54.89621489621489,-14.652014652014651,-26.37362637362637,14.652014652014651,0.0,24.02930402930403,-29.10866910866911,0.0,-23.63858363858364,15.433455433455434,-5.665445665445666,-2.148962148962149,0.0,-127.96092796092796,106.08058608058607,8.00976800976801,-2.5396825396825395,0.0,-676.1416361416361,744.5177045177045,-94.74969474969475,26.37362637362637,8.00976800976801
20.903540903540904,-757.0207570207571,622.6129426129426,24.42002442002442,0.0,-57.63125763125763,-15.042735042735044,-23.63858363858364,11.526251526251526,0.0,18.94993894993895,-24.02930402930403,0.0,-26.37362637362637,23.247863247863247,0.9768009768009768,-3.711843711843712,0.0,-121.31868131868131,66.22710622710623,55.28693528693529,-6.446886446886447,0.0,-622.2222222222222,683.1746031746031,-84.98168498168498,-16.605616605616607,55.28693528693529
34.969474969474966,-707.008547008547,601.1233211233211,-9.18192918192918,0.0,-61.92918192918193,-6.837606837606837,-18.55921855921856,10.744810744810744,0.0,16.605616605616607,-24.42002442002442,0.0,-16.214896214896214,16.605616605616607,5.665445665445666,-6.446886446886447,0.0,-106.86202686202688,77.55799755799755,42.39316239316239,-12.698412698412698,0.0,-600.7326007326008,626.1294261294262,-67.3992673992674,-11.916971916971915,42.39316239316239
0.1953601953601953,-746.8620268620268,669.4993894993895,4.102564102564102,0.0,-70.91575091575092,-4.884004884004884,-10.744810744810744,16.996336996336996,0.0,14.261294261294262,-22.466422466422465,0.0,-15.824175824175825,12.307692307692308,5.274725274725275,-0.1953601953601953,0.0,-102.17338217338218,94.35897435897436,20.512820512820515,-10.744810744810744,0.0,-669.1086691086691,681.6117216117216,-36.53235653235653,8.00976800976801,20.512820512820515
-3.711843711843712,-845.3235653235653,756.6300366300367,2.5396825396825395,0.0,-73.26007326007326,-11.526251526251526,-9.572649572649572,8.791208791208792,0.0,11.135531135531137,-26.37362637362637,0.0,-21.294261294261293,13.089133089133089,0.9768009768009768,-0.1953601953601953,0.0,-86.93528693528694,62.31990231990232,24.02930402930403,-6.446886446886447,0.0,-756.2393162393163,794.9206349206349,-52.16117216117216,2.148962148962149,24.02930402930403
20.903540903540904,-687.081807081807,545.2503052503052,22.075702075702075,0.0,-75.6043956043956,-10.354090354090356,-11.916971916971915,3.711843711843712,0.0,15.824175824175825,-37.31379731379732,0.0,-11.526251526251526,4.884004884004884,-4.493284493284493,-4.884004884004884,0.0,-76.77655677655677,168.5958485958486,-94.74969474969475,-11.916971916971915,0.0,-544.8595848595849,645.2747252747253,-81.85592185592185,118.1929181929182,-94.74969474969475
13.47985347985348,-472.1855921855922,329.1819291819292,45.12820512820513,0.0,-54.89621489621489,-12.307692307692308,-21.68498168498169,10.354090354090356,0.0,22.857142857142858,-40.83028083028083,0.0,-10.744810744810744,1.7582417582417582,-8.4004884004884,-2.5396825396825395,0.0,-77.16727716727716,125.22588522588522,-70.52503052503053,2.148962148962149,0.0,-328.7912087912088,421.001221001221,-79.51159951159951,95.92185592185592,-70.52503052503053
11.135531135531137,-466.3247863247863,297.5335775335776,69.74358974358974,0.0,-39.65811965811966,-15.433455433455434,-36.92307692307692,9.18192918192918,0.0,22.857142857142858,-42.002442002442,0.0,-1.3675213675213675,5.665445665445666,-7.228327228327228,-5.274725274725275,0.0,-81.07448107448107,127.17948717948718,-57.63125763125763,2.148962148962149,0.0,-297.1428571428572,408.8888888888889,-73.26007326007326,88.4981684981685,-57.63125763125763
0.5860805860805861,-219.38949938949935,108.42490842490842,33.40659340659341,0.0,-41.61172161172161,-12.698412698412698,-30.671550671550676,12.698412698412698,0.0,23.63858363858364,-43.56532356532357,0.0,20.12210012210012,-8.791208791208792,-6.056166056166056,-4.493284493284493,0.0,-86.15384615384616,123.27228327228327,-48.64468864468864,11.135531135531137,0.0,-108.03418803418803,157.65567765567766,-39.65811965811966,56.84981684981685,-48.64468864468864
-9.572649572649572,-288.93772893772893,186.95970695970692,36.14163614163614,0.0,-59.1941391941392,-3.3211233211233213,-30.28083028083028,20.903540903540904,0.0,24.42002442002442,-44.346764346764346,0.0,6.837606837606837,-6.056166056166056,-0.9768009768009768,-1.7582417582417582,0.0,-96.7032967032967,56.06837606837607,21.294261294261293,16.214896214896214,0.0,-186.56898656898656,218.2173382173382,-24.42002442002442,-14.261294261294262,21.294261294261293
-13.870573870573873,-329.5726495726496,256.5079365079365,24.02930402930403,0.0,-57.24053724053724,-9.18192918192918,-18.94993894993895,25.982905982905983,0.0,18.94993894993895,-36.92307692307692,0.0,-13.870573870573873,1.3675213675213675,9.963369963369964,1.7582417582417582,0.0,-96.7032967032967,67.00854700854701,27.936507936507937,0.9768009768009768,0.0,-256.1172161172161,253.3821733821734,0.9768009768009768,-2.93040293040293,27.936507936507937
-11.526251526251526,-177.58241758241758,124.83516483516485,9.572649572649572,0.0,-62.71062271062271,-9.572649572649572,-2.148962148962149,23.247863247863247,0.0,15.433455433455434,-29.499389499389498,0.0,-29.499389499389498,15.042735042735044,15.042735042735044,2.148962148962149,0.0,-91.62393162393164,83.41880341880342,18.94993894993895,-5.665445665445666,0.0,-124.44444444444444,102.95482295482296,10.744810744810744,13.870573870573873,18.94993894993895
6.837606837606837,566.3492063492064,-639.4139194139194,16.605616605616607,0.0,-50.5982905982906,-13.870573870573873,3.711843711843712,15.042735042735044,0.0,18.168498168498168,-27.155067155067155,0.0,-32.234432234432234,10.744810744810744,17.387057387057386,-0.9768009768009768,0.0,-83.41880341880342,81.46520146520146,11.135531135531137,-13.47985347985348,0.0,639.8046398046398,-618.3150183150183,-24.81074481074481,32.234432234432234,11.135531135531137
8.00976800976801,728.1074481074481,-813.2844932844932,26.37362637362637,0.0,-31.45299145299145,-25.982905982905983,-0.9768009768009768,12.307692307692308,0.0,15.433455433455434,-22.857142857142858,0.0,-30.671550671550676,15.433455433455434,15.433455433455434,-2.93040293040293,0.0,-88.1074481074481,92.014652014652,0.5860805860805861,-6.056166056166056,0.0,813.6752136752136,-775.7753357753357,-38.48595848595848,38.48595848595848,0.5860805860805861
13.870573870573873,622.2222222222222,-703.8827838827839,15.433455433455434,0.0,-16.605616605616607,-33.7973137973138,-1.7582417582417582,4.884004884004884,0.0,17.387057387057386,-22.075702075702075,0.0,6.446886446886447,9.963369963369964,6.837606837606837,-6.837606837606837,0.0,-68.57142857142857,68.96214896214896,16.214896214896214,0.5860805860805861,0.0,704.2735042735043,-667.1550671550672,-32.62515262515262,0.5860805860805861,16.214896214896214
15.824175824175825,748.034188034188,-829.3040293040293,15.433455433455434,0.0,-25.592185592185597,-32.62515262515262,0.9768009768009768,11.916971916971915,0.0,18.168498168498168,-21.68498168498169,0.0,29.10866910866911,-3.3211233211233213,3.3211233211233213,-0.1953601953601953,0.0,-46.69108669108669,93.18681318681318,-29.89010989010989,13.870573870573873,0.0,829.6947496947497,-788.6691086691087,-41.61172161172161,33.7973137973138,-29.89010989010989
24.81074481074481,755.8485958485959,-838.2905982905983,14.261294261294262,0.0,-37.31379731379732,-29.10866910866911,3.3211233211233213,24.02930402930403,0.0,11.135531135531137,-15.433455433455434,0.0,38.87667887667888,-18.168498168498168,1.3675213675213675,4.493284493284493,0.0,-33.7973137973138,24.42002442002442,24.02930402930403,12.698412698412698,0.0,838.6813186813187,-821.4896214896215,-27.155067155067155,-24.42002442002442,24.02930402930403
27.545787545787547,723.4188034188035,-801.1721611721612,17.387057387057386,0.0,-36.53235653235653,-25.592185592185597,5.274725274725275,28.71794871794872,0.0,5.665445665445666,-9.963369963369964,0.0,42.78388278388278,-16.996336996336996,0.1953601953601953,9.963369963369964,0.0,-21.294261294261293,29.89010989010989,33.01587301587302,-3.3211233211233213,0.0,801.5628815628816,-803.9072039072039,18.55921855921856,-31.843711843711844,33.01587301587302
2.148962148962149,952.7716727716728,-1004.7374847374848,10.354090354090356,0.0,-54.114774114774114,-17.77777777777778,8.791208791208792,26.764346764346765,0.0,-1.7582417582417582,-9.18192918192918,0.0,28.71794871794872,-16.996336996336996,3.3211233211233213,10.354090354090356,0.0,-30.671550671550676,-6.837606837606837,77.94871794871794,-12.698412698412698,0.0,1005.1282051282052,-1015.6776556776556,13.089133089133089,-62.71062271062271,77.94871794871794
-5.665445665445666,1061.7826617826618,-1127.032967032967,27.936507936507937,0.0,-51.77045177045177,-22.075702075702075,4.884004884004884,28.32722832722833,0.0,-1.3675213675213675,-11.916971916971915,0.0,5.665445665445666,-4.493284493284493,8.4004884004884,9.963369963369964,0.0,-52.94261294261294,37.704517704517706,56.45909645909646,-19.34065934065934,0.0,1127.4236874236874,-1110.2319902319905,6.056166056166056,-34.57875457875458,56.45909645909646
-8.00976800976801,863.2967032967033,-949.2551892551892,36.53235653235653,0.0,-43.95604395604396,-27.155067155067155,2.148962148962149,14.261294261294262,0.0,3.3211233211233213,-18.94993894993895,0.0,-7.619047619047619,13.870573870573873,8.791208791208792,0.1953601953601953,0.0,-65.44566544566544,179.53601953601952,-66.61782661782662,-29.499389499389498,0.0,949.6459096459096,-894.945054945055,2.148962148962149,90.84249084249085,-66.61782661782662
-16.605616605616607,744.5177045177045,-769.9145299145299,2.148962148962149,0.0,-34.18803418803419,-30.671550671550676,14.652014652014651,12.698412698412698,0.0,12.698412698412698,-16.996336996336996,0.0,-3.3211233211233213,17.77777777777778,14.652014652014651,0.1953601953601953,0.0,-54.89621489621489,118.5836385836386,-13.089133089133089,-19.73137973137973,0.0,770.3052503052503,-755.8485958485959,2.5396825396825395,33.01587301587302,-13.089133089133089
-6.446886446886447,793.7484737484738,-827.7411477411478,6.056166056166056,0.0,-40.83028083028083,-30.28083028083028,20.512820512820515,17.77777777777778,0.0,18.55921855921856,-13.089133089133089,0.0,-6.446886446886447,20.903540903540904,15.042735042735044,-1.7582417582417582,0.0,-43.95604395604396,210.01221001221,-118.1929181929182,-17.387057387057386,0.0,828.1318681318681,-808.2051282051282,-17.77777777777778,149.84126984126985,-118.1929181929182
21.68498168498169,780.8547008547008,-828.9133089133089,0.1953601953601953,0.0,-25.2014652014652,-25.592185592185597,15.433455433455434,12.698412698412698,0.0,20.12210012210012,-6.056166056166056,0.0,-7.619047619047619,24.42002442002442,7.228327228327228,-4.102564102564102,0.0,-23.247863247863247,128.35164835164835,-63.88278388278388,-18.55921855921856,0.0,829.3040293040293,-801.1721611721612,-15.433455433455434,83.80952380952381,-63.88278388278388
32.62515262515262,828.1318681318681,-860.952380952381,-14.652014652014651,0.0,-11.526251526251526,-31.843711843711844,19.73137973137973,11.135531135531137,0.0,17.387057387057386,4.102564102564102,0.0,16.996336996336996,4.493284493284493,2.5396825396825395,0.9768009768009768,0.0,-8.791208791208792,24.02930402930403,27.155067155067155,-15.433455433455434,0.0,861.3431013431014,-858.6080586080586,-6.446886446886447,-14.261294261294262,27.155067155067155
24.42002442002442,612.4542124542124,-660.5128205128206,4.493284493284493,0.0,-25.982905982905983,-30.28083028083028,23.247863247863247,17.387057387057386,0.0,15.433455433455434,10.744810744810744,0.0,14.261294261294262,9.18192918192918,0.1953601953601953,10.744810744810744,0.0,-0.9768009768009768,6.056166056166056,38.095238095238095,-6.056166056166056,0.0,660.9035409035409,-646.4468864468864,-4.493284493284493,-31.062271062271066,38.095238095238095
31.843711843711844,525.7142857142857,-562.0512820512821,4.102564102564102,0.0,-28.71794871794872,-22.857142857142858,31.45299145299145,22.857142857142858,0.0,18.94993894993895,18.55921855921856,0.0,10.354090354090356,13.47985347985348,2.148962148962149,28.32722832722833,0.0,-0.1953601953601953,-29.499389499389498,80.29304029304029,6.056166056166056,0.0,562.4420024420025,-540.952380952381,-12.698412698412698,-83.02808302808303,80.29304029304029
16.214896214896214,382.3199023199023,-400.6837606837607,2.93040293040293,0.0,-49.81684981684982,-14.261294261294262,40.04884004884005,27.936507936507937,0.0,22.857142857142858,25.2014652014652,0.0,10.744810744810744,7.619047619047619,7.619047619047619,38.87667887667888,0.0,-2.148962148962149,-11.135531135531137,66.22710622710623,13.47985347985348,0.0,401.074481074481,-386.2271062271062,-0.5860805860805861,-81.85592185592185,66.22710622710623
-22.075702075702075,365.9096459096459,-380.3663003663004,13.870573870573873,0.0,-94.35897435897436,-2.148962148962149,45.12820512820513,30.671550671550676,0.0,25.2014652014652,26.764346764346765,0.0,-11.916971916971915,15.042735042735044,13.47985347985348,38.48595848595848,0.0,-9.18192918192918,71.6971916971917,-9.18192918192918,3.711843711843712,0.0,380.7570207570208,-370.2075702075702,5.665445665445666,10.354090354090356,-9.18192918192918
-12.698412698412698,423.3455433455433,-415.53113553113553,-6.837606837606837,0.0,-106.47130647130648,11.916971916971915,47.081807081807085,35.36019536019536,0.0,24.81074481074481,30.671550671550676,0.0,-48.25396825396825,44.737484737484735,19.73137973137973,38.095238095238095,0.0,-20.903540903540904,60.757020757020754,25.592185592185597,-8.791208791208792,0.0,415.9218559218559,-431.1599511599512,8.791208791208792,-11.916971916971915,25.592185592185597
1.3675213675213675,395.995115995116,-379.1941391941392,-8.791208791208792,0.0,-69.35286935286935,8.791208791208792,36.14163614163614,34.969474969474966,0.0,24.02930402930403,31.062271062271066,0.0,-24.81074481074481,42.39316239316239,17.387057387057386,33.7973137973138,0.0,-24.02930402930403,119.36507936507935,-11.916971916971915,-11.916971916971915,0.0,379.5848595848596,-407.3260073260073,19.73137973137973,25.982905982905983,-11.916971916971915
9.572649572649572,440.53724053724056,-445.2258852258853,5.665445665445666,0.0,-41.61172161172161,-7.619047619047619,34.57875457875458,27.545787545787547,0.0,14.652014652014651,25.592185592185597,0.0,-6.056166056166056,41.22100122100122,10.744810744810744,27.936507936507937,0.0,-22.857142857142858,164.2979242979243,-51.37973137973138,-12.307692307692308,0.0,445.6166056166056,-447.1794871794872,11.526251526251526,73.65079365079364,-51.37973137973138
33.01587301587302,140.46398046398048,-126.007326007326,2.93040293040293,0.0,-3.3211233211233213,-10.354090354090356,38.87667887667888,26.764346764346765,0.0,13.870573870573873,27.936507936507937,0.0,14.261294261294262,46.3003663003663,6.056166056166056,31.062271062271066,0.0,-9.963369963369964,74.43223443223444,36.53235653235653,-0.1953601953601953,0.0,126.3980463980464,-136.55677655677655,11.135531135531137,-22.075702075702075,36.53235653235653
38.87667887667888,411.2332112332113,-395.2136752136752,5.665445665445666,0.0,13.089133089133089,-10.744810744810744,37.704517704517706,23.247863247863247,0.0,14.652014652014651,31.843711843711844,0.0,25.592185592185597,35.75091575091575,1.3675213675213675,37.31379731379732,0.0,6.446886446886447,30.671550671550676,47.86324786324786,17.387057387057386,0.0,395.6043956043956,-403.028083028083,14.652014652014651,-53.724053724053725,47.86324786324786
34.18803418803419,245.958485958486,-267.83882783882785,8.4004884004884,0.0,-3.3211233211233213,-14.652014652014651,28.71794871794872,13.089133089133089,0.0,11.526251526251526,29.89010989010989,0.0,10.744810744810744,24.42002442002442,-5.665445665445666,36.14163614163614,0.0,4.102564102564102,40.04884004884005,4.884004884004884,16.996336996336996,0.0,268.22954822954824,-240.0976800976801,-8.00976800976801,-20.903540903540904,4.884004884004884
34.57875457875458,354.96947496947496,-362.002442002442,1.3675213675213675,0.0,-7.619047619047619,-2.5396825396825395,25.2014652014652,16.214896214896214,0.0,19.73137973137973,33.7973137973138,0.0,-2.148962148962149,28.71794871794872,-2.148962148962149,40.43956043956044,0.0,6.056166056166056,-11.916971916971915,61.53846153846154,9.18192918192918,0.0,362.3931623931624,-376.4590964590965,6.056166056166056,-62.71062271062271,61.53846153846154
42.002442002442,18.94993894993895,-53.724053724053725,2.93040293040293,0.0,-8.4004884004884,0.1953601953601953,10.744810744810744,9.963369963369964,0.0,25.982905982905983,31.062271062271066,0.0,-18.55921855921856,26.37362637362637,0.5860805860805861,42.78388278388278,0.0,0.1953601953601953,-5.665445665445666,56.06837606837607,2.148962148962149,0.0,54.114774114774114,-71.6971916971917,26.37362637362637,-59.1941391941392,56.06837606837607
38.095238095238095,214.7008547008547,-260.8058608058608,5.665445665445666,0.0,-20.903540903540904,3.3211233211233213,6.837606837606837,10.744810744810744,0.0,24.02930402930403,30.671550671550676,0.0,-14.652014652014651,17.77777777777778,2.148962148962149,45.90964590964591,0.0,-7.228327228327228,73.26007326007326,-10.354090354090356,-1.7582417582417582,0.0,261.1965811965812,-294.4078144078144,33.01587301587302,25.592185592185597,-10.354090354090356
29.10866910866911,86.15384615384616,-123.27228327228327,9.963369963369964,0.0,-18.55921855921856,1.3675213675213675,11.526251526251526,8.791208791208792,0.0,23.63858363858364,25.2014652014652,0.0,-3.3211233211233213,12.307692307692308,2.5396825396825395,47.081807081807085,0.0,-8.4004884004884,59.1941391941392,10.354090354090356,-0.1953601953601953,0.0,123.66300366300366,-176.8009768009768,61.14774114774115,4.493284493284493,10.354090354090356
33.01587301587302,141.24542124542126,-163.9072039072039,0.9768009768009768,0.0,-15.433455433455434,-0.1953601953601953,21.294261294261293,6.446886446886447,0.0,24.02930402930403,24.81074481074481,0.0,-8.4004884004884,13.089133089133089,6.056166056166056,49.42612942612943,0.0,-6.056166056166056,33.01587301587302,27.155067155067155,8.00976800976801,0.0,164.2979242979243,-230.32967032967036,58.8034188034188,-14.652014652014651,27.155067155067155
38.87667887667888,-109.5970695970696,95.53113553113552,0.9768009768009768,0.0,-13.089133089133089,-0.5860805860805861,25.982905982905983,15.824175824175825,0.0,20.512820512820515,30.671550671550676,0.0,-4.884004884004884,18.55921855921856,3.3211233211233213,49.03540903540904,0.0,-6.837606837606837,151.4041514041514,-93.57753357753356,17.77777777777778,0.0,-95.14041514041514,21.68498168498169,45.12820512820513,103.34554334554336,-93.57753357753356
40.43956043956044,-11.526251526251526,-5.665445665445666,-9.572649572649572,0.0,-16.996336996336996,1.3675213675213675,21.294261294261293,8.4004884004884,0.0,14.261294261294262,25.2014652014652,0.0,-10.354090354090356,15.433455433455434,-5.665445665445666,34.18803418803419,0.0,-19.73137973137973,34.57875457875458,14.261294261294262,4.884004884004884,0.0,6.056166056166056,-78.73015873015873,45.90964590964591,-10.354090354090356,14.261294261294262
30.671550671550676,29.89010989010989,-54.5054945054945,-7.619047619047619,0.0,-15.433455433455434,1.7582417582417582,7.619047619047619,5.274725274725275,0.0,16.214896214896214,19.73137973137973,0.0,-20.12210012210012,9.572649572649572,-9.572649572649572,28.32722832722833,0.0,-16.996336996336996,28.71794871794872,0.1953601953601953,-1.7582417582417582,0.0,54.89621489621489,-121.7094017094017,57.63125763125763,-7.619047619047619,0.1953601953601953
7.619047619047619,71.30647130647131,-90.06105006105007,-6.056166056166056,0.0,-46.3003663003663,20.512820512820515,0.9768009768009768,9.18192918192918,0.0,18.94993894993895,17.77777777777778,0.0,-20.512820512820515,8.4004884004884,-13.47985347985348,24.81074481074481,0.0,-3.3211233211233213,-7.619047619047619,18.94993894993895,-6.446886446886447,0.0,90.45177045177046,-165.47008547008548,76.38583638583638,-35.75091575091575,18.94993894993895
-8.4004884004884,-23.63858363858364,-4.102564102564102,-7.619047619047619,0.0,-50.989010989010985,20.512820512820515,-10.354090354090356,-0.9768009768009768,0.0,15.433455433455434,12.698412698412698,0.0,-7.228327228327228,-14.652014652014651,-19.73137973137973,19.34065934065934,0.0,-1.7582417582417582,-47.472527472527474,35.36019536019536,-7.619047619047619,0.0,4.493284493284493,-56.84981684981685,70.52503052503053,-65.44566544566544,35.36019536019536
-10.354090354090356,-181.8803418803419,140.46398046398048,5.665445665445666,0.0,-34.969474969474966,14.261294261294262,-14.652014652014651,-9.18192918192918,0.0,11.916971916971915,13.47985347985348,0.0,-14.652014652014651,-5.665445665445666,-18.55921855921856,18.94993894993895,0.0,1.3675213675213675,-27.155067155067155,8.791208791208792,-1.7582417582417582,0.0,-140.0732600732601,108.42490842490842,64.66422466422466,-42.78388278388278,8.791208791208792
9.18192918192918,65.83638583638583,-112.33211233211232,8.00976800976801,0.0,-18.55921855921856,16.996336996336996,-11.526251526251526,-13.089133089133089,0.0,13.089133089133089,21.294261294261293,0.0,-31.843711843711844,15.433455433455434,-12.698412698412698,23.247863247863247,0.0,-4.493284493284493,-16.214896214896214,15.824175824175825,0.5860805860805861,0.0,112.72283272283272,-131.08669108669108,47.081807081807085,-44.737484737484735,15.824175824175825
24.81074481074481,-29.10866910866911,-38.095238095238095,10.744810744810744,0.0,-19.73137973137973,21.294261294261293,-13.870573870573873,-14.652014652014651,0.0,11.526251526251526,25.592185592185597,0.0,-44.346764346764346,24.02930402930403,-11.916971916971915,17.77777777777778,0.0,-19.73137973137973,38.87667887667888,-22.857142857142858,-8.00976800976801,0.0,38.48595848595848,-36.53235653235653,37.31379731379732,-4.884004884004884,-22.857142857142858
17.77777777777778,-40.43956043956044,-43.95604395604396,15.433455433455434,0.0,-34.57875457875458,21.68498168498169,-13.47985347985348,-21.294261294261293,0.0,8.4004884004884,26.764346764346765,0.0,-71.6971916971917,28.32722832722833,-7.619047619047619,13.47985347985348,0.0,-33.7973137973138,36.14163614163614,-14.261294261294262,-23.63858363858364,0.0,44.346764346764346,-29.10866910866911,47.081807081807085,-8.00976800976801,-14.261294261294262
-5.665445665445666,-84.98168498168498,28.32722832722833,9.963369963369964,0.0,-72.08791208791209,36.92307692307692,-3.3211233211233213,-10.744810744810744,0.0,11.916971916971915,35.36019536019536,0.0,-73.26007326007326,27.155067155067155,-2.93040293040293,16.996336996336996,0.0,-19.73137973137973,23.63858363858364,-9.18192918192918,-24.02930402930403,0.0,-27.936507936507937,16.605616605616607,63.10134310134311,-13.870573870573873,-9.18192918192918
1.3675213675213675,121.31868131868131,-168.5958485958486,6.056166056166056,0.0,-66.22710622710623,36.53235653235653,-1.3675213675213675,-4.884004884004884,0.0,10.354090354090356,42.002442002442,0.0,-54.5054945054945,30.671550671550676,-2.5396825396825395,15.824175824175825,0.0,4.884004884004884,66.61782661782662,-55.28693528693529,-25.592185592185597,0.0,168.98656898656898,-168.5958485958486,39.65811965811966,36.92307692307692,-55.28693528693529
33.01587301587302,-101.001221001221,59.1941391941392,6.056166056166056,0.0,-14.261294261294262,19.73137973137973,-1.7582417582417582,-3.3211233211233213,0.0,7.228327228327228,46.3003663003663,0.0,-24.81074481074481,25.2014652014652,-6.056166056166056,15.042735042735044,0.0,25.982905982905983,49.42612942612943,-47.472527472527474,-18.168498168498168,0.0,-58.8034188034188,47.472527472527474,41.22100122100122,26.37362637362637,-47.472527472527474
63.49206349206349,-268.22954822954824,201.4163614163614,8.00976800976801,0.0,11.526251526251526,15.824175824175825,-5.665445665445666,-14.652014652014651,0.0,4.884004884004884,41.22100122100122,0.0,-13.47985347985348,29.89010989010989,-17.387057387057386,9.963369963369964,0.0,40.43956043956044,9.963369963369964,-27.155067155067155,-13.47985347985348,0.0,-201.02564102564105,206.8864468864469,43.95604395604396,-13.870573870573873,-27.155067155067155
68.96214896214896,-359.65811965811963,295.1892551892552,2.5396825396825395,0.0,34.969474969474966,4.493284493284493,-11.135531135531137,-19.34065934065934,0.0,6.446886446886447,38.095238095238095,0.0,6.446886446886447,29.10866910866911,-23.63858363858364,6.446886446886447,0.0,31.843711843711844,11.916971916971915,-5.665445665445666,-18.55921855921856,0.0,-294.7985347985348,317.46031746031747,15.824175824175825,-31.062271062271066,-5.665445665445666
65.05494505494505,-641.7582417582418,530.4029304029305,25.982905982905983,0.0,24.02930402930403,-2.5396825396825395,-18.55921855921856,-19.73137973137973,0.0,3.711843711843712,31.45299145299145,0.0,29.10866910866911,5.665445665445666,-32.234432234432234,10.354090354090356,0.0,26.764346764346765,-8.00976800976801,6.837606837606837,-11.526251526251526,0.0,-530.0122100122101,584.3223443223443,15.433455433455434,-56.45909645909646,6.837606837606837
44.737484737484735,-287.76556776556777,200.63492063492063,-1.3675213675213675,0.0,-1.7582417582417582,-2.5396825396825395,-8.4004884004884,-27.545787545787547,0.0,1.7582417582417582,27.545787545787547,0.0,3.711843711843712,5.665445665445666,-32.62515262515262,9.572649572649572,0.0,13.870573870573873,-36.92307692307692,24.02930402930403,-13.089133089133089,0.0,-200.24420024420024,235.7997557997558,2.148962148962149,-67.3992673992674,24.02930402930403
12.698412698412698,-472.5763125763126,415.1404151404152,9.18192918192918,0.0,-11.135531135531137,-8.791208791208792,-1.7582417582417582,-9.963369963369964,0.0,7.228327228327228,29.10866910866911,0.0,-21.68498168498169,1.7582417582417582,-27.545787545787547,16.605616605616607,0.0,-5.665445665445666,13.870573870573873,-23.63858363858364,-13.089133089133089,0.0,-414.7496947496948,450.3052503052503,11.916971916971915,-20.903540903540904,-23.63858363858364
25.2014652014652,-432.7228327228327,376.4590964590965,-0.9768009768009768,0.0,-21.68498168498169,-4.493284493284493,4.102564102564102,-7.619047619047619,0.0,8.4004884004884,29.10866910866911,0.0,-77.16727716727716,20.512820512820515,-26.764346764346765,13.47985347985348,0.0,-16.605616605616607,-2.93040293040293,-37.31379731379732,-11.135531135531137,0.0,-376.068376068376,421.78266178266176,-3.3211233211233213,-22.857142857142858,-37.31379731379732
19.73137973137973,-496.4102564102564,459.6825396825397,-19.73137973137973,0.0,-38.87667887667888,9.572649572649572,9.18192918192918,-15.042735042735044,0.0,11.526251526251526,29.89010989010989,0.0,-111.55067155067157,36.92307692307692,-26.37362637362637,12.307692307692308,0.0,-36.92307692307692,-26.764346764346765,-8.00976800976801,-14.652014652014651,0.0,-459.2918192918193,462.8083028083028,15.824175824175825,-42.78388278388278,-8.00976800976801
17.387057387057386,-478.4371184371184,421.3919413919414,19.73137973137973,0.0,-27.936507936507937,14.652014652014651,6.056166056166056,-10.744810744810744,0.0,21.68498168498169,31.45299145299145,0.0,-115.84859584859583,46.3003663003663,-31.45299145299145,12.307692307692308,0.0,-43.56532356532357,11.135531135531137,-49.42612942612943,-5.274725274725275,0.0,-421.001221001221,460.0732600732601,28.32722832722833,-27.936507936507937,-49.42612942612943
19.73137973137973,-586.6666666666666,492.5030525030525,25.982905982905983,0.0,-31.45299145299145,17.77777777777778,0.1953601953601953,-32.234432234432234,0.0,24.81074481074481,29.499389499389498,0.0,-90.45177045177046,54.89621489621489,-39.26739926739927,0.1953601953601953,0.0,-22.857142857142858,-18.55921855921856,-15.824175824175825,-15.042735042735044,0.0,-492.1123321123321,579.6336996336996,2.93040293040293,-66.61782661782662,-15.824175824175825
34.18803418803419,-476.4835164835165,391.69719169719167,34.18803418803419,0.0,-10.354090354090356,15.824175824175825,5.274725274725275,-23.63858363858364,0.0,27.936507936507937,36.53235653235653,0.0,-22.857142857142858,33.40659340659341,-41.61172161172161,12.698412698412698,0.0,0.1953601953601953,27.155067155067155,-38.48595848595848,-6.446886446886447,0.0,-391.3064713064713,452.2588522588522,3.711843711843712,-21.68498168498169,-38.48595848595848
43.17460317460318,-378.8034188034188,304.1758241758242,36.92307692307692,0.0,6.056166056166056,7.228327228327228,14.261294261294262,-19.73137973137973,0.0,27.545787545787547,40.04884004884005,0.0,-9.18192918192918,26.37362637362637,-42.002442002442,19.73137973137973,0.0,12.698412698412698,49.03540903540904,-76.77655677655677,9.572649572649572,0.0,-303.7851037851038,362.7838827838828,-4.884004884004884,11.916971916971915,-76.77655677655677
42.002442002442,-366.6910866910867,308.08302808302807,32.62515262515262,0.0,-5.665445665445666,12.698412698412698,23.247863247863247,-11.916971916971915,0.0,29.89010989010989,42.78388278388278,0.0,-4.884004884004884,14.261294261294262,-39.65811965811966,23.63858363858364,0.0,25.592185592185597,2.93040293040293,-47.081807081807085,12.307692307692308,0.0,-307.6923076923077,367.0818070818071,-13.089133089133089,-15.824175824175825,-47.081807081807085
46.69108669108669,-251.03785103785103,194.3833943833944,15.824175824175825,0.0,-22.075702075702075,13.870573870573873,27.545787545787547,-10.744810744810744,0.0,30.671550671550676,37.704517704517706,0.0,-40.83028083028083,18.55921855921856,-39.65811965811966,23.63858363858364,0.0,6.446886446886447,25.592185592185597,-81.85592185592185,11.916971916971915,0.0,-193.992673992674,245.1770451770452,-18.168498168498168,9.18192918192918,-81.85592185592185
52.94261294261294,-529.2307692307693,457.33821733821736,16.605616605616607,0.0,-16.214896214896214,6.446886446886447,22.466422466422465,-12.307692307692308,0.0,29.89010989010989,30.671550671550676,0.0,-72.08791208791209,41.22100122100122,-40.04884004884005,21.294261294261293,0.0,0.9768009768009768,-0.1953601953601953,-61.92918192918193,12.698412698412698,0.0,-456.947496947497,513.6019536019536,-8.791208791208792,-27.936507936507937,-61.92918192918193
58.41269841269841,-331.13553113553115,239.3162393162393,27.545787545787547,0.0,3.3211233211233213,-1.3675213675213675,13.089133089133089,-18.55921855921856,0.0,33.01587301587302,18.168498168498168,0.0,-55.67765567765568,48.64468864468864,-39.65811965811966,11.135531135531137,0.0,14.652014652014651,-8.00976800976801,-34.18803418803419,-5.274725274725275,0.0,-238.92551892551893,333.4798534798535,-13.47985347985348,-49.42612942612943,-34.18803418803419
92.4053724053724,-446.3980463980464,326.4468864468864,37.704517704517706,0.0,25.592185592185597,-2.93040293040293,9.18192918192918,-18.94993894993895,0.0,34.57875457875458,13.089133089133089,0.0,-21.294261294261293,31.843711843711844,-43.17460317460318,6.837606837606837,0.0,14.261294261294262,-8.00976800976801,-13.47985347985348,-17.387057387057386,0.0,-326.05616605616603,418.65689865689865,7.228327228327228,-71.30647130647131,-13.47985347985348
101.3919413919414,-233.84615384615384,127.17948717948718,29.10866910866911,0.0,23.63858363858364,9.963369963369964,12.307692307692308,-20.12210012210012,0.0,32.234432234432234,18.168498168498168,0.0,-36.92307692307692,37.31379731379732,-41.61172161172161,10.744810744810744,0.0,-1.7582417582417582,-5.665445665445666,-2.93040293040293,-18.168498168498168,0.0,-126.7887667887668,190.0854700854701,18.94993894993895,-69.74358974358974,-2.93040293040293
83.80952380952381,-317.0695970695971,244.004884004884,32.234432234432234,0.0,8.4004884004884,25.982905982905983,19.73137973137973,-10.744810744810744,0.0,36.53235653235653,29.89010989010989,0.0,-6.446886446886447,23.247863247863247,-38.87667887667888,21.294261294261293,0.0,19.34065934065934,-3.711843711843712,-12.307692307692308,-2.5396825396825395,0.0,-243.6141636141636,294.4078144078144,1.7582417582417582,-49.42612942612943,-12.307692307692308
65.05494505494505,-184.6153846153846,101.78266178266178,45.90964590964591,0.0,-29.89010989010989,50.20757020757021,19.34065934065934,-8.4004884004884,0.0,39.26739926739927,40.83028083028083,0.0,-28.32722832722833,28.32722832722833,-36.53235653235653,24.81074481074481,0.0,22.466422466422465,3.711843711843712,-35.36019536019536,-2.5396825396825395,0.0,-101.3919413919414,178.75457875457874,-21.68498168498169,-25.2014652014652,-35.36019536019536
28.32722832722833,-330.7448107448108,256.8986568986569,30.671550671550676,0.0,-64.66422466422466,51.37973137973138,20.12210012210012,-18.94993894993895,0.0,35.36019536019536,44.346764346764346,0.0,-62.71062271062271,28.32722832722833,-32.62515262515262,30.28083028083028,0.0,13.47985347985348,-22.075702075702075,-29.10866910866911,1.3675213675213675,0.0,-256.5079365079365,326.4468864468864,-18.55921855921856,-38.87667887667888,-29.10866910866911
12.698412698412698,-38.48595848595848,-24.02930402930403,40.43956043956044,0.0,-43.95604395604396,26.764346764346765,18.168498168498168,-8.00976800976801,0.0,43.56532356532357,43.17460317460318,0.0,-35.36019536019536,13.870573870573873,-25.592185592185597,34.969474969474966,0.0,16.214896214896214,23.247863247863247,-51.77045177045177,0.1953601953601953,0.0,24.42002442002442,40.04884004884005,-22.857142857142858,-0.9768009768009768,-51.77045177045177
35.36019536019536,203.36996336996336,-270.5738705738706,38.095238095238095,0.0,4.102564102564102,5.274725274725275,12.307692307692308,-12.307692307692308,0.0,48.25396825396825,31.45299145299145,0.0,-40.83028083028083,16.605616605616607,-23.63858363858364,32.234432234432234,0.0,-5.665445665445666,31.45299145299145,-47.081807081807085,6.446886446886447,0.0,270.96459096459097,-192.42979242979243,-27.155067155067155,-13.089133089133089,-47.081807081807085
68.96214896214896,-77.55799755799755,-24.02930402930403,39.65811965811966,0.0,40.04884004884005,-12.307692307692308,2.93040293040293,-20.512820512820515,0.0,43.17460317460318,14.261294261294262,0.0,-56.84981684981685,11.916971916971915,-27.936507936507937,25.2014652014652,0.0,-31.062271062271066,13.089133089133089,-26.764346764346765,-0.9768009768009768,0.0,24.42002442002442,82.63736263736264,-13.47985347985348,-50.989010989010985,-26.764346764346765
98.26617826617829,-156.87423687423689,64.27350427350427,42.39316239316239,0.0,77.16727716727716,-17.387057387057386,3.711843711843712,-12.307692307692308,0.0,45.51892551892552,11.916971916971915,0.0,-28.32722832722833,17.77777777777778,-31.843711843711844,25.592185592185597,0.0,-24.81074481074481,61.53846153846154,-54.114774114774114,2.5396825396825395,0.0,-63.88278388278388,138.9010989010989,-3.711843711843712,-6.446886446886447,-54.114774114774114
108.03418803418803,69.74358974358974,-185.3968253968254,36.92307692307692,0.0,76.38583638583638,-11.135531135531137,-5.274725274725275,-26.764346764346765,0.0,33.7973137973138,3.3211233211233213,0.0,-42.002442002442,27.545787545787547,-38.48595848595848,6.446886446886447,0.0,-17.387057387057386,39.65811965811966,-49.03540903540904,-18.168498168498168,0.0,185.78754578754575,-82.63736263736264,-2.5396825396825395,-25.982905982905983,-49.03540903540904
95.92185592185592,-8.00976800976801,-137.72893772893772,51.37973137973138,0.0,45.51892551892552,-2.5396825396825395,-6.837606837606837,-30.671550671550676,0.0,24.81074481074481,1.3675213675213675,0.0,-42.002442002442,23.63858363858364,-43.56532356532357,2.148962148962149,0.0,-8.791208791208792,20.512820512820515,-37.704517704517706,-32.62515262515262,0.0,138.1196581196581,-4.884004884004884,13.089133089133089,-54.89621489621489,-37.704517704517706
77.16727716727716,-238.92551892551893,156.0927960927961,25.592185592185597,0.0,32.234432234432234,4.493284493284493,9.18192918192918,-24.42002442002442,0.0,27.545787545787547,9.18192918192918,0.0,-20.512820512820515,14.261294261294262,-42.002442002442,10.744810744810744,0.0,-3.3211233211233213,18.55921855921856,-36.53235653235653,-15.042735042735044,0.0,-155.7020757020757,204.54212454212453,10.744810744810744,-34.969474969474966,-36.53235653235653
80.68376068376068,-81.85592185592185,-0.5860805860805861,22.075702075702075,0.0,23.63858363858364,6.446886446886447,12.698412698412698,-20.12210012210012,0.0,28.32722832722833,9.18192918192918,0.0,-39.26739926739927,8.00976800976801,-35.75091575091575,12.698412698412698,0.0,-20.512820512820515,6.837606837606837,-32.234432234432234,-5.665445665445666,0.0,0.9768009768009768,59.1941391941392,-36.53235653235653,-33.01587301587302,-32.234432234432234
74.43223443223444,73.26007326007326,-168.98656898656898,25.2014652014652,0.0,-4.884004884004884,14.652014652014651,13.089133089133089,-16.214896214896214,0.0,36.14163614163614,10.354090354090356,0.0,-47.86324786324786,0.1953601953601953,-29.499389499389498,22.857142857142858,0.0,-25.592185592185597,-15.824175824175825,-31.45299145299145,20.12210012210012,0.0,169.37728937728937,-88.4981684981685,-65.05494505494505,-48.25396825396825,-31.45299145299145
74.04151404151405,-150.23199023199024,61.14774114774115,24.42002442002442,0.0,-19.34065934065934,25.592185592185597,11.526251526251526,-6.056166056166056,0.0,48.64468864468864,14.261294261294262,0.0,-31.843711843711844,-5.274725274725275,-21.294261294261293,33.01587301587302,0.0,-18.94993894993895,-43.56532356532357,0.5860805860805861,36.92307692307692,0.0,-60.757020757020754,122.1001221001221,-77.55799755799755,-61.14774114774115,0.5860805860805861
62.31990231990232,-354.1880341880342,255.3357753357753,19.73137973137973,0.0,-22.466422466422465,22.075702075702075,2.93040293040293,-16.605616605616607,0.0,50.5982905982906,9.18192918192918,0.0,-50.5982905982906,1.3675213675213675,-17.387057387057386,24.42002442002442,0.0,-22.075702075702075,-16.214896214896214,-6.056166056166056,5.274725274725275,0.0,-254.94505494505492,321.7582417582417,-41.61172161172161,-51.37973137973138,-6.056166056166056
70.52503052503053,-196.33699633699635,78.73015873015873,22.466422466422465,0.0,-8.791208791208792,21.68498168498169,-6.446886446886447,-26.764346764346765,0.0,47.081807081807085,4.884004884004884,0.0,-71.6971916971917,7.228327228327228,-14.261294261294262,18.168498168498168,0.0,-20.903540903540904,-14.261294261294262,-2.148962148962149,-20.903540903540904,0.0,-78.33943833943835,171.7216117216117,-6.056166056166056,-64.66422466422466,-2.148962148962149
90.45177045177046,-403.8095238095238,312.7716727716728,6.837606837606837,0.0,21.294261294261293,12.698412698412698,-3.711843711843712,-21.294261294261293,0.0,47.081807081807085,5.665445665445666,0.0,-63.88278388278388,11.916971916971915,-16.605616605616607,19.34065934065934,0.0,-15.042735042735044,-9.963369963369964,1.3675213675213675,-23.247863247863247,0.0,-312.3809523809524,366.6910866910867,-1.7582417582417582,-53.333333333333336,1.3675213675213675
84.98168498168498,-173.2844932844933,95.92185592185592,21.294261294261293,0.0,50.5982905982906,1.7582417582417582,-1.7582417582417582,-17.77777777777778,0.0,39.26739926739927,-0.1953601953601953,0.0,-81.07448107448107,18.168498168498168,-20.12210012210012,17.387057387057386,0.0,-31.062271062271066,72.86935286935287,-74.43223443223444,-30.28083028083028,0.0,-95.53113553113552,145.15262515262515,-9.572649572649572,44.346764346764346,-74.43223443223444
84.2002442002442,-136.16605616605617,36.92307692307692,33.01587301587302,0.0,42.78388278388278,0.9768009768009768,-4.884004884004884,-16.996336996336996,0.0,35.36019536019536,-10.354090354090356,0.0,-91.23321123321124,12.698412698412698,-26.37362637362637,11.916971916971915,0.0,-53.724053724053725,77.94871794871794,-89.27960927960928,-25.982905982905983,0.0,-36.53235653235653,114.67643467643468,-35.36019536019536,50.989010989010985,-89.27960927960928
70.52503052503053,-140.0732600732601,34.57875457875458,49.03540903540904,0.0,39.26739926739927,-0.5860805860805861,-6.837606837606837,-14.261294261294262,0.0,34.18803418803419,-11.526251526251526,0.0,-24.81074481074481,0.5860805860805861,-34.57875457875458,15.824175824175825,0.0,-18.168498168498168,54.5054945054945,-68.18070818070818,-9.572649572649572,0.0,-34.18803418803419,111.55067155067157,-25.2014652014652,17.387057387057386,-68.18070818070818
58.8034188034188,-343.6385836385836,238.5347985347985,57.63125763125763,0.0,49.03540903540904,-2.93040293040293,-8.791208791208792,-21.294261294261293,0.0,26.764346764346765,-10.354090354090356,0.0,31.062271062271066,-17.387057387057386,-38.48595848595848,18.55921855921856,0.0,5.665445665445666,68.57142857142857,-74.04151404151405,-5.665445665445666,0.0,-238.14407814407812,307.6923076923077,6.056166056166056,13.089133089133089,-74.04151404151405
70.13431013431014,-126.7887667887668,11.526251526251526,52.16117216117216,0.0,65.44566544566544,-9.18192918192918,-9.18192918192918,-35.75091575091575,0.0,17.77777777777778,-7.619047619047619,0.0,38.87667887667888,-24.02930402930403,-35.75091575091575,16.214896214896214,0.0,11.135531135531137,40.83028083028083,-32.234432234432234,-22.466422466422465,0.0,-11.135531135531137,91.62393162393164,27.936507936507937,-28.71794871794872,-32.234432234432234
85.37240537240537,-247.9120879120879,116.23931623931624,47.472527472527474,0.0,64.66422466422466,-11.135531135531137,-11.526251526251526,-36.53235653235653,0.0,16.996336996336996,0.1953601953601953,0.0,2.93040293040293,-22.075702075702075,-31.45299145299145,21.68498168498169,0.0,-1.3675213675213675,-22.466422466422465,8.00976800976801,-11.526251526251526,0.0,-115.84859584859583,223.2967032967033,-6.056166056166056,-68.57142857142857,8.00976800976801
75.21367521367522,-191.64835164835165,97.09401709401708,32.62515262515262,0.0,40.83028083028083,-0.9768009768009768,-4.102564102564102,-18.168498168498168,0.0,18.94993894993895,10.354090354090356,0.0,-38.87667887667888,-19.34065934065934,-24.42002442002442,27.545787545787547,0.0,-20.512820512820515,-18.168498168498168,-11.135531135531137,-3.3211233211233213,0.0,-96.7032967032967,161.95360195360195,-20.512820512820515,-32.234432234432234,-11.135531135531137
63.10134310134311,-150.62271062271063,32.62515262515262,39.65811965811966,0.0,-3.3211233211233213,0.9768009768009768,0.1953601953601953,-8.791208791208792,0.0,22.075702075702075,7.619047619047619,0.0,-108.03418803418803,3.711843711843712,-20.12210012210012,20.903540903540904,0.0,-38.095238095238095,-20.512820512820515,-29.89010989010989,-12.307692307692308,0.0,-32.234432234432234,111.94139194139194,-35.36019536019536,-0.5860805860805861,-29.89010989010989
43.56532356532357,101.001221001221,-218.6080586080586,34.969474969474966,0.0,-54.114774114774114,13.870573870573873,5.665445665445666,-0.9768009768009768,0.0,39.26739926739927,9.18192918192918,0.0,-176.8009768009768,37.31379731379732,-18.94993894993895,16.605616605616607,0.0,-63.10134310134311,-19.73137973137973,-53.724053724053725,-2.148962148962149,0.0,218.998778998779,-140.85470085470087,-63.88278388278388,21.68498168498169,-53.724053724053725
26.764346764346765,104.9084249084249,-198.2905982905983,38.87667887667888,0.0,-61.92918192918193,23.247863247863247,11.916971916971915,1.7582417582417582,0.0,45.12820512820513,15.824175824175825,0.0,-102.56410256410255,38.87667887667888,-21.294261294261293,19.73137973137973,0.0,-9.963369963369964,-28.32722832722833,-30.671550671550676,4.884004884004884,0.0,198.6813186813187,-147.88766788766787,-28.32722832722833,-13.47985347985348,-30.671550671550676
33.7973137973138,-146.7155067155067,49.81684981684982,44.737484737484735,0.0,-44.737484737484735,16.214896214896214,19.73137973137973,-6.056166056166056,0.0,40.43956043956044,20.903540903540904,0.0,-58.8034188034188,36.92307692307692,-21.68498168498169,19.73137973137973,0.0,-0.5860805860805861,-12.307692307692308,-13.47985347985348,3.711843711843712,0.0,-49.42612942612943,101.3919413919414,-22.857142857142858,-20.512820512820515,-13.47985347985348
52.55189255189255,22.466422466422465,-126.7887667887668,50.20757020757021,0.0,0.1953601953601953,-3.3211233211233213,15.433455433455434,-9.963369963369964,0.0,31.45299145299145,23.247863247863247,0.0,-53.724053724053725,29.499389499389498,-20.903540903540904,22.857142857142858,0.0,-15.824175824175825,-3.3211233211233213,-4.884004884004884,1.7582417582417582,0.0,127.17948717948718,-58.02197802197802,-31.45299145299145,-26.37362637362637,-4.884004884004884
52.94261294261294,349.4993894993895,-424.12698412698415,33.7973137973138,0.0,27.155067155067155,-12.307692307692308,10.354090354090356,-9.18192918192918,0.0,16.996336996336996,24.02930402930403,0.0,-24.42002442002442,7.228327228327228,-22.075702075702075,25.982905982905983,0.0,-8.791208791208792,-9.18192918192918,10.354090354090356,-4.102564102564102,0.0,424.5177045177045,-374.1147741147741,-23.63858363858364,-45.90964590964591,10.354090354090356
69.35286935286935,253.3821733821734,-376.8498168498169,51.37973137973138,0.0,29.499389499389498,-23.247863247863247,3.3211233211233213,-8.4004884004884,0.0,5.665445665445666,18.94993894993895,0.0,-13.089133089133089,-9.18192918192918,-22.466422466422465,24.81074481074481,0.0,0.1953601953601953,29.10866910866911,-34.18803418803419,-16.214896214896214,0.0,377.24053724053726,-290.5006105006105,-12.307692307692308,-13.870573870573873,-34.18803418803419
45.51892551892552,405.76312576312574,-514.7741147741148,33.40659340659341,0.0,2.148962148962149,-31.45299145299145,3.711843711843712,-0.5860805860805861,0.0,2.5396825396825395,16.605616605616607,0.0,-59.58485958485959,-2.5396825396825395,-21.68498168498169,24.02930402930403,0.0,-22.466422466422465,54.5054945054945,-77.16727716727716,-13.47985347985348,0.0,515.1648351648352,-445.2258852258853,-20.512820512820515,26.37362637362637,-77.16727716727716
14.261294261294262,-15.042735042735044,-81.85592185592185,36.92307692307692,0.0,-21.68498168498169,-25.2014652014652,0.1953601953601953,4.493284493284493,0.0,6.837606837606837,20.12210012210012,0.0,-69.74358974358974,8.00976800976801,-20.12210012210012,22.466422466422465,0.0,-20.512820512820515,18.94993894993895,-47.081807081807085,-8.00976800976801,0.0,82.24664224664225,-15.042735042735044,-22.466422466422465,-0.1953601953601953,-47.081807081807085
8.4004884004884,212.3565323565324,-322.14896214896214,50.989010989010985,0.0,-36.92307692307692,-15.433455433455434,0.1953601953601953,4.884004884004884,0.0,12.698412698412698,27.936507936507937,0.0,-71.6971916971917,11.526251526251526,-16.996336996336996,25.592185592185597,0.0,-24.81074481074481,-14.652014652014651,-8.4004884004884,-1.3675213675213675,0.0,322.53968253968253,-249.86568986568983,-17.77777777777778,-28.32722832722833,-8.4004884004884
-5.665445665445666,397.948717948718,-507.35042735042737,47.081807081807085,0.0,-52.55189255189255,-10.354090354090356,1.7582417582417582,-3.3211233211233213,0.0,20.12210012210012,31.843711843711844,0.0,-90.06105006105007,18.168498168498168,-15.042735042735044,16.605616605616607,0.0,-34.57875457875458,-14.652014652014651,-15.042735042735044,-2.93040293040293,0.0,507.74114774114776,-432.7228327228327,-24.42002442002442,-15.824175824175825,-15.042735042735044
14.652014652014651,423.7362637362637,-529.6214896214897,38.095238095238095,0.0,-40.43956043956044,-4.102564102564102,3.3211233211233213,-7.228327228327228,0.0,27.936507936507937,32.234432234432234,0.0,-87.32600732600733,28.71794871794872,-14.652014652014651,9.18192918192918,0.0,-17.387057387057386,-32.62515262515262,2.148962148962149,-13.870573870573873,0.0,530.0122100122101,-438.58363858363856,-50.20757020757021,-28.71794871794872,2.148962148962149
34.57875457875458,-14.261294261294262,-83.41880341880342,17.387057387057386,0.0,-27.545787545787547,-4.493284493284493,9.18192918192918,-18.55921855921856,0.0,28.71794871794872,24.42002442002442,0.0,-90.45177045177046,17.77777777777778,-21.294261294261293,1.7582417582417582,0.0,-16.605616605616607,-35.36019536019536,-19.34065934065934,-18.55921855921856,0.0,83.80952380952381,4.884004884004884,-31.062271062271066,-38.095238095238095,-19.34065934065934
31.843711843711844,-81.07448107448107,-6.056166056166056,3.3211233211233213,0.0,-46.3003663003663,-0.1953601953601953,13.870573870573873,-16.605616605616607,0.0,25.592185592185597,18.168498168498168,0.0,-88.4981684981685,29.10866910866911,-26.37362637362637,-6.837606837606837,0.0,-4.102564102564102,-22.466422466422465,-43.95604395604396,-20.903540903540904,0.0,6.446886446886447,76.38583638583638,-46.69108669108669,-18.94993894993895,-43.95604395604396
32.62515262515262,-831.2576312576313,795.7020757020757,-1.3675213675213675,0.0,-41.22100122100122,3.3211233211233213,20.903540903540904,14.652014652014651,0.0,27.545787545787547,18.168498168498168,0.0,-92.7960927960928,34.57875457875458,-26.37362637362637,14.261294261294262,0.0,-9.963369963369964,-37.31379731379732,-20.903540903540904,0.1953601953601953,0.0,-795.3113553113553,827.7411477411478,-60.757020757020754,-19.73137973137973,-20.903540903540904
50.5982905982906,-975.4334554334554,956.6788766788768,-25.2014652014652,0.0,-13.47985347985348,-8.4004884004884,16.214896214896214,13.870573870573873,0.0,15.042735042735044,9.963369963369964,0.0,-112.72283272283272,32.62515262515262,-28.71794871794872,11.135531135531137,0.0,-24.02930402930403,-60.366300366300365,-4.102564102564102,-6.056166056166056,0.0,-956.2881562881564,968.4004884004884,-46.3003663003663,-42.002442002442,-4.102564102564102
56.84981684981685,-794.1391941391942,740.6105006105006,2.148962148962149,0.0,-13.089133089133089,-0.1953601953601953,4.493284493284493,16.605616605616607,0.0,14.652014652014651,7.619047619047619,0.0,-90.84249084249085,24.42002442002442,-26.764346764346765,13.089133089133089,0.0,-25.592185592185597,-31.843711843711844,-16.996336996336996,-2.5396825396825395,0.0,-740.2197802197802,772.6495726495726,-47.86324786324786,-13.089133089133089,-16.996336996336996
41.61172161172161,-799.2185592185592,728.4981684981685,14.261294261294262,0.0,0.5860805860805861,-15.042735042735044,-3.711843711843712,6.837606837606837,0.0,17.77777777777778,2.5396825396825395,0.0,-42.002442002442,16.214896214896214,-27.936507936507937,8.00976800976801,0.0,-1.3675213675213675,0.9768009768009768,-29.499389499389498,-14.652014652014651,0.0,-728.1074481074481,788.6691086691087,-44.737484737484735,3.3211233211233213,-29.499389499389498
45.51892551892552,-811.7216117216117,717.1672771672771,19.73137973137973,0.0,15.824175824175825,-25.982905982905983,-7.619047619047619,-6.837606837606837,0.0,15.433455433455434,-5.665445665445666,0.0,-15.824175824175825,6.446886446886447,-33.7973137973138,-5.274725274725275,0.0,2.148962148962149,-3.3211233211233213,-20.12210012210012,-26.764346764346765,0.0,-716.7765567765567,813.6752136752136,-45.51892551892552,-17.77777777777778,-20.12210012210012
40.83028083028083,-764.0537240537241,637.8510378510379,45.90964590964591,0.0,27.936507936507937,-30.28083028083028,-14.652014652014651,-18.168498168498168,0.0,13.870573870573873,-13.089133089133089,0.0,-2.148962148962149,6.837606837606837,-40.83028083028083,-11.135531135531137,0.0,7.228327228327228,30.671550671550676,-61.14774114774115,-23.63858363858364,0.0,-637.4603174603175,779.2918192918193,-44.346764346764346,11.916971916971915,-61.14774114774115
20.903540903540904,-737.4847374847375,645.6654456654456,42.39316239316239,0.0,21.68498168498169,-31.843711843711844,-3.3211233211233213,-10.744810744810744,0.0,16.996336996336996,-9.963369963369964,0.0,6.056166056166056,16.214896214896214,-40.43956043956044,-9.18192918192918,0.0,5.274725274725275,43.17460317460318,-58.41269841269841,-15.824175824175825,0.0,-645.2747252747253,755.0671550671551,-61.92918192918193,36.92307692307692,-58.41269841269841
6.837606837606837,-760.927960927961,707.7899877899878,25.982905982905983,0.0,3.711843711843712,-28.32722832722833,8.791208791208792,-0.9768009768009768,0.0,21.68498168498169,-7.228327228327228,0.0,-26.764346764346765,20.903540903540904,-40.04884004884005,-1.7582417582417582,0.0,-8.00976800976801,-13.47985347985348,-21.294261294261293,-0.9768009768009768,0.0,-707.3992673992674,785.5433455433456,-66.61782661782662,-3.3211233211233213,-21.294261294261293
7.619047619047619,-732.014652014652,690.5982905982906,11.135531135531137,0.0,-3.711843711843712,-22.466422466422465,12.307692307692308,-5.274725274725275,0.0,20.512820512820515,-6.056166056166056,0.0,-65.44566544566544,20.12210012210012,-38.095238095238095,-4.884004884004884,0.0,-25.982905982905983,-33.01587301587302,-15.433455433455434,-10.744810744810744,0.0,-690.2075702075703,746.080586080586,-42.78388278388278,-16.605616605616607,-15.433455433455434
-5.274725274725275,-711.6971916971917,664.0293040293041,19.73137973137973,0.0,-28.32722832722833,-14.261294261294262,14.652014652014651,-2.5396825396825395,0.0,27.155067155067155,2.93040293040293,0.0,-73.65079365079364,16.605616605616607,-31.843711843711844,0.5860805860805861,0.0,-39.65811965811966,-26.764346764346765,-11.526251526251526,-7.619047619047619,0.0,-663.6385836385837,732.7960927960928,-65.44566544566544,-7.619047619047619,-11.526251526251526
-7.619047619047619,-693.3333333333334,658.5592185592186,13.089133089133089,0.0,-38.87667887667888,-3.711843711843712,16.214896214896214,0.1953601953601953,0.0,34.969474969474966,6.837606837606837,0.0,-94.35897435897436,16.996336996336996,-29.499389499389498,-0.5860805860805861,0.0,-57.63125763125763,-56.45909645909646,24.42002442002442,-16.214896214896214,0.0,-658.1684981684982,726.1538461538462,-74.43223443223444,-38.48595848595848,24.42002442002442
8.4004884004884,-671.8437118437118,618.7057387057387,22.075702075702075,0.0,-24.42002442002442,2.148962148962149,2.93040293040293,-0.1953601953601953,0.0,34.57875457875458,5.274725274725275,0.0,-85.76312576312576,21.68498168498169,-29.89010989010989,-5.665445665445666,0.0,-45.90964590964591,-49.42612942612943,29.10866910866911,-32.62515262515262,0.0,-618.3150183150183,729.2796092796093,-78.33943833943835,-47.472527472527474,29.10866910866911
9.572649572649572,-668.3272283272283,624.957264957265,5.274725274725275,0.0,-31.062271062271066,2.5396825396825395,-0.1953601953601953,2.148962148962149,0.0,29.89010989010989,7.228327228327228,0.0,-77.16727716727716,36.92307692307692,-31.45299145299145,-5.274725274725275,0.0,-35.36019536019536,-5.274725274725275,-4.493284493284493,-29.89010989010989,0.0,-624.5665445665446,735.5311355311355,-100.6105006105006,-4.102564102564102,-4.493284493284493
3.711843711843712,-682.7838827838827,639.023199023199,3.711843711843712,0.0,-34.18803418803419,-10.354090354090356,-3.711843711843712,15.042735042735044,0.0,34.969474969474966,3.3211233211233213,0.0,-69.35286935286935,56.06837606837607,-35.75091575091575,-5.274725274725275,0.0,-10.354090354090356,-15.433455433455434,-6.446886446886447,-20.12210012210012,0.0,-638.6324786324786,759.3650793650794,-130.3052503052503,4.884004884004884,-6.446886446886447
27.155067155067155,-625.7387057387058,564.7863247863248,-1.7582417582417582,0.0,-20.12210012210012,-12.307692307692308,-8.00976800976801,8.00976800976801,0.0,27.155067155067155,-5.274725274725275,0.0,-42.39316239316239,56.06837606837607,-43.56532356532357,-18.55921855921856,0.0,18.55921855921856,-21.294261294261293,-13.870573870573873,-31.062271062271066,0.0,-564.3956043956044,706.2271062271062,-113.5042735042735,-16.214896214896214,-13.870573870573873
54.114774114774114,-510.0854700854701,426.0805860805861,-12.307692307692308,0.0,-10.354090354090356,-14.652014652014651,-6.056166056166056,-6.837606837606837,0.0,21.294261294261293,-9.963369963369964,0.0,-36.92307692307692,54.5054945054945,-50.989010989010985,-28.32722832722833,0.0,16.996336996336996,-6.446886446886447,-35.75091575091575,-35.36019536019536,0.0,-425.6898656898657,578.0708180708181,-117.4114774114774,1.3675213675213675,-35.75091575091575
51.77045177045177,-573.3821733821734,478.04639804639805,12.307692307692308,0.0,-18.168498168498168,-11.135531135531137,0.1953601953601953,0.9768009768009768,0.0,27.545787545787547,-4.493284493284493,0.0,-39.26739926739927,55.67765567765568,-51.77045177045177,-26.37362637362637,0.0,10.744810744810744,23.247863247863247,-68.18070818070818,-27.545787545787547,0.0,-477.65567765567766,649.5726495726495,-149.84126984126985,46.69108669108669,-68.18070818070818
29.10866910866911,-758.1929181929182,682.002442002442,11.135531135531137,0.0,-28.71794871794872,5.274725274725275,0.9768009768009768,-10.744810744810744,0.0,32.62515262515262,-0.5860805860805861,0.0,-44.346764346764346,50.20757020757021,-45.12820512820513,-34.57875457875458,0.0,-11.526251526251526,16.996336996336996,-33.01587301587302,-45.51892551892552,0.0,-681.6117216117216,872.6739926739926,-156.4835164835165,16.996336996336996,-33.01587301587302
2.5396825396825395,-651.5262515262515,608.9377289377289,2.5396825396825395,0.0,-52.94261294261294,18.168498168498168,6.837606837606837,-7.228327228327228,0.0,36.14163614163614,10.744810744810744,0.0,-31.843711843711844,41.22100122100122,-36.14163614163614,-21.294261294261293,0.0,-3.711843711843712,32.62515262515262,-25.982905982905983,-49.42612942612943,0.0,-608.5470085470085,784.3711843711844,-143.98046398046398,15.433455433455434,-25.982905982905983
-24.02930402930403,-318.24175824175825,292.06349206349205,8.4004884004884,0.0,-84.98168498168498,13.870573870573873,15.042735042735044,14.652014652014651,0.0,36.14163614163614,25.592185592185597,0.0,-53.333333333333336,50.989010989010985,-24.02930402930403,2.148962148962149,0.0,-0.5860805860805861,25.982905982905983,-13.089133089133089,-34.57875457875458,0.0,-291.67277167277166,439.7557997557997,-152.18559218559218,24.02930402930403,-13.089133089133089
-15.433455433455434,-140.0732600732601,125.6166056166056,-6.056166056166056,0.0,-65.83638583638583,4.102564102564102,9.18192918192918,16.214896214896214,0.0,31.062271062271066,23.63858363858364,0.0,-52.55189255189255,39.26739926739927,-20.903540903540904,1.3675213675213675,0.0,8.00976800976801,-7.619047619047619,7.228327228327228,-39.65811965811966,0.0,-125.22588522588522,224.85958485958488,-99.43833943833944,-7.619047619047619,7.228327228327228
17.77777777777778,217.82661782661785,-244.7863247863248,-8.791208791208792,0.0,-36.92307692307692,-8.4004884004884,5.665445665445666,22.857142857142858,0.0,26.37362637362637,17.77777777777778,0.0,-47.081807081807085,29.10866910866911,-23.63858363858364,2.5396825396825395,0.0,9.572649572649572,-34.969474969474966,21.68498168498169,-34.57875457875458,0.0,245.1770451770452,-174.06593406593407,-63.10134310134311,-33.7973137973138,21.68498168498169
51.37973137973138,363.5653235653236,-421.3919413919414,-0.1953601953601953,0.0,-2.93040293040293,-27.545787545787547,-2.5396825396825395,27.936507936507937,0.0,21.68498168498169,9.18192918192918,0.0,-71.6971916971917,41.22100122100122,-29.10866910866911,-0.5860805860805861,0.0,-7.228327228327228,-36.92307692307692,11.135531135531137,-26.764346764346765,0.0,421.78266178266176,-370.5982905982906,-38.87667887667888,-26.764346764346765,11.135531135531137
48.25396825396825,-95.14041514041514,46.69108669108669,-4.493284493284493,0.0,12.698412698412698,-29.10866910866911,-9.572649572649572,23.63858363858364,0.0,20.903540903540904,1.7582417582417582,0.0,-88.88888888888889,39.26739926739927,-27.545787545787547,-11.135531135531137,0.0,-33.01587301587302,-7.619047619047619,-10.744810744810744,-36.14163614163614,0.0,-46.3003663003663,92.014652014652,-35.75091575091575,0.9768009768009768,-10.744810744810744
37.704517704517706,97.87545787545788,-154.52991452991452,10.354090354090356,0.0,-0.5860805860805861,-18.94993894993895,-7.228327228327228,21.294261294261293,0.0,24.02930402930403,1.7582417582417582,0.0,-75.6043956043956,38.095238095238095,-20.12210012210012,-12.698412698412698,0.0,-15.433455433455434,19.34065934065934,-20.512820512820515,-52.94261294261294,0.0,154.9206349206349,-104.9084249084249,-0.9768009768009768,10.354090354090356,-20.512820512820515
20.12210012210012,385.44566544566544,-454.2124542124542,22.466422466422465,0.0,-34.57875457875458,-4.493284493284493,-0.5860805860805861,16.996336996336996,0.0,23.63858363858364,9.18192918192918,0.0,-84.98168498168498,49.42612942612943,-15.042735042735044,-2.148962148962149,0.0,-2.148962148962149,71.6971916971917,-75.6043956043956,-45.12820512820513,0.0,454.6031746031746,-403.028083028083,11.916971916971915,62.31990231990232,-75.6043956043956
12.698412698412698,365.12820512820514,-420.6105006105006,18.94993894993895,0.0,-51.77045177045177,9.572649572649572,4.884004884004884,15.042735042735044,0.0,21.68498168498169,15.042735042735044,0.0,-68.57142857142857,46.69108669108669,-9.963369963369964,5.665445665445666,0.0,18.55921855921856,24.02930402930403,-33.01587301587302,-34.18803418803419,0.0,421.001221001221,-395.2136752136752,-0.9768009768009768,41.22100122100122,-33.01587301587302
-8.791208791208792,583.5409035409035,-625.7387057387058,13.870573870573873,0.0,-72.47863247863248,17.387057387057386,8.791208791208792,9.572649572649572,0.0,22.857142857142858,16.214896214896214,0.0,-54.89621489621489,36.53235653235653,-9.963369963369964,8.791208791208792,0.0,22.075702075702075,17.387057387057386,-38.095238095238095,-20.512820512820515,0.0,626.1294261294262,-609.7191697191697,-0.1953601953601953,32.62515262515262,-38.095238095238095
-13.47985347985348,319.4139194139194,-362.7838827838828,18.55921855921856,0.0,-60.366300366300365,14.652014652014651,-0.1953601953601953,9.18192918192918,0.0,24.42002442002442,14.261294261294262,0.0,-47.86324786324786,32.234432234432234,-13.870573870573873,12.307692307692308,0.0,1.3675213675213675,-9.963369963369964,-0.5860805860805861,-6.837606837606837,0.0,363.1746031746032,-338.94993894993894,-8.4004884004884,-11.526251526251526,-0.5860805860805861
3.711843711843712,168.2051282051282,-151.4041514041514,1.7582417582417582,0.0,-27.936507936507937,21.68498168498169,5.274725274725275,24.42002442002442,0.0,24.81074481074481,20.12210012210012,0.0,-50.20757020757021,37.31379731379732,-10.744810744810744,16.214896214896214,0.0,-12.698412698412698,-38.095238095238095,44.346764346764346,-0.1953601953601953,0.0,151.7948717948718,-179.9267399267399,-16.605616605616607,-40.83028083028083,44.346764346764346
3.3211233211233213,283.0769230769231,-274.0903540903541,4.102564102564102,0.0,-18.94993894993895,4.102564102564102,3.711843711843712,28.71794871794872,0.0,25.982905982905983,18.168498168498168,0.0,-73.65079365079364,39.65811965811966,-8.00976800976801,16.214896214896214,0.0,-28.71794871794872,-6.837606837606837,29.499389499389498,-17.387057387057386,0.0,274.4810744810745,-290.8913308913309,-5.274725274725275,-22.857142857142858,29.499389499389498
-1.3675213675213675,418.2661782661783,-423.7362637362637,11.135531135531137,0.0,-35.75091575091575,2.5396825396825395,6.837606837606837,31.843711843711844,0.0,29.10866910866911,20.12210012210012,0.0,-39.65811965811966,34.18803418803419,-8.00976800976801,16.996336996336996,0.0,4.102564102564102,-15.042735042735044,34.57875457875458,-19.34065934065934,0.0,424.12698412698415,-424.12698412698415,6.056166056166056,-40.83028083028083,34.57875457875458
16.605616605616607,133.82173382173383,-156.4835164835165,20.12210012210012,0.0,-22.075702075702075,-1.7582417582417582,5.274725274725275,35.75091575091575,0.0,28.32722832722833,21.294261294261293,0.0,-28.32722832722833,27.155067155067155,-9.963369963369964,23.63858363858364,0.0,15.433455433455434,16.214896214896214,-11.526251526251526,-6.056166056166056,0.0,156.87423687423689,-152.96703296703296,-3.3211233211233213,10.744810744810744,-11.526251526251526
13.089133089133089,97.09401709401708,-144.37118437118437,24.81074481074481,0.0,-18.94993894993895,-8.4004884004884,-6.056166056166056,27.155067155067155,0.0,29.10866910866911,13.089133089133089,0.0,-25.982905982905983,27.155067155067155,-14.652014652014651,22.466422466422465,0.0,24.81074481074481,0.9768009768009768,-16.996336996336996,0.1953601953601953,0.0,144.76190476190476,-134.993894993895,-0.5860805860805861,14.652014652014651,-16.996336996336996
-0.9768009768009768,335.8241758241758,-394.43223443223445,25.2014652014652,0.0,-34.969474969474966,-6.446886446886447,-9.963369963369964,19.73137973137973,0.0,30.671550671550676,9.963369963369964,0.0,1.3675213675213675,2.93040293040293,-16.996336996336996,23.63858363858364,0.0,35.36019536019536,11.916971916971915,-42.78388278388278,7.228327228327228,0.0,394.8229548229549,-377.63125763125765,9.18192918192918,23.247863247863247,-42.78388278388278
9.18192918192918,276.8253968253968,-296.7521367521368,21.68498168498169,0.0,-22.466422466422465,6.446886446886447,-6.446886446886447,36.14163614163614,0.0,27.545787545787547,12.698412698412698,0.0,-23.63858363858364,20.512820512820515,-17.77777777777778,32.234432234432234,0.0,25.592185592185597,59.1941391941392,-85.37240537240537,11.916971916971915,0.0,297.1428571428572,-323.7118437118437,20.903540903540904,71.30647130647131,-85.37240537240537
35.36019536019536,141.24542124542126,-142.02686202686203,5.274725274725275,0.0,9.572649572649572,5.274725274725275,-3.3211233211233213,27.936507936507937,0.0,19.34065934065934,13.870573870573873,0.0,-28.71794871794872,20.903540903540904,-15.042735042735044,29.499389499389498,0.0,2.93040293040293,29.499389499389498,-27.936507936507937,1.7582417582417582,0.0,142.41758241758242,-200.63492063492063,34.969474969474966,29.499389499389498,-27.936507936507937
26.37362637362637,249.08424908424908,-235.7997557997558,6.446886446886447,0.0,0.1953601953601953,10.744810744810744,6.446886446886447,29.10866910866911,0.0,12.698412698412698,18.168498168498168,0.0,-48.25396825396825,23.247863247863247,-10.744810744810744,31.843711843711844,0.0,-16.214896214896214,8.4004884004884,-4.102564102564102,8.791208791208792,0.0,236.1904761904762,-295.97069597069594,18.94993894993895,9.963369963369964,-4.102564102564102
7.228327228327228,506.959706959707,-500.7081807081807,30.28083028083028,0.0,-6.837606837606837,12.698412698412698,8.00976800976801,30.671550671550676,0.0,9.572649572649572,21.68498168498169,0.0,-62.71062271062271,18.168498168498168,-5.665445665445666,33.40659340659341,0.0,-39.26739926739927,-25.982905982905983,33.7973137973138,15.433455433455434,0.0,501.0989010989011,-527.6678876678876,-6.446886446886447,-21.68498168498169,33.7973137973138
3.711843711843712,348.32722832722834,-353.7973137973138,26.764346764346765,0.0,2.148962148962149,2.148962148962149,0.9768009768009768,20.512820512820515,0.0,8.791208791208792,17.387057387057386,0.0,-63.88278388278388,6.056166056166056,-4.493284493284493,26.764346764346765,0.0,-58.41269841269841,-66.22710622710623,76.38583638583638,13.47985347985348,0.0,354.1880341880342,-371.77045177045176,-16.214896214896214,-58.8034188034188,76.38583638583638
-20.12210012210012,512.4297924297924,-521.8070818070818,26.764346764346765,0.0,-24.42002442002442,0.1953601953601953,1.7582417582417582,20.12210012210012,0.0,7.228327228327228,16.996336996336996,0.0,-51.77045177045177,-5.274725274725275,-0.5860805860805861,24.81074481074481,0.0,-51.77045177045177,-38.095238095238095,43.17460317460318,13.089133089133089,0.0,522.1978021978022,-530.0122100122101,-24.42002442002442,-22.466422466422465,43.17460317460318
-38.095238095238095,370.989010989011,-371.37973137973137,21.294261294261293,0.0,-61.53846153846154,2.148962148962149,10.744810744810744,32.62515262515262,0.0,8.00976800976801,21.68498168498169,0.0,-44.346764346764346,-6.446886446886447,-0.9768009768009768,27.155067155067155,0.0,-38.095238095238095,8.791208791208792,-9.18192918192918,13.870573870573873,0.0,371.77045177045176,-389.3528693528693,-11.526251526251526,15.824175824175825,-9.18192918192918
-22.857142857142858,579.2429792429792,-582.3687423687423,19.34065934065934,0.0,-54.5054945054945,5.665445665445666,10.744810744810744,31.45299145299145,0.0,1.3675213675213675,22.466422466422465,0.0,-45.90964590964591,2.5396825396825395,-8.791208791208792,24.42002442002442,0.0,-38.095238095238095,61.53846153846154,-59.58485958485959,9.18192918192918,0.0,582.7594627594627,-608.9377289377289,11.526251526251526,58.41269841269841,-59.58485958485959
-12.307692307692308,359.26739926739924,-345.2014652014652,18.94993894993895,0.0,-31.45299145299145,6.837606837606837,15.824175824175825,29.499389499389498,0.0,-0.1953601953601953,22.857142857142858,0.0,-37.31379731379732,4.884004884004884,-10.744810744810744,20.512820512820515,0.0,-21.294261294261293,41.61172161172161,-53.724053724053725,11.916971916971915,0.0,345.5921855921856,-383.4920634920635,20.903540903540904,45.90964590964591,-53.724053724053725
-7.228327228327228,528.4493284493285,-513.992673992674,31.062271062271066,0.0,-27.936507936507937,11.135531135531137,22.466422466422465,32.62515262515262,0.0,3.3211233211233213,24.02930402930403,0.0,-34.18803418803419,0.5860805860805861,-8.00976800976801,23.247863247863247,0.0,-9.572649572649572,-11.526251526251526,-14.261294261294262,16.605616605616607,0.0,514.3833943833944,-541.7338217338217,6.837606837606837,7.619047619047619,-14.261294261294262
-9.963369963369964,298.31501831501834,-297.1428571428572,42.78388278388278,0.0,-20.903540903540904,10.744810744810744,15.824175824175825,28.71794871794872,0.0,3.711843711843712,17.77777777777778,0.0,-53.724053724053725,-0.9768009768009768,-8.00976800976801,21.68498168498169,0.0,-22.466422466422465,-69.35286935286935,43.56532356532357,6.837606837606837,0.0,297.5335775335776,-314.33455433455435,22.466422466422465,-53.724053724053725,43.56532356532357
-11.526251526251526,299.0964590964591,-298.7057387057387,18.94993894993895,0.0,-17.387057387057386,0.1953601953601953,12.698412698412698,12.698412698412698,0.0,-2.93040293040293,11.916971916971915,0.0,-36.53235653235653,-23.63858363858364,-3.3211233211233213,16.214896214896214,0.0,-14.652014652014651,-104.9084249084249,75.995115995116,-4.102564102564102,0.0,299.0964590964591,-321.7582417582417,6.446886446886447,-67.3992673992674,75.995115995116
-29.10866910866911,254.94505494505492,-237.75335775335776,15.042735042735044,0.0,-48.25396825396825,8.4004884004884,17.387057387057386,25.982905982905983,0.0,-5.665445665445666,13.870573870573873,0.0,-20.512820512820515,-31.062271062271066,2.93040293040293,22.466422466422465,0.0,-13.089133089133089,-14.652014652014651,4.493284493284493,-2.148962148962149,0.0,238.14407814407812,-294.4078144078144,13.089133089133089,16.605616605616607,4.493284493284493
-37.704517704517706,325.27472527472526,-328.009768009768,15.824175824175825,0.0,-61.92918192918193,4.493284493284493,7.619047619047619,25.2014652014652,0.0,-14.261294261294262,8.00976800976801,0.0,-25.982905982905983,-21.294261294261293,-0.5860805860805861,16.996336996336996,0.0,-28.71794871794872,-31.062271062271066,37.31379731379732,-8.4004884004884,0.0,328.4004884004884,-355.36019536019535,-3.3211233211233213,-16.214896214896214,37.31379731379732
-35.36019536019536,128.35164835164835,-152.96703296703296,8.791208791208792,0.0,-60.757020757020754,-7.619047619047619,1.7582417582417582,15.824175824175825,0.0,-23.247863247863247,4.884004884004884,0.0,-38.48595848595848,-16.214896214896214,-4.493284493284493,13.47985347985348,0.0,-27.155067155067155,76.38583638583638,-96.7032967032967,1.3675213675213675,0.0,153.35775335775335,-158.43711843711844,-24.81074481074481,111.55067155067157,-96.7032967032967
-35.75091575091575,-33.7973137973138,25.2014652014652,15.433455433455434,0.0,-50.20757020757021,-13.47985347985348,4.102564102564102,31.062271062271066,0.0,-21.294261294261293,9.18192918192918,0.0,-33.40659340659341,-6.056166056166056,-4.493284493284493,13.089133089133089,0.0,-12.698412698412698,76.77655677655677,-109.5970695970696,13.870573870573873,0.0,-24.81074481074481,-1.3675213675213675,-22.466422466422465,123.27228327228327,-109.5970695970696
-28.32722832722833,230.32967032967036,-254.55433455433456,25.592185592185597,0.0,-34.969474969474966,-24.02930402930403,0.1953601953601953,32.234432234432234,0.0,-22.075702075702075,4.884004884004884,0.0,-36.92307692307692,-4.493284493284493,-12.307692307692308,11.526251526251526,0.0,-9.18192918192918,9.18192918192918,-58.41269841269841,15.042735042735044,0.0,254.94505494505492,-252.21001221001225,-11.135531135531137,44.737484737484735,-58.41269841269841
-21.68498168498169,177.97313797313797,-198.6813186813187,21.68498168498169,0.0,-11.916971916971915,-32.234432234432234,-0.1953601953601953,24.81074481074481,0.0,-22.857142857142858,0.5860805860805861,0.0,-33.40659340659341,-12.698412698412698,-18.55921855921856,10.354090354090356,0.0,-23.247863247863247,-35.36019536019536,-12.307692307692308,16.605616605616607,0.0,199.07203907203908,-202.1978021978022,6.056166056166056,-15.824175824175825,-12.307692307692308
-19.34065934065934,70.13431013431014,-73.65079365079364,16.214896214896214,0.0,-6.837606837606837,-30.671550671550676,4.102564102564102,26.37362637362637,0.0,-22.857142857142858,1.7582417582417582,0.0,-14.261294261294262,-16.214896214896214,-18.55921855921856,9.963369963369964,0.0,-26.37362637362637,-58.8034188034188,29.499389499389498,15.824175824175825,0.0,74.04151404151405,-102.56410256410255,4.884004884004884,-43.56532356532357,29.499389499389498
-26.764346764346765,165.47008547008548,-166.25152625152626,16.996336996336996,0.0,-17.77777777777778,-20.512820512820515,7.228327228327228,22.075702075702075,0.0,-21.294261294261293,0.1953601953601953,0.0,-3.3211233211233213,-17.387057387057386,-18.168498168498168,8.791208791208792,0.0,-33.01587301587302,-55.67765567765568,49.81684981684982,8.00976800976801,0.0,166.64224664224665,-194.3833943833944,4.884004884004884,-52.55189255189255,49.81684981684982
-23.63858363858364,451.47741147741147,-472.1855921855922,23.247863247863247,0.0,-33.7973137973138,-8.791208791208792,5.274725274725275,16.605616605616607,0.0,-14.261294261294262,0.1953601953601953,0.0,-15.433455433455434,-13.089133089133089,-13.089133089133089,5.274725274725275,0.0,-48.25396825396825,-31.062271062271066,34.18803418803419,7.619047619047619,0.0,472.5763125763126,-483.5164835164835,-16.214896214896214,-21.294261294261293,34.18803418803419
-24.42002442002442,92.4053724053724,-112.72283272283272,24.81074481074481,0.0,-55.28693528693529,3.711843711843712,10.744810744810744,20.12210012210012,0.0,-5.665445665445666,7.228327228327228,0.0,-31.843711843711844,2.93040293040293,-3.3211233211233213,4.493284493284493,0.0,-53.333333333333336,33.40659340659341,-13.089133089133089,4.493284493284493,0.0,113.11355311355312,-139.68253968253967,-13.47985347985348,45.90964590964591,-13.089133089133089
-37.704517704517706,59.58485958485959,-72.47863247863248,29.499389499389498,0.0,-68.18070818070818,10.354090354090356,13.47985347985348,22.857142857142858,0.0,-0.9768009768009768,8.791208791208792,0.0,-50.989010989010985,9.963369963369964,0.5860805860805861,1.3675213675213675,0.0,-56.45909645909646,28.71794871794872,-9.18192918192918,-0.9768009768009768,0.0,72.86935286935287,-101.78266178266178,-4.102564102564102,49.81684981684982,-9.18192918192918
-31.062271062271066,93.57753357753356,-97.87545787545788,27.155067155067155,0.0,-54.89621489621489,14.652014652014651,9.963369963369964,21.68498168498169,0.0,6.837606837606837,4.102564102564102,0.0,-49.42612942612943,6.056166056166056,-0.1953601953601953,-5.274725274725275,0.0,-54.5054945054945,-24.42002442002442,31.843711843711844,-2.5396825396825395,0.0,98.26617826617829,-126.007326007326,4.102564102564102,-9.18192918192918,31.843711843711844
-24.42002442002442,-48.25396825396825,57.24053724053724,26.37362637362637,0.0,-34.18803418803419,5.274725274725275,10.744810744810744,28.32722832722833,0.0,7.619047619047619,4.884004884004884,0.0,-51.37973137973138,16.214896214896214,-2.148962148962149,2.148962148962149,0.0,-42.002442002442,-4.493284493284493,-1.7582417582417582,13.47985347985348,0.0,-56.84981684981685,15.433455433455434,0.9768009768009768,15.433455433455434,-1.7582417582417582
-28.32722832722833,50.20757020757021,-51.77045177045177,23.63858363858364,0.0,-31.45299145299145,-4.102564102564102,7.619047619047619,22.075702075702075,0.0,7.228327228327228,-1.7582417582417582,0.0,-31.45299145299145,12.698412698412698,-8.00976800976801,-2.5396825396825395,0.0,-24.81074481074481,-50.989010989010985,28.32722832722833,16.996336996336996,0.0,52.16117216117216,-81.85592185592185,-22.857142857142858,-14.652014652014651,28.32722832722833
-20.512820512820515,325.27472527472526,-326.05616605616603,25.2014652014652,0.0,-10.354090354090356,-11.135531135531137,3.711843711843712,22.466422466422465,0.0,13.47985347985348,-9.572649572649572,0.0,-6.446886446886447,1.3675213675213675,-10.354090354090356,-3.711843711843712,0.0,-23.63858363858364,-45.51892551892552,24.81074481074481,23.63858363858364,0.0,326.4468864468864,-350.2808302808303,-31.843711843711844,-13.870573870573873,24.81074481074481
-30.671550671550676,37.31379731379732,-45.12820512820513,26.764346764346765,0.0,-11.135531135531137,-16.996336996336996,0.9768009768009768,15.042735042735044,0.0,8.00976800976801,-13.47985347985348,0.0,-11.135531135531137,1.3675213675213675,-11.526251526251526,-4.102564102564102,0.0,-26.764346764346765,-1.3675213675213675,-16.996336996336996,18.168498168498168,0.0,45.51892551892552,-61.92918192918193,4.884004884004884,5.665445665445666,-16.996336996336996
-35.75091575091575,-133.82173382173383,124.05372405372404,24.42002442002442,0.0,-15.824175824175825,-18.55921855921856,3.3211233211233213,9.572649572649572,0.0,5.274725274725275,-11.526251526251526,0.0,-2.148962148962149,0.9768009768009768,-9.18192918192918,-11.526251526251526,0.0,-35.75091575091575,17.387057387057386,-10.744810744810744,5.665445665445666,0.0,-123.66300366300366,97.87545787545788,11.916971916971915,23.63858363858364,-10.744810744810744
-36.53235653235653,153.35775335775335,-128.74236874236874,15.433455433455434,0.0,-11.916971916971915,-7.228327228327228,9.963369963369964,12.698412698412698,0.0,13.870573870573873,-8.00976800976801,0.0,-3.711843711843712,3.3211233211233213,-3.3211233211233213,-13.870573870573873,0.0,-32.62515262515262,22.075702075702075,-10.354090354090356,2.148962148962149,0.0,129.13308913308913,-189.6947496947497,29.10866910866911,39.26739926739927,-10.354090354090356
-47.86324786324786,168.2051282051282,-126.007326007326,9.572649572649572,0.0,-26.37362637362637,0.5860805860805861,12.307692307692308,15.824175824175825,0.0,21.294261294261293,-3.711843711843712,0.0,-14.652014652014651,11.526251526251526,0.1953601953601953,-11.135531135531137,0.0,-30.671550671550676,28.32722832722833,-17.77777777777778,4.493284493284493,0.0,126.3980463980464,-204.93284493284492,44.737484737484735,36.53235653235653,-17.77777777777778
-34.57875457875458,-101.001221001221,117.4114774114774,9.572649572649572,0.0,-31.843711843711844,0.1953601953601953,7.228327228327228,15.824175824175825,0.0,26.764346764346765,-4.493284493284493,0.0,-19.34065934065934,15.433455433455434,0.1953601953601953,-13.47985347985348,0.0,-27.545787545787547,1.7582417582417582,-4.884004884004884,13.47985347985348,0.0,-117.02075702075702,43.17460317460318,21.68498168498169,25.592185592185597,-4.884004884004884
-23.63858363858364,44.346764346764346,-32.234432234432234,0.9768009768009768,0.0,-18.168498168498168,-5.274725274725275,-0.5860805860805861,14.261294261294262,0.0,25.982905982905983,-13.089133089133089,0.0,-31.843711843711844,18.55921855921856,-1.7582417582417582,-16.996336996336996,0.0,-38.87667887667888,6.056166056166056,-9.572649572649572,9.18192918192918,0.0,32.62515262515262,-104.12698412698413,4.884004884004884,38.095238095238095,-9.572649572649572
-42.78388278388278,306.1294261294261,-290.5006105006105,-2.148962148962149,0.0,-13.089133089133089,-16.214896214896214,-9.18192918192918,10.354090354090356,0.0,20.512820512820515,-24.02930402930403,0.0,-45.12820512820513,14.652014652014651,-9.572649572649572,-23.63858363858364,0.0,-41.22100122100122,-17.77777777777778,6.056166056166056,-10.744810744810744,0.0,290.8913308913309,-353.015873015873,43.56532356532357,-6.056166056166056,6.056166056166056
-61.14774114774115,185.3968253968254,-196.33699633699635,9.963369963369964,0.0,-19.34065934065934,-25.2014652014652,-16.996336996336996,1.3675213675213675,0.0,13.870573870573873,-33.01587301587302,0.0,-46.69108669108669,2.5396825396825395,-18.168498168498168,-32.62515262515262,0.0,-37.704517704517706,-33.40659340659341,2.148962148962149,-25.982905982905983,0.0,196.72771672771677,-229.5482295482296,71.6971916971917,-23.63858363858364,2.148962148962149
-57.24053724053724,292.45421245421244,-286.2026862026862,3.711843711843712,0.0,-15.042735042735044,-22.075702075702075,-9.18192918192918,0.1953601953601953,0.0,13.870573870573873,-31.843711843711844,0.0,-48.25396825396825,3.3211233211233213,-15.824175824175825,-30.671550671550676,0.0,-44.346764346764346,-2.148962148962149,-22.466422466422465,-21.68498168498169,0.0,286.5934065934066,-340.1221001221001,64.27350427350427,21.68498168498169,-22.466422466422465
-59.975579975579976,242.05128205128204,-240.87912087912088,19.34065934065934,0.0,-26.37362637362637,-9.18192918192918,-2.5396825396825395,0.1953601953601953,0.0,27.155067155067155,-27.936507936507937,0.0,-20.512820512820515,-3.3211233211233213,-13.089133089133089,-27.155067155067155,0.0,-28.32722832722833,-2.148962148962149,-21.68498168498169,-12.698412698412698,0.0,241.2698412698413,-291.28205128205127,77.16727716727716,15.824175824175825,-21.68498168498169
-63.10134310134311,491.33089133089135,-503.8339438339438,33.01587301587302,0.0,-35.75091575091575,4.102564102564102,-4.493284493284493,-5.274725274725275,0.0,38.87667887667888,-26.37362637362637,0.0,-24.81074481074481,10.354090354090356,-9.963369963369964,-23.63858363858364,0.0,-25.592185592185597,-27.155067155067155,-0.1953601953601953,4.884004884004884,0.0,504.22466422466425,-543.2967032967033,51.37973137973138,7.228327228327228,-0.1953601953601953
-32.234432234432234,297.5335775335776,-332.3076923076923,33.7973137973138,0.0,-19.34065934065934,5.665445665445666,-7.619047619047619,-11.135531135531137,0.0,45.12820512820513,-28.71794871794872,0.0,-36.14163614163614,30.671550671550676,-6.056166056166056,-20.12210012210012,0.0,-28.32722832722833,-11.916971916971915,-7.619047619047619,16.214896214896214,0.0,332.6984126984127,-373.3333333333333,45.90964590964591,23.247863247863247,-7.619047619047619
-28.71794871794872,504.22466422466425,-542.1245421245421,36.14163614163614,0.0,-6.837606837606837,3.3211233211233213,-11.916971916971915,-13.089133089133089,0.0,46.3003663003663,-34.969474969474966,0.0,-40.83028083028083,43.95604395604396,-7.228327228327228,-27.155067155067155,0.0,-22.466422466422465,-33.7973137973138,18.94993894993895,4.884004884004884,0.0,542.5152625152625,-570.6471306471307,43.56532356532357,1.7582417582417582,18.94993894993895
-64.27350427350427,188.91330891330887,-204.54212454212453,26.37362637362637,0.0,-18.94993894993895,-1.7582417582417582,-16.996336996336996,-12.698412698412698,0.0,39.26739926739927,-38.87667887667888,0.0,-61.14774114774115,51.77045177045177,-9.18192918192918,-36.53235653235653,0.0,-15.824175824175825,-50.5982905982906,32.234432234432234,-21.294261294261293,0.0,204.93284493284492,-242.8327228327228,74.82295482295483,-18.94993894993895,32.234432234432234
-83.80952380952381,384.2735042735043,-408.8888888888889,29.10866910866911,0.0,-43.17460317460318,-3.3211233211233213,-18.94993894993895,-11.526251526251526,0.0,34.969474969474966,-40.43956043956044,0.0,-63.49206349206349,48.25396825396825,-11.135531135531137,-37.31379731379732,0.0,-26.37362637362637,-10.354090354090356,0.1953601953601953,-27.155067155067155,0.0,409.2796092796093,-443.6630036630037,103.34554334554336,-2.5396825396825395,0.1953601953601953
-83.02808302808303,297.1428571428572,-309.25518925518924,22.075702075702075,0.0,-58.8034188034188,-0.1953601953601953,-11.526251526251526,-0.1953601953601953,0.0,31.843711843711844,-36.53235653235653,0.0,-46.69108669108669,37.704517704517706,-11.135531135531137,-32.234432234432234,0.0,-30.28083028083028,27.936507936507937,-39.26739926739927,-11.135531135531137,0.0,309.6459096459096,-356.9230769230769,93.57753357753356,28.32722832722833,-39.26739926739927
-94.74969474969475,356.5323565323565,-371.37973137973137,30.671550671550676,0.0,-84.2002442002442,6.056166056166056,-8.00976800976801,7.619047619047619,0.0,33.40659340659341,-35.36019536019536,0.0,-43.17460317460318,22.857142857142858,-8.791208791208792,-25.592185592185597,0.0,-39.26739926739927,8.4004884004884,-21.294261294261293,-2.5396825396825395,0.0,371.77045177045176,-402.6373626373626,80.68376068376068,2.93040293040293,-21.294261294261293
-77.94871794871794,274.4810744810745,-319.8046398046398,42.39316239316239,0.0,-65.83638583638583,-3.3211233211233213,-14.261294261294262,3.3211233211233213,0.0,36.53235653235653,-36.53235653235653,0.0,-41.61172161172161,11.135531135531137,-9.18192918192918,-19.34065934065934,0.0,-39.26739926739927,34.18803418803419,-62.31990231990232,7.228327228327228,0.0,320.1953601953602,-334.26129426129427,89.67032967032966,31.45299145299145,-62.31990231990232
-63.10134310134311,362.002442002442,-395.995115995116,38.095238095238095,0.0,-42.78388278388278,-5.665445665445666,-12.307692307692308,3.711843711843712,0.0,28.32722832722833,-36.53235653235653,0.0,-26.764346764346765,2.5396825396825395,-10.744810744810744,-17.387057387057386,0.0,-37.31379731379732,23.247863247863247,-58.41269841269841,18.55921855921856,0.0,396.3858363858364,-426.0805860805861,81.07448107448107,32.62515262515262,-58.41269841269841
-65.44566544566544,340.5128205128205,-361.6117216117216,41.22100122100122,0.0,-9.18192918192918,-16.214896214896214,-14.261294261294262,-2.93040293040293,0.0,25.592185592185597,-38.095238095238095,0.0,-15.824175824175825,-2.5396825396825395,-9.963369963369964,-22.857142857142858,0.0,-33.01587301587302,-47.081807081807085,13.870573870573873,13.089133089133089,0.0,362.002442002442,-386.2271062271062,64.66422466422466,-21.294261294261293,13.870573870573873
-81.07448107448107,333.4798534798535,-325.27472527472526,39.26739926739927,0.0,9.18192918192918,-16.214896214896214,-13.47985347985348,-10.744810744810744,0.0,27.936507936507937,-36.14163614163614,0.0,-18.94993894993895,4.884004884004884,-11.526251526251526,-23.63858363858364,0.0,-40.04884004884005,-31.062271062271066,17.77777777777778,2.148962148962149,0.0,325.66544566544565,-381.5384615384616,118.97435897435898,-32.62515262515262,17.77777777777778
-76.38583638583638,390.1343101343101,-362.3931623931624,38.48595848595848,0.0,14.652014652014651,-9.963369963369964,-6.056166056166056,-7.228327228327228,0.0,27.545787545787547,-32.234432234432234,0.0,-28.32722832722833,21.68498168498169,-12.307692307692308,-16.996336996336996,0.0,-45.12820512820513,0.9768009768009768,-11.526251526251526,18.55921855921856,0.0,362.7838827838828,-433.8949938949939,109.2063492063492,-4.102564102564102,-11.526251526251526
-68.57142857142857,142.02686202686203,-128.74236874236874,43.95604395604396,0.0,7.619047619047619,-4.884004884004884,-5.665445665445666,-7.228327228327228,0.0,26.764346764346765,-29.10866910866911,0.0,-54.89621489621489,28.32722832722833,-9.572649572649572,-16.996336996336996,0.0,-56.45909645909646,7.228327228327228,-23.247863247863247,17.387057387057386,0.0,129.13308913308913,-178.75457875457874,96.31257631257633,2.93040293040293,-23.247863247863247
-51.37973137973138,377.24053724053726,-376.8498168498169,50.989010989010985,0.0,9.572649572649572,-0.1953601953601953,-5.665445665445666,-2.5396825396825395,0.0,27.936507936507937,-23.63858363858364,0.0,-60.757020757020754,30.28083028083028,-5.274725274725275,-13.870573870573873,0.0,-55.28693528693529,46.3003663003663,-52.55189255189255,9.572649572649572,0.0,377.24053724053726,-412.7960927960928,107.64346764346764,25.2014652014652,-52.55189255189255
-34.18803418803419,303.3943833943834,-329.1819291819292,43.95604395604396,0.0,0.5860805860805861,-2.148962148962149,-8.00976800976801,-4.102564102564102,0.0,23.63858363858364,-20.512820512820515,0.0,-44.346764346764346,24.02930402930403,-4.884004884004884,-16.996336996336996,0.0,-15.042735042735044,26.764346764346765,-66.22710622710623,11.135531135531137,0.0,329.5726495726496,-344.029304029304,97.87545787545788,15.433455433455434,-66.22710622710623
-31.45299145299145,484.2979242979243,-524.1514041514041,38.095238095238095,0.0,-8.00976800976801,-9.572649572649572,-9.18192918192918,-2.93040293040293,0.0,14.652014652014651,-16.214896214896214,0.0,-51.37973137973138,22.466422466422465,-3.3211233211233213,-21.68498168498169,0.0,-20.12210012210012,11.916971916971915,-52.94261294261294,5.665445665445666,0.0,524.5421245421245,-526.105006105006,81.07448107448107,-2.93040293040293,-52.94261294261294
-48.25396825396825,163.9072039072039,-196.72771672771677,34.18803418803419,0.0,-16.605616605616607,-10.354090354090356,-5.274725274725275,-11.916971916971915,0.0,14.652014652014651,-13.089133089133089,0.0,-51.77045177045177,19.73137973137973,-3.711843711843712,-25.592185592185597,0.0,-45.90964590964591,-7.619047619047619,-15.433455433455434,6.056166056166056,0.0,197.11843711843716,-204.15140415140417,71.30647130647131,-27.155067155067155,-15.433455433455434
-70.13431013431014,455.38461538461536,-484.2979242979243,27.936507936507937,0.0,-36.92307692307692,-15.824175824175825,-1.7582417582417582,-12.698412698412698,0.0,8.00976800976801,-10.354090354090356,0.0,-54.89621489621489,11.916971916971915,-10.354090354090356,-26.764346764346765,0.0,-60.757020757020754,11.526251526251526,-50.5982905982906,17.77777777777778,0.0,484.6886446886447,-490.54945054945057,55.28693528693529,-5.274725274725275,-50.5982905982906
-98.65689865689866,199.46275946275944,-219.38949938949935,27.155067155067155,0.0,-72.86935286935287,-17.77777777777778,2.5396825396825395,-1.3675213675213675,0.0,-2.93040293040293,-6.837606837606837,0.0,-80.68376068376068,4.884004884004884,-12.307692307692308,-21.294261294261293,0.0,-95.92185592185592,-9.963369963369964,-38.48595848595848,33.7973137973138,0.0,219.78021978021977,-238.5347985347985,24.42002442002442,0.1953601953601953,-38.48595848595848
-117.8021978021978,292.8449328449328,-325.27472527472526,34.57875457875458,0.0,-86.93528693528694,-18.168498168498168,2.5396825396825395,-9.963369963369964,0.0,-5.665445665445666,-12.307692307692308,0.0,-91.62393162393164,-0.9768009768009768,-14.652014652014651,-24.02930402930403,0.0,-124.05372405372404,-4.102564102564102,-29.89010989010989,25.2014652014652,0.0,325.66544566544565,-330.3540903540904,29.89010989010989,6.837606837606837,-29.89010989010989
-111.55067155067157,109.5970695970696,-124.44444444444444,35.36019536019536,0.0,-85.37240537240537,-11.526251526251526,2.93040293040293,4.102564102564102,0.0,-3.711843711843712,-9.18192918192918,0.0,-48.25396825396825,-7.619047619047619,-12.307692307692308,-20.512820512820515,0.0,-96.7032967032967,-17.77777777777778,-4.493284493284493,27.545787545787547,0.0,124.83516483516485,-150.23199023199024,27.545787545787547,-11.135531135531137,-4.493284493284493
-108.42490842490842,231.8925518925519,-261.5873015873016,43.17460317460318,0.0,-83.41880341880342,-13.089133089133089,-2.93040293040293,6.837606837606837,0.0,-4.884004884004884,-11.135531135531137,0.0,-40.83028083028083,2.5396825396825395,-9.18192918192918,-18.94993894993895,0.0,-77.94871794871794,2.5396825396825395,-16.605616605616607,22.857142857142858,0.0,261.978021978022,-283.8583638583639,25.592185592185597,15.433455433455434,-16.605616605616607
-104.12698412698413,134.6031746031746,-168.2051282051282,40.43956043956044,0.0,-78.73015873015873,-8.791208791208792,-6.446886446886447,0.1953601953601953,0.0,-0.1953601953601953,-13.089133089133089,0.0,-61.14774114774115,22.857142857142858,-6.837606837606837,-20.903540903540904,0.0,-93.18681318681318,14.652014652014651,-0.5860805860805861,10.744810744810744,0.0,168.5958485958486,-193.6019536019536,25.982905982905983,18.168498168498168,-0.5860805860805861
-95.14041514041514,145.15262515262515,-164.2979242979243,31.843711843711844,0.0,-68.18070818070818,-3.711843711843712,-9.572649572649572,0.1953601953601953,0.0,3.711843711843712,-11.526251526251526,0.0,-61.14774114774115,28.32722832722833,-6.446886446886447,-22.075702075702075,0.0,-99.04761904761904,24.02930402930403,1.3675213675213675,9.18192918192918,0.0,164.6886446886447,-190.47619047619048,-2.148962148962149,26.37362637362637,1.3675213675213675
-100.21978021978022,-57.24053724053724,27.545787545787547,33.40659340659341,0.0,-80.29304029304029,-9.572649572649572,-10.354090354090356,6.446886446886447,0.0,-3.711843711843712,-10.354090354090356,0.0,-72.47863247863248,18.168498168498168,-10.744810744810744,-13.47985347985348,0.0,-109.98778998778998,19.34065934065934,-7.228327228327228,16.214896214896214,0.0,-27.155067155067155,8.00976800976801,-9.572649572649572,29.499389499389498,-7.228327228327228
-116.23931623931624,-69.35286935286935,34.18803418803419,31.062271062271066,0.0,-101.3919413919414,-12.307692307692308,-8.791208791208792,4.493284493284493,0.0,-11.135531135531137,-10.354090354090356,0.0,-97.48473748473748,8.4004884004884,-15.042735042735044,-13.089133089133089,0.0,-133.04029304029305,6.056166056166056,-6.446886446886447,14.261294261294262,0.0,-33.7973137973138,15.042735042735044,0.1953601953601953,19.34065934065934,-6.446886446886447
-137.33821733821733,123.27228327228327,-148.66910866910868,33.7973137973138,0.0,-114.67643467643468,-9.18192918192918,-9.18192918192918,6.056166056166056,0.0,-12.698412698412698,-10.744810744810744,0.0,-101.001221001221,6.837606837606837,-15.824175824175825,-17.387057387057386,0.0,-136.55677655677655,39.65811965811966,-38.095238095238095,5.274725274725275,0.0,149.05982905982907,-157.26495726495727,-2.5396825396825395,52.55189255189255,-38.095238095238095
-137.33821733821733,96.31257631257633,-127.96092796092796,40.83028083028083,0.0,-116.63003663003664,-9.572649572649572,-9.18192918192918,9.572649572649572,0.0,-7.228327228327228,-7.228327228327228,0.0,-83.80952380952381,13.47985347985348,-12.698412698412698,-12.698412698412698,0.0,-117.02075702075702,72.47863247863248,-51.77045177045177,-0.5860805860805861,0.0,128.35164835164835,-131.4774114774115,11.916971916971915,70.91575091575092,-51.77045177045177
-126.7887667887668,120.53724053724054,-149.45054945054946,40.43956043956044,0.0,-108.8156288156288,-5.274725274725275,-6.837606837606837,8.00976800976801,0.0,-3.3211233211233213,-9.572649572649572,0.0,-84.2002442002442,26.764346764346765,-15.042735042735044,-19.73137973137973,0.0,-99.43833943833944,75.21367521367522,-64.27350427350427,-5.665445665445666,0.0,149.84126984126985,-166.25152625152626,24.42002442002442,88.88888888888889,-64.27350427350427
-122.1001221001221,-1.7582417582417582,-12.307692307692308,28.71794871794872,0.0,-98.26617826617829,-5.274725274725275,-1.3675213675213675,0.1953601953601953,0.0,-2.148962148962149,-13.089133089133089,0.0,-94.35897435897436,37.704517704517706,-13.870573870573873,-26.37362637362637,0.0,-101.3919413919414,60.757020757020754,-33.7973137973138,-24.02930402930403,0.0,12.698412698412698,-33.01587301587302,21.68498168498169,77.55799755799755,-33.7973137973138
-103.34554334554336,239.3162393162393,-269.010989010989,19.73137973137973,0.0,-97.48473748473748,-6.837606837606837,-2.93040293040293,-2.5396825396825395,0.0,-3.3211233211233213,-15.824175824175825,0.0,-72.86935286935287,18.168498168498168,-17.77777777777778,-26.764346764346765,0.0,-82.63736263736264,22.075702075702075,-22.466422466422465,-18.168498168498168,0.0,269.4017094017094,-282.6862026862027,2.93040293040293,60.366300366300365,-22.466422466422465
-95.14041514041514,104.12698412698413,-152.96703296703296,20.512820512820515,0.0,-99.43833943833944,-8.00976800976801,-6.446886446886447,-6.446886446886447,0.0,-6.446886446886447,-18.168498168498168,0.0,-64.66422466422466,2.93040293040293,-25.592185592185597,-28.71794871794872,0.0,-82.63736263736264,-45.51892551892552,12.698412698412698,-2.93040293040293,0.0,153.35775335775335,-168.98656898656898,-3.3211233211233213,11.916971916971915,12.698412698412698
-99.82905982905984,338.5592185592185,-392.8693528693529,10.744810744810744,0.0,-109.98778998778998,-2.5396825396825395,-12.307692307692308,-15.433455433455434,0.0,-6.446886446886447,-22.466422466422465,0.0,-61.14774114774115,-13.870573870573873,-27.545787545787547,-32.62515262515262,0.0,-86.93528693528694,-88.88888888888889,32.234432234432234,5.274725274725275,0.0,393.2600732600733,-394.43223443223445,-23.63858363858364,-22.466422466422465,32.234432234432234
-113.11355311355312,61.14774114774115,-118.5836385836386,13.870573870573873,0.0,-107.64346764346764,-8.00976800976801,-22.857142857142858,-13.870573870573873,0.0,-2.93040293040293,-22.857142857142858,0.0,-62.71062271062271,-6.837606837606837,-25.592185592185597,-29.10866910866911,0.0,-84.98168498168498,-86.54456654456655,29.89010989010989,14.261294261294262,0.0,118.97435897435898,-90.45177045177046,-57.24053724053724,-22.466422466422465,29.89010989010989
-93.57753357753356,324.88400488400487,-403.028083028083,26.37362637362637,0.0,-86.93528693528694,-12.698412698412698,-26.37362637362637,-16.214896214896214,0.0,-7.228327228327228,-19.34065934065934,0.0,-56.84981684981685,-2.93040293040293,-21.294261294261293,-25.592185592185597,0.0,-81.46520146520146,-52.16117216117216,11.135531135531137,11.916971916971915,0.0,403.4188034188034,-357.3137973137973,-54.5054945054945,0.5860805860805861,11.135531135531137
-90.84249084249085,80.68376068376068,-115.84859584859583,25.982905982905983,0.0,-58.41269841269841,-13.089133089133089,-17.387057387057386,-7.228327228327228,0.0,-9.963369963369964,-14.261294261294262,0.0,-53.724053724053725,1.7582417582417582,-16.214896214896214,-22.466422466422465,0.0,-87.32600732600733,-15.824175824175825,3.711843711843712,6.056166056166056,0.0,116.23931623931624,-105.68986568986568,-32.62515262515262,20.903540903540904,3.711843711843712
-96.7032967032967,145.93406593406593,-187.74114774114773,33.01587301587302,0.0,-56.84981684981685,-14.652014652014651,-15.824175824175825,-13.47985347985348,0.0,-13.870573870573873,-15.824175824175825,0.0,-45.51892551892552,8.00976800976801,-14.261294261294262,-24.02930402930403,0.0,-86.15384615384616,6.837606837606837,9.572649572649572,-7.619047619047619,0.0,188.13186813186812,-161.17216117216117,-27.545787545787547,25.592185592185597,9.572649572649572
-86.54456654456655,-101.001221001221,42.39316239316239,36.53235653235653,0.0,-61.53846153846154,-14.652014652014651,-13.089133089133089,-15.433455433455434,0.0,-15.433455433455434,-15.433455433455434,0.0,-41.22100122100122,4.102564102564102,-16.214896214896214,-23.63858363858364,0.0,-93.96825396825396,10.354090354090356,12.307692307692308,-8.791208791208792,0.0,-42.002442002442,70.52503052503053,-25.592185592185597,25.982905982905983,12.307692307692308
-88.88888888888889,-33.01587301587302,-11.916971916971915,24.81074481074481,0.0,-65.05494505494505,-7.619047619047619,-11.526251526251526,-20.512820512820515,0.0,-12.307692307692308,-16.605616605616607,0.0,-42.78388278388278,3.3211233211233213,-18.168498168498168,-29.10866910866911,0.0,-101.3919413919414,-12.307692307692308,30.671550671550676,-4.884004884004884,0.0,12.307692307692308,-0.5860805860805861,-19.34065934065934,1.3675213675213675,30.671550671550676
-93.96825396825396,36.14163614163614,-70.13431013431014,12.307692307692308,0.0,-81.07448107448107,-0.5860805860805861,-10.744810744810744,-18.94993894993895,0.0,-7.228327228327228,-18.168498168498168,0.0,-43.56532356532357,7.619047619047619,-16.605616605616607,-27.155067155067155,0.0,-95.53113553113552,4.102564102564102,11.916971916971915,-2.148962148962149,0.0,70.52503052503053,-59.1941391941392,-24.02930402930403,8.4004884004884,11.916971916971915
-90.06105006105007,31.843711843711844,-81.46520146520146,5.665445665445666,0.0,-92.7960927960928,-2.5396825396825395,-14.261294261294262,-20.12210012210012,0.0,-13.089133089133089,-17.77777777777778,0.0,-58.41269841269841,2.148962148962149,-14.652014652014651,-21.68498168498169,0.0,-98.65689865689866,3.3211233211233213,-0.1953601953601953,0.1953601953601953,0.0,81.85592185592185,-46.3003663003663,-36.14163614163614,6.446886446886447,-0.1953601953601953
-86.93528693528694,-79.51159951159951,45.51892551892552,-0.5860805860805861,0.0,-99.43833943833944,-2.148962148962149,-9.18192918192918,-8.4004884004884,0.0,-19.34065934065934,-8.00976800976801,0.0,-86.54456654456655,6.446886446886447,-9.963369963369964,-14.652014652014651,0.0,-111.15995115995116,45.12820512820513,-43.56532356532357,2.93040293040293,0.0,-45.12820512820513,60.366300366300365,-29.10866910866911,46.69108669108669,-43.56532356532357
-84.59096459096459,-186.56898656898656,141.63614163614164,-2.5396825396825395,0.0,-109.98778998778998,-3.711843711843712,-3.711843711843712,-11.916971916971915,0.0,-24.02930402930403,-4.493284493284493,0.0,-61.53846153846154,-4.493284493284493,-9.572649572649572,-17.387057387057386,0.0,-88.88888888888889,20.903540903540904,-34.969474969474966,7.619047619047619,0.0,-141.24542124542126,154.9206349206349,-30.671550671550676,34.18803418803419,-34.969474969474966
-71.30647130647131,55.67765567765568,-127.57020757020756,9.572649572649572,0.0,-100.21978021978022,-11.916971916971915,-4.102564102564102,-13.47985347985348,0.0,-28.32722832722833,-2.93040293040293,0.0,-50.5982905982906,-3.711843711843712,-9.963369963369964,-16.996336996336996,0.0,-75.995115995116,-20.12210012210012,-1.7582417582417582,14.652014652014651,0.0,127.96092796092796,-79.51159951159951,-54.5054945054945,1.7582417582417582,-1.7582417582417582
-60.757020757020754,27.545787545787547,-77.16727716727716,8.4004884004884,0.0,-84.2002442002442,-13.089133089133089,6.837606837606837,-8.4004884004884,0.0,-21.68498168498169,5.274725274725275,0.0,-37.31379731379732,-2.93040293040293,-7.619047619047619,-13.870573870573873,0.0,-74.04151404151405,-59.58485958485959,43.56532356532357,24.81074481074481,0.0,77.55799755799755,-47.86324786324786,-65.44566544566544,-33.40659340659341,43.56532356532357
-52.16117216117216,225.64102564102564,-273.3089133089133,22.075702075702075,0.0,-74.04151404151405,-6.446886446886447,15.824175824175825,-9.963369963369964,0.0,-13.47985347985348,9.963369963369964,0.0,-22.857142857142858,-2.148962148962149,-5.665445665445666,-14.652014652014651,0.0,-65.83638583638583,-73.26007326007326,69.35286935286935,20.512820512820515,0.0,273.6996336996337,-240.87912087912088,-49.03540903540904,-56.84981684981685,69.35286935286935
-52.55189255189255,18.55921855921856,-50.989010989010985,23.247863247863247,0.0,-68.96214896214896,-3.3211233211233213,20.903540903540904,-7.228327228327228,0.0,-7.619047619047619,10.354090354090356,0.0,-35.36019536019536,7.619047619047619,-4.102564102564102,-7.228327228327228,0.0,-70.13431013431014,-24.42002442002442,34.18803418803419,16.996336996336996,0.0,51.37973137973138,-30.28083028083028,-27.155067155067155,-22.857142857142858,34.18803418803419
-73.65079365079364,266.2759462759463,-291.67277167277166,26.37362637362637,0.0,-92.4053724053724,2.93040293040293,22.466422466422465,-4.102564102564102,0.0,-2.93040293040293,12.698412698412698,0.0,-64.66422466422466,4.493284493284493,-3.711843711843712,0.1953601953601953,0.0,-90.06105006105007,-20.903540903540904,21.68498168498169,22.075702075702075,0.0,292.06349206349205,-272.9181929181929,-15.042735042735044,-23.63858363858364,21.68498168498169
-72.47863247863248,25.592185592185597,-76.38583638583638,21.68498168498169,0.0,-124.05372405372404,12.307692307692308,17.77777777777778,-6.056166056166056,0.0,-0.1953601953601953,11.526251526251526,0.0,-101.001221001221,15.042735042735044,-4.884004884004884,-0.1953601953601953,0.0,-102.95482295482296,-11.916971916971915,-3.711843711843712,24.42002442002442,0.0,76.77655677655677,-52.55189255189255,-9.572649572649572,-13.870573870573873,-3.711843711843712
-72.08791208791209,197.8998778998779,-257.2893772893773,13.47985347985348,0.0,-118.97435897435898,4.102564102564102,7.228327228327228,-8.791208791208792,0.0,-0.9768009768009768,6.056166056166056,0.0,-112.33211233211232,25.592185592185597,-7.619047619047619,-4.493284493284493,0.0,-106.86202686202688,-25.2014652014652,5.274725274725275,24.02930402930403,0.0,257.6800976800977,-228.7667887667888,-11.526251526251526,-36.92307692307692,5.274725274725275
-76.77655677655677,-13.089133089133089,-46.3003663003663,6.837606837606837,0.0,-117.8021978021978,-1.7582417582417582,0.1953601953601953,-7.619047619047619,0.0,-4.102564102564102,5.274725274725275,0.0,-86.54456654456655,13.870573870573873,-5.274725274725275,-7.228327228327228,0.0,-93.18681318681318,-29.89010989010989,16.605616605616607,18.94993894993895,0.0,46.69108669108669,4.884004884004884,-32.62515262515262,-50.989010989010985,16.605616605616607
-68.57142857142857,211.96581196581195,-274.4810744810745,7.228327228327228,0.0,-101.3919413919414,-9.18192918192918,-2.5396825396825395,-7.228327228327228,0.0,-9.572649572649572,10.354090354090356,0.0,-72.86935286935287,8.791208791208792,-2.148962148962149,-7.619047619047619,0.0,-83.41880341880342,-29.499389499389498,21.68498168498169,14.261294261294262,0.0,274.87179487179486,-216.26373626373623,-41.22100122100122,-47.86324786324786,21.68498168498169
-68.96214896214896,-28.32722832722833,-13.870573870573873,2.148962148962149,0.0,-87.71672771672772,-13.870573870573873,-0.1953601953601953,-3.711843711843712,0.0,-18.55921855921856,12.307692307692308,0.0,-52.16117216117216,-1.3675213675213675,-0.9768009768009768,-5.274725274725275,0.0,-78.33943833943835,-10.744810744810744,14.652014652014651,10.744810744810744,0.0,14.261294261294262,23.247863247863247,-26.37362637362637,-34.57875457875458,14.652014652014651
-81.85592185592185,13.870573870573873,-56.84981684981685,7.619047619047619,0.0,-100.6105006105006,-7.228327228327228,-2.5396825396825395,-4.102564102564102,0.0,-24.81074481074481,8.791208791208792,0.0,-30.28083028083028,-27.936507936507937,-3.3211233211233213,-4.102564102564102,0.0,-73.26007326007326,-7.228327228327228,-1.3675213675213675,13.089133089133089,0.0,57.24053724053724,-13.089133089133089,-24.81074481074481,-18.55921855921856,-1.3675213675213675
-85.37240537240537,-256.5079365079365,210.01221001221,13.870573870573873,0.0,-103.34554334554336,-2.5396825396825395,-0.1953601953601953,-8.00976800976801,0.0,-26.764346764346765,7.619047619047619,0.0,-42.39316239316239,-27.545787545787547,-9.963369963369964,-4.102564102564102,0.0,-72.86935286935287,-22.075702075702075,-16.214896214896214,24.02930402930403,0.0,-209.6214896214896,243.6141636141636,-3.3211233211233213,-15.042735042735044,-16.214896214896214
-70.52503052503053,-341.2942612942613,285.03052503052504,20.512820512820515,0.0,-95.53113553113552,7.619047619047619,0.1953601953601953,-15.824175824175825,0.0,-20.12210012210012,1.7582417582417582,0.0,-47.472527472527474,-11.526251526251526,-16.996336996336996,-9.18192918192918,0.0,-89.67032967032966,-11.135531135531137,-18.55921855921856,30.671550671550676,0.0,-284.63980463980465,316.2881562881563,-7.228327228327228,-6.446886446886447,-18.55921855921856
-79.12087912087912,-92.4053724053724,20.12210012210012,29.89010989010989,0.0,-100.21978021978022,4.102564102564102,-3.711843711843712,-18.94993894993895,0.0,-14.652014652014651,-6.056166056166056,0.0,-45.51892551892552,-7.228327228327228,-19.34065934065934,-14.652014652014651,0.0,-78.73015873015873,-26.37362637362637,-15.824175824175825,30.671550671550676,0.0,-19.73137973137973,68.57142857142857,-15.433455433455434,-11.916971916971915,-15.824175824175825
-84.59096459096459,-33.01587301587302,-9.18192918192918,9.572649572649572,0.0,-96.7032967032967,-0.9768009768009768,-0.1953601953601953,-15.433455433455434,0.0,-5.274725274725275,-3.3211233211233213,0.0,-64.27350427350427,3.711843711843712,-14.261294261294262,-11.916971916971915,0.0,-88.88888888888889,-27.155067155067155,-8.4004884004884,35.75091575091575,0.0,9.572649572649572,28.32722832722833,-37.31379731379732,-16.214896214896214,-8.4004884004884
-85.76312576312576,-125.6166056166056,106.47130647130648,7.619047619047619,0.0,-89.67032967032966,-2.5396825396825395,-2.5396825396825395,0.1953601953601953,0.0,-2.5396825396825395,1.3675213675213675,0.0,-83.80952380952381,6.837606837606837,-8.00976800976801,-3.3211233211233213,0.0,-106.86202686202688,-60.757020757020754,34.57875457875458,42.39316239316239,0.0,-106.08058608058607,130.3052503052503,-48.64468864468864,-51.77045177045177,34.57875457875458
-98.26617826617829,-185.78754578754575,162.34432234432234,1.3675213675213675,0.0,-100.6105006105006,-10.354090354090356,-10.354090354090356,3.3211233211233213,0.0,-13.47985347985348,0.1953601953601953,0.0,-87.32600732600733,-5.274725274725275,-2.93040293040293,-1.3675213675213675,0.0,-106.08058608058607,-75.6043956043956,43.95604395604396,37.31379731379732,0.0,-161.95360195360195,187.3504273504273,-45.51892551892552,-65.05494505494505,43.95604395604396
-85.37240537240537,58.41269841269841,-80.29304029304029,0.5860805860805861,0.0,-79.51159951159951,-21.294261294261293,-9.963369963369964,6.837606837606837,0.0,-21.68498168498169,3.711843711843712,0.0,-84.2002442002442,-2.93040293040293,0.5860805860805861,4.102564102564102,0.0,-99.43833943833944,-82.24664224664225,58.41269841269841,38.87667887667888,0.0,80.68376068376068,-60.366300366300365,-34.18803418803419,-77.55799755799755,58.41269841269841
-51.77045177045177,-104.51770451770452,62.31990231990232,18.55921855921856,0.0,-53.333333333333336,-22.857142857142858,-2.148962148962149,5.665445665445666,0.0,-28.32722832722833,7.619047619047619,0.0,-51.77045177045177,-5.665445665445666,-0.5860805860805861,6.837606837606837,0.0,-85.37240537240537,-63.88278388278388,49.81684981684982,45.51892551892552,0.0,-61.92918192918193,97.87545787545788,-35.75091575091575,-69.35286935286935,49.81684981684982
-34.969474969474966,-50.989010989010985,-32.62515262515262,48.64468864468864,0.0,-47.081807081807085,-21.68498168498169,3.711843711843712,-2.5396825396825395,0.0,-35.36019536019536,4.884004884004884,0.0,-34.57875457875458,-6.056166056166056,-4.102564102564102,3.3211233211233213,0.0,-71.6971916971917,9.572649572649572,-26.764346764346765,43.56532356532357,0.0,33.01587301587302,44.737484737484735,-33.40659340659341,-0.9768009768009768,-26.764346764346765
-36.14163614163614,-35.75091575091575,-14.261294261294262,32.62515262515262,0.0,-56.84981684981685,-18.168498168498168,22.075702075702075,0.9768009768009768,0.0,-31.45299145299145,10.744810744810744,0.0,-40.04884004884005,3.711843711843712,-2.5396825396825395,4.102564102564102,0.0,-51.77045177045177,-9.18192918192918,-22.857142857142858,47.472527472527474,0.0,14.652014652014651,34.18803418803419,-31.45299145299145,-13.47985347985348,-22.857142857142858
-49.03540903540904,213.13797313797315,-255.3357753357753,40.43956043956044,0.0,-78.33943833943835,-10.744810744810744,30.28083028083028,10.354090354090356,0.0,-22.466422466422465,15.824175824175825,0.0,-61.14774114774115,2.148962148962149,-3.711843711843712,6.056166056166056,0.0,-58.8034188034188,-40.83028083028083,-8.00976800976801,49.42612942612943,0.0,255.72649572649573,-210.4029304029304,-31.45299145299145,-34.18803418803419,-8.00976800976801
-75.6043956043956,-72.47863247863248,25.592185592185597,33.01587301587302,0.0,-107.64346764346764,-12.307692307692308,21.68498168498169,9.963369963369964,0.0,-18.168498168498168,11.916971916971915,0.0,-88.88888888888889,-7.228327228327228,-5.274725274725275,4.884004884004884,0.0,-86.15384615384616,-13.47985347985348,-35.75091575091575,36.92307692307692,0.0,-25.2014652014652,68.18070818070818,-27.545787545787547,-1.3675213675213675,-35.75091575091575
-88.1074481074481,86.93528693528694,-129.52380952380952,14.652014652014651,0.0,-121.7094017094017,-18.168498168498168,15.824175824175825,9.18192918192918,0.0,-11.526251526251526,2.5396825396825395,0.0,-118.5836385836386,10.354090354090356,-6.446886446886447,4.884004884004884,0.0,-88.4981684981685,-43.95604395604396,-11.135531135531137,32.234432234432234,0.0,129.9145299145299,-101.78266178266178,-20.903540903540904,-26.764346764346765,-11.135531135531137
-89.67032967032966,-150.62271062271063,99.43833943833944,9.18192918192918,0.0,-115.84859584859583,-30.28083028083028,4.102564102564102,11.526251526251526,0.0,-13.089133089133089,-2.5396825396825395,0.0,-118.1929181929182,3.711843711843712,-9.963369963369964,2.93040293040293,0.0,-117.02075702075702,-39.26739926739927,-0.5860805860805861,34.969474969474966,0.0,-99.04761904761904,134.21245421245422,-33.7973137973138,-40.04884004884005,-0.5860805860805861
-79.51159951159951,-316.6788766788767,234.23687423687423,17.387057387057386,0.0,-97.48473748473748,-42.39316239316239,-9.18192918192918,6.837606837606837,0.0,-26.37362637362637,-8.00976800976801,0.0,-100.6105006105006,-6.056166056166056,-10.744810744810744,-4.102564102564102,0.0,-126.7887667887668,-20.512820512820515,-0.1953601953601953,21.68498168498169,0.0,-233.84615384615384,304.9572649572649,-42.78388278388278,-42.39316239316239,-0.1953601953601953
-79.9023199023199,-190.86691086691087,133.82173382173383,21.68498168498169,0.0,-61.14774114774115,-45.51892551892552,-11.526251526251526,5.274725274725275,0.0,-31.062271062271066,-6.056166056166056,0.0,-66.61782661782662,-3.711843711843712,-5.665445665445666,-4.102564102564102,0.0,-81.85592185592185,-33.40659340659341,6.446886446886447,25.592185592185597,0.0,-133.43101343101344,196.33699633699635,-24.02930402930403,-60.757020757020754,6.446886446886447
-76.38583638583638,-8.4004884004884,-32.234432234432234,16.605616605616607,0.0,-49.42612942612943,-45.51892551892552,-8.00976800976801,4.493284493284493,0.0,-29.499389499389498,0.9768009768009768,0.0,-55.28693528693529,4.884004884004884,-0.9768009768009768,-8.00976800976801,0.0,-68.57142857142857,-67.00854700854701,49.03540903540904,24.02930402930403,0.0,32.62515262515262,22.857142857142858,-37.31379731379732,-98.26617826617829,49.03540903540904
-79.12087912087912,-238.92551892551893,217.43589743589743,16.214896214896214,0.0,-42.78388278388278,-44.737484737484735,-3.3211233211233213,9.18192918192918,0.0,-18.94993894993895,8.00976800976801,0.0,-43.56532356532357,-2.148962148962149,-1.7582417582417582,-4.493284493284493,0.0,-75.995115995116,-11.526251526251526,11.135531135531137,20.512820512820515,0.0,-217.04517704517704,244.3956043956044,-25.592185592185597,-42.78388278388278,11.135531135531137
-96.31257631257633,-346.7643467643468,356.1416361416361,-1.3675213675213675,0.0,-56.84981684981685,-40.04884004884005,3.3211233211233213,6.446886446886447,0.0,-8.4004884004884,6.056166056166056,0.0,-51.77045177045177,12.307692307692308,-7.228327228327228,0.1953601953601953,0.0,-69.74358974358974,29.499389499389498,-41.22100122100122,32.62515262515262,0.0,-355.75091575091574,342.46642246642244,-21.294261294261293,16.996336996336996,-41.22100122100122
-109.2063492063492,-102.95482295482296,109.2063492063492,-11.135531135531137,0.0,-92.4053724053724,-27.155067155067155,5.665445665445666,0.9768009768009768,0.0,0.5860805860805861,-3.711843711843712,0.0,-69.74358974358974,27.545787545787547,-14.652014652014651,-5.665445665445666,0.0,-78.73015873015873,-9.963369963369964,-10.744810744810744,34.969474969474966,0.0,-108.8156288156288,94.35897435897436,-22.075702075702075,-26.37362637362637,-10.744810744810744
-108.42490842490842,-157.65567765567766,151.4041514041514,-6.446886446886447,0.0,-89.27960927960928,-33.01587301587302,2.93040293040293,0.1953601953601953,0.0,-1.3675213675213675,-12.307692307692308,0.0,-53.333333333333336,4.102564102564102,-22.466422466422465,-10.354090354090356,0.0,-92.014652014652,-8.791208791208792,-18.94993894993895,35.75091575091575,0.0,-151.01343101343102,155.7020757020757,-25.2014652014652,-30.28083028083028,-18.94993894993895
-103.73626373626374,-401.85592185592185,381.92918192918194,9.963369963369964,0.0,-80.68376068376068,-33.7973137973138,0.5860805860805861,2.148962148962149,0.0,-9.572649572649572,-15.433455433455434,0.0,-34.969474969474966,-3.711843711843712,-21.68498168498169,-15.824175824175825,0.0,-71.6971916971917,-44.346764346764346,0.1953601953601953,36.53235653235653,0.0,-381.5384615384616,416.3125763125763,-38.87667887667888,-54.5054945054945,0.1953601953601953
-87.32600732600733,-176.4102564102564,145.54334554334554,24.02930402930403,0.0,-63.88278388278388,-28.32722832722833,0.5860805860805861,-0.1953601953601953,0.0,-13.47985347985348,-17.77777777777778,0.0,-47.472527472527474,7.228327228327228,-13.47985347985348,-22.075702075702075,0.0,-60.366300366300365,-106.08058608058607,58.41269841269841,28.32722832722833,0.0,-145.15262515262515,201.4163614163614,-39.65811965811966,-102.95482295482296,58.41269841269841
-75.6043956043956,111.55067155067157,-124.83516483516485,16.605616605616607,0.0,-54.114774114774114,-33.01587301587302,4.884004884004884,11.526251526251526,0.0,-15.433455433455434,-11.916971916971915,0.0,-57.24053724053724,-0.1953601953601953,-6.837606837606837,-21.294261294261293,0.0,-79.9023199023199,7.619047619047619,-52.55189255189255,34.969474969474966,0.0,125.22588522588522,-83.41880341880342,-70.52503052503053,29.89010989010989,-52.55189255189255
-63.88278388278388,-189.3040293040293,186.95970695970692,0.9768009768009768,0.0,-57.63125763125763,-30.671550671550676,2.93040293040293,19.73137973137973,0.0,-15.433455433455434,-4.493284493284493,0.0,-85.76312576312576,22.466422466422465,-1.7582417582417582,-16.996336996336996,0.0,-90.06105006105007,28.32722832722833,-65.83638583638583,42.78388278388278,0.0,-186.56898656898656,207.66788766788767,-86.93528693528694,56.45909645909646,-65.83638583638583
-59.975579975579976,-283.4676434676435,281.9047619047619,-7.619047619047619,0.0,-56.84981684981685,-24.42002442002442,0.9768009768009768,11.135531135531137,0.0,-11.916971916971915,-4.884004884004884,0.0,-95.92185592185592,33.7973137973138,0.1953601953601953,-16.214896214896214,0.0,-104.51770451770452,21.294261294261293,-43.56532356532357,47.081807081807085,0.0,-281.51404151404154,297.1428571428572,-81.85592185592185,29.89010989010989,-43.56532356532357
-65.44566544566544,-173.2844932844933,184.6153846153846,-1.3675213675213675,0.0,-47.472527472527474,-24.42002442002442,2.5396825396825395,15.042735042735044,0.0,-10.354090354090356,-2.148962148962149,0.0,-77.16727716727716,34.969474969474966,-1.3675213675213675,-16.214896214896214,0.0,-98.26617826617829,68.18070818070818,-82.63736263736264,50.989010989010985,0.0,-184.22466422466425,187.74114774114773,-56.45909645909646,52.94261294261294,-82.63736263736264
-72.08791208791209,-292.06349206349205,307.3015873015873,-0.1953601953601953,0.0,-42.78388278388278,-34.18803418803419,4.493284493284493,16.214896214896214,0.0,-10.354090354090356,-0.9768009768009768,0.0,-53.724053724053725,33.01587301587302,-6.056166056166056,-18.55921855921856,0.0,-84.98168498168498,8.791208791208792,-18.55921855921856,47.86324786324786,0.0,-306.9108669108669,301.83150183150184,-44.737484737484735,-8.00976800976801,-18.55921855921856
-74.04151404151405,-214.7008547008547,236.97191697191695,8.00976800976801,0.0,-36.53235653235653,-27.545787545787547,8.00976800976801,13.870573870573873,0.0,-6.056166056166056,-1.7582417582417582,0.0,-40.43956043956044,40.04884004884005,-9.572649572649572,-26.37362637362637,0.0,-78.33943833943835,-65.05494505494505,62.31990231990232,41.22100122100122,0.0,-236.5811965811966,220.95238095238096,-25.2014652014652,-82.63736263736264,62.31990231990232
-86.54456654456655,-83.80952380952381,104.51770451770452,13.47985347985348,0.0,-52.94261294261294,-17.77777777777778,4.102564102564102,15.042735042735044,0.0,-3.711843711843712,-6.056166056166056,0.0,-21.68498168498169,32.234432234432234,-5.274725274725275,-33.40659340659341,0.0,-56.84981684981685,-61.53846153846154,61.14774114774115,25.982905982905983,0.0,-104.12698412698413,92.7960927960928,-10.744810744810744,-74.04151404151405,61.14774114774115
-102.95482295482296,-162.34432234432234,200.63492063492063,-4.102564102564102,0.0,-75.995115995116,-11.916971916971915,0.1953601953601953,19.73137973137973,0.0,-2.148962148962149,-3.711843711843712,0.0,-53.724053724053725,34.18803418803419,-1.3675213675213675,-33.01587301587302,0.0,-67.78998778998779,-40.04884004884005,26.37362637362637,25.2014652014652,0.0,-200.24420024420024,190.0854700854701,-35.36019536019536,-30.671550671550676,26.37362637362637
-99.82905982905984,-404.5909645909646,429.2063492063492,3.3211233211233213,0.0,-81.07448107448107,0.1953601953601953,-4.884004884004884,14.261294261294262,0.0,-2.93040293040293,-3.3211233211233213,0.0,-57.24053724053724,23.63858363858364,-1.3675213675213675,-30.671550671550676,0.0,-80.68376068376068,-83.41880341880342,68.96214896214896,25.592185592185597,0.0,-428.8156288156288,434.2857142857143,-40.43956043956044,-68.96214896214896,68.96214896214896
-95.53113553113552,-133.43101343101344,161.95360195360195,0.1953601953601953,0.0,-72.86935286935287,2.148962148962149,-6.056166056166056,10.354090354090356,0.0,-3.711843711843712,-4.102564102564102,0.0,-30.28083028083028,6.056166056166056,-2.5396825396825395,-29.89010989010989,0.0,-73.65079365079364,-16.605616605616607,3.711843711843712,26.764346764346765,0.0,-161.56288156288156,163.9072039072039,-47.081807081807085,4.102564102564102,3.711843711843712
-90.45177045177046,-54.5054945054945,93.18681318681318,5.665445665445666,0.0,-47.472527472527474,-7.619047619047619,-0.5860805860805861,11.135531135531137,0.0,-7.228327228327228,-4.493284493284493,0.0,-3.3211233211233213,9.572649572649572,-9.963369963369964,-27.936507936507937,0.0,-45.51892551892552,42.78388278388278,-59.58485958485959,27.936507936507937,0.0,-92.7960927960928,99.43833943833944,-38.87667887667888,65.05494505494505,-59.58485958485959
-86.54456654456655,-187.3504273504273,246.3492063492064,1.3675213675213675,0.0,-43.95604395604396,-8.791208791208792,15.042735042735044,11.526251526251526,0.0,-9.963369963369964,-3.3211233211233213,0.0,22.466422466422465,16.605616605616607,-18.168498168498168,-30.28083028083028,0.0,-37.704517704517706,25.2014652014652,-28.71794871794872,29.499389499389498,0.0,-245.958485958486,226.8131868131868,-30.28083028083028,42.78388278388278,-28.71794871794872
-86.93528693528694,-139.68253968253967,202.58852258852255,1.7582417582417582,0.0,-33.40659340659341,-15.433455433455434,16.214896214896214,10.744810744810744,0.0,-10.744810744810744,-6.056166056166056,0.0,36.92307692307692,21.68498168498169,-23.247863247863247,-38.48595848595848,0.0,-25.592185592185597,38.87667887667888,-43.56532356532357,25.2014652014652,0.0,-202.1978021978022,173.2844932844933,-20.903540903540904,63.88278388278388,-43.56532356532357
-87.32600732600733,140.0732600732601,-78.33943833943835,-6.837606837606837,0.0,-33.7973137973138,-20.512820512820515,13.870573870573873,7.619047619047619,0.0,-11.916971916971915,-7.619047619047619,0.0,15.824175824175825,38.095238095238095,-24.02930402930403,-45.90964590964591,0.0,-27.155067155067155,15.042735042735044,-27.545787545787547,22.075702075702075,0.0,78.73015873015873,-110.37851037851038,-6.446886446886447,33.40659340659341,-27.545787545787547
-90.06105006105007,-29.499389499389498,92.4053724053724,-12.307692307692308,0.0,-38.48595848595848,-19.73137973137973,9.963369963369964,7.619047619047619,0.0,-6.056166056166056,-3.711843711843712,0.0,-44.346764346764346,50.20757020757021,-20.12210012210012,-42.78388278388278,0.0,-68.18070818070818,-38.48595848595848,20.12210012210012,27.155067155067155,0.0,-92.014652014652,40.04884004884005,7.619047619047619,-22.075702075702075,20.12210012210012
-101.3919413919414,-306.1294261294261,375.6776556776557,-18.168498168498168,0.0,-51.37973137973138,-12.307692307692308,5.665445665445666,6.837606837606837,0.0,2.5396825396825395,-1.3675213675213675,0.0,-52.55189255189255,48.64468864468864,-17.387057387057386,-39.26739926739927,0.0,-75.21367521367522,-63.88278388278388,45.12820512820513,30.28083028083028,0.0,-375.28693528693526,315.11599511599513,-0.9768009768009768,-42.002442002442,45.12820512820513
-109.98778998778998,-210.01221001221,265.4945054945055,-7.228327228327228,0.0,-54.114774114774114,-8.4004884004884,0.1953601953601953,0.1953601953601953,0.0,9.963369963369964,-4.884004884004884,0.0,-42.78388278388278,52.94261294261294,-13.47985347985348,-39.65811965811966,0.0,-62.31990231990232,-43.95604395604396,42.39316239316239,17.387057387057386,0.0,-265.1037851037851,229.93894993894995,4.493284493284493,-37.31379731379732,42.39316239316239
-106.47130647130648,-347.93650793650795,402.6373626373626,4.493284493284493,0.0,-56.06837606837607,-0.9768009768009768,2.148962148962149,8.00976800976801,0.0,6.446886446886447,-2.5396825396825395,0.0,-24.81074481074481,54.114774114774114,-11.135531135531137,-27.545787545787547,0.0,-43.17460317460318,55.28693528693529,-45.51892551892552,21.294261294261293,0.0,-402.24664224664224,373.7240537240537,2.148962148962149,58.8034188034188,-45.51892551892552
-117.02075702075702,-229.5482295482296,272.9181929181929,14.652014652014651,0.0,-73.65079365079364,4.493284493284493,2.148962148962149,8.791208791208792,0.0,4.493284493284493,-4.102564102564102,0.0,-3.3211233211233213,34.18803418803419,-14.261294261294262,-29.89010989010989,0.0,-38.87667887667888,40.83028083028083,-42.39316239316239,24.42002442002442,0.0,-272.5274725274725,269.010989010989,-20.903540903540904,64.66422466422466,-42.39316239316239
-100.21978021978022,-449.5238095238095,471.4041514041514,22.075702075702075,0.0,-49.03540903540904,-5.274725274725275,-2.5396825396825395,2.148962148962149,0.0,0.5860805860805861,-7.228327228327228,0.0,-15.433455433455434,43.17460317460318,-15.042735042735044,-40.04884004884005,0.0,-41.22100122100122,3.711843711843712,-8.00976800976801,15.042735042735044,0.0,-471.013431013431,480.0,-9.963369963369964,31.45299145299145,-8.00976800976801
-67.00854700854701,-291.67277167277166,304.1758241758242,18.168498168498168,0.0,-24.42002442002442,-15.433455433455434,-3.3211233211233213,7.619047619047619,0.0,-0.9768009768009768,-5.274725274725275,0.0,-26.37362637362637,51.77045177045177,-15.042735042735044,-40.43956043956044,0.0,-46.3003663003663,-45.51892551892552,39.26739926739927,19.34065934065934,0.0,-303.7851037851038,301.44078144078145,-6.056166056166056,-24.81074481074481,39.26739926739927
-65.05494505494505,-498.75457875457874,517.5091575091575,20.903540903540904,0.0,-20.512820512820515,-13.47985347985348,0.5860805860805861,9.18192918192918,0.0,2.93040293040293,-1.7582417582417582,0.0,-37.704517704517706,58.8034188034188,-12.698412698412698,-40.83028083028083,0.0,-56.45909645909646,-27.545787545787547,33.7973137973138,15.433455433455434,0.0,-517.1184371184371,515.9462759462759,-9.963369963369964,-14.652014652014651,33.7973137973138
-62.71062271062271,-149.84126984126985,181.8803418803419,18.168498168498168,0.0,0.1953601953601953,-20.903540903540904,1.3675213675213675,6.837606837606837,0.0,6.446886446886447,-0.5860805860805861,0.0,-34.18803418803419,58.8034188034188,-9.572649572649572,-39.26739926739927,0.0,-49.42612942612943,-45.12820512820513,52.16117216117216,15.042735042735044,0.0,-181.4896214896215,167.42368742368745,-3.3211233211233213,-35.75091575091575,52.16117216117216
-66.22710622710623,-313.5531135531136,348.7179487179488,16.214896214896214,0.0,-0.5860805860805861,-20.903540903540904,0.1953601953601953,6.837606837606837,0.0,4.493284493284493,0.1953601953601953,0.0,-31.843711843711844,50.989010989010985,-5.274725274725275,-33.40659340659341,0.0,-34.969474969474966,-8.00976800976801,7.619047619047619,12.698412698412698,0.0,-348.32722832722834,336.2148962148962,6.446886446886447,-7.619047619047619,7.619047619047619
-103.73626373626374,-285.8119658119658,333.0891330891331,11.526251526251526,0.0,-41.61172161172161,-9.18192918192918,-2.148962148962149,9.572649572649572,0.0,6.837606837606837,3.711843711843712,0.0,-59.58485958485959,36.53235653235653,0.9768009768009768,-24.42002442002442,0.0,-58.8034188034188,86.54456654456655,-101.3919413919414,25.2014652014652,0.0,-332.6984126984127,309.25518925518924,10.354090354090356,93.57753357753356,-101.3919413919414
-123.27228327228327,-338.5592185592185,386.2271062271062,5.665445665445666,0.0,-63.88278388278388,-5.274725274725275,-4.493284493284493,5.274725274725275,0.0,8.00976800976801,4.884004884004884,0.0,-76.38583638583638,30.671550671550676,2.5396825396825395,-28.71794871794872,0.0,-69.74358974358974,12.307692307692308,-47.472527472527474,31.062271062271066,0.0,-385.8363858363858,336.6056166056166,21.68498168498169,45.51892551892552,-47.472527472527474
-107.64346764346764,-186.95970695970692,222.5152625152625,-0.5860805860805861,0.0,-62.31990231990232,-8.00976800976801,-5.274725274725275,4.493284493284493,0.0,7.619047619047619,4.102564102564102,0.0,-89.67032967032966,34.969474969474966,1.7582417582417582,-37.31379731379732,0.0,-77.16727716727716,-15.824175824175825,-29.89010989010989,31.843711843711844,0.0,-222.12454212454213,198.2905982905983,-0.5860805860805861,21.294261294261293,-29.89010989010989
-115.06715506715508,-410.45177045177047,451.0866910866911,2.5396825396825395,0.0,-81.46520146520146,8.00976800976801,-3.711843711843712,6.056166056166056,0.0,6.056166056166056,4.102564102564102,0.0,-82.24664224664225,45.51892551892552,1.3675213675213675,-38.095238095238095,0.0,-88.4981684981685,1.3675213675213675,-17.77777777777778,31.062271062271066,0.0,-450.6959706959707,432.33211233211233,-0.9768009768009768,16.996336996336996,-17.77777777777778
-95.53113553113552,-333.8705738705739,369.8168498168498,11.135531135531137,0.0,-54.5054945054945,-0.1953601953601953,1.7582417582417582,4.884004884004884,0.0,-0.5860805860805861,5.665445665445666,0.0,-16.996336996336996,30.28083028083028,-0.1953601953601953,-41.61172161172161,0.0,-55.28693528693529,-23.63858363858364,15.824175824175825,32.234432234432234,0.0,-369.4261294261294,353.7973137973138,-5.665445665445666,-11.135531135531137,15.824175824175825
-83.80952380952381,-298.7057387057387,322.14896214896214,20.12210012210012,0.0,-54.114774114774114,0.5860805860805861,9.18192918192918,4.102564102564102,0.0,-9.572649572649572,8.791208791208792,0.0,2.148962148962149,27.155067155067155,-0.1953601953601953,-41.61172161172161,0.0,-40.43956043956044,-43.56532356532357,38.48595848595848,31.45299145299145,0.0,-321.7582417582417,317.46031746031747,-11.135531135531137,-38.87667887667888,38.48595848595848
-104.12698412698413,-392.8693528693529,428.0341880341881,16.996336996336996,0.0,-69.74358974358974,1.3675213675213675,15.433455433455434,0.9768009768009768,0.0,-13.089133089133089,12.307692307692308,0.0,-11.135531135531137,23.63858363858364,0.9768009768009768,-32.62515262515262,0.0,-52.16117216117216,-9.18192918192918,6.446886446886447,33.7973137973138,0.0,-427.64346764346766,413.968253968254,-2.148962148962149,-15.042735042735044,6.446886446886447
-108.03418803418803,-240.87912087912088,269.7924297924298,6.446886446886447,0.0,-80.29304029304029,-8.00976800976801,19.34065934065934,-2.148962148962149,0.0,-13.089133089133089,15.433455433455434,0.0,-18.55921855921856,18.55921855921856,0.1953601953601953,-27.155067155067155,0.0,-38.48595848595848,-6.446886446886447,-16.605616605616607,32.62515262515262,0.0,-269.4017094017094,240.0976800976801,17.387057387057386,-4.493284493284493,-16.605616605616607
-93.18681318681318,-361.2210012210013,400.6837606837607,-6.056166056166056,0.0,-74.43223443223444,-4.493284493284493,22.857142857142858,-2.5396825396825395,0.0,-12.698412698412698,20.903540903540904,0.0,-29.10866910866911,17.77777777777778,0.1953601953601953,-25.2014652014652,0.0,-43.56532356532357,-21.294261294261293,-8.00976800976801,33.7973137973138,0.0,-400.2930402930403,367.0818070818071,1.3675213675213675,-11.526251526251526,-8.00976800976801
-76.77655677655677,-293.6263736263736,333.0891330891331,-3.711843711843712,0.0,-47.86324786324786,-7.619047619047619,21.68498168498169,-6.837606837606837,0.0,-12.698412698412698,23.247863247863247,0.0,-47.081807081807085,15.824175824175825,0.1953601953601953,-27.545787545787547,0.0,-52.94261294261294,11.916971916971915,-54.89621489621489,36.53235653235653,0.0,-332.6984126984127,315.5067155067155,-0.5860805860805861,25.592185592185597,-54.89621489621489
-79.9023199023199,-517.5091575091575,542.1245421245421,9.18192918192918,0.0,-41.61172161172161,-18.55921855921856,17.77777777777778,-1.7582417582417582,0.0,-18.94993894993895,26.37362637362637,0.0,-63.88278388278388,13.089133089133089,1.3675213675213675,-27.545787545787547,0.0,-58.8034188034188,-17.387057387057386,-42.39316239316239,40.83028083028083,0.0,-541.7338217338217,540.5616605616606,2.148962148962149,4.884004884004884,-42.39316239316239
-83.41880341880342,-196.72771672771677,215.87301587301587,16.605616605616607,0.0,-42.39316239316239,-24.42002442002442,17.387057387057386,1.3675213675213675,0.0,-25.2014652014652,26.37362637362637,0.0,-48.64468864468864,3.711843711843712,1.3675213675213675,-29.499389499389498,0.0,-51.77045177045177,-47.081807081807085,-18.94993894993895,43.95604395604396,0.0,-215.48229548229548,225.25030525030525,-6.837606837606837,-18.55921855921856,-18.94993894993895
-98.26617826617829,-475.7020757020757,496.4102564102564,15.824175824175825,0.0,-63.88278388278388,-23.63858363858364,22.075702075702075,3.711843711843712,0.0,-22.466422466422465,22.857142857142858,0.0,-82.63736263736264,15.433455433455434,3.711843711843712,-32.234432234432234,0.0,-68.18070818070818,-50.5982905982906,-20.903540903540904,43.17460317460318,0.0,-496.019536019536,502.2710622710623,-0.5860805860805861,-23.247863247863247,-20.903540903540904
-112.33211233211232,-240.87912087912088,268.22954822954824,-2.93040293040293,0.0,-92.014652014652,-23.63858363858364,23.247863247863247,4.102564102564102,0.0,-20.12210012210012,16.996336996336996,0.0,-69.35286935286935,6.446886446886447,-0.9768009768009768,-28.32722832722833,0.0,-57.63125763125763,-29.89010989010989,-51.37973137973138,45.12820512820513,0.0,-267.83882783882785,253.77289377289375,11.526251526251526,-4.884004884004884,-51.37973137973138
-101.78266178266178,-236.1904761904762,287.76556776556777,-20.903540903540904,0.0,-92.014652014652,-14.652014652014651,27.155067155067155,8.00976800976801,0.0,-20.903540903540904,17.387057387057386,0.0,-23.63858363858364,-0.5860805860805861,-10.744810744810744,-24.81074481074481,0.0,-36.92307692307692,-38.48595848595848,-34.18803418803419,46.3003663003663,0.0,-287.3748473748474,241.66056166056163,18.55921855921856,-25.592185592185597,-34.18803418803419
-87.32600732600733,141.63614163614164,-90.06105006105007,-12.307692307692308,0.0,-84.2002442002442,-1.3675213675213675,29.89010989010989,6.446886446886447,0.0,-20.512820512820515,16.996336996336996,0.0,-26.37362637362637,6.837606837606837,-15.433455433455434,-22.466422466422465,0.0,-49.03540903540904,-4.102564102564102,-55.28693528693529,49.42612942612943,0.0,90.45177045177046,-128.74236874236874,4.102564102564102,6.837606837606837,-55.28693528693529
-98.26617826617829,-56.45909645909646,94.74969474969475,3.711843711843712,0.0,-83.41880341880342,-3.711843711843712,27.936507936507937,3.3211233211233213,0.0,-26.764346764346765,15.824175824175825,0.0,-2.148962148962149,-15.824175824175825,-20.12210012210012,-19.34065934065934,0.0,-46.69108669108669,-4.493284493284493,-61.92918192918193,53.333333333333336,0.0,-94.35897435897436,75.6043956043956,4.493284493284493,11.135531135531137,-61.92918192918193
-95.14041514041514,-245.958485958486,274.4810744810745,13.089133089133089,0.0,-73.26007326007326,-8.791208791208792,23.63858363858364,5.665445665445666,0.0,-38.48595848595848,16.214896214896214,0.0,-13.870573870573873,-10.354090354090356,-24.42002442002442,-19.73137973137973,0.0,-42.39316239316239,-40.04884004884005,-39.65811965811966,51.77045177045177,0.0,-274.0903540903541,269.7924297924298,3.3211233211233213,-11.526251526251526,-39.65811965811966
-86.54456654456655,-128.35164835164835,137.72893772893772,20.903540903540904,0.0,-68.96214896214896,-14.261294261294262,23.63858363858364,3.3211233211233213,0.0,-46.69108669108669,15.824175824175825,0.0,-39.26739926739927,0.9768009768009768,-22.857142857142858,-20.12210012210012,0.0,-50.989010989010985,-31.062271062271066,-51.77045177045177,51.37973137973138,0.0,-137.33821733821733,144.37118437118437,2.93040293040293,8.4004884004884,-51.77045177045177
-84.98168498168498,439.7557997557997,-428.4249084249085,6.446886446886447,0.0,-88.88888888888889,-7.228327228327228,24.42002442002442,4.493284493284493,0.0,-40.04884004884005,16.605616605616607,0.0,-33.7973137973138,-4.493284493284493,-20.512820512820515,-21.294261294261293,0.0,-44.346764346764346,-46.3003663003663,-45.90964590964591,54.89621489621489,0.0,428.8156288156288,-435.0671550671551,7.619047619047619,-6.446886446886447,-45.90964590964591
-81.85592185592185,674.1880341880342,-651.5262515262515,-1.3675213675213675,0.0,-82.63736263736264,-0.9768009768009768,17.387057387057386,5.274725274725275,0.0,-29.10866910866911,19.34065934065934,0.0,-29.89010989010989,0.9768009768009768,-20.12210012210012,-21.68498168498169,0.0,-48.64468864468864,-68.18070818070818,-10.354090354090356,55.28693528693529,0.0,651.9169719169719,-670.6715506715507,15.824175824175825,-47.472527472527474,-10.354090354090356
-66.22710622710623,1067.2527472527472,-1046.5445665445666,2.148962148962149,0.0,-67.00854700854701,3.711843711843712,15.433455433455434,3.711843711843712,0.0,-20.12210012210012,16.605616605616607,0.0,-16.214896214896214,6.056166056166056,-20.903540903540904,-22.075702075702075,0.0,-49.81684981684982,-4.884004884004884,-56.06837606837607,55.67765567765568,0.0,1046.935286935287,-1059.8290598290598,6.446886446886447,2.93040293040293,-56.06837606837607
-79.12087912087912,1201.2698412698412,-1164.5421245421246,6.056166056166056,0.0,-68.96214896214896,9.963369963369964,16.996336996336996,4.493284493284493,0.0,-14.261294261294262,9.963369963369964,0.0,0.9768009768009768,-5.665445665445666,-24.02930402930403,-24.42002442002442,0.0,-49.81684981684982,-48.25396825396825,-18.168498168498168,63.10134310134311,0.0,1164.932844932845,-1178.998778998779,6.446886446886447,-43.17460317460318,-18.168498168498168
-79.51159951159951,826.5689865689866,-796.0927960927961,11.135531135531137,0.0,-49.03540903540904,1.7582417582417582,8.00976800976801,0.5860805860805861,0.0,-13.089133089133089,0.9768009768009768,0.0,0.1953601953601953,-4.102564102564102,-26.764346764346765,-26.764346764346765,0.0,-45.90964590964591,-60.366300366300365,-13.47985347985348,59.975579975579976,0.0,796.4835164835165,-791.013431013431,4.102564102564102,-56.84981684981685,-13.47985347985348
-82.63736263736264,668.7179487179487,-657.7777777777778,13.870573870573873,0.0,-51.77045177045177,-1.3675213675213675,5.274725274725275,-8.4004884004884,0.0,-14.652014652014651,-6.446886446886447,0.0,-11.916971916971915,-5.274725274725275,-27.936507936507937,-25.592185592185597,0.0,-43.56532356532357,-6.446886446886447,-83.80952380952381,60.757020757020754,0.0,658.1684981684982,-645.2747252747253,15.042735042735044,8.00976800976801,-83.80952380952381
-70.91575091575092,693.3333333333334,-669.1086691086691,3.3211233211233213,0.0,-58.02197802197802,7.619047619047619,9.18192918192918,-2.93040293040293,0.0,-9.963369963369964,-0.5860805860805861,0.0,-16.996336996336996,-6.837606837606837,-21.68498168498169,-22.466422466422465,0.0,-42.78388278388278,-34.969474969474966,-52.55189255189255,59.975579975579976,0.0,669.4993894993895,-671.8437118437118,10.744810744810744,-19.34065934065934,-52.55189255189255
-72.08791208791209,410.0610500610501,-370.5982905982906,-16.996336996336996,0.0,-66.22710622710623,15.433455433455434,6.837606837606837,-6.837606837606837,0.0,-0.5860805860805861,7.228327228327228,0.0,-45.90964590964591,11.135531135531137,-9.963369963369964,-16.996336996336996,0.0,-60.757020757020754,-18.55921855921856,-42.002442002442,58.02197802197802,0.0,370.989010989011,-383.8827838827839,-4.493284493284493,-15.824175824175825,-42.002442002442
-67.00854700854701,694.5054945054945,-661.2942612942613,-16.214896214896214,0.0,-72.08791208791209,20.903540903540904,4.884004884004884,-5.665445665445666,0.0,4.102564102564102,18.94993894993895,0.0,-60.366300366300365,17.387057387057386,0.1953601953601953,-9.963369963369964,0.0,-72.47863247863248,16.214896214896214,-45.90964590964591,48.64468864468864,0.0,661.6849816849817,-673.015873015873,-21.294261294261293,16.605616605616607,-45.90964590964591
-50.989010989010985,626.910866910867,-595.2625152625153,-15.433455433455434,0.0,-49.03540903540904,13.47985347985348,2.148962148962149,-2.5396825396825395,0.0,1.7582417582417582,24.81074481074481,0.0,-88.1074481074481,26.764346764346765,2.148962148962149,-9.963369963369964,0.0,-101.001221001221,-32.62515262515262,20.12210012210012,44.346764346764346,0.0,595.6532356532357,-616.3614163614163,-19.73137973137973,-36.53235653235653,20.12210012210012
-39.65811965811966,696.0683760683761,-683.5653235653235,-16.214896214896214,0.0,-34.969474969474966,-1.3675213675213675,-1.3675213675213675,-4.493284493284493,0.0,0.1953601953601953,18.94993894993895,0.0,-80.68376068376068,33.40659340659341,1.3675213675213675,-16.214896214896214,0.0,-100.21978021978022,-29.499389499389498,29.10866910866911,36.53235653235653,0.0,683.9560439560439,-682.002442002442,-36.92307692307692,-45.12820512820513,29.10866910866911
-36.14163614163614,982.8571428571428,-1018.8034188034188,-1.3675213675213675,0.0,-29.499389499389498,-20.903540903540904,-10.354090354090356,-11.526251526251526,0.0,-0.1953601953601953,5.274725274725275,0.0,-64.66422466422466,28.71794871794872,-6.837606837606837,-25.2014652014652,0.0,-98.26617826617829,-8.791208791208792,4.102564102564102,33.01587301587302,0.0,1019.1941391941392,-965.6654456654456,-70.52503052503053,-19.73137973137973,4.102564102564102
-32.62515262515262,827.7411477411478,-875.7997557997558,1.7582417582417582,0.0,-22.075702075702075,-23.247863247863247,-10.354090354090356,-20.12210012210012,0.0,-0.1953601953601953,-4.884004884004884,0.0,-49.81684981684982,23.63858363858364,-15.042735042735044,-36.14163614163614,0.0,-106.47130647130648,-8.00976800976801,8.4004884004884,26.764346764346765,0.0,876.1904761904761,-823.4432234432235,-67.3992673992674,-15.824175824175825,8.4004884004884
-27.545787545787547,380.3663003663004,-410.45177045177047,-5.665445665445666,0.0,-21.294261294261293,-21.294261294261293,-5.274725274725275,-13.47985347985348,0.0,0.9768009768009768,-5.665445665445666,0.0,-27.155067155067155,22.466422466422465,-15.433455433455434,-38.095238095238095,0.0,-101.78266178266178,28.71794871794872,-13.089133089133089,25.592185592185597,0.0,410.84249084249086,-362.7838827838828,-90.84249084249085,12.307692307692308,-13.089133089133089
-49.03540903540904,362.3931623931624,-372.9426129426129,-10.354090354090356,0.0,-38.095238095238095,-15.042735042735044,-3.3211233211233213,-12.698412698412698,0.0,-1.7582417582417582,-0.9768009768009768,0.0,-21.68498168498169,16.214896214896214,-11.526251526251526,-33.40659340659341,0.0,-104.51770451770452,46.69108669108669,-17.387057387057386,23.247863247863247,0.0,373.3333333333333,-342.07570207570205,-81.07448107448107,24.02930402930403,-17.387057387057386
-52.94261294261294,200.63492063492063,-183.83394383394383,-20.903540903540904,0.0,-45.12820512820513,-4.493284493284493,1.3675213675213675,-7.228327228327228,0.0,-9.18192918192918,6.837606837606837,0.0,-18.168498168498168,4.493284493284493,-7.619047619047619,-24.02930402930403,0.0,-104.9084249084249,43.17460317460318,-10.354090354090356,25.2014652014652,0.0,184.22466422466425,-189.6947496947497,-63.10134310134311,22.075702075702075,-10.354090354090356
-40.04884004884005,-299.4871794871795,328.009768009768,-32.62515262515262,0.0,-46.69108669108669,-4.884004884004884,3.3211233211233213,3.711843711843712,0.0,-13.47985347985348,12.307692307692308,0.0,-21.294261294261293,-2.93040293040293,-3.3211233211233213,-12.698412698412698,0.0,-112.72283272283272,38.095238095238095,-3.3211233211233213,34.57875457875458,0.0,-327.6190476190476,284.24908424908426,-52.16117216117216,10.744810744810744,-3.3211233211233213
-34.969474969474966,120.14652014652016,-105.68986568986568,-43.95604395604396,0.0,-55.28693528693529,-4.493284493284493,0.1953601953601953,-3.711843711843712,0.0,-16.605616605616607,9.572649572649572,0.0,-12.698412698412698,0.1953601953601953,-0.1953601953601953,-10.744810744810744,0.0,-93.96825396825396,19.73137973137973,14.652014652014651,31.45299145299145,0.0,106.08058608058607,-120.53724053724054,-74.43223443223444,-12.307692307692308,14.652014652014651
-21.294261294261293,10.744810744810744,-17.77777777777778,-50.5982905982906,0.0,-61.53846153846154,-2.148962148962149,-5.665445665445666,-8.4004884004884,0.0,-16.605616605616607,6.446886446886447,0.0,-8.791208791208792,2.5396825396825395,-2.5396825396825395,-10.744810744810744,0.0,-81.85592185592185,28.71794871794872,0.1953601953601953,30.671550671550676,0.0,18.168498168498168,-8.791208791208792,-100.6105006105006,5.274725274725275,0.1953601953601953
-11.526251526251526,-499.9267399267399,460.4639804639805,-32.234432234432234,0.0,-52.55189255189255,-3.711843711843712,-14.261294261294262,-11.526251526251526,0.0,-18.55921855921856,5.665445665445666,0.0,-18.168498168498168,16.605616605616607,-4.884004884004884,-14.261294261294262,0.0,-86.54456654456655,19.34065934065934,16.996336996336996,25.982905982905983,0.0,-460.0732600732601,498.75457875457874,-112.72283272283272,0.1953601953601953,16.996336996336996
-24.02930402930403,-436.6300366300366,380.3663003663004,-19.73137973137973,0.0,-43.95604395604396,-18.168498168498168,-19.73137973137973,-16.605616605616607,0.0,-27.155067155067155,3.3211233211233213,0.0,-9.963369963369964,16.605616605616607,-8.00976800976801,-23.63858363858364,0.0,-69.35286935286935,-1.7582417582417582,37.704517704517706,7.228327228327228,0.0,-379.97557997558,447.960927960928,-101.3919413919414,-18.55921855921856,37.704517704517706
-32.234432234432234,-348.32722832722834,306.9108669108669,-14.652014652014651,0.0,-38.095238095238095,-24.81074481074481,-15.042735042735044,-9.18192918192918,0.0,-33.40659340659341,6.056166056166056,0.0,-17.77777777777778,23.63858363858364,-14.652014652014651,-23.247863247863247,0.0,-56.06837606837607,29.10866910866911,-13.47985347985348,6.837606837606837,0.0,-306.5201465201465,357.7045177045177,-75.6043956043956,22.466422466422465,-13.47985347985348
-31.45299145299145,-210.7936507936508,176.01953601953602,-11.526251526251526,0.0,-20.512820512820515,-37.704517704517706,-11.916971916971915,-5.665445665445666,0.0,-38.095238095238095,7.619047619047619,0.0,-26.764346764346765,15.042735042735044,-20.12210012210012,-20.512820512820515,0.0,-59.975579975579976,-4.884004884004884,-3.3211233211233213,14.652014652014651,0.0,-175.62881562881563,214.31013431013432,-50.989010989010985,-8.4004884004884,-3.3211233211233213
-22.466422466422465,-593.6996336996338,560.4884004884005,-14.652014652014651,0.0,-17.387057387057386,-36.92307692307692,-4.884004884004884,-8.791208791208792,0.0,-37.31379731379732,7.228327228327228,0.0,-28.71794871794872,13.089133089133089,-20.512820512820515,-20.12210012210012,0.0,-57.24053724053724,-8.00976800976801,-16.996336996336996,24.42002442002442,0.0,-560.09768009768,606.2026862026862,-61.53846153846154,-10.354090354090356,-16.996336996336996
-11.135531135531137,-551.5018315018315,516.7277167277167,-18.168498168498168,0.0,-27.545787545787547,-24.02930402930403,1.7582417582417582,-13.47985347985348,0.0,-34.18803418803419,12.698412698412698,0.0,-38.48595848595848,16.996336996336996,-15.042735042735044,-10.354090354090356,0.0,-55.28693528693529,8.00976800976801,-33.40659340659341,31.062271062271066,0.0,-516.3369963369963,559.7069597069597,-61.14774114774115,6.837606837606837,-33.40659340659341
-1.7582417582417582,-748.034188034188,702.7106227106227,-19.73137973137973,0.0,-44.346764346764346,-6.446886446886447,0.1953601953601953,-13.870573870573873,0.0,-30.28083028083028,17.387057387057386,0.0,-49.81684981684982,20.903540903540904,-9.963369963369964,-1.7582417582417582,0.0,-58.8034188034188,25.592185592185597,-51.37973137973138,41.22100122100122,0.0,-702.3199023199023,755.0671550671551,-74.82295482295483,26.37362637362637,-51.37973137973138
-15.433455433455434,-517.5091575091575,451.8681318681319,-12.698412698412698,0.0,-75.21367521367522,7.619047619047619,-9.18192918192918,-16.605616605616607,0.0,-31.062271062271066,13.47985347985348,0.0,-68.18070818070818,32.234432234432234,-6.446886446886447,-4.102564102564102,0.0,-68.96214896214896,23.247863247863247,-39.26739926739927,34.969474969474966,0.0,-451.47741147741147,512.8205128205128,-84.98168498168498,42.002442002442,-39.26739926739927
-24.81074481074481,-766.007326007326,711.6971916971917,-20.12210012210012,0.0,-72.86935286935287,2.5396825396825395,-19.34065934065934,-8.791208791208792,0.0,-26.764346764346765,6.446886446886447,0.0,-64.66422466422466,29.10866910866911,-4.493284493284493,-11.526251526251526,0.0,-74.04151404151405,8.4004884004884,-10.744810744810744,21.68498168498169,0.0,-711.3064713064713,757.4114774114774,-77.94871794871794,27.155067155067155,-10.744810744810744
-33.7973137973138,-650.7448107448107,605.8119658119658,-26.37362637362637,0.0,-58.8034188034188,-6.837606837606837,-29.89010989010989,-7.228327228327228,0.0,-24.02930402930403,-2.5396825396825395,0.0,-52.55189255189255,36.53235653235653,-9.18192918192918,-22.075702075702075,0.0,-55.28693528693529,-12.307692307692308,8.4004884004884,9.572649572649572,0.0,-605.4212454212454,651.1355311355311,-63.49206349206349,-0.1953601953601953,8.4004884004884
-28.71794871794872,-714.041514041514,664.8107448107448,-29.499389499389498,0.0,-40.43956043956044,-18.168498168498168,-34.18803418803419,-13.089133089133089,0.0,-22.466422466422465,-10.354090354090356,0.0,-27.545787545787547,23.247863247863247,-11.135531135531137,-32.234432234432234,0.0,-48.25396825396825,-32.234432234432234,27.545787545787547,2.5396825396825395,0.0,-664.4200244200244,710.1343101343101,-59.58485958485959,-20.512820512820515,27.545787545787547
-21.68498168498169,-788.6691086691087,746.080586080586,-33.40659340659341,0.0,-36.53235653235653,-16.214896214896214,-24.02930402930403,-18.94993894993895,0.0,-15.433455433455434,-6.837606837606837,0.0,-20.903540903540904,14.652014652014651,-8.00976800976801,-31.45299145299145,0.0,-43.17460317460318,-49.03540903540904,45.12820512820513,-0.5860805860805861,0.0,-745.6898656898657,801.953601953602,-67.3992673992674,-41.22100122100122,45.12820512820513
-36.92307692307692,-846.8864468864468,819.92673992674,-35.75091575091575,0.0,-62.31990231990232,-6.056166056166056,-3.3211233211233213,-26.37362637362637,0.0,-6.837606837606837,4.102564102564102,0.0,-33.7973137973138,20.12210012210012,-3.711843711843712,-21.68498168498169,0.0,-39.26739926739927,-9.963369963369964,2.148962148962149,5.665445665445666,0.0,-819.5360195360196,866.8131868131868,-56.84981684981685,-3.3211233211233213,2.148962148962149
-50.20757020757021,-710.1343101343101,695.6776556776557,-35.36019536019536,0.0,-102.56410256410255,16.996336996336996,9.963369963369964,-24.42002442002442,0.0,0.1953601953601953,9.18192918192918,0.0,-46.69108669108669,11.916971916971915,-2.5396825396825395,-13.089133089133089,0.0,-42.78388278388278,20.12210012210012,-45.12820512820513,14.261294261294262,0.0,-695.2869352869353,730.0610500610501,-65.83638583638583,54.5054945054945,-45.12820512820513
-63.49206349206349,-715.2136752136752,707.7899877899878,-32.62515262515262,0.0,-113.11355311355312,21.68498168498169,10.354090354090356,-23.63858363858364,0.0,7.619047619047619,9.18192918192918,0.0,-43.56532356532357,0.5860805860805861,-1.7582417582417582,-13.870573870573873,0.0,-63.49206349206349,6.446886446886447,-21.294261294261293,17.387057387057386,0.0,-707.3992673992674,741.3919413919414,-86.15384615384616,47.86324786324786,-21.294261294261293
-54.89621489621489,-787.1062271062272,807.8144078144078,-44.737484737484735,0.0,-84.2002442002442,16.996336996336996,6.446886446886447,-18.94993894993895,0.0,13.47985347985348,7.619047619047619,0.0,-50.20757020757021,20.12210012210012,-1.3675213675213675,-15.824175824175825,0.0,-68.18070818070818,2.148962148962149,-5.274725274725275,22.466422466422465,0.0,-807.4236874236874,801.953601953602,-78.73015873015873,37.31379731379732,-5.274725274725275
-28.71794871794872,-674.5787545787546,684.7374847374847,-43.95604395604396,0.0,-37.704517704517706,8.4004884004884,-13.870573870573873,-18.94993894993895,0.0,8.4004884004884,-1.7582417582417582,0.0,-16.996336996336996,14.652014652014651,-7.228327228327228,-25.2014652014652,0.0,-63.88278388278388,12.307692307692308,-2.93040293040293,16.605616605616607,0.0,-684.3467643467643,690.5982905982906,-74.82295482295483,22.075702075702075,-2.93040293040293
-9.572649572649572,-687.8632478632478,683.5653235653235,-38.095238095238095,0.0,-2.148962148962149,-2.148962148962149,-27.936507936507937,-18.94993894993895,0.0,2.93040293040293,-11.526251526251526,0.0,11.135531135531137,3.3211233211233213,-8.791208791208792,-33.01587301587302,0.0,-61.14774114774115,5.665445665445666,11.916971916971915,13.089133089133089,0.0,-683.1746031746031,692.5518925518926,-63.88278388278388,0.1953601953601953,11.916971916971915
-8.4004884004884,-690.5982905982906,667.5457875457876,-24.42002442002442,0.0,3.711843711843712,-5.665445665445666,-30.671550671550676,-21.68498168498169,0.0,0.5860805860805861,-18.55921855921856,0.0,-0.1953601953601953,14.261294261294262,-10.744810744810744,-34.57875457875458,0.0,-62.71062271062271,-7.228327228327228,29.499389499389498,6.446886446886447,0.0,-667.1550671550672,696.0683760683761,-52.16117216117216,-22.857142857142858,29.499389499389498
-24.81074481074481,-703.8827838827839,683.5653235653235,-25.2014652014652,0.0,-14.261294261294262,-6.446886446886447,-26.37362637362637,-21.68498168498169,0.0,0.1953601953601953,-22.466422466422465,0.0,-4.493284493284493,13.870573870573873,-14.261294261294262,-31.45299145299145,0.0,-64.66422466422466,22.466422466422465,-4.493284493284493,7.228327228327228,0.0,-683.1746031746031,715.2136752136752,-49.81684981684982,0.1953601953601953,-4.493284493284493
-45.90964590964591,-702.3199023199023,678.8766788766789,-15.042735042735044,0.0,-29.89010989010989,-3.711843711843712,-23.247863247863247,-25.982905982905983,0.0,1.3675213675213675,-25.592185592185597,0.0,-22.075702075702075,9.572649572649572,-17.387057387057386,-29.89010989010989,0.0,-81.07448107448107,-8.4004884004884,17.387057387057386,9.18192918192918,0.0,-678.4859584859585,710.1343101343101,-50.20757020757021,-18.168498168498168,17.387057387057386
-58.02197802197802,-664.0293040293041,668.3272283272283,-19.73137973137973,0.0,-25.592185592185597,-6.056166056166056,-12.698412698412698,-26.764346764346765,0.0,5.665445665445666,-24.02930402930403,0.0,-34.18803418803419,12.307692307692308,-13.089133089133089,-22.075702075702075,0.0,-86.93528693528694,-38.87667887667888,54.114774114774114,11.526251526251526,0.0,-667.936507936508,678.8766788766789,-63.49206349206349,-36.92307692307692,54.114774114774114
-51.37973137973138,-636.6788766788767,642.5396825396825,-19.73137973137973,0.0,-20.903540903540904,-4.493284493284493,-9.963369963369964,-28.32722832722833,0.0,5.665445665445666,-19.34065934065934,0.0,-42.78388278388278,18.168498168498168,-11.135531135531137,-15.824175824175825,0.0,-93.57753357753356,7.619047619047619,13.870573870573873,16.996336996336996,0.0,-642.1489621489621,652.6984126984127,-70.91575091575092,1.3675213675213675,13.870573870573873
-43.56532356532357,-621.4407814407814,617.1428571428571,-17.387057387057386,0.0,-10.354090354090356,-4.102564102564102,-17.387057387057386,-31.843711843711844,0.0,0.1953601953601953,-20.512820512820515,0.0,-25.2014652014652,12.307692307692308,-13.089133089133089,-21.294261294261293,0.0,-82.24664224664225,66.22710622710623,-43.56532356532357,9.572649572649572,0.0,-616.7521367521367,622.2222222222222,-60.757020757020754,67.3992673992674,-43.56532356532357
-36.92307692307692,-609.7191697191697,599.1697191697192,-20.903540903540904,0.0,2.148962148962149,-4.493284493284493,-28.71794871794872,-35.75091575091575,0.0,-3.3211233211233213,-30.28083028083028,0.0,3.711843711843712,1.7582417582417582,-18.55921855921856,-30.28083028083028,0.0,-65.44566544566544,43.95604395604396,-30.28083028083028,6.837606837606837,0.0,-598.7789987789988,623.3943833943833,-76.77655677655677,59.58485958485959,-30.28083028083028
-28.32722832722833,-603.0769230769231,568.3028083028083,-17.77777777777778,0.0,2.148962148962149,-7.619047619047619,-38.87667887667888,-35.75091575091575,0.0,-9.18192918192918,-41.22100122100122,0.0,32.234432234432234,-7.619047619047619,-24.42002442002442,-36.92307692307692,0.0,-57.24053724053724,72.47863247863248,-61.14774114774115,6.837606837606837,0.0,-567.9120879120879,620.6593406593406,-80.68376068376068,75.21367521367522,-61.14774114774115
-31.45299145299145,-602.2954822954823,553.064713064713,-22.857142857142858,0.0,0.1953601953601953,-19.73137973137973,-50.20757020757021,-32.234432234432234,0.0,-12.307692307692308,-50.5982905982906,0.0,29.499389499389498,-5.665445665445666,-28.71794871794872,-36.53235653235653,0.0,-62.71062271062271,36.14163614163614,-33.01587301587302,16.214896214896214,0.0,-552.6739926739926,612.4542124542124,-85.76312576312576,38.095238095238095,-33.01587301587302
-33.7973137973138,-601.5140415140415,564.7863247863248,-30.671550671550676,0.0,-9.963369963369964,-23.247863247863247,-41.61172161172161,-24.42002442002442,0.0,-17.77777777777778,-46.3003663003663,0.0,11.526251526251526,-7.228327228327228,-27.936507936507937,-26.764346764346765,0.0,-77.16727716727716,-37.31379731379732,32.234432234432234,29.89010989010989,0.0,-564.3956043956044,599.95115995116,-95.53113553113552,-24.81074481074481,32.234432234432234
-25.592185592185597,-605.030525030525,550.3296703296703,-22.466422466422465,0.0,-14.652014652014651,-25.592185592185597,-36.53235653235653,-24.02930402930403,0.0,-22.857142857142858,-38.87667887667888,0.0,-26.764346764346765,5.665445665445666,-24.02930402930403,-20.512820512820515,0.0,-83.80952380952381,-50.989010989010985,40.43956043956044,25.982905982905983,0.0,-549.9389499389499,603.8583638583639,-102.95482295482296,-39.65811965811966,40.43956043956044
-22.075702075702075,-603.0769230769231,534.3101343101343,-16.996336996336996,0.0,-33.01587301587302,-25.2014652014652,-27.545787545787547,-18.94993894993895,0.0,-26.764346764346765,-28.32722832722833,0.0,-75.995115995116,18.55921855921856,-20.903540903540904,-12.307692307692308,0.0,-113.5042735042735,-8.791208791208792,3.3211233211233213,24.42002442002442,0.0,-533.919413919414,598.3882783882784,-101.78266178266178,-11.526251526251526,3.3211233211233213
-22.466422466422465,-587.8388278388278,510.4761904761905,-11.135531135531137,0.0,-44.346764346764346,-20.903540903540904,-25.2014652014652,-18.55921855921856,0.0,-30.28083028083028,-24.81074481074481,0.0,-81.85592185592185,13.089133089133089,-25.2014652014652,-11.135531135531137,0.0,-109.98778998778998,-7.619047619047619,-11.526251526251526,20.903540903540904,0.0,-510.0854700854701,580.4151404151404,-91.62393162393164,-1.3675213675213675,-11.526251526251526
-33.40659340659341,-560.09768009768,485.8608058608058,-9.572649572649572,0.0,-44.737484737484735,-22.857142857142858,-26.764346764346765,-21.68498168498169,0.0,-29.10866910866911,-29.89010989010989,0.0,-59.58485958485959,-2.5396825396825395,-27.936507936507937,-19.34065934065934,0.0,-93.57753357753356,-21.294261294261293,-9.963369963369964,11.526251526251526,0.0,-485.4700854700855,573.7728937728938,-89.27960927960928,-10.354090354090356,-9.963369963369964
-36.92307692307692,-556.9719169719169,474.9206349206349,-12.698412698412698,0.0,-58.02197802197802,-27.936507936507937,-27.155067155067155,-16.996336996336996,0.0,-28.32722832722833,-32.62515262515262,0.0,-34.57875457875458,-16.996336996336996,-26.764346764346765,-19.34065934065934,0.0,-83.41880341880342,24.81074481074481,-55.67765567765568,12.307692307692308,0.0,-474.52991452991455,564.7863247863248,-73.26007326007326,20.12210012210012,-55.67765567765568
-34.969474969474966,-548.7667887667887,496.8009768009768,-35.36019536019536,0.0,-56.45909645909646,-34.969474969474966,-21.68498168498169,-6.837606837606837,0.0,-28.71794871794872,-30.28083028083028,0.0,-9.963369963369964,-25.592185592185597,-24.42002442002442,-13.089133089133089,0.0,-59.975579975579976,20.512820512820515,-57.63125763125763,20.512820512820515,0.0,-496.4102564102564,544.0781440781441,-65.05494505494505,29.10866910866911,-57.63125763125763
-38.095238095238095,-517.8998778998779,485.4700854700855,-39.26739926739927,0.0,-50.989010989010985,-35.75091575091575,-13.870573870573873,-7.228327228327228,0.0,-29.10866910866911,-29.499389499389498,0.0,11.916971916971915,-39.26739926739927,-22.857142857142858,-10.354090354090356,0.0,-45.12820512820513,2.148962148962149,-38.48595848595848,18.168498168498168,0.0,-485.07936507936506,513.6019536019536,-74.04151404151405,38.48595848595848,-38.48595848595848
-27.545787545787547,-500.7081807081807,457.72893772893775,-24.42002442002442,0.0,-42.39316239316239,-34.969474969474966,-8.00976800976801,-6.446886446886447,0.0,-31.843711843711844,-28.32722832722833,0.0,21.68498168498169,-33.01587301587302,-20.903540903540904,-7.228327228327228,0.0,-43.95604395604396,38.095238095238095,-60.757020757020754,24.81074481074481,0.0,-457.33821733821736,504.22466422466425,-92.7960927960928,75.6043956043956,-60.757020757020754
-22.075702075702075,-498.75457875457874,451.8681318681319,-8.4004884004884,0.0,-30.671550671550676,-36.92307692307692,-4.493284493284493,-3.3211233211233213,0.0,-33.7973137973138,-25.982905982905983,0.0,16.605616605616607,-20.512820512820515,-20.903540903540904,-1.7582417582417582,0.0,-47.472527472527474,15.433455433455434,-33.01587301587302,35.36019536019536,0.0,-451.47741147741147,510.0854700854701,-84.2002442002442,40.43956043956044,-33.01587301587302
-32.234432234432234,-498.75457875457874,453.4310134310134,0.9768009768009768,0.0,-39.65811965811966,-32.234432234432234,-0.9768009768009768,-2.148962148962149,0.0,-33.7973137973138,-23.247863247863247,0.0,2.148962148962149,-12.307692307692308,-20.12210012210012,-1.7582417582417582,0.0,-40.43956043956044,-13.089133089133089,-19.73137973137973,39.26739926739927,0.0,-453.040293040293,513.2112332112332,-81.85592185592185,28.32722832722833,-19.73137973137973
-35.36019536019536,-415.1404151404152,387.008547008547,-5.665445665445666,0.0,-50.20757020757021,-22.466422466422465,5.665445665445666,-1.3675213675213675,0.0,-30.671550671550676,-19.73137973137973,0.0,-29.499389499389498,-3.711843711843712,-13.089133089133089,-1.7582417582417582,0.0,-54.5054945054945,-22.466422466422465,-13.47985347985348,38.48595848595848,0.0,-386.6178266178266,443.6630036630037,-70.52503052503053,3.3211233211233213,-13.47985347985348
-19.73137973137973,-360.43956043956047,344.029304029304,-29.10866910866911,0.0,-63.10134310134311,-13.870573870573873,10.354090354090356,2.148962148962149,0.0,-28.32722832722833,-12.307692307692308,0.0,-55.67765567765568,-0.1953601953601953,-7.619047619047619,1.3675213675213675,0.0,-68.96214896214896,-36.92307692307692,9.963369963369964,31.062271062271066,0.0,-343.6385836385836,376.4590964590965,-61.14774114774115,-27.155067155067155,9.963369963369964
-34.18803418803419,-413.968253968254,439.7557997557997,-56.45909645909646,0.0,-76.77655677655677,-12.698412698412698,19.34065934065934,5.274725274725275,0.0,-26.37362637362637,-9.963369963369964,0.0,-41.22100122100122,-5.274725274725275,-4.884004884004884,0.9768009768009768,0.0,-68.57142857142857,-24.42002442002442,20.12210012210012,20.12210012210012,0.0,-439.36507936507934,425.2991452991453,-79.51159951159951,-3.711843711843712,20.12210012210012
-29.89010989010989,-473.3577533577534,491.33089133089135,-53.724053724053725,0.0,-64.66422466422466,-13.870573870573873,17.387057387057386,-4.102564102564102,0.0,-25.982905982905983,-15.433455433455434,0.0,-8.791208791208792,-28.32722832722833,-7.228327228327228,-0.5860805860805861,0.0,-86.93528693528694,-0.1953601953601953,9.572649572649572,29.10866910866911,0.0,-490.94017094017096,495.2380952380952,-104.51770451770452,9.963369963369964,9.572649572649572
-28.32722832722833,-448.3516483516484,445.6166056166056,-44.346764346764346,0.0,-46.3003663003663,-23.63858363858364,8.00976800976801,-12.698412698412698,0.0,-25.592185592185597,-18.94993894993895,0.0,-6.056166056166056,-40.43956043956044,-5.665445665445666,0.9768009768009768,0.0,-101.78266178266178,-6.056166056166056,17.387057387057386,36.92307692307692,0.0,-445.2258852258853,480.7814407814408,-115.06715506715508,-2.93040293040293,17.387057387057386
-33.40659340659341,-236.1904761904762,213.52869352869357,-22.075702075702075,0.0,-31.45299145299145,-33.7973137973138,3.3211233211233213,-15.433455433455434,0.0,-20.512820512820515,-18.55921855921856,0.0,-20.12210012210012,-26.764346764346765,-2.5396825396825395,3.3211233211233213,0.0,-95.14041514041514,47.081807081807085,-46.3003663003663,45.12820512820513,0.0,-213.13797313797315,266.2759462759463,-106.08058608058607,54.5054945054945,-46.3003663003663
-18.55921855921856,-133.04029304029305,119.36507936507935,-15.433455433455434,0.0,-19.73137973137973,-25.982905982905983,10.354090354090356,-11.526251526251526,0.0,-13.47985347985348,-13.089133089133089,0.0,-64.27350427350427,-7.619047619047619,2.5396825396825395,3.3211233211233213,0.0,-95.92185592185592,17.387057387057386,-49.81684981684982,61.14774114774115,0.0,-118.97435897435898,167.42368742368745,-108.8156288156288,48.25396825396825,-49.81684981684982
-16.996336996336996,124.05372405372404,-142.8083028083028,-10.744810744810744,0.0,-39.26739926739927,-14.261294261294262,16.996336996336996,-9.18192918192918,0.0,-9.963369963369964,-5.274725274725275,0.0,-90.84249084249085,2.5396825396825395,11.526251526251526,5.274725274725275,0.0,-88.88888888888889,-23.63858363858364,-9.963369963369964,50.989010989010985,0.0,143.1990231990232,-97.48473748473748,-99.04761904761904,20.12210012210012,-9.963369963369964
-16.214896214896214,26.37362637362637,-18.94993894993895,-21.294261294261293,0.0,-46.3003663003663,-10.744810744810744,26.37362637362637,-0.1953601953601953,0.0,-8.4004884004884,0.1953601953601953,0.0,-59.1941391941392,0.9768009768009768,11.135531135531137,8.00976800976801,0.0,-79.12087912087912,-50.20757020757021,38.48595848595848,50.5982905982906,0.0,19.34065934065934,-11.526251526251526,-95.14041514041514,-19.73137973137973,38.48595848595848
-22.075702075702075,-68.96214896214896,85.37240537240537,-15.824175824175825,0.0,-44.737484737484735,-11.135531135531137,30.28083028083028,4.102564102564102,0.0,-15.042735042735044,0.1953601953601953,0.0,-13.870573870573873,-7.228327228327228,7.228327228327228,4.102564102564102,0.0,-71.30647130647131,-4.884004884004884,30.28083028083028,34.57875457875458,0.0,-84.98168498168498,86.54456654456655,-106.47130647130648,14.652014652014651,30.28083028083028
-27.936507936507937,-24.42002442002442,20.903540903540904,-13.089133089133089,0.0,-36.92307692307692,-16.605616605616607,22.075702075702075,-12.698412698412698,0.0,-23.63858363858364,-3.711843711843712,0.0,20.903540903540904,-27.545787545787547,1.3675213675213675,1.7582417582417582,0.0,-66.22710622710623,-0.5860805860805861,38.48595848595848,21.68498168498169,0.0,-20.512820512820515,52.16117216117216,-105.68986568986568,8.00976800976801,38.48595848595848
-39.65811965811966,-82.24664224664225,111.94139194139194,-25.592185592185597,0.0,-36.53235653235653,-13.089133089133089,20.903540903540904,-6.446886446886447,0.0,-19.34065934065934,2.148962148962149,0.0,18.94993894993895,-27.936507936507937,0.1953601953601953,5.665445665445666,0.0,-61.14774114774115,-0.1953601953601953,33.7973137973138,22.466422466422465,0.0,-111.55067155067157,109.98778998778998,-78.73015873015873,-0.9768009768009768,33.7973137973138
-38.87667887667888,181.8803418803419,-166.64224664224665,-15.824175824175825,0.0,-27.936507936507937,-12.307692307692308,14.652014652014651,-13.089133089133089,0.0,-13.870573870573873,2.148962148962149,0.0,-7.619047619047619,-18.168498168498168,-0.5860805860805861,-5.274725274725275,0.0,-70.13431013431014,7.228327228327228,15.042735042735044,12.307692307692308,0.0,167.03296703296704,-151.01343101343102,-82.63736263736264,20.903540903540904,15.042735042735044
-24.42002442002442,-70.91575091575092,60.366300366300365,-6.837606837606837,0.0,-17.387057387057386,-12.307692307692308,10.354090354090356,-21.294261294261293,0.0,-8.00976800976801,1.3675213675213675,0.0,-13.870573870573873,-4.493284493284493,-0.9768009768009768,-17.387057387057386,0.0,-61.53846153846154,-5.274725274725275,16.214896214896214,10.354090354090356,0.0,-59.975579975579976,95.53113553113552,-83.80952380952381,20.12210012210012,16.214896214896214
-15.824175824175825,161.95360195360195,-153.35775335775335,-20.512820512820515,0.0,-11.526251526251526,-13.089133089133089,14.652014652014651,-16.996336996336996,0.0,-7.228327228327228,5.274725274725275,0.0,-2.5396825396825395,-12.307692307692308,0.1953601953601953,-16.605616605616607,0.0,-71.6971916971917,-35.36019536019536,44.346764346764346,28.71794871794872,0.0,153.74847374847374,-144.37118437118437,-85.76312576312576,-12.698412698412698,44.346764346764346
6.837606837606837,123.27228327228327,-110.76923076923076,-20.12210012210012,0.0,11.135531135531137,-18.94993894993895,14.261294261294262,-7.228327228327228,0.0,-13.089133089133089,13.089133089133089,0.0,1.7582417582417582,-4.102564102564102,0.9768009768009768,-17.77777777777778,0.0,-81.07448107448107,27.936507936507937,4.102564102564102,27.155067155067155,0.0,111.15995115995116,-106.86202686202688,-101.3919413919414,43.95604395604396,4.102564102564102
13.870573870573873,374.5054945054945,-390.5250305250305,-15.042735042735044,0.0,16.214896214896214,-28.71794871794872,9.963369963369964,-14.261294261294262,0.0,-22.857142857142858,13.089133089133089,0.0,19.73137973137973,-2.93040293040293,-1.3675213675213675,-20.12210012210012,0.0,-55.28693528693529,47.081807081807085,-20.512820512820515,21.294261294261293,0.0,390.9157509157509,-358.0952380952381,-109.5970695970696,71.30647130647131,-20.512820512820515
-0.1953601953601953,327.2283272283272,-340.9035409035409,-24.02930402930403,0.0,-7.228327228327228,-21.68498168498169,8.4004884004884,-16.605616605616607,0.0,-26.764346764346765,10.744810744810744,0.0,28.32722832722833,-12.307692307692308,-6.056166056166056,-23.63858363858364,0.0,-47.081807081807085,23.247863247863247,-8.00976800976801,15.042735042735044,0.0,341.2942612942613,-301.44078144078145,-100.6105006105006,41.22100122100122,-8.00976800976801
-13.47985347985348,249.86568986568983,-240.4884004884005,-34.18803418803419,0.0,-22.857142857142858,-16.605616605616607,11.526251526251526,-8.791208791208792,0.0,-24.02930402930403,13.089133089133089,0.0,1.7582417582417582,5.274725274725275,-8.791208791208792,-27.155067155067155,0.0,-52.16117216117216,-3.711843711843712,20.12210012210012,4.493284493284493,0.0,240.87912087912088,-230.32967032967036,-89.67032967032966,17.77777777777778,20.12210012210012
-18.168498168498168,172.50305250305252,-189.6947496947497,-25.982905982905983,0.0,-14.261294261294262,-23.63858363858364,0.1953601953601953,-22.857142857142858,0.0,-25.982905982905983,5.274725274725275,0.0,-8.00976800976801,16.214896214896214,-13.089133089133089,-36.14163614163614,0.0,-59.975579975579976,-23.247863247863247,30.671550671550676,8.00976800976801,0.0,190.0854700854701,-153.35775335775335,-98.65689865689866,-0.9768009768009768,30.671550671550676
-20.903540903540904,532.3565323565324,-522.5885225885226,-33.40659340659341,0.0,-3.3211233211233213,-20.512820512820515,3.3211233211233213,-22.857142857142858,0.0,-22.466422466422465,7.228327228327228,0.0,-4.493284493284493,15.824175824175825,-6.056166056166056,-34.57875457875458,0.0,-75.21367521367522,-32.62515262515262,47.081807081807085,29.499389499389498,0.0,522.9792429792429,-512.039072039072,-105.2991452991453,-20.12210012210012,47.081807081807085
-18.168498168498168,651.1355311355311,-627.3015873015873,-16.996336996336996,0.0,5.274725274725275,-15.042735042735044,6.056166056166056,-7.619047619047619,0.0,-19.73137973137973,17.387057387057386,0.0,-24.81074481074481,27.936507936507937,4.493284493284493,-22.075702075702075,0.0,-96.31257631257633,-29.89010989010989,61.14774114774115,49.42612942612943,0.0,627.6923076923077,-621.8315018315018,-115.45787545787546,-28.32722832722833,61.14774114774115
-20.12210012210012,440.1465201465202,-433.8949938949939,-8.00976800976801,0.0,0.1953601953601953,-14.652014652014651,0.5860805860805861,-7.228327228327228,0.0,-25.982905982905983,22.466422466422465,0.0,-15.824175824175825,21.294261294261293,10.744810744810744,-15.824175824175825,0.0,-73.26007326007326,10.744810744810744,5.274725274725275,55.28693528693529,0.0,434.2857142857143,-405.37240537240535,-120.53724053724054,23.247863247863247,5.274725274725275
-16.605616605616607,626.910866910867,-617.1428571428571,-12.698412698412698,0.0,-5.665445665445666,-18.55921855921856,0.5860805860805861,4.493284493284493,0.0,-30.28083028083028,24.02930402930403,0.0,18.55921855921856,-1.7582417582417582,14.261294261294262,-13.089133089133089,0.0,-34.57875457875458,42.78388278388278,-43.95604395604396,51.77045177045177,0.0,617.5335775335775,-608.5470085470085,-102.17338217338218,74.43223443223444,-43.95604395604396
-6.446886446886447,709.7435897435897,-725.7631257631258,-2.148962148962149,0.0,-24.42002442002442,-10.354090354090356,0.1953601953601953,11.135531135531137,0.0,-29.499389499389498,18.168498168498168,0.0,22.466422466422465,-2.5396825396825395,8.791208791208792,-18.94993894993895,0.0,-34.57875457875458,29.499389499389498,-12.307692307692308,25.592185592185597,0.0,726.1538461538462,-702.3199023199023,-85.37240537240537,50.20757020757021,-12.307692307692308
0.9768009768009768,621.050061050061,-623.3943833943833,-40.04884004884005,0.0,-25.2014652014652,-16.605616605616607,-0.9768009768009768,2.93040293040293,0.0,-22.857142857142858,9.18192918192918,0.0,26.37362637362637,-2.5396825396825395,0.9768009768009768,-27.936507936507937,0.0,-46.3003663003663,27.545787545787547,4.102564102564102,8.791208791208792,0.0,623.7851037851037,-630.8180708180709,-68.96214896214896,34.969474969474966,4.102564102564102
7.228327228327228,739.8290598290598,-720.6837606837607,-54.5054945054945,0.0,-9.572649572649572,-18.55921855921856,-0.5860805860805861,0.9768009768009768,0.0,-8.791208791208792,4.102564102564102,0.0,25.592185592185597,3.3211233211233213,0.1953601953601953,-29.89010989010989,0.0,-55.28693528693529,42.002442002442,4.493284493284493,6.837606837606837,0.0,721.0744810744811,-753.894993894994,-72.86935286935287,49.81684981684982,4.493284493284493
-13.870573870573873,589.4017094017094,-583.9316239316239,-21.294261294261293,0.0,-20.512820512820515,-4.884004884004884,3.711843711843712,-7.228327228327228,0.0,6.056166056166056,4.102564102564102,0.0,18.168498168498168,22.857142857142858,2.148962148962149,-32.234432234432234,0.0,-49.03540903540904,18.55921855921856,41.22100122100122,-0.9768009768009768,0.0,584.3223443223443,-581.978021978022,-69.35286935286935,17.387057387057386,41.22100122100122
-26.764346764346765,800.7814407814408,-812.1123321123321,-8.791208791208792,0.0,-24.81074481074481,-7.619047619047619,3.711843711843712,-16.605616605616607,0.0,4.884004884004884,2.93040293040293,0.0,-4.493284493284493,20.12210012210012,2.93040293040293,-27.545787545787547,0.0,-53.724053724053725,39.65811965811966,7.228327228327228,-2.93040293040293,0.0,812.5030525030525,-768.3516483516484,-78.33943833943835,43.56532356532357,7.228327228327228
-47.472527472527474,722.6373626373627,-737.8754578754579,-3.3211233211233213,0.0,-34.57875457875458,-15.433455433455434,0.1953601953601953,-14.261294261294262,0.0,-5.665445665445666,0.5860805860805861,0.0,-16.996336996336996,9.963369963369964,0.1953601953601953,-20.512820512820515,0.0,-32.234432234432234,11.135531135531137,-16.605616605616607,8.00976800976801,0.0,738.2661782661783,-687.081807081807,-84.59096459096459,52.16117216117216,-16.605616605616607
-34.57875457875458,872.2832722832723,-884.3956043956044,-2.5396825396825395,0.0,-23.63858363858364,-19.73137973137973,1.3675213675213675,-6.446886446886447,0.0,-16.214896214896214,-1.7582417582417582,0.0,-10.744810744810744,-3.711843711843712,-4.493284493284493,-16.996336996336996,0.0,-29.499389499389498,-34.57875457875458,4.884004884004884,19.73137973137973,0.0,884.7863247863248,-837.1184371184371,-88.88888888888889,8.791208791208792,4.884004884004884
-9.18192918192918,551.5018315018315,-582.7594627594627,-15.433455433455434,0.0,-4.884004884004884,-34.969474969474966,-4.102564102564102,-11.526251526251526,0.0,-29.10866910866911,-9.572649572649572,0.0,-19.34065934065934,-15.042735042735044,-11.135531135531137,-20.903540903540904,0.0,-63.49206349206349,-31.843711843711844,-1.3675213675213675,26.764346764346765,0.0,583.1501831501831,-524.5421245421245,-105.2991452991453,-0.5860805860805861,-1.3675213675213675
-6.837606837606837,857.0451770451771,-847.6678876678876,-38.48595848595848,0.0,8.791208791208792,-43.56532356532357,-2.148962148962149,0.9768009768009768,0.0,-30.28083028083028,-6.056166056166056,0.0,-0.9768009768009768,-16.996336996336996,-10.354090354090356,-17.77777777777778,0.0,-75.995115995116,-13.47985347985348,5.665445665445666,33.7973137973138,0.0,848.058608058608,-841.8070818070818,-118.1929181929182,11.135531135531137,5.665445665445666
0.1953601953601953,699.5848595848596,-688.2539682539683,-32.234432234432234,0.0,21.68498168498169,-43.17460317460318,-2.5396825396825395,1.7582417582417582,0.0,-25.2014652014652,-0.5860805860805861,0.0,22.075702075702075,-16.996336996336996,-6.446886446886447,-19.34065934065934,0.0,-67.3992673992674,-8.00976800976801,18.168498168498168,33.40659340659341,0.0,688.6446886446887,-672.6251526251526,-126.7887667887668,6.837606837606837,18.168498168498168
22.466422466422465,725.7631257631258,-746.080586080586,-20.12210012210012,0.0,32.234432234432234,-42.39316239316239,-2.148962148962149,-4.493284493284493,0.0,-22.466422466422465,4.102564102564102,0.0,36.92307692307692,-9.572649572649572,1.3675213675213675,-18.94993894993895,0.0,-42.78388278388278,49.81684981684982,-13.870573870573873,14.652014652014651,0.0,746.4713064713064,-692.5518925518926,-128.35164835164835,53.333333333333336,-13.870573870573873
0.5860805860805861,669.1086691086691,-686.3003663003662,-18.168498168498168,0.0,4.884004884004884,-27.936507936507937,-4.102564102564102,-6.837606837606837,0.0,-21.68498168498169,8.791208791208792,0.0,30.671550671550676,-10.354090354090356,3.711843711843712,-15.824175824175825,0.0,-34.57875457875458,52.55189255189255,-20.903540903540904,9.18192918192918,0.0,686.6910866910866,-633.943833943834,-118.97435897435898,65.83638583638583,-20.903540903540904
-3.3211233211233213,746.080586080586,-762.4908424908425,-16.605616605616607,0.0,-14.652014652014651,-9.572649572649572,-3.711843711843712,-6.446886446886447,0.0,-16.214896214896214,11.526251526251526,0.0,-6.056166056166056,4.493284493284493,8.00976800976801,-12.698412698412698,0.0,-41.61172161172161,17.387057387057386,8.00976800976801,8.00976800976801,0.0,762.8815628815629,-719.9023199023198,-100.21978021978022,30.671550671550676,8.00976800976801
8.791208791208792,642.1489621489621,-672.2344322344322,-23.63858363858364,0.0,-31.062271062271066,6.837606837606837,-5.274725274725275,-13.47985347985348,0.0,-13.089133089133089,9.963369963369964,0.0,-32.234432234432234,15.433455433455434,9.963369963369964,-10.744810744810744,0.0,-55.28693528693529,8.791208791208792,16.996336996336996,9.18192918192918,0.0,672.6251526251526,-629.2551892551893,-99.43833943833944,20.512820512820515,16.996336996336996
-10.354090354090356,630.4273504273505,-638.2417582417582,-35.75091575091575,0.0,-67.78998778998779,25.982905982905983,-2.93040293040293,-8.791208791208792,0.0,-8.791208791208792,8.00976800976801,0.0,-62.31990231990232,17.387057387057386,7.228327228327228,-8.791208791208792,0.0,-90.06105006105007,7.619047619047619,9.18192918192918,24.02930402930403,0.0,638.6324786324786,-619.8778998778998,-96.7032967032967,12.307692307692308,9.18192918192918
-6.446886446886447,713.2600732600732,-712.0879120879121,-33.40659340659341,0.0,-35.75091575091575,9.963369963369964,-2.148962148962149,-11.135531135531137,0.0,-5.274725274725275,4.884004884004884,0.0,-31.45299145299145,11.916971916971915,4.884004884004884,-9.572649572649572,0.0,-71.6971916971917,-24.42002442002442,43.95604395604396,26.764346764346765,0.0,712.4786324786324,-694.5054945054945,-92.014652014652,-22.075702075702075,43.95604395604396
26.37362637362637,681.6117216117216,-689.0354090354091,-29.10866910866911,0.0,4.493284493284493,-4.102564102564102,-1.3675213675213675,-9.18192918192918,0.0,-12.698412698412698,3.3211233211233213,0.0,-4.102564102564102,17.77777777777778,3.711843711843712,-4.884004884004884,0.0,-53.333333333333336,-8.4004884004884,38.48595848595848,34.18803418803419,0.0,689.4261294261295,-651.5262515262515,-111.15995115995116,-16.996336996336996,38.48595848595848
36.92307692307692,630.0366300366301,-632.7716727716728,-44.737484737484735,0.0,28.71794871794872,-16.214896214896214,-2.5396825396825395,-19.34065934065934,0.0,-20.903540903540904,-0.1953601953601953,0.0,31.062271062271066,-6.446886446886447,0.9768009768009768,-9.572649572649572,0.0,-19.34065934065934,0.1953601953601953,-9.18192918192918,42.78388278388278,0.0,633.1623931623932,-597.6068376068376,-106.47130647130648,6.056166056166056,-9.18192918192918
20.12210012210012,615.9706959706959,-584.3223443223443,-33.40659340659341,0.0,27.155067155067155,-15.042735042735044,5.665445665445666,0.5860805860805861,0.0,-18.55921855921856,8.4004884004884,0.0,39.26739926739927,-5.665445665445666,7.228327228327228,-1.7582417582417582,0.0,-11.526251526251526,-20.12210012210012,19.34065934065934,49.42612942612943,0.0,584.7130647130647,-575.3357753357753,-117.8021978021978,0.1953601953601953,19.34065934065934
6.837606837606837,730.0610500610501,-701.9291819291819,-32.62515262515262,0.0,6.837606837606837,-6.446886446886447,4.884004884004884,-1.3675213675213675,0.0,-13.870573870573873,13.47985347985348,0.0,6.837606837606837,9.572649572649572,13.089133089133089,0.1953601953601953,0.0,-19.73137973137973,-9.18192918192918,7.228327228327228,50.5982905982906,0.0,702.3199023199023,-678.4859584859585,-132.64957264957266,23.63858363858364,7.228327228327228
-5.274725274725275,320.5860805860806,-297.5335775335776,-30.28083028083028,0.0,-24.02930402930403,12.698412698412698,4.493284493284493,-5.274725274725275,0.0,-4.493284493284493,16.605616605616607,0.0,-9.18192918192918,18.55921855921856,16.605616605616607,-10.354090354090356,0.0,-27.936507936507937,2.93040293040293,-4.884004884004884,43.56532356532357,0.0,297.92429792429795,-273.6996336996337,-126.7887667887668,39.65811965811966,-4.884004884004884
-11.526251526251526,621.050061050061,-606.984126984127,-21.68498168498169,0.0,-41.22100122100122,19.73137973137973,7.619047619047619,-6.056166056166056,0.0,11.135531135531137,16.996336996336996,0.0,7.228327228327228,22.075702075702075,16.996336996336996,-11.526251526251526,0.0,-29.499389499389498,-3.711843711843712,34.969474969474966,32.62515262515262,0.0,607.3748473748474,-569.4749694749695,-125.22588522588522,8.4004884004884,34.969474969474966
0.1953601953601953,583.9316239316239,-600.7326007326008,-7.619047619047619,0.0,-25.592185592185597,14.652014652014651,1.7582417582417582,-13.870573870573873,0.0,18.94993894993895,8.791208791208792,0.0,19.34065934065934,25.592185592185597,14.652014652014651,-14.261294261294262,0.0,-25.2014652014652,10.354090354090356,40.83028083028083,17.387057387057386,0.0,601.1233211233211,-540.1709401709402,-93.96825396825396,-4.102564102564102,40.83028083028083
46.3003663003663,555.4090354090354,-564.004884004884,-52.94261294261294,0.0,6.446886446886447,9.572649572649572,1.3675213675213675,-32.62515262515262,0.0,22.466422466422465,-4.493284493284493,0.0,22.857142857142858,22.857142857142858,10.354090354090356,-20.12210012210012,0.0,-27.155067155067155,72.08791208791209,-15.433455433455434,7.228327228327228,0.0,564.3956043956044,-530.7936507936508,-94.74969474969475,46.69108669108669,-15.433455433455434
58.41269841269841,360.43956043956047,-334.65201465201466,-50.989010989010985,0.0,20.512820512820515,15.042735042735044,0.9768009768009768,-4.493284493284493,0.0,24.81074481074481,-7.619047619047619,0.0,20.12210012210012,9.18192918192918,10.744810744810744,-8.00976800976801,0.0,-22.075702075702075,31.062271062271066,1.3675213675213675,19.73137973137973,0.0,335.04273504273505,-329.5726495726496,-102.56410256410255,16.996336996336996,1.3675213675213675
47.86324786324786,667.936507936508,-666.7643467643468,-36.92307692307692,0.0,24.81074481074481,6.837606837606837,-9.572649572649572,-9.572649572649572,0.0,11.135531135531137,-15.824175824175825,0.0,-6.056166056166056,8.00976800976801,7.619047619047619,-7.619047619047619,0.0,-22.857142857142858,28.32722832722833,-31.843711843711844,27.545787545787547,0.0,667.1550671550672,-629.6459096459097,-115.45787545787546,40.83028083028083,-31.843711843711844
47.472527472527474,430.3785103785104,-423.7362637362637,-43.95604395604396,0.0,30.671550671550676,2.5396825396825395,-13.870573870573873,-9.572649572649572,0.0,5.665445665445666,-15.433455433455434,0.0,-34.57875457875458,18.168498168498168,6.446886446886447,-16.996336996336996,0.0,-36.92307692307692,42.39316239316239,-66.22710622710623,33.40659340659341,0.0,424.12698412698415,-395.2136752136752,-126.007326007326,74.04151404151405,-66.22710622710623
22.857142857142858,526.4957264957264,-536.6544566544567,-27.155067155067155,0.0,5.274725274725275,3.711843711843712,-18.168498168498168,-5.665445665445666,0.0,3.711843711843712,-14.652014652014651,0.0,-12.307692307692308,7.228327228327228,6.837606837606837,-30.671550671550676,0.0,-30.28083028083028,-25.982905982905983,2.93040293040293,23.63858363858364,0.0,537.0451770451771,-480.7814407814408,-122.4908424908425,-0.9768009768009768,2.93040293040293
2.93040293040293,789.8412698412699,-838.6813186813187,-16.605616605616607,0.0,-9.18192918192918,-11.526251526251526,-23.247863247863247,-16.605616605616607,0.0,-2.5396825396825395,-16.605616605616607,0.0,-6.837606837606837,12.698412698412698,6.446886446886447,-36.92307692307692,0.0,-27.155067155067155,-42.002442002442,30.671550671550676,12.698412698412698,0.0,839.072039072039,-744.1269841269841,-101.3919413919414,-39.26739926739927,30.671550671550676
20.903540903540904,518.6813186813187,-546.8131868131868,-31.062271062271066,0.0,5.274725274725275,-10.744810744810744,-15.824175824175825,-15.433455433455434,0.0,3.3211233211233213,-11.135531135531137,0.0,12.307692307692308,15.824175824175825,11.135531135531137,-36.92307692307692,0.0,-18.168498168498168,-24.42002442002442,37.31379731379732,7.619047619047619,0.0,547.2039072039072,-481.953601953602,-97.87545787545788,-27.936507936507937,37.31379731379732
36.53235653235653,303.7851037851038,-287.76556776556777,-40.43956043956044,0.0,15.042735042735044,0.9768009768009768,-5.274725274725275,1.3675213675213675,0.0,16.214896214896214,-4.102564102564102,0.0,16.214896214896214,15.433455433455434,20.512820512820515,-29.10866910866911,0.0,-20.512820512820515,-38.87667887667888,75.6043956043956,6.446886446886447,0.0,288.15628815628816,-258.07081807081806,-101.3919413919414,-49.81684981684982,75.6043956043956
44.737484737484735,233.84615384615384,-251.42857142857144,-24.81074481074481,0.0,-0.9768009768009768,4.493284493284493,-6.837606837606837,4.493284493284493,0.0,18.94993894993895,-10.354090354090356,0.0,-17.387057387057386,16.605616605616607,20.512820512820515,-24.81074481074481,0.0,-40.04884004884005,-45.90964590964591,73.65079365079364,6.837606837606837,0.0,251.8192918192918,-189.3040293040293,-111.15995115995116,-56.06837606837607,73.65079365079364
29.10866910866911,-39.26739926739927,25.592185592185597,-42.002442002442,0.0,-30.671550671550676,10.744810744810744,-4.102564102564102,-0.9768009768009768,0.0,16.605616605616607,-11.916971916971915,0.0,-50.20757020757021,14.652014652014651,17.77777777777778,-25.982905982905983,0.0,-62.71062271062271,-13.47985347985348,31.062271062271066,0.9768009768009768,0.0,-25.2014652014652,63.49206349206349,-106.86202686202688,-5.274725274725275,31.062271062271066
3.711843711843712,-210.01221001221,237.75335775335776,-34.969474969474966,0.0,-49.81684981684982,18.55921855921856,3.3211233211233213,22.075702075702075,0.0,15.433455433455434,-6.837606837606837,0.0,-30.671550671550676,0.1953601953601953,18.55921855921856,-22.075702075702075,0.0,-53.333333333333336,67.3992673992674,-45.90964590964591,-2.93040293040293,0.0,-237.36263736263737,217.82661782661785,-56.45909645909646,73.65079365079364,-45.90964590964591
-25.2014652014652,213.91941391941396,-214.7008547008547,-11.135531135531137,0.0,-70.52503052503053,11.135531135531137,0.9768009768009768,20.12210012210012,0.0,4.102564102564102,-9.18192918192918,0.0,-33.7973137973138,11.135531135531137,15.824175824175825,-18.55921855921856,0.0,-37.31379731379732,66.61782661782662,-54.89621489621489,0.1953601953601953,0.0,215.0915750915751,-197.11843711843716,-43.95604395604396,69.74358974358974,-54.89621489621489
-23.247863247863247,118.1929181929182,-151.7948717948718,4.102564102564102,0.0,-50.5982905982906,0.5860805860805861,-9.572649572649572,6.837606837606837,0.0,-4.884004884004884,-10.744810744810744,0.0,-18.55921855921856,11.916971916971915,13.089133089133089,-17.387057387057386,0.0,-22.857142857142858,127.96092796092796,-123.27228327228327,7.228327228327228,0.0,152.18559218559218,-89.67032967032966,-69.35286935286935,147.1062271062271,-123.27228327228327
-16.214896214896214,35.36019536019536,-2.148962148962149,5.665445665445666,0.0,-16.605616605616607,4.493284493284493,6.837606837606837,25.592185592185597,0.0,-11.526251526251526,3.711843711843712,0.0,33.01587301587302,3.711843711843712,21.68498168498169,-1.7582417582417582,0.0,2.93040293040293,47.86324786324786,-23.247863247863247,28.71794871794872,0.0,2.5396825396825395,-3.711843711843712,-54.114774114774114,67.3992673992674,-23.247863247863247
-11.916971916971915,-0.1953601953601953,9.18192918192918,5.274725274725275,0.0,-18.94993894993895,-1.7582417582417582,9.572649572649572,11.916971916971915,0.0,-17.77777777777778,2.93040293040293,0.0,31.45299145299145,-1.7582417582417582,24.02930402930403,-4.493284493284493,0.0,-9.963369963369964,-76.77655677655677,104.51770451770452,31.062271062271066,0.0,-8.791208791208792,47.472527472527474,-79.51159951159951,-63.88278388278388,104.51770451770452
-15.824175824175825,240.87912087912088,-220.56166056166057,-25.982905982905983,0.0,-48.64468864468864,4.102564102564102,10.354090354090356,10.354090354090356,0.0,-16.214896214896214,2.93040293040293,0.0,-31.843711843711844,18.94993894993895,20.903540903540904,-9.963369963369964,0.0,-59.975579975579976,-66.61782661782662,104.12698412698413,19.73137973137973,0.0,220.95238095238096,-215.48229548229548,-93.57753357753356,-48.64468864468864,104.12698412698413
-18.94993894993895,62.71062271062271,-22.466422466422465,-43.17460317460318,0.0,-59.975579975579976,9.572649572649572,10.744810744810744,15.433455433455434,0.0,-17.77777777777778,2.5396825396825395,0.0,-34.18803418803419,2.5396825396825395,16.996336996336996,-12.698412698412698,0.0,-69.74358974358974,-82.63736263736264,115.45787545787546,8.4004884004884,0.0,22.857142857142858,-61.53846153846154,-65.44566544566544,-68.96214896214896,115.45787545787546
-4.493284493284493,280.3418803418804,-246.73992673992677,-24.02930402930403,0.0,-18.168498168498168,-4.884004884004884,3.3211233211233213,22.857142857142858,0.0,-13.870573870573873,-3.3211233211233213,0.0,-16.996336996336996,6.446886446886447,9.18192918192918,-7.228327228327228,0.0,-42.39316239316239,-2.5396825396825395,16.996336996336996,17.387057387057386,0.0,247.13064713064716,-272.13675213675214,-47.472527472527474,-5.274725274725275,16.996336996336996
15.042735042735044,57.24053724053724,-38.48595848595848,-20.12210012210012,0.0,23.247863247863247,-13.870573870573873,-11.916971916971915,15.824175824175825,0.0,-5.274725274725275,-16.605616605616607,0.0,-28.71794871794872,23.63858363858364,-0.1953601953601953,-5.274725274725275,0.0,-26.37362637362637,86.93528693528694,-103.34554334554336,31.843711843711844,0.0,38.87667887667888,-33.7973137973138,-58.8034188034188,90.45177045177046,-103.34554334554336
56.45909645909646,79.12087912087912,-65.44566544566544,-22.466422466422465,0.0,59.1941391941392,-19.34065934065934,-11.135531135531137,18.168498168498168,0.0,-2.5396825396825395,-20.12210012210012,0.0,52.55189255189255,-10.744810744810744,-2.93040293040293,-4.493284493284493,0.0,16.214896214896214,27.936507936507937,-60.757020757020754,48.64468864468864,0.0,65.83638583638583,-56.06837606837607,-69.35286935286935,36.14163614163614,-60.757020757020754
58.8034188034188,15.433455433455434,17.387057387057386,-27.936507936507937,0.0,59.1941391941392,-21.68498168498169,1.3675213675213675,23.63858363858364,0.0,-4.102564102564102,-15.042735042735044,0.0,88.88888888888889,-17.77777777777778,1.7582417582417582,8.00976800976801,0.0,33.7973137973138,40.43956043956044,-63.88278388278388,70.13431013431014,0.0,-16.996336996336996,13.47985347985348,-76.38583638583638,50.989010989010985,-63.88278388278388
36.92307692307692,65.05494505494505,-0.1953601953601953,-65.44566544566544,0.0,24.02930402930403,-21.68498168498169,7.228327228327228,24.42002442002442,0.0,-9.572649572649572,-8.791208791208792,0.0,61.92918192918193,-9.572649572649572,8.4004884004884,4.493284493284493,0.0,7.619047619047619,-5.274725274725275,17.387057387057386,45.12820512820513,0.0,0.5860805860805861,-36.53235653235653,-97.09401709401708,15.042735042735044,17.387057387057386
15.433455433455434,-166.64224664224665,244.7863247863248,-79.12087912087912,0.0,-9.963369963369964,-14.652014652014651,8.4004884004884,29.499389499389498,0.0,-14.652014652014651,-0.1953601953601953,0.0,30.28083028083028,-25.982905982905983,15.433455433455434,-1.7582417582417582,0.0,-42.39316239316239,57.63125763125763,-13.47985347985348,15.824175824175825,0.0,-244.3956043956044,169.37728937728937,-91.23321123321124,88.4981684981685,-13.47985347985348
-1.7582417582417582,-262.36874236874235,324.4932844932845,-47.081807081807085,0.0,-18.94993894993895,-4.493284493284493,13.089133089133089,22.075702075702075,0.0,-16.605616605616607,5.274725274725275,0.0,7.228327228327228,-4.493284493284493,18.94993894993895,-0.1953601953601953,0.0,-43.17460317460318,68.18070818070818,-16.996336996336996,13.089133089133089,0.0,-324.1025641025641,273.6996336996337,-86.15384615384616,95.53113553113552,-16.996336996336996
-5.274725274725275,44.346764346764346,0.1953601953601953,-27.545787545787547,0.0,16.605616605616607,-13.089133089133089,0.1953601953601953,4.884004884004884,0.0,-20.512820512820515,-4.884004884004884,0.0,-4.493284493284493,-4.102564102564102,15.042735042735044,-6.056166056166056,0.0,-48.25396825396825,-20.12210012210012,75.995115995116,-7.228327228327228,0.0,0.1953601953601953,-31.062271062271066,-61.14774114774115,-5.274725274725275,75.995115995116
11.916971916971915,67.00854700854701,-38.48595848595848,-18.94993894993895,0.0,42.39316239316239,-9.18192918192918,-4.493284493284493,-7.619047619047619,0.0,-15.433455433455434,-13.089133089133089,0.0,-1.7582417582417582,-12.307692307692308,11.526251526251526,-12.307692307692308,0.0,-45.12820512820513,21.294261294261293,28.71794871794872,-20.12210012210012,0.0,38.87667887667888,-43.56532356532357,-56.45909645909646,30.28083028083028,28.71794871794872
37.31379731379732,102.56410256410255,-83.02808302808303,-18.55921855921856,0.0,44.346764346764346,0.1953601953601953,3.3211233211233213,-10.744810744810744,0.0,-10.744810744810744,-14.261294261294262,0.0,50.20757020757021,-21.68498168498169,6.837606837606837,-16.214896214896214,0.0,-4.884004884004884,-59.975579975579976,103.73626373626374,-21.294261294261293,0.0,83.41880341880342,-76.38583638583638,-69.35286935286935,-47.472527472527474,103.73626373626374
38.48595848595848,-2.93040293040293,31.843711843711844,-15.042735042735044,0.0,43.95604395604396,-2.93040293040293,7.228327228327228,2.5396825396825395,0.0,-12.307692307692308,-10.744810744810744,0.0,58.8034188034188,-9.572649572649572,9.572649572649572,-10.354090354090356,0.0,0.1953601953601953,-9.572649572649572,83.41880341880342,-25.592185592185597,0.0,-31.45299145299145,25.2014652014652,-76.77655677655677,0.5860805860805861,83.41880341880342
20.903540903540904,241.2698412698413,-207.66788766788767,-21.68498168498169,0.0,20.903540903540904,-6.056166056166056,4.493284493284493,13.089133089133089,0.0,-10.354090354090356,-8.791208791208792,0.0,79.51159951159951,-11.135531135531137,10.354090354090356,-4.102564102564102,0.0,-0.1953601953601953,140.85470085470087,-59.975579975579976,-5.274725274725275,0.0,208.0586080586081,-213.52869352869357,-100.21978021978022,149.05982905982907,-59.975579975579976
26.37362637362637,-125.22588522588522,130.3052503052503,-16.214896214896214,0.0,8.4004884004884,-16.996336996336996,2.93040293040293,19.34065934065934,0.0,-11.916971916971915,-2.93040293040293,0.0,82.24664224664225,-1.7582417582417582,10.354090354090356,-0.9768009768009768,0.0,-9.18192918192918,2.93040293040293,67.3992673992674,29.10866910866911,0.0,-129.9145299145299,140.85470085470087,-132.25885225885227,14.261294261294262,67.3992673992674
24.02930402930403,-291.28205128205127,294.017094017094,-10.744810744810744,0.0,26.37362637362637,-35.36019536019536,3.711843711843712,18.55921855921856,0.0,-19.34065934065934,-1.3675213675213675,0.0,52.55189255189255,10.744810744810744,15.824175824175825,4.493284493284493,0.0,-28.71794871794872,99.43833943833944,-35.75091575091575,50.5982905982906,0.0,-293.6263736263736,311.990231990232,-136.16605616605617,110.37851037851038,-35.75091575091575
27.545787545787547,-207.66788766788767,215.0915750915751,-38.87667887667888,0.0,25.592185592185597,-31.45299145299145,4.884004884004884,-4.102564102564102,0.0,-22.857142857142858,-4.102564102564102,0.0,8.791208791208792,8.00976800976801,15.433455433455434,2.5396825396825395,0.0,-50.989010989010985,61.53846153846154,-42.39316239316239,69.35286935286935,0.0,-214.7008547008547,236.5811965811966,-122.1001221001221,67.3992673992674,-42.39316239316239
42.002442002442,-317.85103785103786,342.85714285714283,-44.346764346764346,0.0,27.155067155067155,-27.545787545787547,14.261294261294262,6.837606837606837,0.0,-20.512820512820515,-0.1953601953601953,0.0,-18.94993894993895,8.791208791208792,15.433455433455434,5.274725274725275,0.0,-59.975579975579976,-36.53235653235653,46.69108669108669,61.53846153846154,0.0,-342.46642246642244,343.2478632478632,-128.74236874236874,-13.870573870573873,46.69108669108669
35.75091575091575,-187.74114774114773,213.52869352869357,-34.18803418803419,0.0,15.042735042735044,-16.605616605616607,21.294261294261293,5.665445665445666,0.0,-22.075702075702075,-0.9768009768009768,0.0,-26.37362637362637,3.711843711843712,12.698412698412698,-0.5860805860805861,0.0,-56.84981684981685,39.26739926739927,-27.155067155067155,34.18803418803419,0.0,-213.13797313797315,204.54212454212453,-112.72283272283272,81.07448107448107,-27.155067155067155
11.916971916971915,-31.843711843711844,129.13308913308913,-73.26007326007326,0.0,-2.148962148962149,2.148962148962149,21.294261294261293,12.698412698412698,0.0,-13.47985347985348,-2.5396825396825395,0.0,33.40659340659341,-14.261294261294262,9.572649572649572,-4.493284493284493,0.0,-12.307692307692308,74.43223443223444,-59.1941391941392,20.512820512820515,0.0,-128.74236874236874,61.92918192918193,-67.3992673992674,89.67032967032966,-59.1941391941392
4.102564102564102,-184.6153846153846,222.12454212454213,-23.63858363858364,0.0,0.1953601953601953,-6.446886446886447,14.652014652014651,9.572649572649572,0.0,-5.665445665445666,-6.837606837606837,0.0,65.05494505494505,-5.274725274725275,4.884004884004884,-13.089133089133089,0.0,0.1953601953601953,-15.433455433455434,59.1941391941392,6.056166056166056,0.0,-221.7338217338217,210.4029304029304,-88.4981684981685,0.1953601953601953,59.1941391941392
10.744810744810744,-371.37973137973137,392.8693528693529,-7.619047619047619,0.0,22.857142857142858,-18.168498168498168,10.354090354090356,8.4004884004884,0.0,1.7582417582417582,-6.056166056166056,0.0,89.67032967032966,-4.884004884004884,12.307692307692308,-18.94993894993895,0.0,8.00976800976801,9.572649572649572,67.00854700854701,-7.619047619047619,0.0,-392.4786324786325,411.6239316239317,-117.8021978021978,29.499389499389498,67.00854700854701
19.34065934065934,-114.28571428571428,160.3907203907204,-35.75091575091575,0.0,23.247863247863247,-24.02930402930403,10.354090354090356,17.77777777777778,0.0,2.148962148962149,-3.711843711843712,0.0,68.96214896214896,-1.7582417582417582,23.247863247863247,-15.824175824175825,0.0,2.93040293040293,83.41880341880342,-18.55921855921856,5.665445665445666,0.0,-160.0,156.4835164835165,-106.08058608058607,96.31257631257633,-18.55921855921856
33.01587301587302,-222.9059829059829,222.5152625152625,-6.837606837606837,0.0,10.354090354090356,-25.592185592185597,13.47985347985348,25.2014652014652,0.0,8.00976800976801,0.1953601953601953,0.0,21.294261294261293,10.744810744810744,29.89010989010989,-3.711843711843712,0.0,-30.28083028083028,29.499389499389498,12.698412698412698,45.51892551892552,0.0,-222.12454212454213,248.6935286935287,-133.43101343101344,63.88278388278388,12.698412698412698
30.671550671550676,-369.4261294261294,368.25396825396825,-15.824175824175825,0.0,-8.4004884004884,-26.764346764346765,17.387057387057386,29.89010989010989,0.0,3.711843711843712,2.148962148962149,0.0,10.354090354090356,6.837606837606837,31.843711843711844,1.3675213675213675,0.0,-16.996336996336996,11.526251526251526,0.1953601953601953,56.84981684981685,0.0,-367.8632478632479,381.5384615384616,-117.4114774114774,59.975579975579976,0.1953601953601953
3.3211233211233213,-270.96459096459097,322.9304029304029,-40.43956043956044,0.0,-54.114774114774114,-5.274725274725275,28.71794871794872,43.56532356532357,0.0,-5.665445665445666,6.056166056166056,0.0,7.228327228327228,-3.711843711843712,26.764346764346765,0.9768009768009768,0.0,-3.711843711843712,69.74358974358974,-92.4053724053724,58.02197802197802,0.0,-322.53968253968253,275.65323565323564,-63.10134310134311,116.23931623931624,-92.4053724053724
-20.903540903540904,-121.31868131868131,139.68253968253967,-7.228327228327228,0.0,-55.28693528693529,-13.47985347985348,26.764346764346765,30.28083028083028,0.0,-10.354090354090356,0.9768009768009768,0.0,19.73137973137973,1.7582417582417582,16.605616605616607,-9.572649572649572,0.0,7.228327228327228,-11.135531135531137,-10.744810744810744,43.17460317460318,0.0,-139.29181929181928,130.6959706959707,-58.8034188034188,33.7973137973138,-10.744810744810744
-21.294261294261293,-165.0793650793651,176.4102564102564,7.619047619047619,0.0,-22.075702075702075,-24.42002442002442,24.02930402930403,18.55921855921856,0.0,-13.870573870573873,-1.7582417582417582,0.0,48.25396825396825,0.1953601953601953,11.135531135531137,-24.42002442002442,0.0,22.075702075702075,-39.26739926739927,61.53846153846154,-8.00976800976801,0.0,-176.01953601953602,203.76068376068372,-53.724053724053725,-20.903540903540904,61.53846153846154
-6.056166056166056,-417.8754578754578,431.5506715506716,0.1953601953601953,0.0,6.056166056166056,-27.545787545787547,16.605616605616607,10.744810744810744,0.0,-22.466422466422465,-4.493284493284493,0.0,47.86324786324786,-8.00976800976801,11.135531135531137,-30.28083028083028,0.0,-0.5860805860805861,56.45909645909646,-14.652014652014651,-19.73137973137973,0.0,-431.1599511599512,456.1660561660562,-75.21367521367522,78.73015873015873,-14.652014652014651
-7.228327228327228,-328.7912087912088,323.3211233211233,7.228327228327228,0.0,12.307692307692308,-31.843711843711844,9.963369963369964,0.9768009768009768,0.0,-25.592185592185597,-10.744810744810744,0.0,35.36019536019536,-15.433455433455434,10.354090354090356,-25.982905982905983,0.0,-30.671550671550676,27.936507936507937,4.102564102564102,2.93040293040293,0.0,-322.9304029304029,369.8168498168498,-95.92185592185592,49.42612942612943,4.102564102564102
-3.3211233211233213,-576.1172161172161,530.7936507936508,18.168498168498168,0.0,1.3675213675213675,-31.45299145299145,4.102564102564102,-5.665445665445666,0.0,-23.247863247863247,-13.870573870573873,0.0,27.155067155067155,-26.37362637362637,8.791208791208792,-22.075702075702075,0.0,-45.51892551892552,84.98168498168498,-69.74358974358974,17.77777777777778,0.0,-530.4029304029305,621.050061050061,-81.46520146520146,77.16727716727716,-69.74358974358974
-2.93040293040293,-331.13553113553115,302.22222222222223,-4.493284493284493,0.0,-25.592185592185597,-24.42002442002442,8.791208791208792,2.93040293040293,0.0,-25.2014652014652,-8.00976800976801,0.0,31.843711843711844,-28.71794871794872,8.00976800976801,-23.63858363858364,0.0,-36.92307692307692,42.39316239316239,-54.5054945054945,36.53235653235653,0.0,-301.83150183150184,365.12820512820514,-107.25274725274726,67.00854700854701,-54.5054945054945
-24.02930402930403,-488.2051282051282,508.9133089133089,-29.10866910866911,0.0,-49.03540903540904,-21.294261294261293,13.47985347985348,22.466422466422465,0.0,-24.81074481074481,-0.1953601953601953,0.0,15.824175824175825,-22.466422466422465,9.572649572649572,-20.512820512820515,0.0,-31.45299145299145,-15.042735042735044,-5.274725274725275,33.7973137973138,0.0,-508.5225885225885,528.058608058608,-73.26007326007326,-6.837606837606837,-5.274725274725275
-42.002442002442,-301.05006105006106,320.976800976801,-22.075702075702075,0.0,-66.22710622710623,-22.466422466422465,13.47985347985348,29.10866910866911,0.0,-25.592185592185597,3.3211233211233213,0.0,-1.7582417582417582,-10.354090354090356,11.916971916971915,-25.2014652014652,0.0,-40.04884004884005,-66.61782661782662,85.37240537240537,-4.493284493284493,0.0,-320.5860805860806,341.68498168498166,-61.14774114774115,-72.08791208791209,85.37240537240537
-31.45299145299145,-486.6422466422466,470.2319902319902,-6.446886446886447,0.0,-59.975579975579976,-15.824175824175825,8.791208791208792,10.744810744810744,0.0,-29.10866910866911,6.446886446886447,0.0,-16.605616605616607,-6.837606837606837,13.47985347985348,-21.68498168498169,0.0,-54.114774114774114,40.83028083028083,0.9768009768009768,-19.73137973137973,0.0,-469.8412698412698,501.4896214896215,-56.45909645909646,43.17460317460318,0.9768009768009768
-34.18803418803419,-263.5409035409035,255.72649572649573,7.619047619047619,0.0,-48.64468864468864,-0.9768009768009768,4.884004884004884,8.4004884004884,0.0,-27.545787545787547,8.4004884004884,0.0,-23.63858363858364,0.5860805860805861,11.916971916971915,-9.572649572649572,0.0,-53.333333333333336,19.34065934065934,18.168498168498168,-4.493284493284493,0.0,-255.3357753357753,271.74603174603175,-57.24053724053724,40.04884004884005,18.168498168498168
-29.89010989010989,-388.96214896214894,345.2014652014652,29.10866910866911,0.0,-57.63125763125763,9.18192918192918,7.619047619047619,-4.493284493284493,0.0,-24.02930402930403,5.274725274725275,0.0,-14.652014652014651,1.7582417582417582,8.4004884004884,-6.446886446886447,0.0,-45.12820512820513,54.5054945054945,-2.5396825396825395,-16.996336996336996,0.0,-344.81074481074484,404.2002442002442,-50.5982905982906,58.41269841269841,-2.5396825396825395
0.1953601953601953,-284.24908424908426,205.32356532356533,9.963369963369964,0.0,-53.333333333333336,8.00976800976801,1.7582417582417582,-24.81074481074481,0.0,-24.02930402930403,1.7582417582417582,0.0,40.04884004884005,-15.042735042735044,4.884004884004884,-15.824175824175825,0.0,-8.00976800976801,62.31990231990232,-24.42002442002442,-15.433455433455434,0.0,-204.93284493284492,299.4871794871795,-87.32600732600733,74.43223443223444,-24.42002442002442
8.791208791208792,-280.7326007326008,265.8852258852259,-35.75091575091575,0.0,-24.42002442002442,-2.93040293040293,-0.5860805860805861,-11.526251526251526,0.0,-24.42002442002442,2.5396825396825395,0.0,58.8034188034188,-20.903540903540904,4.102564102564102,-14.261294261294262,0.0,12.698412698412698,86.15384615384616,-70.52503052503053,-0.9768009768009768,0.0,-265.4945054945055,302.22222222222223,-86.15384615384616,103.73626373626374,-70.52503052503053
10.354090354090356,31.843711843711844,-48.64468864468864,-38.48595848595848,0.0,-22.466422466422465,-19.73137973137973,-0.5860805860805861,-0.9768009768009768,0.0,-34.57875457875458,0.5860805860805861,0.0,42.78388278388278,-27.545787545787547,3.711843711843712,-14.652014652014651,0.0,2.5396825396825395,-55.28693528693529,50.20757020757021,6.056166056166056,0.0,49.03540903540904,-7.619047619047619,-67.78998778998779,-58.41269841269841,50.20757020757021
-1.7582417582417582,-4.493284493284493,-23.247863247863247,-38.095238095238095,0.0,-12.307692307692308,-38.095238095238095,-16.214896214896214,-0.5860805860805861,0.0,-42.39316239316239,-1.7582417582417582,0.0,20.903540903540904,-33.7973137973138,6.446886446886447,-11.916971916971915,0.0,-13.47985347985348,-44.346764346764346,20.12210012210012,18.94993894993895,0.0,23.63858363858364,23.63858363858364,-50.20757020757021,-54.89621489621489,20.12210012210012
-18.168498168498168,-287.3748473748474,251.8192918192918,-16.214896214896214,0.0,-8.791208791208792,-42.002442002442,-25.592185592185597,6.446886446886447,0.0,-44.346764346764346,0.5860805860805861,0.0,-18.94993894993895,-32.234432234432234,11.135531135531137,-0.5860805860805861,0.0,-32.234432234432234,-22.075702075702075,-18.168498168498168,32.234432234432234,0.0,-251.42857142857144,295.57997557997555,-34.969474969474966,-14.261294261294262,-18.168498168498168
-26.37362637362637,-276.04395604395603,230.72039072039072,8.4004884004884,0.0,-20.12210012210012,-31.062271062271066,-22.075702075702075,9.963369963369964,0.0,-39.26739926739927,6.446886446886447,0.0,-42.78388278388278,-23.247863247863247,13.870573870573873,6.056166056166056,0.0,-34.57875457875458,-83.80952380952381,33.40659340659341,39.26739926739927,0.0,-230.32967032967036,281.12332112332115,-22.075702075702075,-65.83638583638583,33.40659340659341
-39.65811965811966,-249.08424908424908,182.27106227106228,19.34065934065934,0.0,-43.56532356532357,-21.294261294261293,-16.214896214896214,-4.102564102564102,0.0,-31.062271062271066,9.963369963369964,0.0,-38.48595848595848,-22.857142857142858,14.261294261294262,-3.3211233211233213,0.0,-23.247863247863247,27.936507936507937,-73.65079365079364,17.77777777777778,0.0,-181.8803418803419,256.8986568986569,-13.089133089133089,42.78388278388278,-73.65079365079364
-46.69108669108669,-245.958485958486,189.3040293040293,7.619047619047619,0.0,-56.45909645909646,-16.214896214896214,-4.884004884004884,-16.214896214896214,0.0,-24.42002442002442,12.307692307692308,0.0,-42.78388278388278,-22.075702075702075,13.870573870573873,-7.228327228327228,0.0,-9.963369963369964,0.9768009768009768,-52.16117216117216,2.5396825396825395,0.0,-188.91330891330887,271.35531135531136,-5.274725274725275,13.870573870573873,-52.16117216117216
-39.65811965811966,-426.0805860805861,378.4126984126984,16.214896214896214,0.0,-72.47863247863248,-8.791208791208792,17.77777777777778,-6.837606837606837,0.0,-20.12210012210012,20.512820512820515,0.0,-36.14163614163614,-18.94993894993895,14.652014652014651,-6.056166056166056,0.0,-9.572649572649572,-23.247863247863247,-17.77777777777778,2.93040293040293,0.0,-378.0219780219781,458.9010989010989,-8.4004884004884,-23.247863247863247,-17.77777777777778
-39.26739926739927,-367.0818070818071,304.9572649572649,24.81074481074481,0.0,-84.98168498168498,-13.870573870573873,31.843711843711844,-8.4004884004884,0.0,-20.12210012210012,20.12210012210012,0.0,-24.81074481074481,-24.81074481074481,13.47985347985348,-13.47985347985348,0.0,-8.4004884004884,22.857142857142858,-55.67765567765568,-8.00976800976801,0.0,-304.56654456654456,400.6837606837607,-12.307692307692308,19.34065934065934,-55.67765567765568
-45.51892551892552,-631.2087912087912,562.8327228327229,26.764346764346765,0.0,-86.15384615384616,-20.512820512820515,27.936507936507937,-7.619047619047619,0.0,-22.075702075702075,15.433455433455434,0.0,-24.81074481074481,-31.45299145299145,11.135531135531137,-9.18192918192918,0.0,-6.837606837606837,-27.936507936507937,-11.916971916971915,-7.619047619047619,0.0,-562.4420024420025,654.6520146520146,-3.711843711843712,-18.55921855921856,-11.916971916971915
-24.42002442002442,-383.4920634920635,291.28205128205127,32.62515262515262,0.0,-70.91575091575092,-30.28083028083028,13.47985347985348,4.102564102564102,0.0,-25.982905982905983,11.916971916971915,0.0,-31.062271062271066,-33.40659340659341,13.089133089133089,-2.5396825396825395,0.0,-9.572649572649572,-40.43956043956044,0.9768009768009768,-4.102564102564102,0.0,-290.8913308913309,389.3528693528693,-20.903540903540904,-18.168498168498168,0.9768009768009768
-22.857142857142858,-585.4945054945055,508.9133089133089,12.307692307692308,0.0,-56.45909645909646,-37.31379731379732,4.102564102564102,3.3211233211233213,0.0,-26.764346764346765,8.4004884004884,0.0,-33.7973137973138,-31.843711843711844,16.996336996336996,-3.711843711843712,0.0,-11.135531135531137,-67.78998778998779,24.42002442002442,1.3675213675213675,0.0,-508.5225885225885,587.8388278388278,-29.89010989010989,-47.472527472527474,24.42002442002442
-42.78388278388278,-396.3858363858364,330.7448107448108,5.274725274725275,0.0,-62.31990231990232,-42.39316239316239,-3.711843711843712,6.446886446886447,0.0,-29.89010989010989,7.619047619047619,0.0,-64.66422466422466,-29.499389499389498,20.12210012210012,-0.5860805860805861,0.0,-16.214896214896214,-41.61172161172161,-13.47985347985348,-2.93040293040293,0.0,-330.3540903540904,406.9352869352869,-4.884004884004884,-35.36019536019536,-13.47985347985348
-31.45299145299145,-525.3235653235653,466.3247863247863,9.18192918192918,0.0,-59.975579975579976,-37.31379731379732,2.93040293040293,13.089133089133089,0.0,-26.37362637362637,19.73137973137973,0.0,-84.2002442002442,-21.68498168498169,22.075702075702075,3.3211233211233213,0.0,-11.135531135531137,1.3675213675213675,-68.18070818070818,-1.7582417582417582,0.0,-465.9340659340659,540.1709401709402,21.294261294261293,-12.698412698412698,-68.18070818070818
-36.53235653235653,-457.72893772893775,420.6105006105006,13.47985347985348,0.0,-63.49206349206349,-29.89010989010989,20.512820512820515,12.698412698412698,0.0,-17.77777777777778,30.671550671550676,0.0,-71.30647130647131,-17.77777777777778,20.512820512820515,2.148962148962149,0.0,-16.996336996336996,-0.5860805860805861,-61.92918192918193,13.870573870573873,0.0,-420.2197802197802,490.94017094017096,5.274725274725275,-16.605616605616607,-61.92918192918193
-49.81684981684982,-523.7606837606837,464.3711843711844,24.81074481074481,0.0,-83.41880341880342,-25.982905982905983,20.512820512820515,4.884004884004884,0.0,-16.605616605616607,25.982905982905983,0.0,-76.38583638583638,-23.247863247863247,11.916971916971915,-2.93040293040293,0.0,-11.526251526251526,-7.619047619047619,-90.45177045177046,20.12210012210012,0.0,-463.980463980464,547.5946275946276,36.92307692307692,-16.214896214896214,-90.45177045177046
-37.31379731379732,-292.8449328449328,235.018315018315,13.870573870573873,0.0,-71.6971916971917,-23.63858363858364,14.652014652014651,-0.1953601953601953,0.0,-17.387057387057386,23.63858363858364,0.0,-67.00854700854701,-31.45299145299145,7.228327228327228,1.7582417582417582,0.0,-8.791208791208792,-19.34065934065934,-104.12698412698413,44.737484737484735,0.0,-234.62759462759465,292.45421245421244,44.346764346764346,-13.089133089133089,-104.12698412698413
-29.499389499389498,-316.2881562881563,281.12332112332115,-22.075702075702075,0.0,-64.66422466422466,-28.71794871794872,8.4004884004884,-1.7582417582417582,0.0,-21.68498168498169,18.55921855921856,0.0,-47.472527472527474,-36.53235653235653,4.884004884004884,-2.5396825396825395,0.0,-8.4004884004884,-95.92185592185592,-37.31379731379732,60.366300366300365,0.0,-280.7326007326008,316.2881562881563,4.884004884004884,-74.43223443223444,-37.31379731379732
-24.42002442002442,-163.5164835164835,119.75579975579976,-40.83028083028083,0.0,-74.82295482295483,-33.40659340659341,2.148962148962149,-3.3211233211233213,0.0,-30.671550671550676,9.572649572649572,0.0,-57.63125763125763,-38.095238095238095,9.963369963369964,-2.93040293040293,0.0,-19.34065934065934,-94.74969474969475,-24.81074481074481,50.989010989010985,0.0,-119.36507936507935,143.98046398046398,1.3675213675213675,-76.38583638583638,-24.81074481074481
-22.466422466422465,-116.23931623931624,79.9023199023199,-37.31379731379732,0.0,-67.78998778998779,-29.499389499389498,1.7582417582417582,-0.5860805860805861,0.0,-30.28083028083028,11.135531135531137,0.0,-77.55799755799755,-30.671550671550676,13.870573870573873,-7.619047619047619,0.0,-27.545787545787547,-32.234432234432234,-57.24053724053724,15.824175824175825,0.0,-79.51159951159951,90.06105006105007,18.55921855921856,-25.982905982905983,-57.24053724053724
-20.512820512820515,-251.8192918192918,196.33699633699635,-18.94993894993895,0.0,-60.757020757020754,-27.936507936507937,0.1953601953601953,-6.446886446886447,0.0,-24.02930402930403,8.4004884004884,0.0,-81.85592185592185,-20.12210012210012,14.652014652014651,-19.73137973137973,0.0,-31.843711843711844,-47.86324786324786,-13.089133089133089,-14.261294261294262,0.0,-195.94627594627596,254.16361416361417,-6.056166056166056,-50.20757020757021,-13.089133089133089
-29.89010989010989,-125.6166056166056,34.969474969474966,8.791208791208792,0.0,-66.22710622710623,-28.71794871794872,0.9768009768009768,-16.214896214896214,0.0,-16.996336996336996,3.3211233211233213,0.0,-91.23321123321124,-9.572649572649572,11.135531135531137,-28.32722832722833,0.0,-42.39316239316239,18.168498168498168,-68.18070818070818,-26.37362637362637,0.0,-34.57875457875458,140.85470085470087,-41.22100122100122,39.65811965811966,-68.18070818070818
-36.53235653235653,134.993894993895,-253.3821733821734,29.499389499389498,0.0,-69.35286935286935,-28.32722832722833,1.7582417582417582,-27.936507936507937,0.0,-13.870573870573873,3.711843711843712,0.0,-84.2002442002442,-7.228327228327228,3.711843711843712,-35.36019536019536,0.0,-22.857142857142858,-24.42002442002442,-47.081807081807085,-27.936507936507937,0.0,253.77289377289375,-122.4908424908425,-1.7582417582417582,-18.168498168498168,-47.081807081807085
-41.61172161172161,100.6105006105006,-204.54212454212453,29.89010989010989,0.0,-69.35286935286935,-22.466422466422465,7.619047619047619,-30.28083028083028,0.0,-9.572649572649572,7.619047619047619,0.0,-61.53846153846154,-7.228327228327228,1.7582417582417582,-29.89010989010989,0.0,-9.572649572649572,-20.512820512820515,-62.71062271062271,-6.056166056166056,0.0,204.93284493284492,-81.85592185592185,-2.148962148962149,-11.526251526251526,-62.71062271062271
-46.69108669108669,-129.13308913308913,45.51892551892552,13.47985347985348,0.0,-71.30647130647131,-20.12210012210012,9.572649572649572,-33.40659340659341,0.0,-7.619047619047619,5.665445665445666,0.0,-62.31990231990232,-5.665445665445666,2.148962148962149,-31.062271062271066,0.0,-22.857142857142858,-70.52503052503053,-4.884004884004884,1.7582417582417582,0.0,-45.12820512820513,142.02686202686203,-8.4004884004884,-55.28693528693529,-4.884004884004884
-47.472527472527474,-53.333333333333336,0.1953601953601953,-1.3675213675213675,0.0,-65.44566544566544,-14.261294261294262,11.916971916971915,-33.7973137973138,0.0,-2.5396825396825395,4.493284493284493,0.0,-65.44566544566544,0.1953601953601953,7.619047619047619,-29.499389499389498,0.0,-30.28083028083028,-67.00854700854701,15.824175824175825,-4.884004884004884,0.0,0.1953601953601953,67.78998778998779,0.1953601953601953,-63.88278388278388,15.824175824175825
-47.472527472527474,-261.5873015873016,229.93894993894995,-12.307692307692308,0.0,-59.975579975579976,-10.354090354090356,7.228327228327228,-27.545787545787547,0.0,0.1953601953601953,1.3675213675213675,0.0,-71.30647130647131,0.1953601953601953,11.526251526251526,-26.37362637362637,0.0,-26.37362637362637,-10.744810744810744,-40.04884004884005,-8.00976800976801,0.0,-229.5482295482296,261.1965811965812,32.234432234432234,-10.354090354090356,-40.04884004884005
-44.346764346764346,-89.67032967032966,26.764346764346765,-29.89010989010989,0.0,-75.21367521367522,-15.042735042735044,-4.493284493284493,-40.04884004884005,0.0,-4.102564102564102,-11.526251526251526,0.0,-87.71672771672772,-2.5396825396825395,4.884004884004884,-34.969474969474966,0.0,-37.31379731379732,64.66422466422466,-139.68253968253967,-7.619047619047619,0.0,-26.37362637362637,99.43833943833944,-14.652014652014651,93.57753357753356,-139.68253968253967
-25.2014652014652,-180.31746031746036,78.33943833943835,-3.711843711843712,0.0,-76.38583638583638,-16.214896214896214,-1.7582417582417582,-34.969474969474966,0.0,-5.274725274725275,-11.526251526251526,0.0,-73.26007326007326,2.5396825396825395,0.9768009768009768,-40.83028083028083,0.0,-15.824175824175825,39.65811965811966,-123.27228327228327,-10.744810744810744,0.0,-77.94871794871794,171.33089133089132,2.5396825396825395,63.49206349206349,-123.27228327228327
-18.55921855921856,-75.21367521367522,-61.14774114774115,11.526251526251526,0.0,-89.67032967032966,-22.075702075702075,0.1953601953601953,-29.499389499389498,0.0,-11.526251526251526,-7.619047619047619,0.0,-66.61782661782662,0.1953601953601953,-0.9768009768009768,-42.002442002442,0.0,-13.089133089133089,-68.18070818070818,-8.00976800976801,-20.12210012210012,0.0,61.53846153846154,56.06837606837607,21.294261294261293,-69.74358974358974,-8.00976800976801
-39.26739926739927,-143.5897435897436,-0.5860805860805861,38.87667887667888,0.0,-97.48473748473748,-20.12210012210012,0.9768009768009768,-25.982905982905983,0.0,-15.433455433455434,-2.93040293040293,0.0,-62.71062271062271,0.5860805860805861,-2.5396825396825395,-43.17460317460318,0.0,-20.903540903540904,-107.25274725274726,50.5982905982906,-30.671550671550676,0.0,0.9768009768009768,143.98046398046398,16.214896214896214,-108.42490842490842,50.5982905982906
-49.81684981684982,156.4835164835165,-252.991452991453,27.155067155067155,0.0,-86.54456654456655,-28.71794871794872,13.870573870573873,-15.824175824175825,0.0,-15.042735042735044,7.228327228327228,0.0,-56.45909645909646,2.148962148962149,2.5396825396825395,-36.92307692307692,0.0,-20.12210012210012,-112.33211233211232,81.46520146520146,-38.095238095238095,0.0,253.3821733821734,-156.87423687423689,38.095238095238095,-127.57020757020756,81.46520146520146
-55.67765567765568,342.07570207570205,-399.5115995115995,20.512820512820515,0.0,-78.73015873015873,-24.81074481074481,20.12210012210012,-7.228327228327228,0.0,-6.446886446886447,13.089133089133089,0.0,-40.43956043956044,1.7582417582417582,10.354090354090356,-27.545787545787547,0.0,-12.698412698412698,-52.55189255189255,54.5054945054945,-45.12820512820513,0.0,399.9023199023199,-333.0891330891331,25.2014652014652,-59.1941391941392,54.5054945054945
-67.00854700854701,149.45054945054946,-176.01953601953602,11.916971916971915,0.0,-62.31990231990232,-24.02930402930403,17.387057387057386,-10.744810744810744,0.0,-0.5860805860805861,9.572649572649572,0.0,-35.75091575091575,2.93040293040293,9.18192918192918,-22.466422466422465,0.0,-2.93040293040293,136.94749694749694,-150.62271062271063,-29.499389499389498,0.0,176.4102564102564,-137.33821733821733,32.234432234432234,150.62271062271063,-150.62271062271063
-45.12820512820513,99.82905982905984,-146.32478632478632,13.089133089133089,0.0,-36.14163614163614,-31.843711843711844,9.572649572649572,-18.168498168498168,0.0,4.102564102564102,-1.7582417582417582,0.0,-36.92307692307692,8.791208791208792,4.102564102564102,-29.10866910866911,0.0,-1.3675213675213675,45.51892551892552,-79.12087912087912,-17.387057387057386,0.0,146.7155067155067,-85.76312576312576,14.652014652014651,68.57142857142857,-79.12087912087912
-21.294261294261293,329.96336996337,-383.8827838827839,15.433455433455434,0.0,-24.42002442002442,-32.234432234432234,9.18192918192918,-9.572649572649572,0.0,6.446886446886447,-10.744810744810744,0.0,-42.39316239316239,15.042735042735044,1.7582417582417582,-32.62515262515262,0.0,-12.307692307692308,-31.062271062271066,-2.5396825396825395,-10.354090354090356,0.0,384.2735042735043,-316.6788766788767,10.744810744810744,-25.982905982905983,-2.5396825396825395
-30.28083028083028,240.0976800976801,-312.3809523809524,31.45299145299145,0.0,-35.75091575091575,-27.936507936507937,0.5860805860805861,-6.056166056166056,0.0,2.148962148962149,-15.042735042735044,0.0,-47.86324786324786,18.168498168498168,-2.148962148962149,-36.53235653235653,0.0,-21.68498168498169,-21.68498168498169,-19.34065934065934,-4.884004884004884,0.0,312.7716727716728,-225.64102564102564,34.969474969474966,-47.86324786324786,-19.34065934065934
-29.499389499389498,218.2173382173382,-295.57997557997555,34.57875457875458,0.0,-39.26739926739927,-24.81074481074481,-2.5396825396825395,-2.93040293040293,0.0,-2.5396825396825395,-11.526251526251526,0.0,-48.25396825396825,25.2014652014652,-2.93040293040293,-36.53235653235653,0.0,-22.075702075702075,-73.65079365079364,31.45299145299145,1.3675213675213675,0.0,295.97069597069594,-205.32356532356533,25.2014652014652,-92.7960927960928,31.45299145299145
-31.45299145299145,244.004884004884,-319.8046398046398,12.698412698412698,0.0,-72.47863247863248,-19.34065934065934,-5.665445665445666,4.884004884004884,0.0,-8.791208791208792,-9.963369963369964,0.0,-50.20757020757021,24.02930402930403,-4.884004884004884,-35.36019536019536,0.0,-12.307692307692308,-102.95482295482296,50.20757020757021,-1.7582417582417582,0.0,320.1953601953602,-262.75946275946274,18.168498168498168,-95.14041514041514,50.20757020757021
-53.724053724053725,538.998778998779,-590.5738705738705,14.652014652014651,0.0,-70.52503052503053,-16.605616605616607,-7.228327228327228,5.665445665445666,0.0,-12.698412698412698,-2.5396825396825395,0.0,-30.671550671550676,20.512820512820515,-2.148962148962149,-30.671550671550676,0.0,11.135531135531137,41.61172161172161,-96.7032967032967,-0.9768009768009768,0.0,590.9645909645909,-559.7069597069597,26.37362637362637,74.04151404151405,-96.7032967032967
-53.333333333333336,215.0915750915751,-260.8058608058608,20.12210012210012,0.0,-60.366300366300365,-20.512820512820515,-1.7582417582417582,5.274725274725275,0.0,-17.77777777777778,4.884004884004884,0.0,-18.168498168498168,10.744810744810744,-3.3211233211233213,-29.89010989010989,0.0,36.53235653235653,16.605616605616607,-95.14041514041514,0.1953601953601953,0.0,261.1965811965812,-236.5811965811966,42.002442002442,70.13431013431014,-95.14041514041514
-39.65811965811966,283.0769230769231,-311.5995115995116,-2.148962148962149,0.0,-58.8034188034188,-17.77777777777778,4.102564102564102,1.7582417582417582,0.0,-19.73137973137973,13.089133089133089,0.0,-25.982905982905983,5.274725274725275,2.93040293040293,-32.234432234432234,0.0,25.2014652014652,-26.37362637362637,-37.704517704517706,-11.916971916971915,0.0,311.990231990232,-297.5335775335776,43.56532356532357,8.4004884004884,-37.704517704517706
-19.73137973137973,202.1978021978022,-202.1978021978022,7.619047619047619,0.0,-31.843711843711844,-3.3211233211233213,20.12210012210012,1.7582417582417582,0.0,-8.791208791208792,29.499389499389498,0.0,-27.155067155067155,12.307692307692308,14.261294261294262,-23.247863247863247,0.0,5.665445665445666,52.94261294261294,-82.24664224664225,-0.1953601953601953,0.0,202.58852258852255,-198.6813186813187,45.12820512820513,52.94261294261294,-82.24664224664225
-11.916971916971915,83.80952380952381,-101.001221001221,23.63858363858364,0.0,-23.63858363858364,4.102564102564102,18.94993894993895,-4.493284493284493,0.0,-1.7582417582417582,30.28083028083028,0.0,-33.01587301587302,13.870573870573873,14.261294261294262,-25.592185592185597,0.0,4.884004884004884,79.51159951159951,-119.75579975579976,4.493284493284493,0.0,101.3919413919414,-83.02808302808303,68.96214896214896,62.71062271062271,-119.75579975579976
-8.791208791208792,156.0927960927961,-170.54945054945054,8.4004884004884,0.0,-9.572649572649572,13.089133089133089,4.493284493284493,-22.075702075702075,0.0,6.056166056166056,17.77777777777778,0.0,-41.22100122100122,29.10866910866911,9.572649572649572,-33.40659340659341,0.0,-8.4004884004884,3.3211233211233213,-26.764346764346765,-2.5396825396825395,0.0,170.94017094017093,-155.7020757020757,50.20757020757021,-4.884004884004884,-26.764346764346765
-9.18192918192918,397.1672771672772,-384.2735042735043,4.884004884004884,0.0,10.354090354090356,22.466422466422465,-0.5860805860805861,-24.02930402930403,0.0,17.387057387057386,2.93040293040293,0.0,-19.73137973137973,31.843711843711844,8.4004884004884,-30.671550671550676,0.0,5.274725274725275,-73.26007326007326,50.989010989010985,6.446886446886447,0.0,384.6642246642247,-382.3199023199023,18.55921855921856,-58.8034188034188,50.989010989010985
-33.01587301587302,124.83516483516485,-128.74236874236874,22.857142857142858,0.0,-0.1953601953601953,16.214896214896214,-10.354090354090356,-18.55921855921856,0.0,11.135531135531137,-6.837606837606837,0.0,-0.9768009768009768,11.916971916971915,5.274725274725275,-29.89010989010989,0.0,23.247863247863247,10.744810744810744,-50.5982905982906,2.5396825396825395,0.0,129.13308913308913,-119.75579975579976,31.843711843711844,45.90964590964591,-50.5982905982906
-34.57875457875458,-81.07448107448107,72.86935286935287,23.63858363858364,0.0,-8.4004884004884,14.261294261294262,-8.791208791208792,-14.652014652014651,0.0,4.102564102564102,-9.963369963369964,0.0,15.824175824175825,8.791208791208792,0.9768009768009768,-32.234432234432234,0.0,18.55921855921856,-5.665445665445666,-20.12210012210012,1.3675213675213675,0.0,-72.47863247863248,82.63736263736264,22.075702075702075,27.545787545787547,-20.12210012210012
-38.48595848595848,156.0927960927961,-172.11233211233213,27.936507936507937,0.0,-21.294261294261293,13.089133089133089,-4.102564102564102,-13.089133089133089,0.0,-0.5860805860805861,-9.18192918192918,0.0,15.824175824175825,2.5396825396825395,2.93040293040293,-37.31379731379732,0.0,5.665445665445666,-48.25396825396825,22.857142857142858,3.711843711843712,0.0,172.50305250305252,-143.98046398046398,-7.228327228327228,-4.102564102564102,22.857142857142858
-36.14163614163614,204.15140415140417,-219.38949938949935,23.63858363858364,0.0,-23.247863247863247,2.5396825396825395,0.5860805860805861,-6.056166056166056,0.0,-3.711843711843712,-6.056166056166056,0.0,8.00976800976801,-1.3675213675213675,4.884004884004884,-38.095238095238095,0.0,7.619047619047619,35.36019536019536,-68.96214896214896,-0.5860805860805861,0.0,219.78021978021977,-221.7338217338217,41.61172161172161,66.22710622710623,-68.96214896214896
-37.31379731379732,-9.572649572649572,11.526251526251526,11.526251526251526,0.0,-10.354090354090356,2.148962148962149,-4.493284493284493,-9.572649572649572,0.0,0.1953601953601953,-7.619047619047619,0.0,-3.3211233211233213,19.34065934065934,0.5860805860805861,-46.3003663003663,0.0,-13.089133089133089,14.652014652014651,-31.062271062271066,0.5860805860805861,0.0,-11.135531135531137,3.3211233211233213,18.94993894993895,39.65811965811966,-31.062271062271066
-40.83028083028083,61.53846153846154,-34.57875457875458,-6.837606837606837,0.0,-10.354090354090356,9.963369963369964,-3.3211233211233213,-16.605616605616607,0.0,8.791208791208792,-12.698412698412698,0.0,-18.55921855921856,26.764346764346765,1.7582417582417582,-39.26739926739927,0.0,-27.545787545787547,21.294261294261293,-29.89010989010989,6.446886446886447,0.0,34.969474969474966,-61.53846153846154,5.274725274725275,50.20757020757021,-29.89010989010989
-32.62515262515262,295.1892551892552,-276.8253968253968,9.572649572649572,0.0,-0.9768009768009768,14.652014652014651,-1.7582417582417582,-15.042735042735044,0.0,20.903540903540904,-22.466422466422465,0.0,-3.3211233211233213,23.63858363858364,-1.3675213675213675,-31.843711843711844,0.0,0.5860805860805861,1.7582417582417582,-23.63858363858364,8.00976800976801,0.0,277.2161172161172,-299.0964590964591,34.57875457875458,20.903540903540904,-23.63858363858364
-28.32722832722833,120.14652014652016,-130.3052503052503,12.307692307692308,0.0,-1.7582417582417582,8.00976800976801,-5.665445665445666,-25.982905982905983,0.0,25.982905982905983,-34.18803418803419,0.0,-5.274725274725275,18.168498168498168,-8.791208791208792,-27.936507936507937,0.0,-0.9768009768009768,20.903540903540904,-63.88278388278388,19.34065934065934,0.0,130.6959706959707,-112.33211233211232,21.68498168498169,30.28083028083028,-63.88278388278388
-29.89010989010989,-49.81684981684982,19.34065934065934,24.42002442002442,0.0,-11.526251526251526,8.00976800976801,-4.884004884004884,-26.37362637362637,0.0,26.37362637362637,-40.04884004884005,0.0,-17.387057387057386,17.387057387057386,-11.916971916971915,-21.294261294261293,0.0,-2.148962148962149,12.307692307692308,-69.74358974358974,24.81074481074481,0.0,-18.94993894993895,27.545787545787547,63.88278388278388,17.77777777777778,-69.74358974358974
-26.37362637362637,136.55677655677655,-194.3833943833944,29.89010989010989,0.0,-14.261294261294262,-4.102564102564102,-9.963369963369964,-23.247863247863247,0.0,14.261294261294262,-42.002442002442,0.0,-8.00976800976801,7.228327228327228,-13.089133089133089,-26.37362637362637,0.0,2.5396825396825395,-17.387057387057386,-45.51892551892552,17.77777777777778,0.0,194.7741147741148,-138.5103785103785,4.102564102564102,9.963369963369964,-45.51892551892552
-27.936507936507937,399.5115995115995,-429.2063492063492,11.526251526251526,0.0,0.9768009768009768,-10.354090354090356,-15.042735042735044,-19.73137973137973,0.0,1.3675213675213675,-35.36019536019536,0.0,8.00976800976801,15.433455433455434,-11.526251526251526,-34.969474969474966,0.0,-15.042735042735044,15.042735042735044,-33.7973137973138,9.18192918192918,0.0,429.5970695970696,-419.04761904761904,10.744810744810744,29.89010989010989,-33.7973137973138
-15.433455433455434,115.06715506715508,-99.82905982905984,4.102564102564102,0.0,20.12210012210012,-1.7582417582417582,-11.526251526251526,-1.7582417582417582,0.0,-3.711843711843712,-16.214896214896214,0.0,23.247863247863247,25.592185592185597,-4.884004884004884,-31.45299145299145,0.0,-18.94993894993895,44.737484737484735,-19.34065934065934,4.493284493284493,0.0,100.21978021978022,-139.29181929181928,-6.837606837606837,74.82295482295483,-19.34065934065934
-11.916971916971915,134.21245421245422,-143.1990231990232,25.982905982905983,0.0,23.247863247863247,0.9768009768009768,-11.526251526251526,-6.837606837606837,0.0,-8.791208791208792,-10.744810744810744,0.0,30.671550671550676,21.294261294261293,0.1953601953601953,-34.57875457875458,0.0,-8.791208791208792,34.57875457875458,1.7582417582417582,-10.744810744810744,0.0,143.5897435897436,-131.4774114774115,-19.73137973137973,64.27350427350427,1.7582417582417582
-18.94993894993895,164.6886446886447,-147.1062271062271,17.77777777777778,0.0,25.982905982905983,2.93040293040293,-6.056166056166056,-6.056166056166056,0.0,-1.7582417582417582,-6.056166056166056,0.0,27.936507936507937,18.94993894993895,2.148962148962149,-23.63858363858364,0.0,2.5396825396825395,43.95604395604396,-16.214896214896214,-4.102564102564102,0.0,147.49694749694748,-172.50305250305252,35.36019536019536,55.28693528693529,-16.214896214896214
-20.12210012210012,1.3675213675213675,-27.155067155067155,30.28083028083028,0.0,4.493284493284493,-0.5860805860805861,-6.446886446886447,-11.916971916971915,0.0,-1.7582417582417582,-8.4004884004884,0.0,7.228327228327228,11.135531135531137,0.1953601953601953,-9.963369963369964,0.0,10.744810744810744,8.4004884004884,-13.47985347985348,3.3211233211233213,0.0,27.545787545787547,-19.73137973137973,45.12820512820513,25.982905982905983,-13.47985347985348
-32.234432234432234,72.08791208791209,-99.82905982905984,22.857142857142858,0.0,-0.9768009768009768,-6.446886446886447,-8.4004884004884,-18.55921855921856,0.0,-1.3675213675213675,-13.47985347985348,0.0,16.996336996336996,1.7582417582417582,-3.3211233211233213,-2.148962148962149,0.0,25.2014652014652,-31.45299145299145,7.619047619047619,10.744810744810744,0.0,100.21978021978022,-81.46520146520146,40.83028083028083,-20.512820512820515,7.619047619047619
-50.20757020757021,343.6385836385836,-347.1550671550672,9.963369963369964,0.0,-18.168498168498168,-6.446886446886447,-9.18192918192918,-8.4004884004884,0.0,-3.3211233211233213,-19.73137973137973,0.0,31.843711843711844,-18.94993894993895,-6.446886446886447,0.5860805860805861,0.0,16.605616605616607,8.4004884004884,-34.57875457875458,15.824175824175825,0.0,347.5457875457876,-343.2478632478632,18.168498168498168,17.77777777777778,-34.57875457875458
-26.37362637362637,33.7973137973138,-56.45909645909646,14.652014652014651,0.0,4.102564102564102,-14.261294261294262,-15.042735042735044,-6.056166056166056,0.0,-8.4004884004884,-24.42002442002442,0.0,27.155067155067155,-21.294261294261293,-8.4004884004884,0.1953601953601953,0.0,7.619047619047619,-22.075702075702075,-5.665445665445666,16.605616605616607,0.0,56.84981684981685,-18.94993894993895,-13.089133089133089,-8.791208791208792,-5.665445665445666
-16.214896214896214,-140.0732600732601,153.35775335775335,12.307692307692308,0.0,29.499389499389498,-11.916971916971915,-11.526251526251526,4.493284493284493,0.0,-6.056166056166056,-22.466422466422465,0.0,34.57875457875458,-15.042735042735044,-5.274725274725275,-0.5860805860805861,0.0,8.4004884004884,52.16117216117216,-61.14774114774115,11.526251526251526,0.0,-152.96703296703296,165.0793650793651,-25.2014652014652,74.82295482295483,-61.14774114774115
-16.605616605616607,126.7887667887668,-120.53724053724054,20.512820512820515,0.0,31.45299145299145,-15.433455433455434,-15.042735042735044,9.572649572649572,0.0,-9.963369963369964,-25.2014652014652,0.0,8.4004884004884,-18.168498168498168,-6.446886446886447,-6.056166056166056,0.0,-10.354090354090356,57.24053724053724,-72.86935286935287,2.148962148962149,0.0,120.92796092796092,-106.47130647130648,16.996336996336996,63.49206349206349,-72.86935286935287
4.493284493284493,130.6959706959707,-133.04029304029305,18.55921855921856,0.0,42.002442002442,-12.698412698412698,-15.433455433455434,8.00976800976801,0.0,-13.089133089133089,-22.466422466422465,0.0,-9.572649572649572,-0.5860805860805861,-4.493284493284493,-0.9768009768009768,0.0,-9.18192918192918,52.94261294261294,-66.22710622710623,4.884004884004884,0.0,133.43101343101344,-135.3846153846154,38.87667887667888,59.1941391941392,-66.22710622710623
-2.5396825396825395,-126.7887667887668,141.63614163614164,-3.3211233211233213,0.0,40.04884004884005,-14.652014652014651,-17.387057387057386,0.5860805860805861,0.0,-20.903540903540904,-22.857142857142858,0.0,4.884004884004884,-7.619047619047619,-5.665445665445666,-4.102564102564102,0.0,-3.711843711843712,3.3211233211233213,-8.791208791208792,-4.493284493284493,0.0,-141.24542124542126,101.001221001221,63.88278388278388,8.791208791208792,-8.791208791208792
-6.837606837606837,56.06837606837607,-14.261294261294262,-22.075702075702075,0.0,37.31379731379732,-7.619047619047619,-14.261294261294262,-2.148962148962149,0.0,-21.294261294261293,-22.075702075702075,0.0,16.605616605616607,-15.824175824175825,-2.148962148962149,-2.148962148962149,0.0,-13.089133089133089,-2.148962148962149,15.824175824175825,-4.493284493284493,0.0,14.652014652014651,-61.53846153846154,34.18803418803419,-4.884004884004884,15.824175824175825
6.446886446886447,303.3943833943834,-292.8449328449328,0.5860805860805861,0.0,29.10866910866911,4.102564102564102,-9.572649572649572,-4.493284493284493,0.0,-17.77777777777778,-17.77777777777778,0.0,24.81074481074481,-15.433455433455434,2.5396825396825395,8.00976800976801,0.0,-18.94993894993895,-18.94993894993895,49.03540903540904,9.572649572649572,0.0,293.2356532356532,-313.1623931623932,15.042735042735044,-31.843711843711844,49.03540903540904
4.884004884004884,152.96703296703296,-152.18559218559218,-2.148962148962149,0.0,22.466422466422465,3.3211233211233213,-8.4004884004884,-12.307692307692308,0.0,-18.55921855921856,-13.870573870573873,0.0,39.26739926739927,-25.982905982905983,4.102564102564102,5.665445665445666,0.0,-9.572649572649572,38.095238095238095,-15.433455433455434,11.135531135531137,0.0,152.57631257631255,-144.37118437118437,-29.499389499389498,34.969474969474966,-15.433455433455434
-15.433455433455434,256.5079365079365,-263.9316239316239,9.572649572649572,0.0,-4.884004884004884,7.619047619047619,-4.493284493284493,-9.572649572649572,0.0,-19.73137973137973,-6.446886446886447,0.0,16.605616605616607,-12.698412698412698,5.665445665445666,1.3675213675213675,0.0,-6.056166056166056,70.91575091575092,-64.66422466422466,11.916971916971915,0.0,264.32234432234435,-254.94505494505492,-2.5396825396825395,58.8034188034188,-64.66422466422466
-29.10866910866911,233.06471306471303,-251.8192918192918,17.387057387057386,0.0,-18.168498168498168,4.884004884004884,-3.711843711843712,-10.354090354090356,0.0,-19.34065934065934,-2.93040293040293,0.0,2.148962148962149,-6.446886446886447,5.274725274725275,-4.102564102564102,0.0,5.274725274725275,34.18803418803419,-55.67765567765568,12.698412698412698,0.0,252.21001221001225,-244.7863247863248,25.982905982905983,29.10866910866911,-55.67765567765568
-31.843711843711844,451.47741147741147,-463.5897435897436,1.3675213675213675,0.0,-6.056166056166056,-13.089133089133089,-8.4004884004884,-12.307692307692308,0.0,-17.387057387057386,-3.711843711843712,0.0,-0.5860805860805861,-11.526251526251526,6.837606837606837,-13.089133089133089,0.0,10.354090354090356,-0.5860805860805861,-33.40659340659341,4.102564102564102,0.0,463.980463980464,-465.5433455433456,16.605616605616607,9.18192918192918,-33.40659340659341
-10.354090354090356,197.8998778998779,-203.76068376068372,-0.1953601953601953,0.0,22.075702075702075,-21.294261294261293,-2.93040293040293,-12.698412698412698,0.0,-13.870573870573873,-5.274725274725275,0.0,3.3211233211233213,-13.089133089133089,9.572649572649572,-12.307692307692308,0.0,6.056166056166056,-29.499389499389498,11.135531135531137,-1.3675213675213675,0.0,204.15140415140417,-202.97924297924297,0.9768009768009768,-17.387057387057386,11.135531135531137
0.5860805860805861,460.4639804639805,-459.6825396825397,14.652014652014651,0.0,44.737484737484735,-12.698412698412698,-1.3675213675213675,-12.307692307692308,0.0,-6.446886446886447,-7.619047619047619,0.0,20.12210012210012,-18.168498168498168,15.433455433455434,-6.056166056166056,0.0,-6.446886446886447,-44.346764346764346,65.05494505494505,-2.93040293040293,0.0,460.0732600732601,-460.0732600732601,4.884004884004884,-51.37973137973138,65.05494505494505
5.665445665445666,221.34310134310132,-212.7472527472528,15.433455433455434,0.0,43.56532356532357,-0.5860805860805861,0.5860805860805861,-12.307692307692308,0.0,1.3675213675213675,-5.665445665445666,0.0,33.7973137973138,-18.94993894993895,18.94993894993895,1.3675213675213675,0.0,-13.870573870573873,49.03540903540904,4.493284493284493,-3.3211233211233213,0.0,213.13797313797315,-217.43589743589743,-0.9768009768009768,23.247863247863247,4.493284493284493
-0.9768009768009768,233.45543345543345,-242.8327228327228,15.042735042735044,0.0,8.00976800976801,10.744810744810744,2.148962148962149,-16.605616605616607,0.0,2.5396825396825395,-6.056166056166056,0.0,14.261294261294262,-20.903540903540904,11.526251526251526,2.93040293040293,0.0,-22.857142857142858,84.2002442002442,-69.74358974358974,16.605616605616607,0.0,243.2234432234432,-246.73992673992677,4.884004884004884,68.57142857142857,-69.74358974358974
-25.592185592185597,128.35164835164835,-111.55067155067157,9.18192918192918,0.0,-2.148962148962149,18.168498168498168,0.1953601953601953,-15.042735042735044,0.0,6.056166056166056,-6.446886446886447,0.0,3.3211233211233213,-11.135531135531137,7.228327228327228,2.93040293040293,0.0,-26.764346764346765,61.92918192918193,-57.63125763125763,25.592185592185597,0.0,111.94139194139194,-148.66910866910868,20.903540903540904,56.84981684981685,-57.63125763125763
-38.48595848595848,251.03785103785103,-211.96581196581195,-15.042735042735044,0.0,-4.493284493284493,5.274725274725275,-4.884004884004884,-9.18192918192918,0.0,5.274725274725275,-13.870573870573873,0.0,-6.837606837606837,-15.042735042735044,1.3675213675213675,-6.056166056166056,0.0,-22.075702075702075,22.857142857142858,-49.03540903540904,20.12210012210012,0.0,212.3565323565324,-274.87179487179486,40.04884004884005,22.075702075702075,-49.03540903540904
-19.34065934065934,-18.94993894993895,34.969474969474966,-4.102564102564102,0.0,19.34065934065934,-6.446886446886447,-8.4004884004884,-11.135531135531137,0.0,4.884004884004884,-18.94993894993895,0.0,-9.18192918192918,-14.652014652014651,-1.7582417582417582,-9.963369963369964,0.0,-10.744810744810744,-52.94261294261294,4.884004884004884,20.903540903540904,0.0,-34.57875457875458,9.572649572649572,22.466422466422465,-37.704517704517706,4.884004884004884
-13.089133089133089,-170.94017094017093,210.01221001221,10.744810744810744,0.0,60.366300366300365,-10.744810744810744,-6.446886446886447,-4.884004884004884,0.0,3.3211233211233213,-14.261294261294262,0.0,23.63858363858364,-9.572649572649572,2.93040293040293,-9.18192918192918,0.0,15.824175824175825,-38.87667887667888,21.294261294261293,9.18192918192918,0.0,-209.6214896214896,156.87423687423689,66.22710622710623,-32.62515262515262,21.294261294261293
-16.214896214896214,133.82173382173383,-59.58485958485959,15.433455433455434,0.0,75.995115995116,-5.274725274725275,-0.1953601953601953,3.711843711843712,0.0,2.93040293040293,-8.00976800976801,0.0,39.65811965811966,-10.744810744810744,8.4004884004884,-6.446886446886447,0.0,36.92307692307692,-6.837606837606837,1.3675213675213675,-1.3675213675213675,0.0,59.975579975579976,-146.7155067155067,129.13308913308913,-18.94993894993895,1.3675213675213675
5.274725274725275,134.993894993895,-58.41269841269841,9.18192918192918,0.0,78.73015873015873,1.7582417582417582,6.056166056166056,4.102564102564102,0.0,12.698412698412698,-2.148962148962149,0.0,42.78388278388278,-1.7582417582417582,13.870573870573873,-0.5860805860805861,0.0,38.87667887667888,-2.148962148962149,14.652014652014651,2.148962148962149,0.0,58.8034188034188,-131.86813186813183,84.59096459096459,-1.3675213675213675,14.652014652014651
2.5396825396825395,-99.04761904761904,212.3565323565324,-6.056166056166056,0.0,60.366300366300365,15.042735042735044,22.466422466422465,10.354090354090356,0.0,20.512820512820515,8.00976800976801,0.0,33.40659340659341,6.056166056166056,17.77777777777778,1.3675213675213675,0.0,38.48595848595848,50.989010989010985,-42.78388278388278,11.916971916971915,0.0,-211.96581196581195,82.24664224664225,97.87545787545788,70.13431013431014,-42.78388278388278
0.1953601953601953,58.41269841269841,78.73015873015873,-18.168498168498168,0.0,59.1941391941392,17.387057387057386,31.45299145299145,9.572649572649572,0.0,24.02930402930403,8.00976800976801,0.0,23.247863247863247,20.512820512820515,13.870573870573873,0.9768009768009768,0.0,27.155067155067155,25.592185592185597,-1.7582417582417582,8.00976800976801,0.0,-78.33943833943835,-72.08791208791209,93.18681318681318,43.56532356532357,-1.7582417582417582
4.884004884004884,321.7582417582417,-220.95238095238096,-4.102564102564102,0.0,65.05494505494505,10.744810744810744,26.37362637362637,-0.1953601953601953,0.0,23.63858363858364,-0.5860805860805861,0.0,31.843711843711844,17.387057387057386,5.665445665445666,-1.3675213675213675,0.0,29.89010989010989,-54.89621489621489,70.52503052503053,8.4004884004884,0.0,221.34310134310132,-332.3076923076923,88.88888888888889,-52.16117216117216,70.52503052503053
-3.711843711843712,72.08791208791209,26.764346764346765,8.00976800976801,0.0,63.10134310134311,17.77777777777778,22.466422466422465,-0.9768009768009768,0.0,25.982905982905983,-1.7582417582417582,0.0,50.989010989010985,18.55921855921856,0.9768009768009768,-3.3211233211233213,0.0,50.5982905982906,49.03540903540904,-44.737484737484735,12.307692307692308,0.0,-26.37362637362637,-84.98168498168498,122.1001221001221,32.62515262515262,-44.737484737484735
-18.94993894993895,-34.18803418803419,152.57631257631255,11.135531135531137,0.0,69.74358974358974,22.466422466422465,16.214896214896214,0.9768009768009768,0.0,28.71794871794872,-5.274725274725275,0.0,59.58485958485959,23.63858363858364,-0.5860805860805861,-9.18192918192918,0.0,72.47863247863248,31.062271062271066,-40.83028083028083,10.744810744810744,0.0,-152.18559218559218,24.81074481074481,136.55677655677655,29.499389499389498,-40.83028083028083
-9.963369963369964,47.081807081807085,48.64468864468864,15.824175824175825,0.0,68.18070818070818,17.77777777777778,7.619047619047619,6.837606837606837,0.0,29.89010989010989,-8.4004884004884,0.0,56.45909645909646,21.294261294261293,1.7582417582417582,-7.619047619047619,0.0,81.46520146520146,-29.499389499389498,-0.5860805860805861,21.294261294261293,0.0,-48.25396825396825,-43.17460317460318,98.26617826617829,-9.963369963369964,-0.5860805860805861
-15.433455433455434,-65.44566544566544,144.37118437118437,7.619047619047619,0.0,32.234432234432234,21.294261294261293,6.446886446886447,9.18192918192918,0.0,31.45299145299145,-4.493284493284493,0.0,26.764346764346765,25.982905982905983,8.791208791208792,-10.744810744810744,0.0,81.07448107448107,36.92307692307692,-89.67032967032966,21.68498168498169,0.0,-143.98046398046398,44.737484737484735,107.25274725274726,76.38583638583638,-89.67032967032966
-11.916971916971915,-16.605616605616607,116.63003663003664,-8.4004884004884,0.0,28.32722832722833,25.2014652014652,9.18192918192918,13.870573870573873,0.0,38.48595848595848,3.711843711843712,0.0,-13.47985347985348,50.20757020757021,17.387057387057386,-11.526251526251526,0.0,66.22710622710623,-6.446886446886447,-34.18803418803419,16.214896214896214,0.0,-116.23931623931624,11.526251526251526,59.58485958485959,67.78998778998779,-34.18803418803419
-14.261294261294262,-26.37362637362637,97.87545787545788,12.698412698412698,0.0,28.71794871794872,18.55921855921856,7.619047619047619,11.916971916971915,0.0,36.92307692307692,8.4004884004884,0.0,-8.791208791208792,48.25396825396825,18.94993894993895,-15.042735042735044,0.0,45.12820512820513,-45.51892551892552,44.737484737484735,-0.5860805860805861,0.0,-97.48473748473748,24.81074481074481,85.76312576312576,-17.77777777777778,44.737484737484735
-21.294261294261293,-137.72893772893772,174.84737484737485,29.89010989010989,0.0,38.48595848595848,7.228327228327228,3.711843711843712,-4.884004884004884,0.0,27.936507936507937,9.18192918192918,0.0,13.47985347985348,37.704517704517706,16.214896214896214,-20.512820512820515,0.0,41.22100122100122,-0.1953601953601953,25.2014652014652,-18.55921855921856,0.0,-174.45665445665446,128.74236874236874,120.14652014652016,-12.307692307692308,25.2014652014652
-21.294261294261293,-274.4810744810745,354.1880341880342,27.545787545787547,0.0,57.24053724053724,12.698412698412698,13.47985347985348,0.1953601953601953,0.0,25.982905982905983,18.168498168498168,0.0,39.26739926739927,40.43956043956044,15.042735042735044,-20.512820512820515,0.0,50.5982905982906,48.25396825396825,0.1953601953601953,-23.247863247863247,0.0,-353.7973137973138,279.16971916971914,108.8156288156288,31.843711843711844,0.1953601953601953
-13.47985347985348,179.53601953601952,-99.43833943833944,29.10866910866911,0.0,59.975579975579976,22.466422466422465,15.042735042735044,-2.93040293040293,0.0,27.936507936507937,18.94993894993895,0.0,58.02197802197802,26.764346764346765,16.605616605616607,-17.387057387057386,0.0,47.081807081807085,-20.903540903540904,63.49206349206349,-4.493284493284493,0.0,99.82905982905984,-182.66178266178267,100.6105006105006,-38.87667887667888,63.49206349206349
-2.93040293040293,54.114774114774114,1.3675213675213675,28.71794871794872,0.0,46.69108669108669,23.63858363858364,13.47985347985348,-3.711843711843712,0.0,25.2014652014652,18.168498168498168,0.0,50.989010989010985,10.744810744810744,18.55921855921856,-10.354090354090356,0.0,56.45909645909646,-40.43956043956044,51.77045177045177,4.102564102564102,0.0,-0.9768009768009768,-70.13431013431014,92.7960927960928,-42.002442002442,51.77045177045177
-25.592185592185597,-332.3076923076923,410.45177045177047,13.089133089133089,0.0,8.4004884004884,32.62515262515262,16.214896214896214,6.837606837606837,0.0,24.42002442002442,23.63858363858364,0.0,16.605616605616607,6.056166056166056,20.903540903540904,-4.493284493284493,0.0,59.975579975579976,40.04884004884005,-76.77655677655677,15.433455433455434,0.0,-410.0610500610501,311.990231990232,93.18681318681318,78.33943833943835,-76.77655677655677
-16.214896214896214,-413.1868131868132,495.2380952380952,-0.1953601953601953,0.0,15.433455433455434,29.10866910866911,5.665445665445666,12.307692307692308,0.0,27.545787545787547,25.592185592185597,0.0,-0.5860805860805861,15.433455433455434,18.55921855921856,-5.665445665445666,0.0,53.333333333333336,-3.3211233211233213,-45.51892551892552,24.42002442002442,0.0,-494.8473748473749,388.96214896214894,102.56410256410255,36.14163614163614,-45.51892551892552
-31.843711843711844,-474.9206349206349,530.4029304029305,18.94993894993895,0.0,24.42002442002442,6.446886446886447,1.7582417582417582,8.791208791208792,0.0,20.12210012210012,16.996336996336996,0.0,16.996336996336996,11.135531135531137,12.307692307692308,-12.307692307692308,0.0,64.27350427350427,-95.53113553113552,48.25396825396825,11.526251526251526,0.0,-530.0122100122101,454.99389499389497,112.33211233211232,-54.114774114774114,48.25396825396825
-45.12820512820513,-646.4468864468864,686.6910866910866,21.68498168498169,0.0,21.68498168498169,-3.711843711843712,0.1953601953601953,-1.3675213675213675,0.0,8.4004884004884,13.870573870573873,0.0,17.387057387057386,11.135531135531137,11.135531135531137,-19.73137973137973,0.0,52.55189255189255,13.089133089133089,-32.234432234432234,-12.698412698412698,0.0,-686.3003663003662,641.3675213675214,99.43833943833944,47.86324786324786,-32.234432234432234
-41.61172161172161,-570.2564102564103,628.0830280830281,8.791208791208792,0.0,27.155067155067155,-0.5860805860805861,8.791208791208792,-10.354090354090356,0.0,8.791208791208792,13.47985347985348,0.0,15.433455433455434,14.261294261294262,14.652014652014651,-21.68498168498169,0.0,33.7973137973138,-7.619047619047619,6.837606837606837,-9.572649572649572,0.0,-627.6923076923077,573.3821733821734,74.04151404151405,22.075702075702075,6.837606837606837
-20.903540903540904,-525.3235653235653,581.978021978022,0.1953601953601953,0.0,11.526251526251526,21.294261294261293,18.168498168498168,-17.77777777777778,0.0,18.168498168498168,14.261294261294262,0.0,12.698412698412698,11.135531135531137,20.12210012210012,-19.34065934065934,0.0,31.843711843711844,-53.333333333333336,43.56532356532357,2.5396825396825395,0.0,-581.5873015873016,528.8400488400489,47.081807081807085,-22.857142857142858,43.56532356532357
-22.857142857142858,-741.001221001221,785.1526251526252,-8.4004884004884,0.0,-5.665445665445666,21.68498168498169,19.34065934065934,-23.63858363858364,0.0,27.155067155067155,18.94993894993895,0.0,-3.3211233211233213,4.493284493284493,21.68498168498169,-17.387057387057386,0.0,25.592185592185597,36.53235653235653,-57.24053724053724,0.1953601953601953,0.0,-784.7619047619048,733.5775335775336,78.33943833943835,36.53235653235653,-57.24053724053724
-37.704517704517706,-815.2380952380952,866.8131868131868,-6.446886446886447,0.0,-14.652014652014651,18.168498168498168,20.12210012210012,-18.94993894993895,0.0,29.89010989010989,27.545787545787547,0.0,-23.63858363858364,11.135531135531137,15.824175824175825,-15.042735042735044,0.0,20.903540903540904,66.22710622710623,-113.11355311355312,13.870573870573873,0.0,-866.4224664224664,808.5958485958486,75.995115995116,81.85592185592185,-113.11355311355312
-43.95604395604396,-618.7057387057387,674.5787545787546,-5.665445665445666,0.0,-7.619047619047619,12.307692307692308,15.824175824175825,-16.605616605616607,0.0,31.843711843711844,27.545787545787547,0.0,-12.698412698412698,13.870573870573873,7.619047619047619,-20.512820512820515,0.0,31.843711843711844,-73.65079365079364,13.870573870573873,15.824175824175825,0.0,-674.1880341880342,610.8913308913309,56.06837606837607,-25.592185592185597,13.870573870573873
-57.63125763125763,-474.13919413919416,521.025641025641,-6.837606837606837,0.0,-3.3211233211233213,-3.711843711843712,6.056166056166056,-18.168498168498168,0.0,24.81074481074481,20.903540903540904,0.0,-13.870573870573873,9.18192918192918,2.5396825396825395,-16.605616605616607,0.0,24.02930402930403,-115.84859584859583,69.74358974358974,1.7582417582417582,0.0,-520.6349206349206,456.1660561660562,55.67765567765568,-53.333333333333336,69.74358974358974
-74.04151404151405,-552.6739926739926,607.7655677655678,-0.9768009768009768,0.0,-14.261294261294262,-0.1953601953601953,5.274725274725275,-11.526251526251526,0.0,12.307692307692308,21.68498168498169,0.0,-24.02930402930403,3.711843711843712,4.102564102564102,-13.47985347985348,0.0,12.698412698412698,-29.89010989010989,3.3211233211233213,-15.433455433455434,0.0,-607.3748473748474,538.6080586080586,60.366300366300365,36.92307692307692,3.3211233211233213
-50.20757020757021,-690.989010989011,763.6630036630037,-16.214896214896214,0.0,-7.619047619047619,12.698412698412698,8.4004884004884,-8.00976800976801,0.0,7.619047619047619,25.2014652014652,0.0,2.5396825396825395,-11.916971916971915,7.619047619047619,-9.18192918192918,0.0,27.155067155067155,-50.5982905982906,38.48595848595848,-26.37362637362637,0.0,-763.2722832722833,669.1086691086691,68.57142857142857,15.433455433455434,38.48595848595848
-31.843711843711844,-596.4346764346765,668.3272283272283,-9.963369963369964,0.0,12.698412698412698,11.526251526251526,14.261294261294262,-11.135531135531137,0.0,7.228327228327228,24.42002442002442,0.0,13.47985347985348,-0.9768009768009768,7.619047619047619,-8.00976800976801,0.0,46.69108669108669,-28.71794871794872,27.545787545787547,-33.40659340659341,0.0,-667.936507936508,578.0708180708181,84.59096459096459,17.77777777777778,27.545787545787547
-31.45299145299145,-430.3785103785104,510.4761904761905,4.102564102564102,0.0,33.40659340659341,15.042735042735044,15.433455433455434,-13.47985347985348,0.0,11.135531135531137,26.764346764346765,0.0,17.77777777777778,10.744810744810744,8.00976800976801,-8.4004884004884,0.0,53.333333333333336,29.499389499389498,-21.68498168498169,-32.62515262515262,0.0,-510.0854700854701,440.53724053724056,104.12698412698413,43.17460317460318,-21.68498168498169
-49.81684981684982,-144.76190476190476,251.8192918192918,-15.433455433455434,0.0,20.12210012210012,24.42002442002442,12.307692307692308,-18.55921855921856,0.0,16.214896214896214,24.81074481074481,0.0,19.73137973137973,15.042735042735044,3.711843711843712,-8.4004884004884,0.0,52.55189255189255,49.03540903540904,-58.02197802197802,-12.307692307692308,0.0,-251.42857142857144,168.2051282051282,88.88888888888889,70.91575091575092,-58.02197802197802
-48.64468864468864,801.5628815628816,-688.6446886446887,-34.18803418803419,0.0,20.512820512820515,20.903540903540904,9.18192918192918,-23.63858363858364,0.0,23.247863247863247,13.870573870573873,0.0,5.665445665445666,25.982905982905983,-1.7582417582417582,-4.884004884004884,0.0,51.37973137973138,-40.83028083028083,8.4004884004884,5.665445665445666,0.0,689.0354090354091,-796.0927960927961,86.54456654456655,-5.274725274725275,8.4004884004884
-50.20757020757021,1030.1343101343102,-917.6068376068376,-43.56532356532357,0.0,5.274725274725275,29.499389499389498,2.93040293040293,-22.075702075702075,0.0,27.155067155067155,8.00976800976801,0.0,-25.982905982905983,23.247863247863247,0.9768009768009768,4.493284493284493,0.0,29.499389499389498,-14.652014652014651,-18.168498168498168,6.446886446886447,0.0,917.997557997558,-1012.1611721611722,66.61782661782662,19.34065934065934,-18.168498168498168
-60.757020757020754,1109.84126984127,-1021.5384615384615,-19.73137973137973,0.0,-26.764346764346765,43.56532356532357,-0.5860805860805861,-9.963369963369964,0.0,26.37362637362637,9.963369963369964,0.0,-33.01587301587302,-2.93040293040293,0.9768009768009768,11.916971916971915,0.0,20.12210012210012,-13.47985347985348,-36.14163614163614,6.837606837606837,0.0,1021.929181929182,-1103.980463980464,79.51159951159951,29.89010989010989,-36.14163614163614
-35.75091575091575,1119.6092796092796,-1052.7960927960928,-15.433455433455434,0.0,-10.354090354090356,28.32722832722833,-5.274725274725275,0.1953601953601953,0.0,24.02930402930403,6.056166056166056,0.0,-51.77045177045177,16.214896214896214,-0.9768009768009768,10.744810744810744,0.0,25.2014652014652,-7.228327228327228,-49.42612942612943,6.056166056166056,0.0,1053.1868131868132,-1145.006105006105,100.21978021978022,34.57875457875458,-49.42612942612943
-37.704517704517706,962.148962148962,-904.7130647130648,-1.3675213675213675,0.0,6.446886446886447,18.168498168498168,-11.916971916971915,2.93040293040293,0.0,18.55921855921856,-0.1953601953601953,0.0,-73.26007326007326,22.857142857142858,-0.5860805860805861,6.446886446886447,0.0,18.94993894993895,-81.07448107448107,15.433455433455434,0.9768009768009768,0.0,905.1037851037852,-960.1953601953602,84.59096459096459,-31.45299145299145,15.433455433455434
-46.69108669108669,872.6739926739926,-829.3040293040293,9.18192918192918,0.0,14.261294261294262,7.619047619047619,-20.512820512820515,3.3211233211233213,0.0,13.089133089133089,-1.7582417582417582,0.0,-78.33943833943835,24.81074481074481,0.1953601953601953,3.711843711843712,0.0,14.652014652014651,-51.37973137973138,-28.71794871794872,16.214896214896214,0.0,829.6947496947497,-869.5482295482295,74.82295482295483,6.837606837606837,-28.71794871794872
-29.499389499389498,925.030525030525,-840.2442002442002,-58.8034188034188,0.0,15.824175824175825,-0.5860805860805861,-22.466422466422465,0.9768009768009768,0.0,6.446886446886447,-4.493284493284493,0.0,-85.37240537240537,38.48595848595848,-1.7582417582417582,5.665445665445666,0.0,29.499389499389498,-50.989010989010985,-63.49206349206349,42.002442002442,0.0,840.6349206349206,-946.5201465201466,70.13431013431014,18.168498168498168,-63.49206349206349
-19.73137973137973,989.4993894993896,-932.4542124542124,-37.704517704517706,0.0,24.42002442002442,-0.1953601953601953,-13.870573870573873,-12.698412698412698,0.0,2.5396825396825395,-4.493284493284493,0.0,-52.16117216117216,25.982905982905983,1.3675213675213675,5.665445665445666,0.0,31.062271062271066,-75.21367521367522,6.446886446886447,18.94993894993895,0.0,932.8449328449328,-1002.7838827838827,49.81684981684982,-22.857142857142858,6.446886446886447
-23.247863247863247,914.090354090354,-877.3626373626373,-8.791208791208792,0.0,25.2014652014652,7.619047619047619,-10.354090354090356,-19.73137973137973,0.0,2.5396825396825395,2.148962148962149,0.0,-11.916971916971915,13.47985347985348,2.93040293040293,4.493284493284493,0.0,47.081807081807085,-67.78998778998779,22.075702075702075,8.00976800976801,0.0,877.7533577533577,-925.030525030525,48.64468864468864,-23.247863247863247,22.075702075702075
-22.857142857142858,848.4493284493285,-821.8803418803419,0.5860805860805861,0.0,17.77777777777778,7.228327228327228,-2.93040293040293,-18.55921855921856,0.0,1.3675213675213675,9.572649572649572,0.0,-8.00976800976801,9.572649572649572,6.446886446886447,5.274725274725275,0.0,48.64468864468864,90.45177045177046,-113.89499389499387,-10.354090354090356,0.0,822.2710622710623,-862.5152625152625,81.85592185592185,101.001221001221,-113.89499389499387
-38.87667887667888,901.5873015873016,-893.7728937728938,12.307692307692308,0.0,-5.665445665445666,9.18192918192918,-6.446886446886447,-16.214896214896214,0.0,1.7582417582417582,4.102564102564102,0.0,-9.18192918192918,4.884004884004884,4.493284493284493,0.1953601953601953,0.0,49.81684981684982,74.82295482295483,-89.67032967032966,-32.62515262515262,0.0,894.1636141636142,-896.5079365079365,67.3992673992674,84.59096459096459,-89.67032967032966
-53.333333333333336,955.897435897436,-972.3076923076924,22.857142857142858,0.0,-23.63858363858364,7.619047619047619,-16.214896214896214,-14.261294261294262,0.0,3.3211233211233213,-0.9768009768009768,0.0,-43.17460317460318,9.572649572649572,6.056166056166056,-2.5396825396825395,0.0,24.42002442002442,-46.3003663003663,17.387057387057386,-25.592185592185597,0.0,972.6984126984128,-944.957264957265,34.57875457875458,-15.042735042735044,17.387057387057386
-47.86324786324786,780.8547008547008,-789.8412698412699,14.652014652014651,0.0,-23.63858363858364,3.3211233211233213,-18.55921855921856,-3.711843711843712,0.0,-4.493284493284493,2.5396825396825395,0.0,-77.16727716727716,10.354090354090356,11.135531135531137,8.00976800976801,0.0,8.00976800976801,-45.90964590964591,-1.7582417582417582,-5.274725274725275,0.0,790.2319902319903,-768.3516483516484,17.77777777777778,-2.93040293040293,-1.7582417582417582
-31.45299145299145,558.9255189255189,-575.7264957264957,13.47985347985348,0.0,-29.10866910866911,4.493284493284493,-15.433455433455434,4.493284493284493,0.0,-10.744810744810744,7.619047619047619,0.0,-56.45909645909646,3.711843711843712,14.261294261294262,15.433455433455434,0.0,19.73137973137973,-75.21367521367522,28.71794871794872,4.493284493284493,0.0,576.1172161172161,-562.4420024420025,11.526251526251526,-29.89010989010989,28.71794871794872
-33.7973137973138,601.1233211233211,-601.1233211233211,13.089133089133089,0.0,-26.764346764346765,10.744810744810744,-9.18192918192918,3.711843711843712,0.0,-9.18192918192918,14.261294261294262,0.0,-40.43956043956044,-1.3675213675213675,15.433455433455434,18.94993894993895,0.0,20.512820512820515,-155.7020757020757,112.33211233211232,14.652014652014651,0.0,601.5140415140415,-606.2026862026862,44.346764346764346,-131.4774114774115,112.33211233211232
-14.652014652014651,524.9328449328449,-508.13186813186815,20.512820512820515,0.0,6.837606837606837,6.056166056166056,-0.5860805860805861,8.4004884004884,0.0,-7.228327228327228,25.592185592185597,0.0,-13.870573870573873,-4.493284493284493,14.261294261294262,34.18803418803419,0.0,51.77045177045177,30.671550671550676,-81.46520146520146,29.499389499389498,0.0,508.5225885225885,-526.8864468864468,97.48473748473748,23.247863247863247,-81.46520146520146
-11.916971916971915,537.8266178266178,-495.6288156288156,-5.665445665445666,0.0,8.00976800976801,6.056166056166056,6.446886446886447,0.1953601953601953,0.0,-8.791208791208792,25.982905982905983,0.0,-2.5396825396825395,-6.446886446886447,6.446886446886447,27.545787545787547,0.0,59.58485958485959,62.71062271062271,-128.35164835164835,30.671550671550676,0.0,496.019536019536,-555.7997557997558,110.76923076923076,68.57142857142857,-128.35164835164835
-16.214896214896214,374.5054945054945,-331.916971916972,-9.18192918192918,0.0,-2.148962148962149,9.572649572649572,12.307692307692308,-4.493284493284493,0.0,-4.102564102564102,23.247863247863247,0.0,-6.446886446886447,-13.870573870573873,4.493284493284493,19.73137973137973,0.0,46.69108669108669,-15.042735042735044,-60.366300366300365,31.843711843711844,0.0,332.3076923076923,-383.8827838827839,81.46520146520146,14.652014652014651,-60.366300366300365
-11.135531135531137,299.0964590964591,-248.6935286935287,2.5396825396825395,0.0,8.791208791208792,2.5396825396825395,24.02930402930403,2.148962148962149,0.0,0.9768009768009768,26.764346764346765,0.0,-13.870573870573873,-11.135531135531137,10.744810744810744,17.387057387057386,0.0,37.704517704517706,-31.843711843711844,-36.92307692307692,34.18803418803419,0.0,249.08424908424908,-286.2026862026862,37.704517704517706,12.307692307692308,-36.92307692307692
-16.605616605616607,-87.32600732600733,137.72893772893772,9.18192918192918,0.0,9.572649572649572,-2.148962148962149,25.982905982905983,7.619047619047619,0.0,-0.9768009768009768,29.10866910866911,0.0,-18.168498168498168,-8.791208791208792,16.996336996336996,12.698412698412698,0.0,23.63858363858364,-93.57753357753356,34.18803418803419,37.31379731379732,0.0,-137.33821733821733,92.7960927960928,25.2014652014652,-35.75091575091575,34.18803418803419
-46.3003663003663,-260.02442002442,322.53968253968253,12.698412698412698,0.0,-15.433455433455434,-1.7582417582417582,30.671550671550676,13.870573870573873,0.0,-0.9768009768009768,30.28083028083028,0.0,-31.062271062271066,-3.711843711843712,24.81074481074481,2.148962148962149,0.0,14.652014652014651,-107.64346764346764,53.333333333333336,30.671550671550676,0.0,-322.14896214896214,273.6996336996337,15.824175824175825,-36.53235653235653,53.333333333333336
-72.86935286935287,256.5079365079365,-185.78754578754575,12.698412698412698,0.0,-25.982905982905983,-4.102564102564102,23.63858363858364,15.433455433455434,0.0,0.9768009768009768,26.764346764346765,0.0,-39.26739926739927,4.102564102564102,27.545787545787547,-3.711843711843712,0.0,27.545787545787547,-24.42002442002442,-27.155067155067155,11.135531135531137,0.0,186.17826617826617,-244.004884004884,52.94261294261294,34.57875457875458,-27.155067155067155
-79.12087912087912,126.3980463980464,-66.61782661782662,22.466422466422465,0.0,-14.261294261294262,-0.9768009768009768,15.824175824175825,0.9768009768009768,0.0,1.3675213675213675,23.63858363858364,0.0,-25.592185592185597,6.837606837606837,19.73137973137973,-6.446886446886447,0.0,30.671550671550676,31.843711843711844,-88.1074481074481,20.903540903540904,0.0,67.00854700854701,-135.3846153846154,83.41880341880342,77.94871794871794,-88.1074481074481
-85.76312576312576,-411.6239316239317,440.53724053724056,42.002442002442,0.0,-21.294261294261293,9.18192918192918,12.698412698412698,-16.605616605616607,0.0,4.102564102564102,18.94993894993895,0.0,-27.545787545787547,6.446886446886447,13.47985347985348,-13.870573870573873,0.0,13.089133089133089,-6.446886446886447,-53.333333333333336,24.42002442002442,0.0,-440.1465201465202,401.4652014652015,49.42612942612943,62.71062271062271,-53.333333333333336
-65.05494505494505,-499.14529914529913,542.1245421245421,35.36019536019536,0.0,-7.228327228327228,13.47985347985348,21.294261294261293,-16.605616605616607,0.0,12.307692307692308,15.042735042735044,0.0,-4.884004884004884,-6.446886446886447,6.056166056166056,-12.698412698412698,0.0,19.34065934065934,-25.592185592185597,-47.86324786324786,34.969474969474966,0.0,-541.7338217338217,476.0927960927961,68.18070818070818,36.53235653235653,-47.86324786324786
-45.90964590964591,-726.1538461538462,767.5702075702076,38.87667887667888,0.0,13.089133089133089,13.870573870573873,22.857142857142858,-18.168498168498168,0.0,15.042735042735044,11.526251526251526,0.0,12.307692307692308,-7.228327228327228,-2.5396825396825395,-5.274725274725275,0.0,16.996336996336996,-67.3992673992674,-9.963369963369964,56.84981684981685,0.0,-767.1794871794872,712.8693528693528,43.56532356532357,-7.619047619047619,-9.963369963369964
-47.472527472527474,-471.79487179487177,546.031746031746,10.354090354090356,0.0,14.261294261294262,11.916971916971915,22.466422466422465,-14.261294261294262,0.0,11.526251526251526,6.837606837606837,0.0,3.711843711843712,-11.916971916971915,-6.446886446886447,-7.228327228327228,0.0,2.148962148962149,-144.37118437118437,73.26007326007326,45.12820512820513,0.0,-545.6410256410256,460.0732600732601,58.8034188034188,-99.04761904761904,73.26007326007326
-59.1941391941392,-673.015873015873,790.2319902319903,-30.671550671550676,0.0,-0.5860805860805861,6.056166056166056,22.075702075702075,-3.711843711843712,0.0,6.837606837606837,3.711843711843712,0.0,-13.089133089133089,-8.791208791208792,-5.274725274725275,-12.307692307692308,0.0,1.7582417582417582,-130.6959706959707,61.92918192918193,24.42002442002442,0.0,-789.8412698412699,660.1221001221002,62.31990231990232,-86.54456654456655,61.92918192918193
-56.84981684981685,-592.5274725274726,680.8302808302808,-10.744810744810744,0.0,2.5396825396825395,8.4004884004884,14.261294261294262,-8.00976800976801,0.0,4.102564102564102,3.3211233211233213,0.0,-0.9768009768009768,-7.228327228327228,-2.148962148962149,-11.526251526251526,0.0,3.711843711843712,-115.06715506715508,79.51159951159951,7.619047619047619,0.0,-680.4395604395604,595.2625152625153,40.43956043956044,-85.76312576312576,79.51159951159951
-49.03540903540904,-754.2857142857143,801.953601953602,-2.148962148962149,0.0,-4.884004884004884,9.963369963369964,5.665445665445666,-16.605616605616607,0.0,0.5860805860805861,4.493284493284493,0.0,-10.744810744810744,-5.274725274725275,0.9768009768009768,-10.354090354090356,0.0,5.274725274725275,-51.77045177045177,16.996336996336996,2.148962148962149,0.0,-801.5628815628816,740.6105006105006,36.14163614163614,-21.68498168498169,16.996336996336996
-63.10134310134311,-938.3150183150184,989.1086691086692,-1.3675213675213675,0.0,-15.824175824175825,11.916971916971915,10.354090354090356,-22.075702075702075,0.0,0.1953601953601953,8.00976800976801,0.0,-19.73137973137973,-3.711843711843712,4.102564102564102,-5.665445665445666,0.0,9.963369963369964,15.433455433455434,-50.5982905982906,-0.5860805860805861,0.0,-988.7179487179488,926.5934065934066,40.43956043956044,52.16117216117216,-50.5982905982906
-25.982905982905983,-816.019536019536,876.1904761904761,15.042735042735044,0.0,39.65811965811966,10.354090354090356,17.77777777777778,-20.512820512820515,0.0,2.5396825396825395,13.870573870573873,0.0,8.4004884004884,-4.493284493284493,8.00976800976801,3.711843711843712,0.0,23.247863247863247,60.757020757020754,-77.16727716727716,8.4004884004884,0.0,-875.7997557997558,810.9401709401709,54.114774114774114,79.51159951159951,-77.16727716727716
-11.916971916971915,-672.6251526251526,751.5506715506715,4.102564102564102,0.0,66.22710622710623,2.148962148962149,19.34065934065934,-18.94993894993895,0.0,-2.148962148962149,16.214896214896214,0.0,1.3675213675213675,-8.00976800976801,9.18192918192918,8.00976800976801,0.0,40.83028083028083,-18.94993894993895,-13.47985347985348,1.7582417582417582,0.0,-751.1599511599511,667.1550671550672,90.45177045177046,-6.446886446886447,-13.47985347985348
-24.42002442002442,-642.1489621489621,759.7557997557998,0.1953601953601953,0.0,69.74358974358974,5.665445665445666,24.81074481074481,-9.963369963369964,0.0,0.5860805860805861,20.12210012210012,0.0,-1.7582417582417582,-4.102564102564102,12.307692307692308,6.446886446886447,0.0,49.03540903540904,-18.168498168498168,-8.4004884004884,-8.4004884004884,0.0,-759.3650793650794,641.3675213675214,122.1001221001221,-11.916971916971915,-8.4004884004884
-1.7582417582417582,-681.6117216117216,787.1062271062272,14.261294261294262,0.0,83.02808302808303,13.47985347985348,23.247863247863247,-3.711843711843712,0.0,9.572649572649572,20.12210012210012,0.0,5.274725274725275,-0.9768009768009768,16.605616605616607,8.00976800976801,0.0,74.04151404151405,-9.963369963369964,-30.671550671550676,-3.711843711843712,0.0,-786.7155067155068,692.942612942613,123.27228327228327,-0.5860805860805861,-30.671550671550676
-3.711843711843712,-656.6056166056167,721.8559218559219,36.14163614163614,0.0,68.57142857142857,21.68498168498169,9.572649572649572,-4.884004884004884,0.0,15.433455433455434,15.042735042735044,0.0,0.5860805860805861,-2.148962148962149,15.433455433455434,5.665445665445666,0.0,88.1074481074481,-63.49206349206349,-0.9768009768009768,-2.93040293040293,0.0,-721.4652014652015,668.7179487179487,136.94749694749694,-51.37973137973138,-0.9768009768009768
-18.94993894993895,-626.1294261294262,690.989010989011,29.89010989010989,0.0,56.06837606837607,25.2014652014652,-2.5396825396825395,-4.884004884004884,0.0,16.214896214896214,10.744810744810744,0.0,-1.7582417582417582,-6.056166056166056,11.135531135531137,5.274725274725275,0.0,99.82905982905984,-31.062271062271066,-56.06837606837607,-3.711843711843712,0.0,-690.5982905982906,655.042735042735,136.94749694749694,-6.056166056166056,-56.06837606837607
-18.55921855921856,-608.9377289377289,678.4859584859585,23.247863247863247,0.0,63.88278388278388,22.466422466422465,-7.619047619047619,-6.056166056166056,0.0,12.698412698412698,7.228327228327228,0.0,18.55921855921856,-11.526251526251526,10.354090354090356,5.274725274725275,0.0,111.94139194139194,-37.31379731379732,-54.5054945054945,3.711843711843712,0.0,-678.0952380952381,638.6324786324786,120.53724053724054,4.493284493284493,-54.5054945054945
-4.102564102564102,-588.6202686202686,683.9560439560439,21.294261294261293,0.0,84.2002442002442,22.466422466422465,-0.1953601953601953,2.5396825396825395,0.0,10.744810744810744,11.135531135531137,0.0,29.89010989010989,-14.261294261294262,10.744810744810744,12.698412698412698,0.0,111.15995115995116,-49.03540903540904,-31.062271062271066,8.791208791208792,0.0,-683.5653235653235,621.050061050061,140.0732600732601,-32.234432234432234,-31.062271062271066
-2.148962148962149,-578.4615384615385,734.3589743589744,-17.387057387057386,0.0,88.1074481074481,22.466422466422465,4.493284493284493,16.996336996336996,0.0,11.526251526251526,15.042735042735044,0.0,21.68498168498169,-14.261294261294262,13.870573870573873,20.903540903540904,0.0,118.97435897435898,-75.21367521367522,-18.168498168498168,17.77777777777778,0.0,-733.968253968254,606.5934065934066,138.9010989010989,-39.26739926739927,-18.168498168498168
21.68498168498169,-570.6471306471307,702.7106227106227,-18.55921855921856,0.0,75.995115995116,26.37362637362637,11.916971916971915,18.168498168498168,0.0,19.73137973137973,20.12210012210012,0.0,10.744810744810744,-8.4004884004884,22.857142857142858,25.592185592185597,0.0,109.5970695970696,-53.724053724053725,-21.68498168498169,18.55921855921856,0.0,-702.3199023199023,571.8192918192918,127.17948717948718,-25.2014652014652,-21.68498168498169
50.989010989010985,-556.9719169719169,638.2417582417582,-0.5860805860805861,0.0,72.86935286935287,26.37362637362637,13.47985347985348,15.824175824175825,0.0,25.592185592185597,21.68498168498169,0.0,-11.916971916971915,-0.9768009768009768,23.63858363858364,27.155067155067155,0.0,98.65689865689866,-28.71794871794872,-51.37973137973138,20.12210012210012,0.0,-637.8510378510379,559.3162393162393,99.04761904761904,-3.711843711843712,-51.37973137973138
33.01587301587302,-578.0708180708181,648.4004884004884,9.572649572649572,0.0,68.18070818070818,25.2014652014652,4.493284493284493,12.307692307692308,0.0,25.592185592185597,19.73137973137973,0.0,-12.307692307692308,1.3675213675213675,18.168498168498168,25.592185592185597,0.0,112.72283272283272,-36.14163614163614,-65.44566544566544,22.857142857142858,0.0,-648.009768009768,599.5604395604396,75.6043956043956,14.261294261294262,-65.44566544566544
12.698412698412698,-632.7716727716728,677.7045177045177,16.996336996336996,0.0,53.333333333333336,19.73137973137973,-2.148962148962149,2.148962148962149,0.0,20.12210012210012,9.18192918192918,0.0,-4.493284493284493,-3.711843711843712,8.00976800976801,16.996336996336996,0.0,103.34554334554336,-92.7960927960928,7.619047619047619,-1.3675213675213675,0.0,-677.3137973137973,643.3211233211233,104.12698412698413,-58.02197802197802,7.619047619047619
15.433455433455434,-501.0989010989011,550.3296703296703,33.01587301587302,0.0,75.6043956043956,16.996336996336996,-2.5396825396825395,5.665445665445666,0.0,13.870573870573873,4.884004884004884,0.0,9.963369963369964,-8.791208791208792,4.884004884004884,9.963369963369964,0.0,112.33211233211232,-29.10866910866911,-49.81684981684982,-15.433455433455434,0.0,-549.9389499389499,537.4358974358975,79.12087912087912,19.73137973137973,-49.81684981684982
-5.274725274725275,-266.6666666666667,358.87667887667885,33.40659340659341,0.0,84.98168498168498,17.77777777777778,-1.7582417582417582,16.214896214896214,0.0,8.791208791208792,3.3211233211233213,0.0,30.671550671550676,-15.042735042735044,1.3675213675213675,2.148962148962149,0.0,125.22588522588522,-63.49206349206349,-9.18192918192918,-31.45299145299145,0.0,-358.48595848595846,308.47374847374846,157.26495726495727,-47.86324786324786,-9.18192918192918
5.665445665445666,-332.3076923076923,424.9084249084249,23.63858363858364,0.0,82.24664224664225,20.903540903540904,0.1953601953601953,16.214896214896214,0.0,8.791208791208792,6.056166056166056,0.0,34.57875457875458,-18.168498168498168,9.963369963369964,0.9768009768009768,0.0,113.11355311355312,-87.71672771672772,40.04884004884005,-37.31379731379732,0.0,-424.5177045177045,348.7179487179488,157.65567765567766,-68.57142857142857,40.04884004884005
28.32722832722833,-386.2271062271062,466.7155067155067,25.2014652014652,0.0,82.24664224664225,25.592185592185597,3.711843711843712,19.73137973137973,0.0,10.354090354090356,12.698412698412698,0.0,29.89010989010989,-16.214896214896214,19.73137973137973,1.7582417582417582,0.0,105.2991452991453,4.102564102564102,-43.56532356532357,-29.10866910866911,0.0,-466.3247863247863,397.5579975579976,126.3980463980464,29.499389499389498,-43.56532356532357
8.4004884004884,-283.8583638583639,370.5982905982906,8.791208791208792,0.0,49.42612942612943,25.592185592185597,5.274725274725275,20.903540903540904,0.0,7.619047619047619,12.307692307692308,0.0,8.4004884004884,-14.652014652014651,17.77777777777778,4.102564102564102,0.0,94.35897435897436,-38.095238095238095,-27.545787545787547,-10.354090354090356,0.0,-370.2075702075702,296.3614163614164,114.28571428571428,0.1953601953601953,-27.545787545787547
0.5860805860805861,-109.98778998778998,179.9267399267399,1.3675213675213675,0.0,18.94993894993895,26.764346764346765,11.135531135531137,12.698412698412698,0.0,4.884004884004884,11.916971916971915,0.0,-5.274725274725275,-12.307692307692308,13.089133089133089,5.274725274725275,0.0,87.71672771672772,-88.1074481074481,9.572649572649572,-8.00976800976801,0.0,-179.53601953601952,106.47130647130648,111.55067155067157,-36.92307692307692,9.572649572649572
-6.837606837606837,-8.4004884004884,79.51159951159951,0.1953601953601953,0.0,17.77777777777778,16.996336996336996,13.089133089133089,12.698412698412698,0.0,-3.3211233211233213,9.963369963369964,0.0,-14.652014652014651,-10.354090354090356,6.056166056166056,0.5860805860805861,0.0,82.63736263736264,-6.837606837606837,-78.73015873015873,-14.261294261294262,0.0,-79.12087912087912,2.93040293040293,109.5970695970696,52.94261294261294,-78.73015873015873
-20.12210012210012,456.947496947497,-308.08302808302807,-33.01587301587302,0.0,35.36019536019536,12.698412698412698,16.214896214896214,25.592185592185597,0.0,-4.102564102564102,7.619047619047619,0.0,-18.168498168498168,0.1953601953601953,-2.5396825396825395,-4.102564102564102,0.0,81.85592185592185,-20.12210012210012,-73.65079365079364,-13.089133089133089,0.0,308.47374847374846,-426.4713064713065,124.83516483516485,25.2014652014652,-73.65079365079364
-20.512820512820515,556.9719169719169,-436.2393162393162,-6.446886446886447,0.0,45.12820512820513,13.870573870573873,7.228327228327228,22.466422466422465,0.0,0.9768009768009768,2.93040293040293,0.0,6.056166056166056,-0.5860805860805861,-5.665445665445666,-8.791208791208792,0.0,94.35897435897436,-68.96214896214896,-12.698412698412698,-21.68498168498169,0.0,436.6300366300366,-516.3369963369963,122.88156288156289,-25.592185592185597,-12.698412698412698
-10.744810744810744,76.77655677655677,11.135531135531137,9.963369963369964,0.0,59.58485958485959,13.089133089133089,-6.056166056166056,17.77777777777778,0.0,6.446886446886447,-3.711843711843712,0.0,33.01587301587302,-7.619047619047619,-4.493284493284493,-15.042735042735044,0.0,88.4981684981685,-46.3003663003663,-11.526251526251526,-24.02930402930403,0.0,-10.744810744810744,-35.36019536019536,74.04151404151405,17.387057387057386,-11.526251526251526
0.5860805860805861,218.2173382173382,-151.7948717948718,8.00976800976801,0.0,50.5982905982906,15.824175824175825,-11.135531135531137,18.168498168498168,0.0,8.4004884004884,-6.056166056166056,0.0,34.18803418803419,-5.665445665445666,-1.7582417582417582,-21.294261294261293,0.0,75.21367521367522,-79.12087912087912,40.04884004884005,-31.45299145299145,0.0,152.18559218559218,-181.8803418803419,49.03540903540904,-22.466422466422465,40.04884004884005
-2.148962148962149,453.040293040293,-411.6239316239317,12.698412698412698,0.0,43.56532356532357,7.228327228327228,-14.652014652014651,13.089133089133089,0.0,6.056166056166056,-6.837606837606837,0.0,47.86324786324786,-12.307692307692308,-0.9768009768009768,-25.982905982905983,0.0,76.77655677655677,-75.6043956043956,49.03540903540904,-42.002442002442,0.0,412.014652014652,-425.2991452991453,45.51892551892552,-22.466422466422465,49.03540903540904
-6.446886446886447,427.25274725274727,-394.8229548229549,7.228327228327228,0.0,42.002442002442,-0.5860805860805861,-8.791208791208792,-0.5860805860805861,0.0,-2.93040293040293,-6.056166056166056,0.0,49.03540903540904,-18.94993894993895,-2.148962148962149,-27.155067155067155,0.0,70.13431013431014,2.93040293040293,-31.843711843711844,-40.43956043956044,0.0,395.2136752136752,-411.2332112332113,52.16117216117216,57.24053724053724,-31.843711843711844
-6.837606837606837,548.7667887667887,-465.9340659340659,-4.102564102564102,0.0,54.5054945054945,-3.3211233211233213,9.18192918192918,7.228327228327228,0.0,-4.884004884004884,0.9768009768009768,0.0,45.51892551892552,-11.135531135531137,-1.7582417582417582,-26.37362637362637,0.0,70.13431013431014,10.744810744810744,-52.94261294261294,-23.247863247863247,0.0,466.3247863247863,-523.7606837606837,75.6043956043956,45.51892551892552,-52.94261294261294
-15.042735042735044,456.5567765567766,-368.25396825396825,-0.1953601953601953,0.0,54.89621489621489,-10.354090354090356,14.261294261294262,9.963369963369964,0.0,-4.493284493284493,0.1953601953601953,0.0,46.3003663003663,-5.665445665445666,-4.102564102564102,-25.592185592185597,0.0,75.6043956043956,-25.2014652014652,-22.466422466422465,-16.996336996336996,0.0,368.64468864468864,-437.8021978021978,93.57753357753356,6.837606837606837,-22.466422466422465
-14.261294261294262,460.85470085470087,-383.8827838827839,-1.7582417582417582,0.0,46.3003663003663,-13.089133089133089,14.261294261294262,9.18192918192918,0.0,-7.228327228327228,-0.9768009768009768,0.0,46.3003663003663,-9.572649572649572,-4.493284493284493,-22.466422466422465,0.0,74.04151404151405,-32.62515262515262,-18.94993894993895,-13.47985347985348,0.0,384.2735042735043,-468.27838827838826,88.88888888888889,19.73137973137973,-18.94993894993895
8.00976800976801,442.8815628815629,-402.24664224664224,2.5396825396825395,0.0,39.65811965811966,-15.433455433455434,11.526251526251526,12.307692307692308,0.0,-11.526251526251526,-2.148962148962149,0.0,31.843711843711844,-8.00976800976801,-4.884004884004884,-25.982905982905983,0.0,73.65079365079364,-76.77655677655677,22.075702075702075,-27.545787545787547,0.0,402.6373626373626,-449.5238095238095,75.6043956043956,-30.671550671550676,22.075702075702075
16.605616605616607,587.8388278388278,-542.1245421245421,-18.94993894993895,0.0,38.095238095238095,-19.34065934065934,4.884004884004884,16.996336996336996,0.0,-9.18192918192918,-2.93040293040293,0.0,17.387057387057386,-3.711843711843712,-2.148962148962149,-25.982905982905983,0.0,59.975579975579976,-22.466422466422465,-17.387057387057386,-34.969474969474966,0.0,542.5152625152625,-591.7460317460317,40.83028083028083,34.57875457875458,-17.387057387057386
2.5396825396825395,242.8327228327228,-167.81440781440782,-38.48595848595848,0.0,37.31379731379732,-13.870573870573873,2.93040293040293,9.18192918192918,0.0,-9.572649572649572,-1.3675213675213675,0.0,12.698412698412698,-5.274725274725275,-3.3211233211233213,-28.32722832722833,0.0,53.333333333333336,72.08791208791209,-112.33211233211232,-38.095238095238095,0.0,168.2051282051282,-217.04517704517704,70.52503052503053,91.62393162393164,-112.33211233211232
-3.711843711843712,302.22222222222223,-257.6800976800977,-12.307692307692308,0.0,40.04884004884005,-9.18192918192918,4.884004884004884,-10.354090354090356,0.0,-7.228327228327228,-4.102564102564102,0.0,4.493284493284493,-4.884004884004884,-6.446886446886447,-36.14163614163614,0.0,39.26739926739927,3.3211233211233213,-56.45909645909646,-29.89010989010989,0.0,258.07081807081806,-276.4346764346764,70.13431013431014,34.18803418803419,-56.45909645909646
-18.168498168498168,538.2173382173382,-474.9206349206349,-11.916971916971915,0.0,44.346764346764346,-2.5396825396825395,5.665445665445666,-17.387057387057386,0.0,2.93040293040293,-8.4004884004884,0.0,6.837606837606837,1.3675213675213675,-7.619047619047619,-38.87667887667888,0.0,36.14163614163614,-38.095238095238095,-14.261294261294262,-21.68498168498169,0.0,475.3113553113553,-507.74114774114776,59.975579975579976,2.5396825396825395,-14.261294261294262
-34.57875457875458,535.4822954822955,-481.5628815628816,-5.274725274725275,0.0,42.002442002442,-5.274725274725275,3.711843711843712,-28.71794871794872,0.0,6.446886446886447,-16.605616605616607,0.0,15.433455433455434,3.3211233211233213,-13.47985347985348,-42.002442002442,0.0,45.90964590964591,-50.989010989010985,-7.619047619047619,-22.857142857142858,0.0,481.953601953602,-522.5885225885226,87.32600732600733,-12.307692307692308,-7.619047619047619
-18.55921855921856,457.72893772893775,-458.5103785103785,7.619047619047619,0.0,36.14163614163614,-13.089133089133089,1.3675213675213675,-38.48595848595848,0.0,3.3211233211233213,-24.42002442002442,0.0,13.089133089133089,-1.3675213675213675,-22.075702075702075,-45.90964590964591,0.0,52.55189255189255,-70.13431013431014,-17.77777777777778,-20.12210012210012,0.0,458.9010989010989,-456.5567765567766,53.724053724053725,-1.7582417582417582,-17.77777777777778
-22.466422466422465,667.1550671550672,-644.8840048840049,-6.056166056166056,0.0,33.7973137973138,-13.870573870573873,2.5396825396825395,-31.843711843711844,0.0,6.056166056166056,-24.42002442002442,0.0,16.214896214896214,0.9768009768009768,-24.42002442002442,-39.65811965811966,0.0,52.94261294261294,-24.42002442002442,-56.84981684981685,-17.77777777777778,0.0,645.2747252747253,-655.4334554334554,29.89010989010989,47.472527472527474,-56.84981684981685
-23.247863247863247,649.1819291819291,-636.2881562881563,-5.274725274725275,0.0,20.903540903540904,-13.47985347985348,0.5860805860805861,-26.37362637362637,0.0,9.572649572649572,-24.02930402930403,0.0,16.996336996336996,1.3675213675213675,-25.2014652014652,-42.39316239316239,0.0,56.06837606837607,0.1953601953601953,-84.98168498168498,-20.512820512820515,0.0,636.6788766788767,-618.3150183150183,39.26739926739927,38.095238095238095,-84.98168498168498
-26.764346764346765,581.5873015873016,-572.991452991453,-1.3675213675213675,0.0,10.744810744810744,-9.572649572649572,0.9768009768009768,-23.247863247863247,0.0,12.698412698412698,-21.68498168498169,0.0,12.698412698412698,-1.7582417582417582,-26.37362637362637,-44.737484737484735,0.0,56.84981684981685,-45.12820512820513,-57.63125763125763,-14.652014652014651,0.0,573.3821733821734,-567.1306471306472,43.17460317460318,17.387057387057386,-57.63125763125763
-27.545787545787547,852.3565323565324,-838.2905982905983,-4.102564102564102,0.0,5.665445665445666,-4.102564102564102,-0.5860805860805861,-19.34065934065934,0.0,14.652014652014651,-21.294261294261293,0.0,8.4004884004884,-0.9768009768009768,-20.12210012210012,-41.61172161172161,0.0,52.16117216117216,-74.82295482295483,-11.135531135531137,-20.903540903540904,0.0,838.6813186813187,-834.3833943833944,47.86324786324786,-25.2014652014652,-11.135531135531137
-2.148962148962149,397.948717948718,-413.5775335775336,0.5860805860805861,0.0,13.870573870573873,-4.493284493284493,-9.963369963369964,-15.824175824175825,0.0,15.824175824175825,-25.592185592185597,0.0,13.089133089133089,0.5860805860805861,-15.433455433455434,-40.83028083028083,0.0,58.8034188034188,-126.3980463980464,58.8034188034188,-33.40659340659341,0.0,413.968253968254,-376.4590964590965,21.294261294261293,-81.85592185592185,58.8034188034188
8.00976800976801,604.6398046398047,-612.8449328449328,-9.18192918192918,0.0,25.982905982905983,-6.446886446886447,-11.135531135531137,-16.996336996336996,0.0,13.089133089133089,-27.155067155067155,0.0,6.837606837606837,-2.5396825396825395,-16.996336996336996,-34.18803418803419,0.0,58.8034188034188,-22.466422466422465,-57.63125763125763,-25.982905982905983,0.0,613.2356532356532,-589.4017094017094,27.155067155067155,25.2014652014652,-57.63125763125763
8.791208791208792,517.5091575091575,-543.6874236874237,2.5396825396825395,0.0,25.982905982905983,-7.619047619047619,-13.47985347985348,-19.34065934065934,0.0,13.089133089133089,-27.545787545787547,0.0,-0.9768009768009768,-2.5396825396825395,-19.34065934065934,-25.982905982905983,0.0,47.86324786324786,6.056166056166056,-92.014652014652,-12.307692307692308,0.0,544.0781440781441,-512.4297924297924,26.764346764346765,56.06837606837607,-92.014652014652
9.18192918192918,623.7851037851037,-623.003663003663,-13.47985347985348,0.0,27.936507936507937,-3.3211233211233213,-7.619047619047619,-22.075702075702075,0.0,22.466422466422465,-22.466422466422465,0.0,-4.884004884004884,4.884004884004884,-19.73137973137973,-22.075702075702075,0.0,35.75091575091575,4.884004884004884,-83.02808302808303,-0.5860805860805861,0.0,623.3943833943833,-603.0769230769231,31.45299145299145,15.824175824175825,-83.02808302808303
-5.274725274725275,431.5506715506716,-421.001221001221,-1.7582417582417582,0.0,28.32722832722833,-0.1953601953601953,-4.102564102564102,-22.075702075702075,0.0,33.7973137973138,-20.12210012210012,0.0,-4.884004884004884,8.791208791208792,-23.247863247863247,-16.996336996336996,0.0,26.37362637362637,8.791208791208792,-88.4981684981685,15.433455433455434,0.0,421.3919413919414,-413.1868131868132,25.982905982905983,31.062271062271066,-88.4981684981685
-5.665445665445666,769.1330891330891,-722.6373626373627,-19.34065934065934,0.0,41.22100122100122,0.1953601953601953,-0.5860805860805861,-21.294261294261293,0.0,37.31379731379732,-19.73137973137973,0.0,-0.9768009768009768,8.791208791208792,-27.936507936507937,-11.916971916971915,0.0,16.996336996336996,-40.83028083028083,-39.65811965811966,29.499389499389498,0.0,723.0280830280831,-751.1599511599511,0.1953601953601953,9.18192918192918,-39.65811965811966
-2.93040293040293,524.9328449328449,-462.8083028083028,-29.89010989010989,0.0,48.64468864468864,4.102564102564102,-1.7582417582417582,-23.247863247863247,0.0,40.04884004884005,-25.982905982905983,0.0,9.572649572649572,11.916971916971915,-31.062271062271066,-12.698412698412698,0.0,10.744810744810744,-23.247863247863247,-34.57875457875458,24.42002442002442,0.0,463.1990231990232,-499.14529914529913,-34.57875457875458,40.43956043956044,-34.57875457875458
11.135531135531137,528.4493284493285,-459.2918192918193,-27.155067155067155,0.0,66.61782661782662,11.526251526251526,-2.93040293040293,-23.63858363858364,0.0,48.64468864468864,-32.234432234432234,0.0,27.155067155067155,18.55921855921856,-33.01587301587302,-8.4004884004884,0.0,13.870573870573873,-21.294261294261293,-16.214896214896214,26.764346764346765,0.0,459.6825396825397,-499.9267399267399,-54.5054945054945,46.69108669108669,-16.214896214896214
29.89010989010989,415.9218559218559,-342.46642246642244,-34.969474969474966,0.0,82.24664224664225,12.307692307692308,-6.837606837606837,-20.512820512820515,0.0,50.20757020757021,-36.14163614163614,0.0,27.155067155067155,16.996336996336996,-33.7973137973138,-3.711843711843712,0.0,11.916971916971915,-40.83028083028083,-1.3675213675213675,36.14163614163614,0.0,342.85714285714283,-387.7899877899878,-61.53846153846154,26.37362637362637,-1.3675213675213675
24.02930402930403,462.8083028083028,-424.5177045177045,-12.698412698412698,0.0,74.43223443223444,7.619047619047619,-9.18192918192918,-23.63858363858364,0.0,44.346764346764346,-40.43956043956044,0.0,8.791208791208792,19.34065934065934,-33.01587301587302,-2.93040293040293,0.0,0.9768009768009768,-27.545787545787547,-22.075702075702075,40.83028083028083,0.0,424.9084249084249,-458.9010989010989,-14.652014652014651,15.042735042735044,-22.075702075702075
49.42612942612943,404.98168498168496,-391.69719169719167,-0.1953601953601953,0.0,83.41880341880342,11.135531135531137,-11.526251526251526,-20.512820512820515,0.0,48.64468864468864,-38.095238095238095,0.0,15.824175824175825,26.37362637362637,-25.2014652014652,-1.3675213675213675,0.0,2.93040293040293,-30.28083028083028,2.93040293040293,38.48595848595848,0.0,392.08791208791206,-394.04151404151406,-43.95604395604396,1.3675213675213675,2.93040293040293
51.77045177045177,366.3003663003663,-387.3992673992674,7.228327228327228,0.0,70.91575091575092,10.744810744810744,-18.168498168498168,-25.2014652014652,0.0,45.90964590964591,-38.48595848595848,0.0,1.7582417582417582,25.592185592185597,-23.63858363858364,-7.228327228327228,0.0,1.7582417582417582,-15.042735042735044,-20.512820512820515,30.28083028083028,0.0,387.7899877899878,-362.3931623931624,-69.35286935286935,44.346764346764346,-20.512820512820515
42.002442002442,366.6910866910867,-398.3394383394384,11.916971916971915,0.0,59.1941391941392,17.387057387057386,-21.294261294261293,-32.62515262515262,0.0,46.3003663003663,-33.01587301587302,0.0,-3.711843711843712,36.92307692307692,-25.2014652014652,-10.354090354090356,0.0,-1.3675213675213675,57.63125763125763,-85.76312576312576,24.81074481074481,0.0,398.73015873015873,-365.12820512820514,-43.95604395604396,93.57753357753356,-85.76312576312576
24.42002442002442,310.4273504273504,-322.14896214896214,5.274725274725275,0.0,43.56532356532357,33.01587301587302,-22.857142857142858,-34.969474969474966,0.0,51.77045177045177,-27.545787545787547,0.0,-5.665445665445666,42.002442002442,-26.764346764346765,-15.824175824175825,0.0,-0.1953601953601953,55.28693528693529,-91.23321123321124,28.32722832722833,0.0,322.53968253968253,-313.1623931623932,-54.89621489621489,118.97435897435898,-91.23321123321124
42.002442002442,410.0610500610501,-383.8827838827839,-20.512820512820515,0.0,47.472527472527474,38.48595848595848,-16.214896214896214,-23.247863247863247,0.0,61.14774114774115,-15.824175824175825,0.0,-2.5396825396825395,53.333333333333336,-28.32722832722833,-8.791208791208792,0.0,7.619047619047619,0.9768009768009768,-24.02930402930403,27.155067155067155,0.0,384.2735042735043,-406.1538461538461,-75.21367521367522,64.66422466422466,-24.02930402930403
53.333333333333336,354.1880341880342,-347.5457875457876,-3.711843711843712,0.0,62.71062271062271,27.936507936507937,-20.903540903540904,-13.870573870573873,0.0,59.1941391941392,-15.824175824175825,0.0,1.3675213675213675,51.77045177045177,-34.57875457875458,-0.5860805860805861,0.0,11.135531135531137,11.526251526251526,-35.36019536019536,29.89010989010989,0.0,347.93650793650795,-331.13553113553115,-55.67765567765568,32.234432234432234,-35.36019536019536
52.16117216117216,556.1904761904761,-531.5750915750916,-26.764346764346765,0.0,68.57142857142857,15.433455433455434,-26.37362637362637,-8.00976800976801,0.0,48.25396825396825,-23.63858363858364,0.0,7.228327228327228,36.53235653235653,-36.53235653235653,3.3211233211233213,0.0,8.00976800976801,-25.2014652014652,0.9768009768009768,27.155067155067155,0.0,531.965811965812,-549.9389499389499,-41.61172161172161,-1.7582417582417582,0.9768009768009768
96.31257631257633,105.68986568986568,-112.33211233211232,-35.36019536019536,0.0,93.57753357753356,2.93040293040293,-34.18803418803419,-8.00976800976801,0.0,38.095238095238095,-33.01587301587302,0.0,26.37362637362637,27.936507936507937,-36.14163614163614,9.18192918192918,0.0,19.73137973137973,-7.619047619047619,-4.884004884004884,20.12210012210012,0.0,112.72283272283272,-59.58485958485959,-97.09401709401708,-0.9768009768009768,-4.884004884004884
101.78266178266178,404.98168498168496,-449.5238095238095,-19.34065934065934,0.0,105.2991452991453,-0.5860805860805861,-41.22100122100122,-25.2014652014652,0.0,30.671550671550676,-40.83028083028083,0.0,38.48595848595848,25.592185592185597,-36.53235653235653,5.274725274725275,0.0,22.466422466422465,1.7582417582417582,-2.5396825396825395,11.135531135531137,0.0,449.9145299145299,-366.6910866910867,-47.86324786324786,-33.40659340659341,-2.5396825396825395
73.65079365079364,210.4029304029304,-210.01221001221,-41.22100122100122,0.0,84.59096459096459,10.744810744810744,-37.31379731379732,-25.592185592185597,0.0,32.62515262515262,-38.48595848595848,0.0,26.764346764346765,25.982905982905983,-34.57875457875458,8.00976800976801,0.0,3.711843711843712,16.996336996336996,-17.77777777777778,22.466422466422465,0.0,210.4029304029304,-181.4896214896215,-38.48595848595848,-9.963369963369964,-17.77777777777778
85.37240537240537,301.83150183150184,-279.9511599511599,-41.61172161172161,0.0,89.67032967032966,17.77777777777778,-24.02930402930403,-18.94993894993895,0.0,43.56532356532357,-29.499389499389498,0.0,15.433455433455434,42.002442002442,-32.234432234432234,7.228327228327228,0.0,-4.884004884004884,41.61172161172161,-26.764346764346765,23.247863247863247,0.0,280.3418803418804,-251.8192918192918,-65.83638583638583,11.916971916971915,-26.764346764346765
97.09401709401708,78.33943833943835,-65.05494505494505,-20.512820512820515,0.0,90.06105006105007,22.857142857142858,-12.307692307692308,-11.526251526251526,0.0,56.84981684981685,-18.94993894993895,0.0,19.34065934065934,54.89621489621489,-31.843711843711844,8.00976800976801,0.0,1.7582417582417582,114.67643467643468,-78.73015873015873,12.698412698412698,0.0,65.44566544566544,-30.671550671550676,-78.73015873015873,90.45177045177046,-78.73015873015873
79.12087912087912,295.97069597069594,-289.7191697191697,-24.42002442002442,0.0,69.74358974358974,11.526251526251526,-12.698412698412698,-8.00976800976801,0.0,54.5054945054945,-18.55921855921856,0.0,0.1953601953601953,49.42612942612943,-40.43956043956044,6.446886446886447,0.0,-11.916971916971915,97.87545787545788,-88.4981684981685,18.55921855921856,0.0,290.1098901098901,-272.5274725274725,-80.29304029304029,102.17338217338218,-88.4981684981685
77.94871794871794,74.82295482295483,-111.94139194139194,-22.075702075702075,0.0,56.06837606837607,-1.3675213675213675,-17.77777777777778,-17.387057387057386,0.0,45.90964590964591,-24.81074481074481,0.0,-9.572649572649572,43.17460317460318,-44.346764346764346,0.5860805860805861,0.0,-14.652014652014651,74.43223443223444,-83.02808302808303,11.916971916971915,0.0,112.33211233211232,-67.00854700854701,-112.33211233211232,116.63003663003664,-83.02808302808303
92.4053724053724,95.14041514041514,-173.2844932844933,-11.135531135531137,0.0,58.41269841269841,-5.665445665445666,-23.247863247863247,-25.2014652014652,0.0,40.83028083028083,-24.81074481074481,0.0,-6.056166056166056,38.87667887667888,-47.081807081807085,-2.5396825396825395,0.0,0.1953601953601953,24.02930402930403,-49.81684981684982,8.00976800976801,0.0,173.67521367521368,-115.84859584859583,-90.45177045177046,76.77655677655677,-49.81684981684982
90.45177045177046,-133.04029304029305,45.90964590964591,-14.261294261294262,0.0,45.51892551892552,-4.493284493284493,-25.592185592185597,-24.02930402930403,0.0,39.65811965811966,-20.12210012210012,0.0,-21.68498168498169,40.83028083028083,-43.56532356532357,3.711843711843712,0.0,-15.824175824175825,22.075702075702075,-36.92307692307692,8.4004884004884,0.0,-45.51892551892552,112.33211233211232,-65.05494505494505,31.843711843711844,-36.92307692307692
93.57753357753356,-280.7326007326008,239.3162393162393,-17.387057387057386,0.0,59.1941391941392,7.619047619047619,-18.94993894993895,-12.698412698412698,0.0,46.3003663003663,-13.089133089133089,0.0,-22.857142857142858,52.94261294261294,-34.57875457875458,10.744810744810744,0.0,0.5860805860805861,50.5982905982906,-48.64468864468864,2.148962148962149,0.0,-238.92551892551893,274.4810744810745,-38.48595848595848,47.472527472527474,-48.64468864468864
111.55067155067157,6.446886446886447,-43.56532356532357,0.5860805860805861,0.0,73.65079365079364,17.77777777777778,-9.963369963369964,-5.665445665445666,0.0,54.89621489621489,-8.4004884004884,0.0,-4.102564102564102,60.757020757020754,-32.62515262515262,18.55921855921856,0.0,9.572649572649572,75.21367521367522,-50.20757020757021,7.228327228327228,0.0,43.95604395604396,7.619047619047619,-59.975579975579976,57.24053724053724,-50.20757020757021
115.45787545787546,-14.261294261294262,-14.652014652014651,-7.228327228327228,0.0,75.6043956043956,13.870573870573873,-8.00976800976801,-2.5396825396825395,0.0,56.45909645909646,-14.261294261294262,0.0,9.963369963369964,56.84981684981685,-33.40659340659341,22.857142857142858,0.0,0.1953601953601953,56.45909645909646,-7.228327228327228,6.446886446886447,0.0,15.042735042735044,63.10134310134311,-104.51770451770452,13.089133089133089,-7.228327228327228
97.87545787545788,-138.5103785103785,102.95482295482296,-7.619047619047619,0.0,67.78998778998779,6.446886446886447,-11.916971916971915,-7.619047619047619,0.0,49.03540903540904,-26.37362637362637,0.0,12.698412698412698,45.90964590964591,-34.18803418803419,20.903540903540904,0.0,-2.93040293040293,70.13431013431014,-20.512820512820515,-0.5860805860805861,0.0,-102.56410256410255,157.65567765567766,-80.68376068376068,32.62515262515262,-20.512820512820515
129.52380952380952,-86.54456654456655,42.78388278388278,-18.94993894993895,0.0,96.7032967032967,4.102564102564102,-16.996336996336996,-16.996336996336996,0.0,47.472527472527474,-32.234432234432234,0.0,39.65811965811966,39.65811965811966,-36.14163614163614,18.94993894993895,0.0,-4.102564102564102,63.88278388278388,-2.148962148962149,4.102564102564102,0.0,-42.39316239316239,102.95482295482296,-129.13308913308913,40.43956043956044,-2.148962148962149
151.7948717948718,204.93284493284492,-250.25641025641025,-22.857142857142858,0.0,120.14652014652016,3.711843711843712,-21.294261294261293,-18.55921855921856,0.0,48.64468864468864,-33.40659340659341,0.0,46.3003663003663,29.89010989010989,-35.75091575091575,18.168498168498168,0.0,-2.148962148962149,67.78998778998779,-12.698412698412698,6.056166056166056,0.0,250.64713064713064,-187.3504273504273,-111.15995115995116,25.982905982905983,-12.698412698412698
186.17826617826617,-63.88278388278388,54.5054945054945,-22.075702075702075,0.0,164.2979242979243,13.089133089133089,-14.652014652014651,-8.4004884004884,0.0,58.41269841269841,-21.294261294261293,0.0,80.29304029304029,41.22100122100122,-31.062271062271066,25.2014652014652,0.0,20.12210012210012,170.15873015873015,-90.06105006105007,14.652014652014651,0.0,-54.114774114774114,83.02808302808303,-22.857142857142858,45.90964590964591,-90.06105006105007
239.7069597069597,-32.234432234432234,41.61172161172161,-15.042735042735044,0.0,214.31013431013432,22.466422466422465,-6.056166056166056,2.148962148962149,0.0,70.13431013431014,-11.135531135531137,0.0,117.4114774114774,54.89621489621489,-24.02930402930403,28.71794871794872,0.0,39.26739926739927,221.34310134310132,-114.28571428571428,29.10866910866911,0.0,-41.22100122100122,82.24664224664225,-50.989010989010985,80.68376068376068,-114.28571428571428
280.3418803418804,-79.12087912087912,106.47130647130648,-33.40659340659341,0.0,235.018315018315,24.42002442002442,3.3211233211233213,8.791208791208792,0.0,81.46520146520146,-5.274725274725275,0.0,142.41758241758242,68.18070818070818,-17.387057387057386,28.71794871794872,0.0,45.12820512820513,174.06593406593407,-33.7973137973138,36.53235653235653,0.0,-106.08058608058607,150.23199023199024,-93.96825396825396,12.698412698412698,-33.7973137973138
288.54700854700855,-222.12454212454213,238.5347985347985,-26.764346764346765,0.0,233.45543345543345,21.294261294261293,8.791208791208792,11.916971916971915,0.0,83.41880341880342,1.3675213675213675,0.0,160.3907203907204,78.33943833943835,-8.00976800976801,31.062271062271066,0.0,48.25396825396825,152.96703296703296,29.10866910866911,29.499389499389498,0.0,-238.14407814407812,286.5934065934066,-100.6105006105006,-31.062271062271066,29.10866910866911
317.0695970695971,-183.83394383394383,196.33699633699635,-37.704517704517706,0.0,247.9120879120879,20.12210012210012,15.433455433455434,5.665445665445666,0.0,84.59096459096459,7.619047619047619,0.0,172.8937728937729,88.88888888888889,1.3675213675213675,30.28083028083028,0.0,58.41269841269841,165.0793650793651,56.45909645909646,12.698412698412698,0.0,-195.94627594627596,250.25641025641025,-123.27228327228327,-31.45299145299145,56.45909645909646
360.83028083028086,-49.42612942612943,50.5982905982906,-46.3003663003663,0.0,278.77899877899875,19.73137973137973,18.94993894993895,-3.711843711843712,0.0,90.45177045177046,8.4004884004884,0.0,182.27106227106228,93.18681318681318,2.93040293040293,27.545787545787547,0.0,77.16727716727716,192.42979242979243,32.62515262515262,4.102564102564102,0.0,-50.20757020757021,111.55067155067157,-122.1001221001221,-20.903540903540904,32.62515262515262
397.1672771672772,-174.06593406593407,175.23809523809524,-22.075702075702075,0.0,325.66544566544565,31.062271062271066,23.63858363858364,-5.274725274725275,0.0,101.001221001221,11.916971916971915,0.0,207.27716727716728,99.43833943833944,0.1953601953601953,27.545787545787547,0.0,104.12698412698413,222.12454212454213,3.711843711843712,3.711843711843712,0.0,-174.84737484737485,218.2173382173382,-56.45909645909646,-23.63858363858364,3.711843711843712
446.007326007326,-357.7045177045177,376.4590964590965,-12.307692307692308,0.0,394.8229548229549,37.704517704517706,22.466422466422465,-4.493284493284493,0.0,111.94139194139194,13.089133089133089,0.0,254.16361416361417,109.5970695970696,-1.3675213675213675,22.857142857142858,0.0,136.55677655677655,344.81074481074484,-103.73626373626374,8.00976800976801,0.0,-376.068376068376,410.45177045177047,-16.605616605616607,56.45909645909646,-103.73626373626374
505.3968253968254,-84.2002442002442,111.15995115995116,-14.261294261294262,0.0,455.77533577533575,43.56532356532357,20.903540903540904,-4.493284493284493,0.0,123.66300366300366,9.18192918192918,0.0,299.8778998778999,117.4114774114774,-4.493284493284493,14.652014652014651,0.0,173.2844932844933,324.1025641025641,-81.85592185592185,11.135531135531137,0.0,-110.76923076923076,135.77533577533578,2.93040293040293,17.387057387057386,-81.85592185592185
525.3235653235653,36.53235653235653,-11.135531135531137,-17.77777777777778,0.0,474.52991452991455,43.56532356532357,16.605616605616607,-3.711843711843712,0.0,126.007326007326,7.619047619047619,0.0,321.36752136752136,117.4114774114774,-5.665445665445666,8.00976800976801,0.0,188.5225885225885,223.2967032967033,8.791208791208792,19.34065934065934,0.0,11.526251526251526,19.73137973137973,-28.71794871794872,-58.8034188034188,8.791208791208792
530.0122100122101,-207.66788766788767,229.5482295482296,-27.936507936507937,0.0,479.2185592185592,39.65811965811966,11.916971916971915,-8.791208791208792,0.0,118.1929181929182,11.916971916971915,0.0,330.7448107448108,113.89499389499387,-4.493284493284493,4.884004884004884,0.0,197.50915750915752,241.66056166056163,-18.168498168498168,23.247863247863247,0.0,-229.1575091575092,282.6862026862027,-39.65811965811966,-50.20757020757021,-18.168498168498168
526.4957264957264,-124.44444444444444,179.53601953601952,-27.155067155067155,0.0,488.986568986569,53.333333333333336,23.63858363858364,-13.47985347985348,0.0,119.36507936507935,22.857142857142858,0.0,337.77777777777777,114.67643467643468,2.148962148962149,9.18192918192918,0.0,210.4029304029304,253.77289377289375,-15.042735042735044,15.433455433455434,0.0,-179.14529914529913,206.1050061050061,0.1953601953601953,-54.89621489621489,-15.042735042735044
540.952380952381,117.4114774114774,-79.9023199023199,-10.744810744810744,0.0,501.0989010989011,56.06837606837607,24.42002442002442,-15.433455433455434,0.0,122.1001221001221,25.2014652014652,0.0,317.0695970695971,116.23931623931624,2.93040293040293,4.493284493284493,0.0,211.96581196581195,242.05128205128204,-16.605616605616607,4.493284493284493,0.0,80.29304029304029,-14.652014652014651,-22.857142857142858,-53.333333333333336,-16.605616605616607
539.7802197802198,-55.67765567765568,107.64346764346764,-0.5860805860805861,0.0,512.039072039072,61.53846153846154,29.499389499389498,-14.261294261294262,0.0,129.52380952380952,28.32722832722833,0.0,339.34065934065933,124.05372405372404,4.102564102564102,4.102564102564102,0.0,239.3162393162393,351.06227106227107,-121.7094017094017,3.711843711843712,0.0,-107.25274725274726,147.88766788766787,30.671550671550676,31.843711843711844,-121.7094017094017
553.4554334554334,-294.4078144078144,392.4786324786325,-22.466422466422465,0.0,542.9059829059829,72.08791208791209,29.10866910866911,-16.214896214896214,0.0,133.43101343101344,25.982905982905983,0.0,349.4993894993895,130.3052503052503,1.7582417582417582,1.7582417582417582,0.0,245.5677655677656,334.65201465201466,-112.72283272283272,15.824175824175825,0.0,-392.08791208791206,387.3992673992674,57.24053724053724,12.698412698412698,-112.72283272283272
586.6666666666666,20.903540903540904,78.33943833943835,-44.737484737484735,0.0,567.9120879120879,65.05494505494505,21.294261294261293,-13.870573870573873,0.0,134.6031746031746,14.261294261294262,0.0,356.5323565323565,130.3052503052503,-4.493284493284493,1.3675213675213675,0.0,269.7924297924298,239.3162393162393,-59.1941391941392,32.234432234432234,0.0,-77.94871794871794,73.65079365079364,58.02197802197802,-76.38583638583638,-59.1941391941392
552.6739926739926,263.9316239316239,-114.28571428571428,-78.33943833943835,0.0,543.2967032967033,63.88278388278388,17.387057387057386,-2.93040293040293,0.0,131.08669108669108,8.791208791208792,0.0,366.3003663003663,126.3980463980464,-10.354090354090356,9.572649572649572,0.0,277.2161172161172,210.4029304029304,-63.49206349206349,67.3992673992674,0.0,114.67643467643468,-176.8009768009768,58.8034188034188,-81.46520146520146,-63.49206349206349
505.7875457875458,83.02808302808303,59.1941391941392,-53.724053724053725,0.0,519.4627594627594,68.57142857142857,12.307692307692308,-6.837606837606837,0.0,120.92796092796092,4.884004884004884,0.0,351.84371184371184,113.89499389499387,-13.089133089133089,18.55921855921856,0.0,263.1501831501831,187.74114774114773,-70.91575091575092,90.45177045177046,0.0,-58.8034188034188,-5.274725274725275,52.16117216117216,-50.20757020757021,-70.91575091575092
458.9010989010989,354.96947496947496,-248.6935286935287,2.93040293040293,0.0,485.4700854700855,72.47863247863248,20.903540903540904,-11.916971916971915,0.0,118.97435897435898,4.493284493284493,0.0,332.3076923076923,111.55067155067157,-8.791208791208792,7.619047619047619,0.0,262.75946275946274,139.68253968253967,-0.5860805860805861,40.43956043956044,0.0,249.08424908424908,-278.3882783882784,106.86202686202688,-107.64346764346764,-0.5860805860805861
438.97435897435895,206.1050061050061,-91.62393162393164,27.936507936507937,0.0,478.04639804639805,81.46520146520146,28.71794871794872,-8.00976800976801,0.0,126.3980463980464,11.135531135531137,0.0,339.7313797313797,117.02075702075702,2.93040293040293,-0.9768009768009768,0.0,274.4810744810745,131.08669108669108,61.92918192918193,-9.18192918192918,0.0,92.014652014652,-131.08669108669108,122.88156288156289,-107.25274725274726,61.92918192918193
429.98778998779,109.98778998778998,15.042735042735044,35.75091575091575,0.0,480.7814407814408,88.1074481074481,32.62515262515262,-11.526251526251526,0.0,128.74236874236874,22.857142857142858,0.0,327.2283272283272,120.92796092796092,13.089133089133089,-1.3675213675213675,0.0,255.3357753357753,226.4224664224664,-3.3211233211233213,-17.77777777777778,0.0,-14.652014652014651,-22.857142857142858,141.63614163614164,-33.7973137973138,-3.3211233211233213
426.8620268620269,123.27228327228327,5.665445665445666,16.996336996336996,0.0,468.6691086691087,83.80952380952381,38.48595848595848,-18.55921855921856,0.0,129.13308913308913,24.02930402930403,0.0,308.86446886446885,120.92796092796092,10.744810744810744,-9.572649572649572,0.0,258.85225885225884,214.7008547008547,-16.605616605616607,-25.2014652014652,0.0,-5.274725274725275,-32.234432234432234,167.03296703296704,-54.114774114774114,-16.605616605616607
429.98778998779,318.24175824175825,-149.45054945054946,-21.294261294261293,0.0,465.1526251526252,81.85592185592185,42.002442002442,-13.870573870573873,0.0,136.16605616605617,24.02930402930403,0.0,320.976800976801,123.66300366300366,7.228327228327228,-7.228327228327228,0.0,277.997557997558,218.6080586080586,-44.737484737484735,-6.056166056166056,0.0,149.84126984126985,-195.94627594627596,104.9084249084249,-17.387057387057386,-44.737484737484735
408.4981684981685,32.234432234432234,112.33211233211232,-2.148962148962149,0.0,446.007326007326,77.94871794871794,40.04884004884005,-14.261294261294262,0.0,131.08669108669108,27.155067155067155,0.0,318.63247863247864,114.67643467643468,-0.1953601953601953,-0.5860805860805861,0.0,286.5934065934066,181.4896214896215,-55.28693528693529,20.12210012210012,0.0,-111.94139194139194,82.24664224664225,114.67643467643468,-34.57875457875458,-55.28693528693529
394.04151404151406,-117.02075702075702,210.4029304029304,18.55921855921856,0.0,419.04761904761904,71.6971916971917,37.31379731379732,-23.63858363858364,0.0,117.4114774114774,20.12210012210012,0.0,302.6129426129426,98.26617826617829,-8.00976800976801,-4.884004884004884,0.0,281.9047619047619,135.77533577533578,-46.69108669108669,16.605616605616607,0.0,-210.01221001221,211.1843711843712,86.93528693528694,-23.63858363858364,-46.69108669108669
399.5115995115995,157.65567765567766,-36.53235653235653,10.354090354090356,0.0,428.4249084249085,72.47863247863248,39.26739926739927,-11.135531135531137,0.0,111.55067155067157,20.12210012210012,0.0,303.3943833943834,93.57753357753356,-6.837606837606837,4.102564102564102,0.0,295.57997557997555,109.2063492063492,-14.652014652014651,4.493284493284493,0.0,36.92307692307692,-67.00854700854701,121.31868131868131,-54.89621489621489,-14.652014652014651
367.8632478632479,165.86080586080587,11.526251526251526,-19.34065934065934,0.0,410.45177045177047,73.26007326007326,32.62515262515262,7.228327228327228,0.0,104.51770451770452,20.903540903540904,0.0,286.2026862026862,85.76312576312576,-4.102564102564102,20.12210012210012,0.0,272.9181929181929,121.31868131868131,-18.168498168498168,10.744810744810744,0.0,-11.135531135531137,-85.76312576312576,171.7216117216117,-65.83638583638583,-18.168498168498168
303.3943833943834,-27.936507936507937,187.74114774114773,-9.963369963369964,0.0,350.6715506715507,68.96214896214896,25.982905982905983,4.493284493284493,0.0,90.45177045177046,13.47985347985348,0.0,235.4090354090354,73.26007326007326,-6.056166056166056,25.2014652014652,0.0,230.32967032967036,92.7960927960928,-13.089133089133089,17.77777777777778,0.0,-187.3504273504273,106.08058608058607,170.94017094017093,-73.65079365079364,-13.089133089133089
300.65934065934067,72.86935286935287,72.08791208791209,-15.433455433455434,0.0,336.996336996337,62.31990231990232,22.857142857142858,5.274725274725275,0.0,82.24664224664225,5.274725274725275,0.0,210.01221001221,64.66422466422466,-7.228327228327228,26.764346764346765,0.0,211.5750915750916,126.007326007326,-64.66422466422466,20.903540903540904,0.0,-71.6971916971917,12.698412698412698,161.17216117216117,-38.48595848595848,-64.66422466422466
276.04395604395603,320.5860805860806,-213.52869352869357,10.354090354090356,0.0,314.33455433455435,53.724053724053725,21.68498168498169,2.148962148962149,0.0,74.82295482295483,2.93040293040293,0.0,195.16483516483515,59.1941391941392,-9.572649572649572,22.466422466422465,0.0,196.33699633699635,97.09401709401708,-49.03540903540904,23.63858363858364,0.0,213.91941391941396,-238.5347985347985,138.1196581196581,-39.65811965811966,-49.03540903540904
257.6800976800977,177.97313797313797,-119.75579975579976,44.346764346764346,0.0,297.5335775335776,52.94261294261294,20.903540903540904,-13.089133089133089,0.0,70.52503052503053,7.228327228327228,0.0,189.6947496947497,55.67765567765568,-12.307692307692308,13.870573870573873,0.0,191.64835164835165,54.89621489621489,-22.466422466422465,22.466422466422465,0.0,120.14652014652016,-106.08058608058607,142.02686202686203,-68.57142857142857,-22.466422466422465
271.74603174603175,288.54700854700855,-232.28327228327228,41.61172161172161,0.0,307.3015873015873,47.472527472527474,24.02930402930403,-10.744810744810744,0.0,68.96214896214896,17.387057387057386,0.0,183.44322344322345,59.58485958485959,-6.837606837606837,11.526251526251526,0.0,197.8998778998779,72.08791208791209,-41.61172161172161,19.73137973137973,0.0,232.67399267399267,-212.3565323565324,116.63003663003664,-31.062271062271066,-41.61172161172161
253.3821733821734,261.1965811965812,-102.56410256410255,-38.48595848595848,0.0,292.06349206349205,47.081807081807085,30.28083028083028,0.9768009768009768,0.0,72.08791208791209,29.10866910866911,0.0,174.06593406593407,63.49206349206349,-6.837606837606837,19.73137973137973,0.0,204.93284493284492,127.17948717948718,-113.5042735042735,31.45299145299145,0.0,102.95482295482296,-188.5225885225885,110.37851037851038,50.20757020757021,-113.5042735042735
229.1575091575092,510.0854700854701,-317.0695970695971,-58.41269841269841,0.0,261.978021978022,52.16117216117216,33.7973137973138,11.916971916971915,0.0,74.43223443223444,42.39316239316239,0.0,147.88766788766787,63.10134310134311,-6.446886446886447,29.10866910866911,0.0,192.8205128205128,50.989010989010985,-65.83638583638583,54.89621489621489,0.0,317.46031746031747,-447.960927960928,129.13308913308913,-22.075702075702075,-65.83638583638583
233.06471306471303,189.6947496947497,-10.744810744810744,-49.03540903540904,0.0,255.3357753357753,47.472527472527474,31.843711843711844,25.2014652014652,0.0,70.52503052503053,46.69108669108669,0.0,117.4114774114774,58.02197802197802,-5.274725274725275,44.346764346764346,0.0,180.70818070818072,-33.40659340659341,-20.12210012210012,87.71672771672772,0.0,11.135531135531137,-131.08669108669108,134.993894993895,-111.94139194139194,-20.12210012210012
241.66056166056163,362.3931623931624,-164.2979242979243,-90.84249084249085,0.0,244.3956043956044,37.31379731379732,25.982905982905983,37.31379731379732,0.0,57.63125763125763,42.002442002442,0.0,96.7032967032967,46.69108669108669,-4.493284493284493,57.63125763125763,0.0,159.6092796092796,-16.214896214896214,-55.67765567765568,110.37851037851038,0.0,164.6886446886447,-306.5201465201465,102.56410256410255,-88.1074481074481,-55.67765567765568
214.7008547008547,94.74969474969475,67.00854700854701,-67.00854700854701,0.0,213.13797313797315,29.499389499389498,17.77777777777778,45.51892551892552,0.0,45.51892551892552,38.095238095238095,0.0,81.46520146520146,42.39316239316239,-10.354090354090356,63.10134310134311,0.0,134.6031746031746,7.619047619047619,-101.78266178266178,136.55677655677655,0.0,-66.61782661782662,-36.14163614163614,104.12698412698413,-79.12087912087912,-101.78266178266178
190.47619047619048,18.168498168498168,129.9145299145299,-76.77655677655677,0.0,192.03907203907204,27.545787545787547,11.526251526251526,27.936507936507937,0.0,35.75091575091575,34.18803418803419,0.0,70.13431013431014,39.65811965811966,-14.261294261294262,59.1941391941392,0.0,117.4114774114774,-13.870573870573873,-68.57142857142857,120.92796092796092,0.0,-129.52380952380952,35.36019536019536,95.92185592185592,-95.53113553113552,-68.57142857142857
169.37728937728937,10.354090354090356,47.86324786324786,-7.619047619047619,0.0,166.64224664224665,28.32722832722833,6.837606837606837,15.433455433455434,0.0,29.499389499389498,32.62515262515262,0.0,53.333333333333336,41.61172161172161,-10.354090354090356,37.31379731379732,0.0,106.08058608058607,60.757020757020754,-91.62393162393164,47.081807081807085,0.0,-47.472527472527474,44.346764346764346,52.94261294261294,13.47985347985348,-91.62393162393164
143.98046398046398,159.6092796092796,-47.081807081807085,-68.18070818070818,0.0,142.41758241758242,29.89010989010989,7.619047619047619,6.446886446886447,0.0,28.32722832722833,33.01587301587302,0.0,29.89010989010989,42.39316239316239,-14.261294261294262,23.63858363858364,0.0,102.56410256410255,120.53724053724054,-147.1062271062271,5.665445665445666,0.0,47.472527472527474,-109.2063492063492,75.6043956043956,73.26007326007326,-147.1062271062271
137.33821733821733,-95.14041514041514,160.78144078144078,-38.87667887667888,0.0,133.43101343101344,34.57875457875458,12.698412698412698,-18.55921855921856,0.0,27.936507936507937,34.969474969474966,0.0,12.698412698412698,36.53235653235653,-16.214896214896214,17.387057387057386,0.0,93.96825396825396,65.05494505494505,-86.93528693528694,-20.512820512820515,0.0,-160.3907203907204,129.52380952380952,75.21367521367522,36.53235653235653,-86.93528693528694
138.1196581196581,-223.6874236874237,213.52869352869357,11.526251526251526,0.0,127.57020757020756,37.31379731379732,16.605616605616607,-43.17460317460318,0.0,20.512820512820515,33.01587301587302,0.0,3.3211233211233213,27.545787545787547,-14.261294261294262,11.526251526251526,0.0,86.93528693528694,8.00976800976801,-20.12210012210012,-46.3003663003663,0.0,-213.13797313797315,256.1172161172161,75.995115995116,-29.10866910866911,-20.12210012210012
129.52380952380952,20.12210012210012,-14.261294261294262,-11.135531135531137,0.0,105.2991452991453,33.40659340659341,16.605616605616607,-32.234432234432234,0.0,14.652014652014651,28.32722832722833,0.0,2.148962148962149,18.94993894993895,-14.261294261294262,9.572649572649572,0.0,80.68376068376068,-52.55189255189255,18.55921855921856,-29.499389499389498,0.0,14.652014652014651,8.791208791208792,78.73015873015873,-102.17338217338218,18.55921855921856
99.43833943833944,-70.91575091575092,164.6886446886447,-103.34554334554336,0.0,62.31990231990232,22.857142857142858,6.446886446886447,-4.493284493284493,0.0,6.446886446886447,18.168498168498168,0.0,-15.824175824175825,1.3675213675213675,-17.77777777777778,30.671550671550676,0.0,52.94261294261294,-120.92796092796092,30.28083028083028,34.57875457875458,0.0,-164.2979242979243,97.09401709401708,56.84981684981685,-152.18559218559218,30.28083028083028
83.41880341880342,-368.25396825396825,356.5323565323565,-18.94993894993895,0.0,33.40659340659341,16.214896214896214,-6.446886446886447,8.00976800976801,0.0,-2.5396825396825395,6.446886446886447,0.0,-31.062271062271066,-5.665445665445666,-21.294261294261293,35.75091575091575,0.0,44.737484737484735,-117.4114774114774,-9.963369963369964,59.1941391941392,0.0,-356.1416361416361,399.1208791208791,44.346764346764346,-145.93406593406593,-9.963369963369964
49.03540903540904,-115.06715506715508,169.37728937728937,-50.989010989010985,0.0,12.307692307692308,0.1953601953601953,-16.996336996336996,54.5054945054945,0.0,-10.354090354090356,-1.3675213675213675,0.0,-42.78388278388278,-4.493284493284493,-20.12210012210012,33.7973137973138,0.0,40.04884004884005,-80.29304029304029,-65.44566544566544,70.52503052503053,0.0,-168.98656898656898,135.3846153846154,70.13431013431014,-101.3919413919414,-65.44566544566544
10.744810744810744,163.5164835164835,43.95604395604396,-202.97924297924297,0.0,-15.042735042735044,-17.77777777777778,-36.14163614163614,84.2002442002442,0.0,-26.764346764346765,-10.354090354090356,0.0,-73.65079365079364,-14.652014652014651,-29.10866910866911,58.8034188034188,0.0,22.857142857142858,21.68498168498169,-206.4957264957265,101.78266178266178,0.0,-43.56532356532357,-144.37118437118437,78.73015873015873,11.916971916971915,-206.4957264957265
2.93040293040293,-49.81684981684982,99.82905982905984,-80.29304029304029,0.0,-6.837606837606837,-6.837606837606837,-15.433455433455434,2.148962148962149,0.0,-30.671550671550676,-9.572649572649572,0.0,-87.71672771672772,-13.089133089133089,-33.40659340659341,42.002442002442,0.0,7.228327228327228,92.4053724053724,-223.2967032967033,30.28083028083028,0.0,-99.43833943833944,59.975579975579976,63.10134310134311,106.08058608058607,-223.2967032967033
-2.148962148962149,78.33943833943835,-114.28571428571428,-14.652014652014651,0.0,-13.47985347985348,2.148962148962149,-2.93040293040293,-38.48595848595848,0.0,-31.062271062271066,-8.00976800976801,0.0,-83.41880341880342,-11.526251526251526,-30.671550671550676,16.605616605616607,0.0,-2.5396825396825395,-58.8034188034188,-21.68498168498169,-25.592185592185597,0.0,114.67643467643468,-82.63736263736264,89.67032967032966,-69.35286935286935,-21.68498168498169
-0.1953601953601953,41.22100122100122,-27.545787545787547,-86.54456654456655,0.0,-34.57875457875458,0.9768009768009768,0.5860805860805861,-40.83028083028083,0.0,-32.234432234432234,-4.102564102564102,0.0,-94.35897435897436,-20.512820512820515,-25.2014652014652,13.870573870573873,0.0,-16.214896214896214,-67.3992673992674,-8.00976800976801,-33.7973137973138,0.0,27.936507936507937,-46.69108669108669,61.92918192918193,-73.26007326007326,-8.00976800976801
0.5860805860805861,69.74358974358974,-111.55067155067157,-48.64468864468864,0.0,-48.64468864468864,2.148962148962149,1.3675213675213675,-45.12820512820513,0.0,-28.71794871794872,-3.711843711843712,0.0,-101.3919413919414,-25.592185592185597,-22.075702075702075,10.744810744810744,0.0,-29.10866910866911,-162.34432234432234,82.63736263736264,-29.10866910866911,0.0,111.94139194139194,-76.77655677655677,14.261294261294262,-141.24542124542126,82.63736263736264
-10.744810744810744,-107.64346764346764,52.16117216117216,-46.69108669108669,0.0,-73.26007326007326,-8.00976800976801,-14.652014652014651,-16.214896214896214,0.0,-27.545787545787547,-11.916971916971915,0.0,-105.2991452991453,-31.45299145299145,-20.512820512820515,11.135531135531137,0.0,-27.936507936507937,-88.1074481074481,-22.075702075702075,-6.056166056166056,0.0,-51.77045177045177,94.74969474969475,12.698412698412698,-63.88278388278388,-22.075702075702075
-32.62515262515262,119.36507936507935,-63.49206349206349,-169.37728937728937,0.0,-103.34554334554336,-25.592185592185597,-27.936507936507937,10.744810744810744,0.0,-34.18803418803419,-25.592185592185597,0.0,-110.76923076923076,-38.095238095238095,-25.2014652014652,13.870573870573873,0.0,-24.81074481074481,74.82295482295483,-196.72771672771677,-13.47985347985348,0.0,63.88278388278388,-151.4041514041514,33.01587301587302,105.2991452991453,-196.72771672771677
-52.16117216117216,-156.87423687423689,104.12698412698413,-76.77655677655677,0.0,-104.12698412698413,-25.592185592185597,-25.982905982905983,-24.42002442002442,0.0,-33.40659340659341,-31.843711843711844,0.0,-115.06715506715508,-36.53235653235653,-36.92307692307692,8.4004884004884,0.0,-34.969474969474966,12.698412698412698,-144.37118437118437,-13.870573870573873,0.0,-103.73626373626374,121.7094017094017,13.089133089133089,77.16727716727716,-144.37118437118437
-66.22710622710623,-437.8021978021978,319.8046398046398,-15.433455433455434,0.0,-101.3919413919414,-25.982905982905983,-17.77777777777778,-53.333333333333336,0.0,-30.28083028083028,-32.62515262515262,0.0,-115.06715506715508,-34.57875457875458,-41.61172161172161,4.102564102564102,0.0,-46.69108669108669,-41.22100122100122,-84.98168498168498,-13.870573870573873,0.0,-319.4139194139194,394.04151404151406,42.78388278388278,11.135531135531137,-84.98168498168498
-88.1074481074481,-142.8083028083028,77.94871794871794,-36.14163614163614,0.0,-114.28571428571428,-20.512820512820515,-7.228327228327228,-47.081807081807085,0.0,-29.10866910866911,-26.37362637362637,0.0,-111.94139194139194,-33.40659340659341,-42.78388278388278,1.7582417582417582,0.0,-49.42612942612943,-90.84249084249085,-46.69108669108669,1.7582417582417582,0.0,-77.55799755799755,106.47130647130648,65.44566544566544,-51.77045177045177,-46.69108669108669
-94.74969474969475,-2.5396825396825395,-16.996336996336996,-43.56532356532357,0.0,-107.64346764346764,-19.73137973137973,-7.228327228327228,-23.247863247863247,0.0,-27.936507936507937,-16.996336996336996,0.0,-122.1001221001221,-25.2014652014652,-41.22100122100122,11.526251526251526,0.0,-54.114774114774114,-148.2783882783883,-31.843711843711844,57.63125763125763,0.0,17.387057387057386,-16.996336996336996,39.26739926739927,-88.88888888888889,-31.843711843711844
-95.92185592185592,-236.5811965811966,281.12332112332115,-95.14041514041514,0.0,-107.64346764346764,-20.512820512820515,-15.433455433455434,-2.93040293040293,0.0,-25.592185592185597,-13.870573870573873,0.0,-134.6031746031746,-20.512820512820515,-43.95604395604396,30.28083028083028,0.0,-65.44566544566544,-144.76190476190476,-44.737484737484735,86.54456654456655,0.0,-280.7326007326008,217.43589743589743,40.83028083028083,-98.26617826617829,-44.737484737484735
-101.78266178266178,-221.34310134310132,267.44810744810746,-103.34554334554336,0.0,-112.72283272283272,-22.075702075702075,-24.81074481074481,0.1953601953601953,0.0,-27.155067155067155,-20.903540903540904,0.0,-136.16605616605617,-16.605616605616607,-46.3003663003663,17.387057387057386,0.0,-56.45909645909646,-83.41880341880342,-89.27960927960928,47.472527472527474,0.0,-267.0573870573871,197.50915750915752,34.969474969474966,-21.68498168498169,-89.27960927960928
-102.17338217338218,20.512820512820515,-51.77045177045177,-78.73015873015873,0.0,-112.33211233211232,-18.94993894993895,-23.63858363858364,-56.84981684981685,0.0,-24.42002442002442,-28.32722832722833,0.0,-136.16605616605617,-13.089133089133089,-46.69108669108669,-0.5860805860805861,0.0,-59.975579975579976,-126.7887667887668,-33.01587301587302,22.075702075702075,0.0,52.16117216117216,-58.8034188034188,14.652014652014651,-50.20757020757021,-33.01587301587302
-99.43833943833944,-173.2844932844933,4.102564102564102,15.433455433455434,0.0,-110.37851037851038,-19.34065934065934,-26.37362637362637,-95.53113553113552,0.0,-11.526251526251526,-34.57875457875458,0.0,-130.3052503052503,-8.4004884004884,-47.081807081807085,-12.698412698412698,0.0,-67.3992673992674,-120.14652014652016,9.963369963369964,-21.294261294261293,0.0,-3.711843711843712,135.3846153846154,13.870573870573873,-67.78998778998779,9.963369963369964
-122.4908424908425,-432.33211233211233,312.7716727716728,-23.63858363858364,0.0,-128.35164835164835,-22.466422466422465,-27.936507936507937,-85.76312576312576,0.0,-3.3211233211233213,-39.65811965811966,0.0,-125.6166056166056,-7.619047619047619,-46.69108669108669,-29.10866910866911,0.0,-64.27350427350427,-90.84249084249085,-6.837606837606837,-47.86324786324786,0.0,-312.3809523809524,395.2136752136752,29.10866910866911,-39.26739926739927,-6.837606837606837
-144.76190476190476,-134.993894993895,86.15384615384616,-74.43223443223444,0.0,-151.7948717948718,-21.294261294261293,-20.903540903540904,-72.08791208791209,0.0,2.148962148962149,-36.53235653235653,0.0,-134.21245421245422,-4.493284493284493,-44.737484737484735,-30.671550671550676,0.0,-68.96214896214896,-24.42002442002442,-111.94139194139194,-7.619047619047619,0.0,-85.76312576312576,103.73626373626374,35.75091575091575,27.155067155067155,-111.94139194139194
-142.41758241758242,42.002442002442,-60.757020757020754,-70.52503052503053,0.0,-153.35775335775335,-20.903540903540904,-15.042735042735044,-42.39316239316239,0.0,12.307692307692308,-27.155067155067155,0.0,-138.1196581196581,7.228327228327228,-46.69108669108669,-20.12210012210012,0.0,-77.94871794871794,71.6971916971917,-201.02564102564105,9.963369963369964,0.0,61.14774114774115,-71.30647130647131,38.87667887667888,116.63003663003664,-201.02564102564105
-148.66910866910868,-192.03907203907204,438.58363858363856,-294.017094017094,0.0,-158.04639804639805,-24.02930402930403,-16.605616605616607,2.93040293040293,0.0,18.55921855921856,-21.68498168498169,0.0,-136.55677655677655,12.698412698412698,-52.16117216117216,-18.168498168498168,0.0,-73.65079365079364,-21.68498168498169,-114.28571428571428,15.433455433455434,0.0,-438.19291819291817,160.0,56.84981684981685,27.545787545787547,-114.28571428571428
-130.6959706959707,-242.05128205128204,327.6190476190476,-162.73504273504273,0.0,-145.54334554334554,-7.619047619047619,-2.93040293040293,-50.5982905982906,0.0,20.12210012210012,-13.47985347985348,0.0,-129.52380952380952,11.526251526251526,-48.25396825396825,-22.075702075702075,0.0,-69.74358974358974,-119.75579975579976,-20.903540903540904,21.68498168498169,0.0,-327.2283272283272,202.58852258852255,17.387057387057386,-43.56532356532357,-20.903540903540904
-112.33211233211232,-158.82783882783883,151.4041514041514,-97.48473748473748,0.0,-124.83516483516485,-5.274725274725275,0.5860805860805861,-88.1074481074481,0.0,24.02930402930403,-8.00976800976801,0.0,-114.67643467643468,7.619047619047619,-40.83028083028083,-34.969474969474966,0.0,-72.08791208791209,-153.35775335775335,67.00854700854701,-25.2014652014652,0.0,-151.01343101343102,104.9084249084249,0.1953601953601953,-65.83638583638583,67.00854700854701
-111.55067155067157,-441.7094017094017,417.8754578754578,-81.46520146520146,0.0,-118.5836385836386,-9.963369963369964,-8.4004884004884,-78.73015873015873,0.0,25.592185592185597,-11.526251526251526,0.0,-106.47130647130648,-1.3675213675213675,-36.53235653235653,-39.65811965811966,0.0,-71.30647130647131,-183.44322344322345,115.06715506715508,-45.90964590964591,0.0,-417.4847374847375,388.96214896214894,-5.665445665445666,-88.88888888888889,115.06715506715508
-126.7887667887668,-194.7741147741148,42.39316239316239,33.7973137973138,0.0,-132.64957264957266,-6.056166056166056,-11.135531135531137,-92.7960927960928,0.0,21.294261294261293,-13.47985347985348,0.0,-107.64346764346764,-11.135531135531137,-27.155067155067155,-35.36019536019536,0.0,-67.00854700854701,-119.36507936507935,48.25396825396825,-45.12820512820513,0.0,-42.002442002442,141.24542124542126,1.3675213675213675,-26.764346764346765,48.25396825396825
-140.0732600732601,68.96214896214896,-240.0976800976801,58.41269841269841,0.0,-145.93406593406593,-8.791208791208792,-8.00976800976801,-86.93528693528694,0.0,21.68498168498169,-13.870573870573873,0.0,-125.6166056166056,-12.698412698412698,-20.903540903540904,-32.62515262515262,0.0,-75.995115995116,-25.2014652014652,-54.5054945054945,-37.31379731379732,0.0,240.4884004884005,-126.7887667887668,47.081807081807085,37.31379731379732,-54.5054945054945
-154.13919413919413,-131.4774114774115,10.744810744810744,23.63858363858364,0.0,-169.76800976800976,-13.870573870573873,-8.791208791208792,-56.06837606837607,0.0,27.155067155067155,-10.744810744810744,0.0,-143.1990231990232,-8.4004884004884,-18.94993894993895,-23.247863247863247,0.0,-84.59096459096459,30.28083028083028,-131.86813186813183,-8.791208791208792,0.0,-10.354090354090356,83.02808302808303,55.67765567765568,79.12087912087912,-131.86813186813183
-150.62271062271063,-306.5201465201465,240.87912087912088,-27.936507936507937,0.0,-174.84737484737485,-8.00976800976801,4.102564102564102,-64.66422466422466,0.0,30.671550671550676,-0.5860805860805861,0.0,-150.62271062271063,-4.884004884004884,-18.55921855921856,-12.698412698412698,0.0,-77.94871794871794,-25.982905982905983,-95.92185592185592,12.307692307692308,0.0,-240.4884004884005,252.21001221001225,61.53846153846154,28.71794871794872,-95.92185592185592
-148.66910866910868,-45.12820512820513,-33.40659340659341,0.5860805860805861,0.0,-174.84737484737485,2.148962148962149,24.42002442002442,-77.94871794871794,0.0,38.095238095238095,11.916971916971915,0.0,-148.2783882783883,0.1953601953601953,-18.55921855921856,-13.870573870573873,0.0,-81.46520146520146,-127.17948717948718,6.056166056166056,20.903540903540904,0.0,33.7973137973138,-15.824175824175825,58.41269841269841,-61.92918192918193,6.056166056166056
-138.1196581196581,24.02930402930403,-66.22710622710623,-15.042735042735044,0.0,-165.86080586080587,5.665445665445666,33.40659340659341,-69.35286935286935,0.0,50.20757020757021,19.73137973137973,0.0,-137.72893772893772,1.7582417582417582,-16.996336996336996,-8.791208791208792,0.0,-80.29304029304029,-147.49694749694748,27.155067155067155,38.48595848595848,0.0,66.61782661782662,-61.53846153846154,26.37362637362637,-76.77655677655677,27.155067155067155
-140.46398046398048,-190.86691086691087,178.36385836385836,-9.18192918192918,0.0,-162.73504273504273,15.433455433455434,38.87667887667888,-54.114774114774114,0.0,60.366300366300365,24.02930402930403,0.0,-128.35164835164835,13.47985347985348,-14.652014652014651,-5.665445665445666,0.0,-70.91575091575092,-93.96825396825396,-4.884004884004884,33.40659340659341,0.0,-177.97313797313797,150.23199023199024,59.58485958485959,-36.53235653235653,-4.884004884004884
-140.85470085470087,-63.88278388278388,74.04151404151405,-18.168498168498168,0.0,-158.43711843711844,17.387057387057386,37.704517704517706,-47.081807081807085,0.0,63.10134310134311,22.857142857142858,0.0,-124.05372405372404,19.34065934065934,-8.00976800976801,-8.791208791208792,0.0,-75.6043956043956,-75.21367521367522,7.619047619047619,19.73137973137973,0.0,-73.65079365079364,29.89010989010989,49.03540903540904,-20.12210012210012,7.619047619047619
-143.1990231990232,177.58241758241758,-167.03296703296704,-22.075702075702075,0.0,-163.12576312576311,14.261294261294262,29.499389499389498,-35.36019536019536,0.0,57.63125763125763,19.73137973137973,0.0,-132.64957264957266,20.512820512820515,-4.102564102564102,-8.791208791208792,0.0,-86.93528693528694,92.014652014652,-136.55677655677655,4.884004884004884,0.0,167.42368742368745,-199.07203907203908,68.18070818070818,102.17338217338218,-136.55677655677655
-149.05982905982907,-49.42612942612943,72.47863247863248,-43.95604395604396,0.0,-168.98656898656898,7.619047619047619,20.903540903540904,-30.28083028083028,0.0,47.472527472527474,12.307692307692308,0.0,-140.85470085470087,21.294261294261293,-8.791208791208792,-18.94993894993895,0.0,-88.4981684981685,136.55677655677655,-174.84737484737485,-20.903540903540904,0.0,-72.08791208791209,16.996336996336996,70.13431013431014,166.64224664224665,-174.84737484737485
-142.02686202686203,-281.12332112332115,298.7057387057387,-62.31990231990232,0.0,-170.15873015873015,-2.5396825396825395,16.214896214896214,-30.28083028083028,0.0,33.7973137973138,6.056166056166056,0.0,-138.5103785103785,18.168498168498168,-14.652014652014651,-22.857142857142858,0.0,-91.62393162393164,-20.512820512820515,-21.68498168498169,-23.63858363858364,0.0,-298.31501831501834,225.64102564102564,58.8034188034188,24.81074481074481,-21.68498168498169
-140.46398046398048,-15.824175824175825,-43.95604395604396,-0.9768009768009768,0.0,-170.54945054945054,-1.3675213675213675,21.68498168498169,-50.20757020757021,0.0,27.545787545787547,2.148962148962149,0.0,-136.16605616605617,13.47985347985348,-16.605616605616607,-19.34065934065934,0.0,-92.7960927960928,-36.14163614163614,-17.77777777777778,-11.916971916971915,0.0,44.346764346764346,-37.704517704517706,62.71062271062271,-2.5396825396825395,-17.77777777777778
-145.15262515262515,149.45054945054946,-217.04517704517704,10.744810744810744,0.0,-175.23809523809524,-0.1953601953601953,31.062271062271066,-55.67765567765568,0.0,30.671550671550676,1.3675213675213675,0.0,-136.55677655677655,14.261294261294262,-18.168498168498168,-12.307692307692308,0.0,-81.46520146520146,-90.06105006105007,13.089133089133089,5.274725274725275,0.0,217.43589743589743,-200.63492063492063,63.10134310134311,-42.78388278388278,13.089133089133089
-139.29181929181928,18.168498168498168,-83.80952380952381,25.982905982905983,0.0,-171.7216117216117,1.3675213675213675,38.87667887667888,-45.90964590964591,0.0,37.31379731379732,8.791208791208792,0.0,-136.16605616605617,21.68498168498169,-11.916971916971915,-4.102564102564102,0.0,-80.29304029304029,-150.23199023199024,98.26617826617829,0.5860805860805861,0.0,84.2002442002442,-68.96214896214896,67.3992673992674,-115.45787545787546,98.26617826617829
-132.64957264957266,283.0769230769231,-321.36752136752136,16.214896214896214,0.0,-163.9072039072039,4.493284493284493,42.39316239316239,-36.53235653235653,0.0,38.87667887667888,18.168498168498168,0.0,-142.02686202686203,22.075702075702075,-1.3675213675213675,1.3675213675213675,0.0,-81.07448107448107,-71.30647130647131,57.63125763125763,-25.2014652014652,0.0,321.7582417582417,-312.3809523809524,74.43223443223444,-66.22710622710623,57.63125763125763
-129.52380952380952,78.33943833943835,-82.63736263736264,-13.089133089133089,0.0,-158.04639804639805,6.446886446886447,39.26739926739927,-34.18803418803419,0.0,37.704517704517706,21.294261294261293,0.0,-149.45054945054946,17.387057387057386,2.93040293040293,6.837606837606837,0.0,-84.2002442002442,9.18192918192918,-11.916971916971915,-34.18803418803419,0.0,83.02808302808303,-96.7032967032967,63.88278388278388,13.47985347985348,-11.916971916971915
-127.96092796092796,-22.466422466422465,43.95604395604396,-33.40659340659341,0.0,-158.43711843711844,4.102564102564102,25.982905982905983,-12.307692307692308,0.0,27.936507936507937,22.466422466422465,0.0,-156.4835164835165,12.307692307692308,2.5396825396825395,9.18192918192918,0.0,-78.33943833943835,-17.387057387057386,4.884004884004884,-38.87667887667888,0.0,-43.56532356532357,-8.4004884004884,90.45177045177046,-22.466422466422465,4.884004884004884
-122.4908424908425,-2.148962148962149,56.06837606837607,-76.77655677655677,0.0,-151.01343101343102,4.884004884004884,17.387057387057386,-16.996336996336996,0.0,22.075702075702075,17.77777777777778,0.0,-158.04639804639805,5.274725274725275,1.7582417582417582,13.870573870573873,0.0,-79.51159951159951,116.63003663003664,-143.1990231990232,-27.936507936507937,0.0,-55.67765567765568,-32.62515262515262,81.85592185592185,115.06715506715508,-143.1990231990232
-113.89499389499387,123.27228327228327,-128.74236874236874,-42.39316239316239,0.0,-151.01343101343102,9.572649572649572,19.34065934065934,-40.83028083028083,0.0,18.55921855921856,15.042735042735044,0.0,-162.34432234432234,1.3675213675213675,-6.056166056166056,16.605616605616607,0.0,-72.08791208791209,100.21978021978022,-167.03296703296704,-9.18192918192918,0.0,129.13308913308913,-157.65567765567766,72.86935286935287,108.42490842490842,-167.03296703296704
-115.45787545787546,-170.15873015873015,148.2783882783883,-20.512820512820515,0.0,-156.0927960927961,11.135531135531137,22.075702075702075,-35.36019536019536,0.0,19.34065934065934,18.55921855921856,0.0,-161.17216117216117,2.93040293040293,-10.744810744810744,18.94993894993895,0.0,-58.8034188034188,-58.41269841269841,-19.73137973137973,-10.744810744810744,0.0,-147.88766788766787,128.35164835164835,93.57753357753356,-50.989010989010985,-19.73137973137973
-118.97435897435898,-192.8205128205128,153.35775335775335,-4.493284493284493,0.0,-154.13919413919413,3.711843711843712,23.63858363858364,-37.31379731379732,0.0,15.433455433455434,20.903540903540904,0.0,-159.6092796092796,-0.1953601953601953,-9.572649572649572,21.68498168498169,0.0,-63.10134310134311,-62.71062271062271,-1.3675213675213675,-20.12210012210012,0.0,-152.96703296703296,145.93406593406593,72.86935286935287,-32.234432234432234,-1.3675213675213675
-113.89499389499387,85.76312576312576,-156.0927960927961,21.294261294261293,0.0,-150.62271062271063,2.148962148962149,28.71794871794872,-42.78388278388278,0.0,13.089133089133089,22.857142857142858,0.0,-150.62271062271063,-6.056166056166056,-7.619047619047619,23.63858363858364,0.0,-63.88278388278388,-84.2002442002442,27.545787545787547,-20.12210012210012,0.0,156.4835164835165,-125.22588522588522,56.84981684981685,-56.06837606837607,27.545787545787547
-120.53724053724054,43.56532356532357,-76.77655677655677,-2.148962148962149,0.0,-154.9206349206349,-1.3675213675213675,27.936507936507937,-27.545787545787547,0.0,13.089133089133089,22.466422466422465,0.0,-140.46398046398048,-13.47985347985348,-6.446886446886447,25.982905982905983,0.0,-61.53846153846154,-88.4981684981685,36.53235653235653,-20.12210012210012,0.0,77.16727716727716,-87.32600732600733,64.27350427350427,-61.14774114774115,36.53235653235653
-115.84859584859583,-31.062271062271066,40.83028083028083,-34.57875457875458,0.0,-157.26495726495727,-1.7582417582417582,24.42002442002442,-6.446886446886447,0.0,11.916971916971915,21.294261294261293,0.0,-132.25885225885227,-19.73137973137973,-8.4004884004884,27.155067155067155,0.0,-61.53846153846154,-25.592185592185597,-31.062271062271066,-14.261294261294262,0.0,-40.43956043956044,-11.526251526251526,43.56532356532357,14.652014652014651,-31.062271062271066
-104.12698412698413,7.228327228327228,-1.3675213675213675,-34.18803418803419,0.0,-147.49694749694748,-0.1953601953601953,29.10866910866911,-14.652014652014651,0.0,15.824175824175825,18.94993894993895,0.0,-127.17948717948718,-22.075702075702075,-11.135531135531137,28.71794871794872,0.0,-58.41269841269841,-5.665445665445666,-58.41269841269841,-8.00976800976801,0.0,1.7582417582417582,-50.5982905982906,54.89621489621489,19.34065934065934,-58.41269841269841
-105.68986568986568,247.9120879120879,-200.63492063492063,-62.31990231990232,0.0,-149.84126984126985,2.148962148962149,27.545787545787547,-1.3675213675213675,0.0,18.55921855921856,14.261294261294262,0.0,-122.1001221001221,-25.592185592185597,-14.652014652014651,27.545787545787547,0.0,-49.03540903540904,-33.01587301587302,-42.39316239316239,-9.572649572649572,0.0,201.02564102564105,-279.9511599511599,82.63736263736264,-32.234432234432234,-42.39316239316239
-109.98778998778998,156.87423687423689,-127.96092796092796,-55.67765567765568,0.0,-155.7020757020757,-2.148962148962149,20.903540903540904,-0.9768009768009768,0.0,9.572649572649572,6.837606837606837,0.0,-124.05372405372404,-37.704517704517706,-17.77777777777778,31.45299145299145,0.0,-49.42612942612943,-52.94261294261294,-26.37362637362637,-17.77777777777778,0.0,128.35164835164835,-190.0854700854701,90.45177045177046,-53.724053724053725,-26.37362637362637
-95.92185592185592,476.8742368742369,-507.35042735042737,-25.592185592185597,0.0,-136.16605616605617,-6.446886446886447,18.168498168498168,-27.155067155067155,0.0,-0.5860805860805861,1.7582417582417582,0.0,-121.31868131868131,-45.51892551892552,-15.824175824175825,33.01587301587302,0.0,-56.45909645909646,2.93040293040293,-86.93528693528694,-10.354090354090356,0.0,507.74114774114776,-517.5091575091575,86.15384615384616,0.5860805860805861,-86.93528693528694
-98.65689865689866,154.52991452991452,-198.2905982905983,-19.73137973137973,0.0,-131.08669108669108,-13.089133089133089,9.963369963369964,-27.936507936507937,0.0,-13.870573870573873,0.5860805860805861,0.0,-120.14652014652016,-52.55189255189255,-15.433455433455434,29.10866910866911,0.0,-65.44566544566544,60.366300366300365,-139.29181929181928,-15.042735042735044,0.0,198.6813186813187,-194.3833943833944,72.08791208791209,64.66422466422466,-139.29181929181928
-97.09401709401708,387.008547008547,-423.3455433455433,-23.63858363858364,0.0,-116.63003663003664,-22.075702075702075,0.5860805860805861,-18.55921855921856,0.0,-27.936507936507937,2.93040293040293,0.0,-111.55067155067157,-61.14774114774115,-18.168498168498168,30.671550671550676,0.0,-66.61782661782662,-33.01587301587302,-34.969474969474966,-24.81074481074481,0.0,423.7362637362637,-434.67643467643467,68.57142857142857,-11.526251526251526,-34.969474969474966
-80.68376068376068,139.29181929181928,-203.76068376068372,4.884004884004884,0.0,-94.74969474969475,-22.857142857142858,0.5860805860805861,-22.075702075702075,0.0,-31.062271062271066,6.446886446886447,0.0,-106.86202686202688,-52.16117216117216,-19.34065934065934,28.71794871794872,0.0,-61.92918192918193,10.354090354090356,-71.6971916971917,-26.764346764346765,0.0,204.15140415140417,-202.97924297924297,62.71062271062271,49.81684981684982,-71.6971916971917
-81.07448107448107,266.2759462759463,-287.76556776556777,-15.824175824175825,0.0,-81.46520146520146,-22.075702075702075,2.93040293040293,-17.387057387057386,0.0,-22.857142857142858,5.665445665445666,0.0,-95.53113553113552,-38.87667887667888,-23.63858363858364,27.545787545787547,0.0,-50.5982905982906,-45.51892551892552,-11.135531135531137,-21.294261294261293,0.0,288.15628815628816,-323.3211233211233,77.55799755799755,-15.824175824175825,-11.135531135531137
-87.71672771672772,50.20757020757021,-49.42612942612943,-16.214896214896214,0.0,-78.33943833943835,-21.68498168498169,10.354090354090356,-13.089133089133089,0.0,-15.042735042735044,3.711843711843712,0.0,-86.93528693528694,-33.40659340659341,-26.764346764346765,24.81074481074481,0.0,-46.69108669108669,-61.92918192918193,14.652014652014651,-27.155067155067155,0.0,49.81684981684982,-95.53113553113552,93.18681318681318,-45.51892551892552,14.652014652014651
-94.74969474969475,248.3028083028083,-269.010989010989,-1.7582417582417582,0.0,-93.57753357753356,-23.63858363858364,15.824175824175825,-15.433455433455434,0.0,-12.698412698412698,0.5860805860805861,0.0,-86.15384615384616,-32.234432234432234,-26.37362637362637,22.466422466422465,0.0,-52.55189255189255,-24.81074481074481,-12.698412698412698,-31.45299145299145,0.0,269.4017094017094,-291.28205128205127,82.24664224664225,-12.698412698412698,-12.698412698412698
-101.78266178266178,114.28571428571428,-119.36507936507935,-15.824175824175825,0.0,-99.04761904761904,-21.294261294261293,15.042735042735044,-16.996336996336996,0.0,-10.744810744810744,-0.5860805860805861,0.0,-82.24664224664225,-36.53235653235653,-22.857142857142858,16.996336996336996,0.0,-58.02197802197802,17.77777777777778,-51.77045177045177,-31.45299145299145,0.0,119.75579975579976,-148.66910866910868,68.57142857142857,29.499389499389498,-51.77045177045177
-115.06715506715508,161.17216117216117,-167.03296703296704,-13.47985347985348,0.0,-111.55067155067157,-19.73137973137973,12.307692307692308,-14.652014652014651,0.0,-16.996336996336996,-1.3675213675213675,0.0,-85.37240537240537,-49.03540903540904,-21.294261294261293,16.605616605616607,0.0,-65.44566544566544,-11.135531135531137,-25.592185592185597,-35.36019536019536,0.0,167.42368742368745,-185.3968253968254,62.71062271062271,2.5396825396825395,-25.592185592185597
-102.17338217338218,9.963369963369964,-28.32722832722833,-8.791208791208792,0.0,-101.78266178266178,-16.996336996336996,5.274725274725275,-16.214896214896214,0.0,-25.982905982905983,0.5860805860805861,0.0,-80.68376068376068,-58.8034188034188,-20.12210012210012,15.433455433455434,0.0,-58.41269841269841,-45.12820512820513,-0.1953601953601953,-39.26739926739927,0.0,28.71794871794872,-43.95604395604396,70.52503052503053,-24.81074481074481,-0.1953601953601953
-86.93528693528694,-74.04151404151405,52.94261294261294,-6.056166056166056,0.0,-86.54456654456655,-9.18192918192918,2.148962148962149,-19.73137973137973,0.0,-29.10866910866911,1.3675213675213675,0.0,-77.55799755799755,-56.45909645909646,-19.34065934065934,15.824175824175825,0.0,-49.81684981684982,-48.25396825396825,-16.996336996336996,-21.294261294261293,0.0,-52.55189255189255,27.155067155067155,69.35286935286935,-11.916971916971915,-16.996336996336996
-90.45177045177046,93.18681318681318,-109.2063492063492,6.446886446886447,0.0,-81.07448107448107,-5.665445665445666,3.711843711843712,-15.824175824175825,0.0,-24.42002442002442,0.5860805860805861,0.0,-77.16727716727716,-49.81684981684982,-19.73137973137973,15.433455433455434,0.0,-45.12820512820513,-62.71062271062271,-12.698412698412698,-9.963369963369964,0.0,109.5970695970696,-133.04029304029305,82.63736263736264,-35.75091575091575,-12.698412698412698
-91.62393162393164,48.25396825396825,-48.25396825396825,3.3211233211233213,0.0,-81.85592185592185,-2.148962148962149,8.4004884004884,-13.089133089133089,0.0,-17.387057387057386,2.93040293040293,0.0,-75.995115995116,-40.43956043956044,-18.55921855921856,12.698412698412698,0.0,-44.737484737484735,-75.6043956043956,7.228327228327228,-9.18192918192918,0.0,48.64468864468864,-84.2002442002442,77.55799755799755,-48.25396825396825,7.228327228327228
-92.7960927960928,-79.9023199023199,85.37240537240537,3.711843711843712,0.0,-85.37240537240537,1.7582417582417582,16.214896214896214,-15.824175824175825,0.0,-9.963369963369964,5.274725274725275,0.0,-68.96214896214896,-31.45299145299145,-13.870573870573873,10.744810744810744,0.0,-38.48595848595848,-52.94261294261294,-16.214896214896214,4.102564102564102,0.0,-84.98168498168498,45.51892551892552,67.78998778998779,-24.81074481074481,-16.214896214896214
-92.4053724053724,-46.3003663003663,55.67765567765568,6.837606837606837,0.0,-87.71672771672772,3.3211233211233213,21.68498168498169,-13.47985347985348,0.0,-6.446886446886447,3.3211233211233213,0.0,-62.71062271062271,-27.936507936507937,-13.089133089133089,4.884004884004884,0.0,-36.92307692307692,-42.002442002442,-5.665445665445666,-12.698412698412698,0.0,-55.28693528693529,17.77777777777778,72.08791208791209,-23.63858363858364,-5.665445665445666
-79.51159951159951,263.1501831501831,-225.64102564102564,-22.466422466422465,0.0,-76.38583638583638,8.791208791208792,27.545787545787547,-25.982905982905983,0.0,-2.93040293040293,5.274725274725275,0.0,-55.28693528693529,-26.764346764346765,-9.572649572649572,-4.493284493284493,0.0,-40.83028083028083,-51.37973137973138,26.37362637362637,-30.671550671550676,0.0,226.031746031746,-291.67277167277166,79.12087912087912,-44.737484737484735,26.37362637362637
-68.18070818070818,130.3052503052503,-113.11355311355312,-7.619047619047619,0.0,-63.49206349206349,11.526251526251526,24.81074481074481,-32.234432234432234,0.0,0.1953601953601953,7.619047619047619,0.0,-52.94261294261294,-27.936507936507937,-5.274725274725275,-8.00976800976801,0.0,-38.48595848595848,-34.18803418803419,12.307692307692308,-34.18803418803419,0.0,113.5042735042735,-167.42368742368745,85.37240537240537,-28.71794871794872,12.307692307692308
-70.13431013431014,428.0341880341881,-399.9023199023199,-14.261294261294262,0.0,-61.92918192918193,16.605616605616607,17.387057387057386,-29.10866910866911,0.0,8.791208791208792,7.228327228327228,0.0,-54.5054945054945,-21.68498168498169,-0.9768009768009768,-13.47985347985348,0.0,-41.61172161172161,-1.3675213675213675,-7.619047619047619,-39.65811965811966,0.0,400.2930402930403,-468.27838827838826,87.32600732600733,1.3675213675213675,-7.619047619047619
-81.07448107448107,199.85347985347985,-168.98656898656898,-8.791208791208792,0.0,-60.757020757020754,22.466422466422465,10.744810744810744,-31.843711843711844,0.0,18.55921855921856,8.00976800976801,0.0,-56.06837606837607,-13.870573870573873,0.1953601953601953,-18.94993894993895,0.0,-38.87667887667888,18.94993894993895,-30.671550671550676,-38.87667887667888,0.0,169.37728937728937,-232.28327228327228,93.96825396825396,23.247863247863247,-30.671550671550676
-88.88888888888889,404.98168498168496,-390.1343101343101,-0.5860805860805861,0.0,-68.96214896214896,25.982905982905983,4.884004884004884,-37.31379731379732,0.0,20.903540903540904,10.354090354090356,0.0,-56.45909645909646,-6.056166056166056,-2.93040293040293,-18.168498168498168,0.0,-34.18803418803419,-49.03540903540904,23.63858363858364,-24.42002442002442,0.0,390.5250305250305,-441.7094017094017,93.96825396825396,-41.22100122100122,23.63858363858364
-79.12087912087912,80.68376068376068,-74.82295482295483,4.102564102564102,0.0,-59.975579975579976,29.499389499389498,0.1953601953601953,-39.26739926739927,0.0,20.12210012210012,6.837606837606837,0.0,-45.90964590964591,-0.9768009768009768,-8.00976800976801,-22.857142857142858,0.0,-28.32722832722833,-56.84981684981685,30.671550671550676,-24.81074481074481,0.0,75.21367521367522,-120.14652014652016,96.7032967032967,-54.114774114774114,30.671550671550676
-74.43223443223444,200.63492063492063,-172.8937728937729,-12.698412698412698,0.0,-54.114774114774114,30.671550671550676,1.7582417582417582,-38.095238095238095,0.0,18.55921855921856,1.7582417582417582,0.0,-36.53235653235653,-1.3675213675213675,-12.698412698412698,-27.936507936507937,0.0,-25.2014652014652,-68.57142857142857,45.90964590964591,-31.45299145299145,0.0,173.2844932844933,-227.5946275946276,90.45177045177046,-71.30647130647131,45.90964590964591
-59.1941391941392,-81.85592185592185,106.86202686202688,-8.791208791208792,0.0,-51.37973137973138,30.28083028083028,2.5396825396825395,-25.592185592185597,0.0,16.214896214896214,0.1953601953601953,0.0,-41.61172161172161,-1.3675213675213675,-15.042735042735044,-20.512820512820515,0.0,-28.71794871794872,-58.02197802197802,26.37362637362637,-19.73137973137973,0.0,-106.47130647130648,60.366300366300365,72.86935286935287,-62.71062271062271,26.37362637362637
-48.64468864468864,-308.86446886446885,343.2478632478632,-18.94993894993895,0.0,-48.25396825396825,30.28083028083028,4.102564102564102,-19.34065934065934,0.0,15.824175824175825,-2.148962148962149,0.0,-41.61172161172161,-2.93040293040293,-15.824175824175825,-14.652014652014651,0.0,-27.155067155067155,-13.089133089133089,-18.168498168498168,-16.605616605616607,0.0,-342.85714285714283,279.16971916971914,56.45909645909646,-4.102564102564102,-18.168498168498168
-53.333333333333336,-94.35897435897436,151.7948717948718,-33.40659340659341,0.0,-58.8034188034188,30.671550671550676,7.619047619047619,-9.572649572649572,0.0,18.94993894993895,-4.102564102564102,0.0,-38.095238095238095,-4.884004884004884,-12.307692307692308,-11.916971916971915,0.0,-30.28083028083028,-4.493284493284493,-14.261294261294262,-18.94993894993895,0.0,-151.4041514041514,72.86935286935287,41.22100122100122,4.884004884004884,-14.261294261294262
-60.366300366300365,15.433455433455434,16.605616605616607,-18.94993894993895,0.0,-67.78998778998779,31.45299145299145,9.18192918192918,-20.12210012210012,0.0,23.247863247863247,-4.102564102564102,0.0,-36.14163614163614,-5.274725274725275,-11.135531135531137,-2.5396825396825395,0.0,-27.545787545787547,-43.17460317460318,22.075702075702075,-7.228327228327228,0.0,-16.214896214896214,-31.45299145299145,42.78388278388278,-45.90964590964591,22.075702075702075
-58.8034188034188,-217.04517704517704,229.93894993894995,-11.135531135531137,0.0,-73.65079365079364,37.704517704517706,10.354090354090356,-32.62515262515262,0.0,29.10866910866911,-0.1953601953601953,0.0,-29.499389499389498,-2.93040293040293,-8.791208791208792,0.1953601953601953,0.0,-23.63858363858364,-77.55799755799755,63.88278388278388,-4.102564102564102,0.0,-229.5482295482296,194.7741147741148,38.87667887667888,-79.51159951159951,63.88278388278388
-56.45909645909646,-208.84004884004884,236.1904761904762,-22.075702075702075,0.0,-71.6971916971917,40.83028083028083,13.870573870573873,-35.36019536019536,0.0,32.62515262515262,4.493284493284493,0.0,-26.764346764346765,0.9768009768009768,-2.5396825396825395,-0.9768009768009768,0.0,-17.77777777777778,-86.15384615384616,95.14041514041514,-21.294261294261293,0.0,-235.7997557997558,186.95970695970692,45.51892551892552,-93.18681318681318,95.14041514041514
-51.37973137973138,62.31990231990232,-32.62515262515262,-13.47985347985348,0.0,-68.57142857142857,45.90964590964591,18.168498168498168,-31.843711843711844,0.0,37.31379731379732,11.916971916971915,0.0,-36.14163614163614,2.93040293040293,2.5396825396825395,2.148962148962149,0.0,-11.135531135531137,-42.39316239316239,50.989010989010985,-24.02930402930403,0.0,33.01587301587302,-74.43223443223444,50.989010989010985,-50.20757020757021,50.989010989010985
-41.61172161172161,-154.9206349206349,190.0854700854701,-18.168498168498168,0.0,-67.3992673992674,47.472527472527474,17.77777777777778,-22.857142857142858,0.0,39.26739926739927,16.996336996336996,0.0,-52.94261294261294,4.102564102564102,4.884004884004884,8.00976800976801,0.0,-8.4004884004884,17.387057387057386,-17.387057387057386,-25.2014652014652,0.0,-189.6947496947497,139.68253968253967,46.69108669108669,22.466422466422465,-17.387057387057386
-28.32722832722833,-430.7692307692308,466.3247863247863,-16.214896214896214,0.0,-51.37973137973138,41.22100122100122,18.55921855921856,-18.55921855921856,0.0,34.969474969474966,20.12210012210012,0.0,-49.42612942612943,1.3675213675213675,3.3211233211233213,3.711843711843712,0.0,-10.354090354090356,-5.274725274725275,8.4004884004884,-30.671550671550676,0.0,-465.9340659340659,412.014652014652,37.704517704517706,6.056166056166056,8.4004884004884
-28.32722832722833,-139.68253968253967,167.42368742368745,-8.4004884004884,0.0,-40.04884004884005,31.843711843711844,18.55921855921856,-21.294261294261293,0.0,29.499389499389498,18.168498168498168,0.0,-36.53235653235653,0.1953601953601953,2.148962148962149,0.5860805860805861,0.0,-11.135531135531137,4.102564102564102,5.274725274725275,-31.45299145299145,0.0,-167.03296703296704,122.1001221001221,44.737484737484735,-0.1953601953601953,5.274725274725275
-14.261294261294262,-46.3003663003663,52.94261294261294,0.5860805860805861,0.0,-22.466422466422465,24.81074481074481,14.261294261294262,-23.247863247863247,0.0,27.155067155067155,15.433455433455434,0.0,-17.387057387057386,1.7582417582417582,0.1953601953601953,-1.3675213675213675,0.0,-8.4004884004884,-31.843711843711844,45.90964590964591,-22.075702075702075,0.0,-52.55189255189255,24.02930402930403,41.22100122100122,-52.94261294261294,45.90964590964591
-6.837606837606837,-193.992673992674,207.27716727716728,0.1953601953601953,0.0,-3.711843711843712,24.42002442002442,10.744810744810744,-24.81074481074481,0.0,25.982905982905983,15.433455433455434,0.0,-4.884004884004884,7.619047619047619,0.1953601953601953,-4.102564102564102,0.0,-11.135531135531137,-49.81684981684982,76.38583638583638,-16.605616605616607,0.0,-206.8864468864469,171.33089133089132,41.61172161172161,-77.55799755799755,76.38583638583638
-14.261294261294262,-200.63492063492063,232.28327228327228,-4.102564102564102,0.0,-0.5860805860805861,28.71794871794872,11.526251526251526,-27.155067155067155,0.0,25.592185592185597,15.824175824175825,0.0,-1.7582417582417582,13.47985347985348,2.5396825396825395,-6.056166056166056,0.0,-15.824175824175825,1.3675213675213675,39.65811965811966,-18.168498168498168,0.0,-231.8925518925519,186.56898656898656,44.346764346764346,-31.843711843711844,39.65811965811966
-33.40659340659341,-146.7155067155067,192.8205128205128,-5.665445665445666,0.0,-15.042735042735044,29.499389499389498,11.135531135531137,-19.73137973137973,0.0,27.155067155067155,13.089133089133089,0.0,-13.870573870573873,14.652014652014651,2.5396825396825395,-4.884004884004884,0.0,-18.168498168498168,19.34065934065934,13.089133089133089,-15.824175824175825,0.0,-192.42979242979243,143.5897435897436,45.90964590964591,-9.963369963369964,13.089133089133089
-46.3003663003663,-474.13919413919416,514.7741147741148,-3.3211233211233213,0.0,-33.40659340659341,27.155067155067155,11.526251526251526,-15.824175824175825,0.0,22.075702075702075,10.354090354090356,0.0,-30.28083028083028,9.18192918192918,-1.3675213675213675,-4.102564102564102,0.0,-26.37362637362637,-31.843711843711844,49.81684981684982,-18.168498168498168,0.0,-514.3833943833944,466.3247863247863,43.17460317460318,-42.002442002442,49.81684981684982
-47.472527472527474,-180.70818070818072,215.87301587301587,-2.5396825396825395,0.0,-42.78388278388278,22.857142857142858,17.77777777777778,-13.870573870573873,0.0,15.042735042735044,8.00976800976801,0.0,-39.65811965811966,4.102564102564102,-1.7582417582417582,-4.884004884004884,0.0,-29.10866910866911,-8.4004884004884,18.55921855921856,-24.02930402930403,0.0,-215.48229548229548,164.6886446886447,58.02197802197802,-21.68498168498169,18.55921855921856
-45.12820512820513,38.87667887667888,-2.148962148962149,-6.446886446886447,0.0,-44.346764346764346,17.77777777777778,20.12210012210012,-10.354090354090356,0.0,10.354090354090356,6.446886446886447,0.0,-45.90964590964591,-1.7582417582417582,0.5860805860805861,-1.3675213675213675,0.0,-24.42002442002442,-45.12820512820513,40.83028083028083,-20.12210012210012,0.0,2.5396825396825395,-54.114774114774114,66.22710622710623,-65.05494505494505,40.83028083028083
-38.095238095238095,-114.28571428571428,164.2979242979243,-13.089133089133089,0.0,-40.43956043956044,19.73137973137973,21.294261294261293,-4.102564102564102,0.0,9.18192918192918,14.652014652014651,0.0,-51.77045177045177,-4.102564102564102,6.446886446886447,4.493284493284493,0.0,-28.71794871794872,-48.64468864468864,41.22100122100122,-8.00976800976801,0.0,-163.9072039072039,97.87545787545788,73.65079365079364,-79.51159951159951,41.22100122100122
-26.37362637362637,-252.6007326007326,297.92429792429795,-1.7582417582417582,0.0,-25.982905982905983,25.982905982905983,19.34065934065934,-4.102564102564102,0.0,8.791208791208792,20.512820512820515,0.0,-50.20757020757021,-1.7582417582417582,10.744810744810744,6.837606837606837,0.0,-32.62515262515262,22.857142857142858,-25.982905982905983,1.7582417582417582,0.0,-297.5335775335776,235.7997557997558,73.65079365079364,-16.214896214896214,-25.982905982905983
-24.42002442002442,-6.837606837606837,42.39316239316239,6.446886446886447,0.0,-18.168498168498168,27.936507936507937,16.214896214896214,-9.18192918192918,0.0,9.963369963369964,19.73137973137973,0.0,-45.51892551892552,1.7582417582417582,11.135531135531137,5.274725274725275,0.0,-32.62515262515262,16.996336996336996,-12.698412698412698,2.93040293040293,0.0,-42.002442002442,-0.5860805860805861,51.77045177045177,-18.168498168498168,-12.698412698412698
-20.512820512820515,15.433455433455434,6.446886446886447,18.168498168498168,0.0,-12.307692307692308,25.2014652014652,8.4004884004884,-1.7582417582417582,0.0,7.228327228327228,18.168498168498168,0.0,-43.17460317460318,4.884004884004884,6.837606837606837,5.665445665445666,0.0,-37.704517704517706,-16.214896214896214,33.40659340659341,-3.3211233211233213,0.0,-6.056166056166056,-16.996336996336996,49.42612942612943,-60.366300366300365,33.40659340659341
-20.903540903540904,-228.3760683760684,242.44200244200243,14.652014652014651,0.0,-16.996336996336996,18.55921855921856,5.665445665445666,0.1953601953601953,0.0,1.3675213675213675,14.261294261294262,0.0,-42.002442002442,3.711843711843712,2.148962148962149,7.228327228327228,0.0,-41.61172161172161,-15.433455433455434,38.48595848595848,-7.619047619047619,0.0,-242.05128205128204,223.6874236874237,34.57875457875458,-50.5982905982906,38.48595848595848
-14.652014652014651,-90.45177045177046,104.9084249084249,6.446886446886447,0.0,-16.996336996336996,10.744810744810744,4.102564102564102,7.228327228327228,0.0,-8.00976800976801,14.261294261294262,0.0,-41.22100122100122,0.5860805860805861,2.148962148962149,7.228327228327228,0.0,-38.48595848595848,-31.45299145299145,59.1941391941392,-17.77777777777778,0.0,-104.51770451770452,84.98168498168498,32.234432234432234,-67.3992673992674,59.1941391941392
-16.214896214896214,179.9267399267399,-153.74847374847374,-5.274725274725275,0.0,-31.843711843711844,5.665445665445666,8.791208791208792,18.94993894993895,0.0,-15.824175824175825,26.37362637362637,0.0,-47.081807081807085,-2.93040293040293,8.00976800976801,11.135531135531137,0.0,-32.62515262515262,7.228327228327228,14.652014652014651,-19.34065934065934,0.0,154.13919413919413,-179.9267399267399,39.26739926739927,-36.92307692307692,14.652014652014651
-18.55921855921856,-141.24542124542126,166.64224664224665,-1.7582417582417582,0.0,-48.25396825396825,8.791208791208792,17.387057387057386,23.63858363858364,0.0,-13.870573870573873,37.704517704517706,0.0,-47.86324786324786,-5.274725274725275,12.307692307692308,17.387057387057386,0.0,-19.73137973137973,22.857142857142858,-16.996336996336996,-8.00976800976801,0.0,-166.25152625152626,138.1196581196581,40.83028083028083,-15.042735042735044,-16.996336996336996
-20.12210012210012,-444.8351648351649,451.8681318681319,11.135531135531137,0.0,-59.975579975579976,13.47985347985348,23.247863247863247,19.34065934065934,0.0,-9.963369963369964,43.95604395604396,0.0,-47.081807081807085,-4.102564102564102,12.698412698412698,15.824175824175825,0.0,-4.493284493284493,-1.3675213675213675,-12.698412698412698,-2.93040293040293,0.0,-451.47741147741147,437.020757020757,42.002442002442,-24.02930402930403,-12.698412698412698
-6.446886446886447,-197.8998778998779,205.7142857142857,5.665445665445666,0.0,-58.8034188034188,18.94993894993895,33.01587301587302,11.135531135531137,0.0,-1.7582417582417582,43.17460317460318,0.0,-47.081807081807085,0.1953601953601953,10.744810744810744,17.387057387057386,0.0,6.837606837606837,-33.01587301587302,-1.3675213675213675,9.572649572649572,0.0,-205.32356532356533,195.16483516483515,46.69108669108669,-59.58485958485959,-1.3675213675213675
-0.1953601953601953,-406.5445665445665,405.37240537240535,11.526251526251526,0.0,-56.06837606837607,18.94993894993895,31.062271062271066,13.870573870573873,0.0,0.5860805860805861,38.095238095238095,0.0,-52.55189255189255,4.102564102564102,5.665445665445666,24.81074481074481,0.0,6.056166056166056,-78.33943833943835,31.062271062271066,23.63858363858364,0.0,-404.98168498168496,402.24664224664224,41.61172161172161,-99.82905982905984,31.062271062271066
4.884004884004884,-282.2954822954823,291.67277167277166,-11.135531135531137,0.0,-46.3003663003663,12.307692307692308,19.73137973137973,15.824175824175825,0.0,-6.446886446886447,29.89010989010989,0.0,-52.55189255189255,4.102564102564102,0.5860805860805861,20.12210012210012,0.0,-0.1953601953601953,-65.83638583638583,28.32722832722833,10.744810744810744,0.0,-291.28205128205127,273.3089133089133,39.26739926739927,-88.4981684981685,28.32722832722833
16.214896214896214,-262.75946275946274,263.5409035409035,-19.34065934065934,0.0,-40.83028083028083,2.5396825396825395,15.042735042735044,18.94993894993895,0.0,-17.387057387057386,23.63858363858364,0.0,-47.472527472527474,-0.5860805860805861,-0.5860805860805861,13.47985347985348,0.0,-6.837606837606837,-49.42612942612943,20.512820512820515,0.1953601953601953,0.0,-263.1501831501831,254.55433455433456,30.671550671550676,-84.2002442002442,20.512820512820515
13.870573870573873,-170.94017094017093,136.94749694749694,1.7582417582417582,0.0,-37.704517704517706,-3.3211233211233213,1.7582417582417582,20.512820512820515,0.0,-24.81074481074481,22.466422466422465,0.0,-39.65811965811966,-10.744810744810744,3.3211233211233213,10.744810744810744,0.0,-12.698412698412698,-40.43956043956044,31.843711843711844,-13.870573870573873,0.0,-136.55677655677655,158.82783882783883,22.075702075702075,-75.21367521367522,31.843711843711844
-9.963369963369964,-390.1343101343101,356.5323565323565,7.619047619047619,0.0,-42.39316239316239,-9.963369963369964,-5.665445665445666,22.466422466422465,0.0,-28.32722832722833,24.42002442002442,0.0,-26.764346764346765,-18.94993894993895,6.837606837606837,8.00976800976801,0.0,-14.261294261294262,-2.148962148962149,11.526251526251526,-24.81074481074481,0.0,-356.1416361416361,374.8962148962149,28.71794871794872,-33.7973137973138,11.526251526251526
-15.433455433455434,-96.7032967032967,60.757020757020754,13.47985347985348,0.0,-35.75091575091575,-16.214896214896214,-4.884004884004884,18.55921855921856,0.0,-29.10866910866911,24.42002442002442,0.0,-15.042735042735044,-26.764346764346765,11.916971916971915,5.274725274725275,0.0,-13.089133089133089,-17.77777777777778,36.92307692307692,-28.71794871794872,0.0,-60.366300366300365,89.27960927960928,22.857142857142858,-47.472527472527474,36.92307692307692
-15.824175824175825,153.35775335775335,-185.3968253968254,15.824175824175825,0.0,-29.10866910866911,-19.73137973137973,-0.1953601953601953,16.996336996336996,0.0,-26.764346764346765,24.02930402930403,0.0,-13.870573870573873,-30.28083028083028,17.387057387057386,6.837606837606837,0.0,-10.744810744810744,-53.333333333333336,72.08791208791209,-25.982905982905983,0.0,185.78754578754575,-153.74847374847374,28.71794871794872,-88.88888888888889,72.08791208791209
-24.02930402930403,-84.2002442002442,74.82295482295483,8.791208791208792,0.0,-33.40659340659341,-15.042735042735044,6.837606837606837,15.824175824175825,0.0,-20.903540903540904,26.37362637362637,0.0,-18.94993894993895,-23.247863247863247,18.55921855921856,6.837606837606837,0.0,-9.18192918192918,-31.062271062271066,48.25396825396825,-22.857142857142858,0.0,-74.43223443223444,92.4053724053724,40.83028083028083,-74.43223443223444,48.25396825396825
-11.135531135531137,-158.82783882783883,154.9206349206349,-0.9768009768009768,0.0,-30.671550671550676,-10.744810744810744,11.526251526251526,12.698412698412698,0.0,-15.433455433455434,23.247863247863247,0.0,-23.63858363858364,-16.214896214896214,16.214896214896214,0.1953601953601953,0.0,-6.446886446886447,-0.5860805860805861,2.148962148962149,-18.168498168498168,0.0,-154.52991452991452,161.17216117216117,42.002442002442,-42.39316239316239,2.148962148962149
6.837606837606837,57.24053724053724,-83.80952380952381,7.228327228327228,0.0,-28.71794871794872,-5.665445665445666,11.526251526251526,9.572649572649572,0.0,-6.446886446886447,18.55921855921856,0.0,-26.764346764346765,-9.572649572649572,15.433455433455434,-7.228327228327228,0.0,-3.3211233211233213,-16.996336996336996,9.572649572649572,-16.214896214896214,0.0,84.2002442002442,-67.00854700854701,38.48595848595848,-54.5054945054945,9.572649572649572
0.9768009768009768,11.135531135531137,-43.56532356532357,20.12210012210012,0.0,-32.234432234432234,0.9768009768009768,7.228327228327228,12.307692307692308,0.0,2.93040293040293,21.294261294261293,0.0,-28.32722832722833,-2.148962148962149,12.698412698412698,-4.102564102564102,0.0,-6.446886446886447,63.10134310134311,-68.18070818070818,-10.354090354090356,0.0,43.95604395604396,-22.466422466422465,40.04884004884005,26.37362637362637,-68.18070818070818
-1.3675213675213675,-245.958485958486,221.34310134310132,13.47985347985348,0.0,-24.81074481074481,-2.93040293040293,2.5396825396825395,11.135531135531137,0.0,0.5860805860805861,20.903540903540904,0.0,-20.903540903540904,-3.711843711843712,7.228327228327228,-5.665445665445666,0.0,-9.963369963369964,16.605616605616607,-21.68498168498169,-8.00976800976801,0.0,-220.95238095238096,229.93894993894995,33.01587301587302,-8.00976800976801,-21.68498168498169
-12.698412698412698,-0.9768009768009768,-16.996336996336996,13.47985347985348,0.0,-17.77777777777778,-11.526251526251526,-0.5860805860805861,11.916971916971915,0.0,-3.711843711843712,15.824175824175825,0.0,-16.996336996336996,-2.93040293040293,9.963369963369964,-10.744810744810744,0.0,-13.47985347985348,-14.652014652014651,27.155067155067155,-18.94993894993895,0.0,17.387057387057386,-13.47985347985348,31.45299145299145,-37.31379731379732,27.155067155067155
-29.499389499389498,275.26251526251525,-287.3748473748474,11.916971916971915,0.0,-20.512820512820515,-18.168498168498168,-1.3675213675213675,10.744810744810744,0.0,-8.4004884004884,9.18192918192918,0.0,-4.493284493284493,-6.837606837606837,9.18192918192918,-9.572649572649572,0.0,-13.47985347985348,-28.71794871794872,54.89621489621489,-23.63858363858364,0.0,287.76556776556777,-281.9047619047619,37.704517704517706,-63.10134310134311,54.89621489621489
-36.92307692307692,100.6105006105006,-100.6105006105006,-2.93040293040293,0.0,-21.68498168498169,-19.73137973137973,-4.493284493284493,5.665445665445666,0.0,-12.698412698412698,0.5860805860805861,0.0,4.884004884004884,-13.870573870573873,7.228327228327228,-13.870573870573873,0.0,-16.996336996336996,-30.671550671550676,61.53846153846154,-27.545787545787547,0.0,101.001221001221,-103.73626373626374,33.40659340659341,-67.00854700854701,61.53846153846154
-33.7973137973138,197.8998778998779,-208.0586080586081,0.1953601953601953,0.0,-17.77777777777778,-21.68498168498169,-5.665445665445666,1.7582417582417582,0.0,-10.744810744810744,-9.18192918192918,0.0,15.042735042735044,-16.214896214896214,7.619047619047619,-17.387057387057386,0.0,-12.307692307692308,11.135531135531137,22.075702075702075,-31.062271062271066,0.0,208.44932844932845,-204.54212454212453,26.764346764346765,-21.294261294261293,22.075702075702075
-17.387057387057386,177.1916971916972,-201.8070818070818,15.042735042735044,0.0,-8.00976800976801,-15.433455433455434,0.1953601953601953,-1.3675213675213675,0.0,-3.3211233211233213,-6.446886446886447,0.0,20.903540903540904,-13.47985347985348,6.056166056166056,-16.605616605616607,0.0,-3.711843711843712,-8.00976800976801,43.95604395604396,-33.01587301587302,0.0,202.1978021978022,-186.17826617826617,29.499389499389498,-41.22100122100122,43.95604395604396
-6.056166056166056,373.3333333333333,-395.995115995116,19.73137973137973,0.0,-5.274725274725275,-7.228327228327228,9.572649572649572,-4.884004884004884,0.0,3.3211233211233213,3.711843711843712,0.0,15.433455433455434,-4.493284493284493,2.148962148962149,-14.261294261294262,0.0,-1.7582417582417582,-29.89010989010989,56.06837606837607,-24.02930402930403,0.0,396.3858363858364,-387.008547008547,31.45299145299145,-56.06837606837607,56.06837606837607
-2.93040293040293,161.95360195360195,-173.67521367521368,22.466422466422465,0.0,-1.7582417582417582,-1.3675213675213675,18.168498168498168,-6.446886446886447,0.0,6.837606837606837,13.870573870573873,0.0,4.493284493284493,8.791208791208792,4.884004884004884,-16.605616605616607,0.0,-1.7582417582417582,-36.14163614163614,63.10134310134311,-21.294261294261293,0.0,174.06593406593407,-179.14529914529913,39.65811965811966,-63.10134310134311,63.10134310134311
-11.916971916971915,385.44566544566544,-376.4590964590965,25.592185592185597,0.0,-4.493284493284493,3.711843711843712,26.37362637362637,-3.3211233211233213,0.0,5.274725274725275,24.81074481074481,0.0,-0.9768009768009768,21.68498168498169,11.526251526251526,-18.168498168498168,0.0,2.148962148962149,-36.92307692307692,71.30647130647131,-21.294261294261293,0.0,376.8498168498169,-394.8229548229549,57.24053724053724,-76.77655677655677,71.30647130647131
-9.963369963369964,85.37240537240537,-65.05494505494505,17.387057387057386,0.0,-4.493284493284493,3.3211233211233213,26.764346764346765,1.3675213675213675,0.0,2.93040293040293,30.671550671550676,0.0,-6.837606837606837,27.155067155067155,17.387057387057386,-16.605616605616607,0.0,0.5860805860805861,-12.698412698412698,50.989010989010985,-16.605616605616607,0.0,65.44566544566544,-90.06105006105007,64.27350427350427,-68.57142857142857,50.989010989010985
-9.18192918192918,65.05494505494505,-42.39316239316239,15.042735042735044,0.0,-3.711843711843712,-0.5860805860805861,23.247863247863247,8.791208791208792,0.0,-0.9768009768009768,27.545787545787547,0.0,-2.5396825396825395,24.02930402930403,22.075702075702075,-16.605616605616607,0.0,0.1953601953601953,35.75091575091575,6.446886446886447,-15.042735042735044,0.0,42.78388278388278,-70.91575091575092,56.06837606837607,-16.605616605616607,6.446886446886447
-1.7582417582417582,133.82173382173383,-114.28571428571428,22.857142857142858,0.0,5.665445665445666,-2.93040293040293,21.68498168498169,15.433455433455434,0.0,-4.102564102564102,21.68498168498169,0.0,9.572649572649572,16.996336996336996,26.764346764346765,-20.12210012210012,0.0,11.916971916971915,41.61172161172161,-0.9768009768009768,-17.77777777777778,0.0,114.67643467643468,-134.21245421245422,53.724053724053725,-2.5396825396825395,-0.9768009768009768
-5.665445665445666,211.96581196581195,-195.55555555555557,31.843711843711844,0.0,12.698412698412698,-6.446886446886447,19.73137973137973,16.214896214896214,0.0,-5.665445665445666,16.605616605616607,0.0,18.94993894993895,8.00976800976801,23.63858363858364,-21.68498168498169,0.0,13.47985347985348,6.446886446886447,29.89010989010989,-19.73137973137973,0.0,195.94627594627596,-202.58852258852255,55.28693528693529,-29.499389499389498,29.89010989010989
-13.870573870573873,59.58485958485959,-37.31379731379732,36.92307692307692,0.0,15.042735042735044,-8.4004884004884,19.34065934065934,17.387057387057386,0.0,-14.652014652014651,13.47985347985348,0.0,28.71794871794872,-0.1953601953601953,15.433455433455434,-16.605616605616607,0.0,10.354090354090356,-25.592185592185597,56.45909645909646,-13.47985347985348,0.0,37.704517704517706,-47.081807081807085,58.02197802197802,-49.81684981684982,56.45909645909646
-24.81074481074481,29.499389499389498,-0.5860805860805861,40.83028083028083,0.0,11.135531135531137,-9.18192918192918,22.075702075702075,20.12210012210012,0.0,-26.37362637362637,12.698412698412698,0.0,36.92307692307692,-8.4004884004884,11.916971916971915,-13.870573870573873,0.0,13.47985347985348,-33.40659340659341,61.14774114774115,-14.261294261294262,0.0,0.9768009768009768,-17.77777777777778,69.74358974358974,-52.94261294261294,61.14774114774115
-28.32722832722833,258.07081807081806,-219.38949938949935,42.78388278388278,0.0,12.307692307692308,-3.711843711843712,22.857142857142858,19.73137973137973,0.0,-31.45299145299145,18.168498168498168,0.0,36.92307692307692,-13.870573870573873,12.307692307692308,-5.274725274725275,0.0,9.963369963369964,-34.57875457875458,68.18070818070818,-13.089133089133089,0.0,219.78021978021977,-240.0976800976801,72.47863247863248,-56.06837606837607,68.18070818070818
-26.764346764346765,215.48229548229548,-154.13919413919413,27.936507936507937,0.0,8.00976800976801,4.493284493284493,26.37362637362637,21.294261294261293,0.0,-28.71794871794872,25.982905982905983,0.0,31.45299145299145,-15.433455433455434,14.652014652014651,4.884004884004884,0.0,6.446886446886447,-33.7973137973138,62.31990231990232,0.9768009768009768,0.0,154.52991452991452,-200.24420024420024,69.74358974358974,-53.333333333333336,62.31990231990232
-20.12210012210012,278.77899877899875,-217.04517704517704,24.81074481074481,0.0,0.1953601953601953,10.354090354090356,29.89010989010989,23.247863247863247,0.0,-23.63858363858364,33.01587301587302,0.0,23.63858363858364,-11.526251526251526,23.63858363858364,2.148962148962149,0.0,11.135531135531137,-27.545787545787547,54.89621489621489,0.1953601953601953,0.0,217.43589743589743,-272.13675213675214,58.41269841269841,-37.31379731379732,54.89621489621489
-25.2014652014652,133.82173382173383,-72.86935286935287,26.764346764346765,0.0,-4.493284493284493,13.47985347985348,34.18803418803419,17.387057387057386,0.0,-18.168498168498168,36.53235653235653,0.0,8.791208791208792,-2.5396825396825395,32.234432234432234,-3.711843711843712,0.0,13.47985347985348,-14.652014652014651,39.65811965811966,-2.5396825396825395,0.0,73.26007326007326,-120.53724053724054,58.8034188034188,-23.63858363858364,39.65811965811966
-31.45299145299145,380.7570207570208,-319.4139194139194,21.294261294261293,0.0,-10.354090354090356,9.963369963369964,34.18803418803419,15.042735042735044,0.0,-13.089133089133089,38.095238095238095,0.0,0.1953601953601953,6.056166056166056,36.14163614163614,-6.446886446886447,0.0,7.228327228327228,-21.294261294261293,49.42612942612943,0.5860805860805861,0.0,319.8046398046398,-367.8632478632479,60.366300366300365,-39.26739926739927,49.42612942612943
-31.843711843711844,276.4346764346764,-236.97191697191695,31.45299145299145,0.0,-11.135531135531137,0.1953601953601953,28.32722832722833,20.903540903540904,0.0,-15.824175824175825,34.18803418803419,0.0,-8.4004884004884,10.354090354090356,33.7973137973138,-8.791208791208792,0.0,-4.884004884004884,-32.234432234432234,63.10134310134311,1.3675213675213675,0.0,237.36263736263737,-270.96459096459097,59.975579975579976,-57.24053724053724,63.10134310134311
-29.10866910866911,494.8473748473749,-469.45054945054943,37.31379731379732,0.0,-3.711843711843712,-7.619047619047619,26.37362637362637,18.168498168498168,0.0,-14.652014652014651,25.982905982905983,0.0,2.93040293040293,10.354090354090356,31.45299145299145,-15.433455433455434,0.0,0.5860805860805861,-36.92307692307692,81.46520146520146,-14.261294261294262,0.0,469.8412698412698,-492.1123321123321,54.5054945054945,-58.41269841269841,81.46520146520146
-19.73137973137973,183.44322344322345,-161.17216117216117,42.78388278388278,0.0,4.102564102564102,-3.3211233211233213,25.2014652014652,17.387057387057386,0.0,-8.791208791208792,24.02930402930403,0.0,9.18192918192918,7.619047619047619,29.10866910866911,-13.47985347985348,0.0,0.9768009768009768,-2.148962148962149,49.81684981684982,-15.042735042735044,0.0,161.56288156288156,-177.97313797313797,49.42612942612943,-21.294261294261293,49.81684981684982
-16.996336996336996,531.5750915750916,-506.5689865689866,48.64468864468864,0.0,5.274725274725275,0.9768009768009768,25.982905982905983,21.294261294261293,0.0,-6.056166056166056,24.42002442002442,0.0,18.168498168498168,6.056166056166056,24.42002442002442,-10.744810744810744,0.0,6.837606837606837,-32.234432234432234,72.86935286935287,-8.791208791208792,0.0,506.959706959707,-530.0122100122101,41.22100122100122,-35.75091575091575,72.86935286935287
-15.042735042735044,281.51404151404154,-232.67399267399267,35.75091575091575,0.0,6.837606837606837,9.18192918192918,31.843711843711844,19.34065934065934,0.0,-1.7582417582417582,25.982905982905983,0.0,25.2014652014652,4.493284493284493,24.81074481074481,-7.619047619047619,0.0,25.2014652014652,-25.592185592185597,59.1941391941392,-9.572649572649572,0.0,233.06471306471303,-279.56043956043953,45.51892551892552,-18.55921855921856,59.1941391941392
-20.512820512820515,339.34065934065933,-268.62026862026863,25.592185592185597,0.0,-6.056166056166056,23.63858363858364,36.14163614163614,20.512820512820515,0.0,3.3211233211233213,25.982905982905983,0.0,17.77777777777778,6.446886446886447,25.982905982905983,-0.1953601953601953,0.0,33.7973137973138,-8.4004884004884,23.63858363858364,1.7582417582417582,0.0,269.010989010989,-326.4468864468864,62.31990231990232,-13.089133089133089,23.63858363858364
-32.62515262515262,231.11111111111111,-140.46398046398048,15.433455433455434,0.0,-19.73137973137973,24.81074481074481,36.92307692307692,29.89010989010989,0.0,11.135531135531137,24.81074481074481,0.0,3.711843711843712,12.698412698412698,25.592185592185597,1.7582417582417582,0.0,18.55921855921856,-47.86324786324786,64.27350427350427,9.18192918192918,0.0,140.85470085470087,-215.87301587301587,61.53846153846154,-62.71062271062271,64.27350427350427
-31.45299145299145,384.6642246642247,-294.017094017094,14.652014652014651,0.0,-15.433455433455434,18.94993894993895,35.36019536019536,34.18803418803419,0.0,15.824175824175825,22.857142857142858,0.0,-4.884004884004884,22.466422466422465,26.764346764346765,-2.5396825396825395,0.0,7.228327228327228,-66.22710622710623,95.92185592185592,5.274725274725275,0.0,294.4078144078144,-376.068376068376,56.84981684981685,-84.2002442002442,95.92185592185592
-19.34065934065934,218.2173382173382,-158.82783882783883,28.71794871794872,0.0,-6.446886446886447,14.261294261294262,30.671550671550676,29.499389499389498,0.0,18.168498168498168,18.94993894993895,0.0,-15.824175824175825,31.45299145299145,31.45299145299145,-9.572649572649572,0.0,-0.9768009768009768,-32.62515262515262,75.6043956043956,-3.711843711843712,0.0,159.21855921855922,-206.8864468864469,38.48595848595848,-54.5054945054945,75.6043956043956
-10.354090354090356,229.93894993894995,-202.97924297924297,42.002442002442,0.0,7.619047619047619,-0.9768009768009768,25.2014652014652,24.81074481074481,0.0,15.824175824175825,16.214896214896214,0.0,-33.01587301587302,36.92307692307692,34.18803418803419,-12.698412698412698,0.0,-14.652014652014651,-38.87667887667888,89.27960927960928,-9.18192918192918,0.0,203.36996336996336,-222.12454212454213,27.155067155067155,-62.71062271062271,89.27960927960928
-0.5860805860805861,182.66178266178267,-164.2979242979243,41.22100122100122,0.0,24.02930402930403,-12.698412698412698,19.34065934065934,25.982905982905983,0.0,8.4004884004884,14.652014652014651,0.0,-29.10866910866911,35.36019536019536,34.57875457875458,-8.4004884004884,0.0,-13.47985347985348,-8.00976800976801,67.00854700854701,-10.744810744810744,0.0,164.6886446886447,-189.6947496947497,27.155067155067155,-32.234432234432234,67.00854700854701
-2.5396825396825395,-95.92185592185592,111.55067155067157,39.65811965811966,0.0,27.936507936507937,-13.089133089133089,14.652014652014651,21.68498168498169,0.0,2.5396825396825395,9.572649572649572,0.0,-22.466422466422465,29.89010989010989,32.234432234432234,-5.665445665445666,0.0,-6.056166056166056,26.37362637362637,26.37362637362637,-11.916971916971915,0.0,-111.15995115995116,88.1074481074481,31.062271062271066,2.148962148962149,26.37362637362637
-11.135531135531137,167.42368742368745,-134.6031746031746,29.89010989010989,0.0,17.77777777777778,-5.665445665445666,15.042735042735044,21.294261294261293,0.0,4.884004884004884,3.711843711843712,0.0,-16.605616605616607,23.247863247863247,27.936507936507937,0.1953601953601953,0.0,0.9768009768009768,25.592185592185597,13.870573870573873,-4.102564102564102,0.0,134.993894993895,-163.5164835164835,35.75091575091575,-3.3211233211233213,13.870573870573873
-21.68498168498169,116.63003663003664,-61.53846153846154,22.075702075702075,0.0,5.665445665445666,0.9768009768009768,14.652014652014651,30.671550671550676,0.0,8.4004884004884,1.3675213675213675,0.0,-9.963369963369964,15.042735042735044,22.466422466422465,5.665445665445666,0.0,4.493284493284493,9.572649572649572,15.824175824175825,2.5396825396825395,0.0,61.92918192918193,-102.56410256410255,34.969474969474966,-19.34065934065934,15.824175824175825
-23.247863247863247,101.001221001221,-45.90964590964591,13.870573870573873,0.0,-4.884004884004884,8.791208791208792,12.307692307692308,27.155067155067155,0.0,6.446886446886447,-0.1953601953601953,0.0,-15.433455433455434,9.963369963369964,19.73137973137973,0.1953601953601953,0.0,1.7582417582417582,-12.698412698412698,30.671550671550676,-4.102564102564102,0.0,46.3003663003663,-81.85592185592185,32.234432234432234,-39.26739926739927,30.671550671550676
-8.4004884004884,23.247863247863247,12.698412698412698,8.791208791208792,0.0,-8.791208791208792,8.00976800976801,13.089133089133089,22.075702075702075,0.0,6.446886446886447,-2.5396825396825395,0.0,-25.592185592185597,10.354090354090356,20.512820512820515,-3.3211233211233213,0.0,1.3675213675213675,-24.02930402930403,35.36019536019536,-9.572649572649572,0.0,-12.307692307692308,-8.4004884004884,26.37362637362637,-48.64468864468864,35.36019536019536
-3.711843711843712,329.5726495726496,-308.08302808302807,3.3211233211233213,0.0,-8.791208791208792,-0.9768009768009768,7.228327228327228,22.466422466422465,0.0,3.3211233211233213,-0.9768009768009768,0.0,-34.18803418803419,9.572649572649572,22.466422466422465,-0.9768009768009768,0.0,-2.5396825396825395,-34.969474969474966,48.64468864468864,-12.698412698412698,0.0,308.47374847374846,-327.6190476190476,30.28083028083028,-62.31990231990232,48.64468864468864
-2.93040293040293,57.63125763125763,-49.03540903540904,-3.711843711843712,0.0,-4.493284493284493,-11.526251526251526,-2.5396825396825395,19.73137973137973,0.0,-4.493284493284493,-0.5860805860805861,0.0,-45.51892551892552,11.526251526251526,24.42002442002442,-1.7582417582417582,0.0,-8.791208791208792,-21.294261294261293,36.14163614163614,-14.261294261294262,0.0,49.42612942612943,-65.44566544566544,27.936507936507937,-45.90964590964591,36.14163614163614
-3.3211233211233213,245.5677655677656,-249.47496947496947,-4.493284493284493,0.0,-2.148962148962149,-18.168498168498168,-9.18192918192918,17.387057387057386,0.0,-9.572649572649572,-0.9768009768009768,0.0,-47.081807081807085,16.605616605616607,25.2014652014652,-1.3675213675213675,0.0,-0.9768009768009768,16.214896214896214,-5.665445665445666,-14.261294261294262,0.0,249.86568986568983,-251.42857142857144,22.857142857142858,-5.665445665445666,-5.665445665445666
-12.698412698412698,4.102564102564102,-2.5396825396825395,-11.526251526251526,0.0,-9.572649572649572,-16.605616605616607,-15.824175824175825,18.55921855921856,0.0,-14.652014652014651,-0.9768009768009768,0.0,-44.737484737484735,11.526251526251526,21.68498168498169,0.1953601953601953,0.0,0.9768009768009768,2.5396825396825395,0.1953601953601953,-14.261294261294262,0.0,2.93040293040293,-7.619047619047619,24.81074481074481,-18.168498168498168,0.1953601953601953
-20.12210012210012,9.572649572649572,-16.214896214896214,-1.7582417582417582,0.0,-16.214896214896214,-11.916971916971915,-20.903540903540904,20.512820512820515,0.0,-27.155067155067155,-0.9768009768009768,0.0,-34.969474969474966,-2.148962148962149,16.996336996336996,-1.7582417582417582,0.0,0.9768009768009768,1.3675213675213675,-6.056166056166056,-18.168498168498168,0.0,16.605616605616607,-17.387057387057386,24.81074481074481,-13.089133089133089,-6.056166056166056
-23.247863247863247,-77.55799755799755,61.92918192918193,1.3675213675213675,0.0,-27.545787545787547,-4.493284493284493,-17.77777777777778,12.307692307692308,0.0,-38.48595848595848,-3.711843711843712,0.0,-23.63858363858364,-16.996336996336996,10.744810744810744,-2.93040293040293,0.0,-2.5396825396825395,-20.12210012210012,13.089133089133089,-22.075702075702075,0.0,-61.53846153846154,67.00854700854701,22.466422466422465,-32.234432234432234,13.089133089133089
-24.81074481074481,56.84981684981685,-65.83638583638583,-1.7582417582417582,0.0,-34.18803418803419,2.93040293040293,-12.307692307692308,7.228327228327228,0.0,-44.737484737484735,-4.102564102564102,0.0,-15.042735042735044,-31.843711843711844,8.00976800976801,-3.3211233211233213,0.0,-5.274725274725275,-46.3003663003663,30.28083028083028,-20.512820512820515,0.0,66.22710622710623,-62.31990231990232,20.512820512820515,-59.975579975579976,30.28083028083028
-31.062271062271066,-197.8998778998779,196.33699633699635,0.1953601953601953,0.0,-35.75091575091575,3.711843711843712,-11.916971916971915,9.572649572649572,0.0,-49.42612942612943,-6.056166056166056,0.0,-9.572649572649572,-47.86324786324786,5.665445665445666,2.93040293040293,0.0,-13.47985347985348,-23.63858363858364,-0.9768009768009768,-7.619047619047619,0.0,-195.94627594627596,195.94627594627596,15.042735042735044,-32.62515262515262,-0.9768009768009768
-31.062271062271066,-388.18070818070817,392.08791208791206,-2.5396825396825395,0.0,-29.89010989010989,2.5396825396825395,-11.916971916971915,8.4004884004884,0.0,-49.81684981684982,-9.572649572649572,0.0,-11.916971916971915,-51.37973137973138,2.148962148962149,1.3675213675213675,0.0,-17.77777777777778,-47.081807081807085,10.744810744810744,-3.3211233211233213,0.0,-391.69719169719167,387.3992673992674,9.18192918192918,-42.78388278388278,10.744810744810744
-33.01587301587302,-114.28571428571428,130.6959706959707,-11.135531135531137,0.0,-27.155067155067155,2.93040293040293,-15.824175824175825,11.135531135531137,0.0,-43.56532356532357,-14.652014652014651,0.0,-18.94993894993895,-45.90964590964591,0.9768009768009768,-1.3675213675213675,0.0,-20.903540903540904,-27.155067155067155,-12.698412698412698,-2.93040293040293,0.0,-130.3052503052503,120.14652014652016,13.47985347985348,-24.02930402930403,-12.698412698412698
-34.969474969474966,-92.4053724053724,95.92185592185592,4.102564102564102,0.0,-25.592185592185597,0.9768009768009768,-18.94993894993895,16.214896214896214,0.0,-37.31379731379732,-18.55921855921856,0.0,-18.55921855921856,-42.002442002442,-0.5860805860805861,-3.711843711843712,0.0,-25.982905982905983,-28.32722832722833,-6.446886446886447,-4.102564102564102,0.0,-95.53113553113552,95.92185592185592,19.73137973137973,-25.2014652014652,-6.446886446886447
-32.62515262515262,-320.1953601953602,309.25518925518924,8.00976800976801,0.0,-22.857142857142858,-2.148962148962149,-24.81074481074481,15.042735042735044,0.0,-38.095238095238095,-20.903540903540904,0.0,-14.652014652014651,-33.40659340659341,-1.7582417582417582,-9.572649572649572,0.0,-24.02930402930403,-52.16117216117216,27.545787545787547,-11.135531135531137,0.0,-308.86446886446885,313.943833943834,22.466422466422465,-45.12820512820513,27.545787545787547
-38.48595848595848,-163.12576312576311,152.57631257631255,2.93040293040293,0.0,-21.68498168498169,-6.446886446886447,-27.155067155067155,8.791208791208792,0.0,-41.22100122100122,-19.34065934065934,0.0,-8.00976800976801,-29.89010989010989,0.5860805860805861,-15.824175824175825,0.0,-18.168498168498168,-25.982905982905983,6.056166056166056,-14.261294261294262,0.0,-152.18559218559218,155.3113553113553,25.982905982905983,-19.73137973137973,6.056166056166056
-35.36019536019536,99.04761904761904,-104.51770451770452,9.18192918192918,0.0,-13.089133089133089,-8.791208791208792,-23.63858363858364,14.261294261294262,0.0,-44.346764346764346,-11.916971916971915,0.0,1.7582417582417582,-31.843711843711844,3.711843711843712,-6.056166056166056,0.0,-13.47985347985348,-22.075702075702075,5.274725274725275,-0.9768009768009768,0.0,104.9084249084249,-105.2991452991453,26.37362637362637,-20.12210012210012,5.274725274725275
-34.969474969474966,-234.23687423687423,243.6141636141636,4.493284493284493,0.0,-11.526251526251526,-2.93040293040293,-21.68498168498169,14.652014652014651,0.0,-43.17460317460318,-3.3211233211233213,0.0,3.3211233211233213,-33.7973137973138,4.493284493284493,0.1953601953601953,0.0,-13.47985347985348,-44.346764346764346,26.37362637362637,7.619047619047619,0.0,-243.2234432234432,230.72039072039072,21.68498168498169,-40.43956043956044,26.37362637362637
-39.26739926739927,-543.6874236874237,576.8986568986569,-6.837606837606837,0.0,-8.4004884004884,4.493284493284493,-16.605616605616607,6.446886446886447,0.0,-37.31379731379732,-0.9768009768009768,0.0,-1.7582417582417582,-35.75091575091575,5.274725274725275,0.1953601953601953,0.0,-17.77777777777778,-23.247863247863247,-2.5396825396825395,12.698412698412698,0.0,-576.5079365079365,548.7667887667887,16.605616605616607,-14.261294261294262,-2.5396825396825395
-36.14163614163614,-211.96581196581195,247.13064713064716,1.3675213675213675,0.0,-8.00976800976801,12.698412698412698,-15.042735042735044,10.354090354090356,0.0,-29.499389499389498,-2.148962148962149,0.0,-7.619047619047619,-36.14163614163614,2.93040293040293,4.493284493284493,0.0,-18.94993894993895,-33.01587301587302,-2.93040293040293,19.34065934065934,0.0,-246.73992673992677,224.85958485958488,15.433455433455434,-24.42002442002442,-2.93040293040293
-34.57875457875458,-348.7179487179488,372.16117216117215,9.18192918192918,0.0,-10.354090354090356,18.55921855921856,-20.12210012210012,9.572649572649572,0.0,-23.63858363858364,-8.00976800976801,0.0,-16.214896214896214,-31.45299145299145,0.1953601953601953,-1.3675213675213675,0.0,-23.63858363858364,-61.53846153846154,22.857142857142858,11.916971916971915,0.0,-371.77045177045176,362.002442002442,6.056166056166056,-41.61172161172161,22.857142857142858
-39.65811965811966,-214.7008547008547,229.5482295482296,4.884004884004884,0.0,-21.294261294261293,16.605616605616607,-22.075702075702075,6.056166056166056,0.0,-20.12210012210012,-16.996336996336996,0.0,-11.526251526251526,-26.37362637362637,0.1953601953601953,-12.698412698412698,0.0,-11.135531135531137,-54.114774114774114,8.00976800976801,6.056166056166056,0.0,-229.1575091575092,222.12454212454213,-3.3211233211233213,-13.870573870573873,8.00976800976801
-27.936507936507937,32.234432234432234,-39.26739926739927,25.2014652014652,0.0,-10.744810744810744,10.354090354090356,-18.55921855921856,9.18192918192918,0.0,-15.042735042735044,-18.168498168498168,0.0,4.493284493284493,-13.870573870573873,4.102564102564102,-19.34065934065934,0.0,-0.9768009768009768,-45.12820512820513,15.433455433455434,6.056166056166056,0.0,39.65811965811966,-32.62515262515262,-2.148962148962149,-13.089133089133089,15.433455433455434
-20.512820512820515,-109.5970695970696,85.76312576312576,38.48595848595848,0.0,-3.711843711843712,2.5396825396825395,-16.214896214896214,10.744810744810744,0.0,-13.089133089133089,-9.963369963369964,0.0,11.135531135531137,-0.5860805860805861,11.916971916971915,-23.63858363858364,0.0,-9.18192918192918,-37.704517704517706,38.87667887667888,7.228327228327228,0.0,-85.37240537240537,98.26617826617829,2.5396825396825395,-27.545787545787547,38.87667887667888
-23.247863247863247,-342.07570207570205,332.3076923076923,42.002442002442,0.0,4.493284493284493,0.5860805860805861,-6.056166056166056,8.00976800976801,0.0,-12.698412698412698,3.711843711843712,0.0,12.307692307692308,8.00976800976801,19.34065934065934,-23.63858363858364,0.0,-16.996336996336996,-27.936507936507937,51.77045177045177,11.526251526251526,0.0,-331.916971916972,332.3076923076923,9.18192918192918,-30.28083028083028,51.77045177045177
-24.42002442002442,-50.20757020757021,53.724053724053725,45.51892551892552,0.0,17.387057387057386,0.1953601953601953,0.9768009768009768,4.102564102564102,0.0,-13.47985347985348,16.605616605616607,0.0,20.12210012210012,9.18192918192918,24.81074481074481,-24.42002442002442,0.0,-12.307692307692308,24.81074481074481,6.056166056166056,12.307692307692308,0.0,-53.333333333333336,49.42612942612943,10.354090354090356,16.214896214896214,6.056166056166056
-27.936507936507937,95.92185592185592,-87.32600732600733,49.03540903540904,0.0,8.791208791208792,6.837606837606837,6.446886446886447,4.884004884004884,0.0,-16.605616605616607,25.2014652014652,0.0,16.214896214896214,0.9768009768009768,24.42002442002442,-19.34065934065934,0.0,-10.354090354090356,-20.512820512820515,40.83028083028083,14.261294261294262,0.0,87.71672771672772,-83.02808302808303,9.963369963369964,-28.71794871794872,40.83028083028083
-39.26739926739927,-172.11233211233213,187.74114774114773,48.25396825396825,0.0,-4.493284493284493,9.18192918192918,14.261294261294262,4.102564102564102,0.0,-17.77777777777778,25.2014652014652,0.0,14.261294261294262,-9.572649572649572,19.73137973137973,-16.996336996336996,0.0,-8.4004884004884,-49.03540903540904,54.5054945054945,10.744810744810744,0.0,-187.3504273504273,190.47619047619048,3.711843711843712,-36.53235653235653,54.5054945054945
-36.14163614163614,-105.68986568986568,134.6031746031746,33.40659340659341,0.0,-10.354090354090356,10.744810744810744,20.512820512820515,2.93040293040293,0.0,-16.996336996336996,21.294261294261293,0.0,24.42002442002442,-13.089133089133089,16.605616605616607,-19.73137973137973,0.0,0.1953601953601953,5.665445665445666,-7.228327228327228,9.963369963369964,0.0,-134.21245421245422,117.8021978021978,-5.274725274725275,34.18803418803419,-7.228327228327228
-29.10866910866911,134.6031746031746,-110.37851037851038,32.62515262515262,0.0,-17.77777777777778,9.572649572649572,25.592185592185597,8.4004884004884,0.0,-11.135531135531137,14.652014652014651,0.0,19.34065934065934,-7.619047619047619,15.042735042735044,-21.68498168498169,0.0,-9.18192918192918,-38.095238095238095,42.002442002442,10.354090354090356,0.0,110.76923076923076,-134.21245421245422,-1.7582417582417582,-18.168498168498168,42.002442002442
-18.94993894993895,55.28693528693529,-21.68498168498169,31.45299145299145,0.0,2.5396825396825395,2.93040293040293,25.982905982905983,11.916971916971915,0.0,-2.5396825396825395,8.4004884004884,0.0,18.168498168498168,1.3675213675213675,15.433455433455434,-27.155067155067155,0.0,-15.824175824175825,-22.075702075702075,42.002442002442,5.274725274725275,0.0,22.075702075702075,-58.8034188034188,9.572649572649572,-13.47985347985348,42.002442002442
-19.73137973137973,47.081807081807085,7.228327228327228,27.155067155067155,0.0,16.214896214896214,4.102564102564102,25.592185592185597,12.698412698412698,0.0,3.711843711843712,5.665445665445666,0.0,19.34065934065934,16.605616605616607,15.433455433455434,-35.75091575091575,0.0,-11.135531135531137,11.135531135531137,20.12210012210012,-2.93040293040293,0.0,-6.837606837606837,-45.51892551892552,20.12210012210012,16.605616605616607,20.12210012210012
-22.075702075702075,126.3980463980464,-89.67032967032966,45.12820512820513,0.0,11.526251526251526,12.307692307692308,23.247863247863247,8.791208791208792,0.0,5.665445665445666,4.102564102564102,0.0,23.247863247863247,22.857142857142858,13.870573870573873,-42.39316239316239,0.0,-3.3211233211233213,-10.744810744810744,48.64468864468864,-14.261294261294262,0.0,90.06105006105007,-120.14652014652016,21.68498168498169,-3.711843711843712,48.64468864468864
-26.764346764346765,381.1477411477412,-356.1416361416361,56.45909645909646,0.0,12.698412698412698,16.214896214896214,20.12210012210012,2.93040293040293,0.0,7.228327228327228,1.7582417582417582,0.0,38.095238095238095,19.34065934065934,10.744810744810744,-41.22100122100122,0.0,9.572649572649572,-2.5396825396825395,38.48595848595848,-16.214896214896214,0.0,356.5323565323565,-360.83028083028086,24.02930402930403,-1.7582417582417582,38.48595848595848
-35.36019536019536,129.9145299145299,-101.3919413919414,59.975579975579976,0.0,11.135531135531137,20.12210012210012,20.903540903540904,-1.7582417582417582,0.0,6.446886446886447,0.1953601953601953,0.0,38.87667887667888,10.744810744810744,8.00976800976801,-31.45299145299145,0.0,13.089133089133089,-1.3675213675213675,28.71794871794872,-12.698412698412698,0.0,101.78266178266178,-108.8156288156288,33.40659340659341,4.884004884004884,28.71794871794872
-24.42002442002442,249.08424908424908,-221.34310134310132,52.16117216117216,0.0,15.042735042735044,24.02930402930403,23.63858363858364,-10.354090354090356,0.0,6.056166056166056,0.1953601953601953,0.0,38.87667887667888,-0.5860805860805861,9.572649572649572,-20.12210012210012,0.0,14.261294261294262,-31.843711843711844,53.333333333333336,-7.228327228327228,0.0,221.7338217338217,-230.72039072039072,21.294261294261293,-20.12210012210012,53.333333333333336
-7.228327228327228,153.35775335775335,-113.89499389499387,38.095238095238095,0.0,30.28083028083028,25.982905982905983,25.2014652014652,-13.47985347985348,0.0,7.619047619047619,3.711843711843712,0.0,37.704517704517706,-18.55921855921856,13.089133089133089,-9.18192918192918,0.0,16.996336996336996,-22.075702075702075,28.32722832722833,-0.1953601953601953,0.0,114.28571428571428,-132.64957264957266,22.857142857142858,-18.168498168498168,28.32722832722833
-1.3675213675213675,233.84615384615384,-165.47008547008548,28.32722832722833,0.0,42.78388278388278,27.936507936507937,30.671550671550676,-8.791208791208792,0.0,12.698412698412698,12.698412698412698,0.0,27.545787545787547,-28.71794871794872,18.94993894993895,2.148962148962149,0.0,8.791208791208792,-14.261294261294262,8.4004884004884,17.387057387057386,0.0,165.86080586080587,-210.4029304029304,18.55921855921856,-5.274725274725275,8.4004884004884
-3.711843711843712,79.9023199023199,0.1953601953601953,24.81074481074481,0.0,40.83028083028083,35.36019536019536,33.40659340659341,-10.354090354090356,0.0,13.089133089133089,22.075702075702075,0.0,26.764346764346765,-28.32722832722833,26.37362637362637,6.837606837606837,0.0,9.963369963369964,-16.214896214896214,13.870573870573873,24.02930402930403,0.0,0.1953601953601953,-54.114774114774114,11.916971916971915,-3.711843711843712,13.870573870573873
-6.056166056166056,267.44810744810746,-199.46275946275944,34.18803418803419,0.0,36.92307692307692,33.7973137973138,27.545787545787547,-5.274725274725275,0.0,8.4004884004884,25.592185592185597,0.0,28.32722832722833,-23.247863247863247,31.45299145299145,7.619047619047619,0.0,17.387057387057386,24.42002442002442,-22.857142857142858,26.37362637362637,0.0,199.85347985347985,-236.5811965811966,7.228327228327228,32.62515262515262,-22.857142857142858
-20.903540903540904,-15.042735042735044,73.26007326007326,42.39316239316239,0.0,28.71794871794872,20.903540903540904,21.294261294261293,5.665445665445666,0.0,-0.1953601953601953,24.81074481074481,0.0,31.062271062271066,-18.168498168498168,30.671550671550676,15.042735042735044,0.0,18.94993894993895,20.512820512820515,-15.433455433455434,34.57875457875458,0.0,-72.86935286935287,45.90964590964591,4.884004884004884,27.155067155067155,-15.433455433455434
-25.592185592185597,-295.57997557997555,338.94993894993894,42.39316239316239,0.0,24.02930402930403,7.619047619047619,13.870573870573873,10.744810744810744,0.0,-14.652014652014651,17.387057387057386,0.0,20.12210012210012,-11.135531135531137,24.42002442002442,6.837606837606837,0.0,19.73137973137973,-63.10134310134311,68.96214896214896,15.042735042735044,0.0,-338.5592185592185,317.46031746031747,8.00976800976801,-41.61172161172161,68.96214896214896
-13.870573870573873,-50.989010989010985,69.35286935286935,38.095238095238095,0.0,16.996336996336996,-2.148962148962149,8.791208791208792,16.214896214896214,0.0,-26.764346764346765,9.572649572649572,0.0,11.916971916971915,-8.4004884004884,18.94993894993895,-0.9768009768009768,0.0,25.592185592185597,-66.22710622710623,61.53846153846154,0.1953601953601953,0.0,-68.96214896214896,64.66422466422466,9.572649572649572,-41.22100122100122,61.53846153846154
-22.466422466422465,75.995115995116,-53.724053724053725,26.37362637362637,0.0,3.3211233211233213,-6.837606837606837,7.619047619047619,19.34065934065934,0.0,-25.2014652014652,7.619047619047619,0.0,13.089133089133089,-13.089133089133089,15.824175824175825,-1.3675213675213675,0.0,28.71794871794872,-61.14774114774115,46.69108669108669,0.1953601953601953,0.0,54.114774114774114,-59.975579975579976,20.903540903540904,-45.90964590964591,46.69108669108669
-28.32722832722833,-135.77533577533578,165.47008547008548,30.671550671550676,0.0,-4.102564102564102,6.446886446886447,11.526251526251526,15.824175824175825,0.0,-15.433455433455434,13.870573870573873,0.0,5.274725274725275,-16.605616605616607,19.34065934065934,3.3211233211233213,0.0,18.168498168498168,-65.44566544566544,54.114774114774114,4.493284493284493,0.0,-165.0793650793651,152.57631257631255,31.45299145299145,-49.81684981684982,54.114774114774114
-31.843711843711844,-103.73626373626374,141.24542124542126,35.36019536019536,0.0,-10.354090354090356,23.247863247863247,13.870573870573873,11.526251526251526,0.0,-6.056166056166056,21.294261294261293,0.0,9.963369963369964,-18.55921855921856,24.02930402930403,10.744810744810744,0.0,22.075702075702075,-11.916971916971915,0.1953601953601953,16.605616605616607,0.0,-140.85470085470087,122.1001221001221,36.14163614163614,-2.148962148962149,0.1953601953601953
-31.062271062271066,129.13308913308913,-79.51159951159951,28.32722832722833,0.0,-6.446886446886447,23.247863247863247,15.824175824175825,11.135531135531137,0.0,-2.93040293040293,26.37362637362637,0.0,15.824175824175825,-22.075702075702075,28.71794871794872,18.55921855921856,0.0,30.671550671550676,11.135531135531137,-20.12210012210012,19.73137973137973,0.0,79.9023199023199,-109.2063492063492,36.92307692307692,13.870573870573873,-20.12210012210012
-12.307692307692308,-70.52503052503053,118.97435897435898,24.81074481074481,0.0,9.572649572649572,21.68498168498169,13.870573870573873,11.916971916971915,0.0,-6.056166056166056,25.982905982905983,0.0,11.916971916971915,-21.68498168498169,25.592185592185597,22.857142857142858,0.0,27.155067155067155,-15.042735042735044,7.619047619047619,19.34065934065934,0.0,-118.5836385836386,89.67032967032966,28.32722832722833,-8.4004884004884,7.619047619047619
2.5396825396825395,-356.9230769230769,409.2796092796093,0.1953601953601953,0.0,15.824175824175825,18.168498168498168,5.274725274725275,12.698412698412698,0.0,-13.47985347985348,15.824175824175825,0.0,11.526251526251526,-12.698412698412698,20.12210012210012,9.572649572649572,0.0,36.92307692307692,-36.92307692307692,25.982905982905983,2.93040293040293,0.0,-408.8888888888889,373.3333333333333,13.089133089133089,-18.55921855921856,25.982905982905983
12.698412698412698,20.903540903540904,16.605616605616607,-6.056166056166056,0.0,14.652014652014651,13.870573870573873,-1.3675213675213675,14.261294261294262,0.0,-15.042735042735044,2.5396825396825395,0.0,-0.5860805860805861,0.1953601953601953,17.387057387057386,1.3675213675213675,0.0,31.45299145299145,-35.36019536019536,33.7973137973138,-11.135531135531137,0.0,-16.214896214896214,-4.102564102564102,5.665445665445666,-20.512820512820515,33.7973137973138
7.228327228327228,340.9035409035409,-326.05616605616603,-0.1953601953601953,0.0,5.665445665445666,9.963369963369964,-12.307692307692308,16.605616605616607,0.0,-11.916971916971915,-7.228327228327228,0.0,-6.837606837606837,7.619047619047619,14.652014652014651,-6.837606837606837,0.0,25.982905982905983,-25.2014652014652,37.31379731379732,-28.71794871794872,0.0,326.4468864468864,-323.7118437118437,9.963369963369964,-18.55921855921856,37.31379731379732
-4.493284493284493,45.90964590964591,-41.61172161172161,3.3211233211233213,0.0,-12.698412698412698,9.572649572649572,-18.94993894993895,22.857142857142858,0.0,-12.307692307692308,-11.916971916971915,0.0,-5.274725274725275,8.791208791208792,11.526251526251526,-8.4004884004884,0.0,27.545787545787547,-9.572649572649572,25.2014652014652,-35.75091575091575,0.0,42.002442002442,-27.545787545787547,12.307692307692308,-8.00976800976801,25.2014652014652
-9.18192918192918,272.5274725274725,-272.13675213675214,11.135531135531137,0.0,-14.261294261294262,4.884004884004884,-16.605616605616607,26.37362637362637,0.0,-15.433455433455434,-8.4004884004884,0.0,-6.056166056166056,9.963369963369964,11.916971916971915,-2.5396825396825395,0.0,32.234432234432234,-5.274725274725275,22.466422466422465,-35.75091575091575,0.0,272.5274725274725,-249.47496947496947,22.075702075702075,-13.870573870573873,22.466422466422465
-9.963369963369964,76.38583638583638,-70.13431013431014,10.744810744810744,0.0,-8.4004884004884,-3.3211233211233213,-11.916971916971915,29.499389499389498,0.0,-22.075702075702075,0.1953601953601953,0.0,-6.056166056166056,1.7582417582417582,12.698412698412698,5.665445665445666,0.0,41.61172161172161,18.168498168498168,-10.354090354090356,-34.18803418803419,0.0,70.52503052503053,-46.69108669108669,33.01587301587302,7.619047619047619,-10.354090354090356
-10.354090354090356,-115.45787545787546,135.77533577533578,2.5396825396825395,0.0,-9.963369963369964,0.9768009768009768,-8.4004884004884,29.499389499389498,0.0,-29.89010989010989,10.744810744810744,0.0,1.3675213675213675,-4.102564102564102,10.744810744810744,14.261294261294262,0.0,42.78388278388278,2.148962148962149,4.102564102564102,-25.2014652014652,0.0,-135.3846153846154,142.02686202686203,27.936507936507937,-3.3211233211233213,4.102564102564102
-4.102564102564102,-52.55189255189255,78.33943833943835,-1.3675213675213675,0.0,-13.089133089133089,14.261294261294262,-5.665445665445666,23.247863247863247,0.0,-25.592185592185597,9.963369963369964,0.0,-0.1953601953601953,-2.148962148962149,12.698412698412698,19.34065934065934,0.0,36.14163614163614,-9.963369963369964,20.903540903540904,-16.605616605616607,0.0,-77.94871794871794,79.9023199023199,20.512820512820515,-16.996336996336996,20.903540903540904
-3.3211233211233213,193.2112332112332,-176.4102564102564,2.148962148962149,0.0,-18.168498168498168,22.075702075702075,-9.963369963369964,21.68498168498169,0.0,-17.387057387057386,3.3211233211233213,0.0,-13.47985347985348,-6.446886446886447,15.824175824175825,14.261294261294262,0.0,24.42002442002442,17.387057387057386,-10.744810744810744,-20.512820512820515,0.0,176.8009768009768,-163.12576312576311,19.73137973137973,6.446886446886447,-10.744810744810744
-4.884004884004884,-88.4981684981685,94.74969474969475,0.1953601953601953,0.0,-26.37362637362637,24.02930402930403,-21.294261294261293,24.81074481074481,0.0,-11.916971916971915,-5.665445665445666,0.0,-15.433455433455434,-10.744810744810744,13.870573870573873,9.572649572649572,0.0,20.903540903540904,24.81074481074481,-19.34065934065934,-28.71794871794872,0.0,-94.35897435897436,114.28571428571428,17.77777777777778,15.433455433455434,-19.34065934065934
-4.493284493284493,-264.32234432234435,269.010989010989,-0.9768009768009768,0.0,-24.42002442002442,18.94993894993895,-29.499389499389498,33.01587301587302,0.0,-9.18192918192918,-18.168498168498168,0.0,-13.870573870573873,-11.526251526251526,6.446886446886447,9.18192918192918,0.0,16.605616605616607,-1.3675213675213675,0.9768009768009768,-25.592185592185597,0.0,-268.62026862026863,290.1098901098901,16.214896214896214,-9.18192918192918,0.9768009768009768
4.102564102564102,-14.261294261294262,13.089133089133089,-1.7582417582417582,0.0,-5.665445665445666,1.3675213675213675,-35.36019536019536,40.83028083028083,0.0,-11.135531135531137,-29.499389499389498,0.0,-10.354090354090356,-9.572649572649572,2.5396825396825395,5.665445665445666,0.0,22.075702075702075,16.605616605616607,-19.73137973137973,-31.062271062271066,0.0,-12.698412698412698,43.17460317460318,20.12210012210012,6.056166056166056,-19.73137973137973
0.9768009768009768,-29.89010989010989,19.34065934065934,-1.3675213675213675,0.0,-6.056166056166056,-15.042735042735044,-35.36019536019536,44.737484737484735,0.0,-19.73137973137973,-32.234432234432234,0.0,0.1953601953601953,-9.18192918192918,-3.3211233211233213,6.837606837606837,0.0,23.63858363858364,9.18192918192918,-7.228327228327228,-30.28083028083028,0.0,-18.94993894993895,58.8034188034188,15.824175824175825,-8.00976800976801,-7.228327228327228
-3.711843711843712,-289.3284493284493,264.32234432234435,4.102564102564102,0.0,-18.94993894993895,-19.34065934065934,-30.671550671550676,44.737484737484735,0.0,-30.671550671550676,-31.45299145299145,0.0,7.228327228327228,-10.354090354090356,-6.446886446886447,6.837606837606837,0.0,22.466422466422465,-5.274725274725275,4.884004884004884,-24.02930402930403,0.0,-263.9316239316239,310.8180708180708,13.47985347985348,-24.81074481074481,4.884004884004884
-5.274725274725275,-108.42490842490842,74.43223443223444,16.605616605616607,0.0,-18.94993894993895,-19.73137973137973,-24.02930402930403,40.04884004884005,0.0,-34.969474969474966,-33.01587301587302,0.0,12.307692307692308,-10.354090354090356,-6.837606837606837,6.837606837606837,0.0,25.982905982905983,-11.526251526251526,5.274725274725275,-16.996336996336996,0.0,-74.04151404151405,127.17948717948718,14.261294261294262,-30.671550671550676,5.274725274725275
-11.135531135531137,160.3907203907204,-201.02564102564105,21.294261294261293,0.0,-29.499389499389498,-13.47985347985348,-16.214896214896214,28.71794871794872,0.0,-32.62515262515262,-32.62515262515262,0.0,0.9768009768009768,-18.55921855921856,-6.056166056166056,1.3675213675213675,0.0,18.55921855921856,-6.837606837606837,-14.261294261294262,-17.77777777777778,0.0,201.4163614163614,-147.49694749694748,21.68498168498169,-23.247863247863247,-14.261294261294262
-7.619047619047619,-76.77655677655677,46.3003663003663,13.47985347985348,0.0,-34.18803418803419,-4.102564102564102,-11.526251526251526,25.592185592185597,0.0,-29.89010989010989,-26.37362637362637,0.0,-24.02930402930403,-28.71794871794872,-3.711843711843712,7.619047619047619,0.0,4.102564102564102,-30.28083028083028,-9.572649572649572,-12.698412698412698,0.0,-45.90964590964591,89.27960927960928,18.94993894993895,-32.234432234432234,-9.572649572649572
-8.4004884004884,-93.57753357753356,100.6105006105006,-4.493284493284493,0.0,-27.155067155067155,6.056166056166056,-8.00976800976801,22.075702075702075,0.0,-21.68498168498169,-23.247863247863247,0.0,-39.65811965811966,-22.075702075702075,-0.5860805860805861,2.93040293040293,0.0,-6.056166056166056,-28.71794871794872,-10.354090354090356,-13.870573870573873,0.0,-100.21978021978022,112.33211233211232,15.433455433455434,-24.02930402930403,-10.354090354090356
-8.791208791208792,48.25396825396825,-34.57875457875458,-8.4004884004884,0.0,-24.02930402930403,6.837606837606837,-9.18192918192918,20.512820512820515,0.0,-14.261294261294262,-22.466422466422465,0.0,-44.737484737484735,-11.135531135531137,2.93040293040293,0.5860805860805861,0.0,-7.228327228327228,11.916971916971915,-37.31379731379732,-19.73137973137973,0.0,34.969474969474966,-30.28083028083028,15.824175824175825,11.135531135531137,-37.31379731379732
-18.94993894993895,190.86691086691087,-179.9267399267399,-11.135531135531137,0.0,-34.57875457875458,6.056166056166056,-16.214896214896214,24.42002442002442,0.0,-15.824175824175825,-20.12210012210012,0.0,-44.346764346764346,-4.102564102564102,2.5396825396825395,-4.884004884004884,0.0,-10.744810744810744,17.387057387057386,-31.45299145299145,-25.592185592185597,0.0,180.31746031746036,-174.84737484737485,8.4004884004884,15.433455433455434,-31.45299145299145
-15.433455433455434,-37.31379731379732,39.26739926739927,-7.228327228327228,0.0,-20.903540903540904,-1.7582417582417582,-27.545787545787547,28.71794871794872,0.0,-20.512820512820515,-25.982905982905983,0.0,-25.592185592185597,7.228327228327228,0.5860805860805861,-12.698412698412698,0.0,1.3675213675213675,15.433455433455434,-19.34065934065934,-27.545787545787547,0.0,-38.87667887667888,48.64468864468864,-0.1953601953601953,18.94993894993895,-19.34065934065934
-20.12210012210012,146.32478632478632,-178.75457875457874,20.903540903540904,0.0,-10.354090354090356,-15.042735042735044,-33.40659340659341,27.155067155067155,0.0,-19.73137973137973,-36.14163614163614,0.0,4.102564102564102,9.18192918192918,-0.5860805860805861,-15.824175824175825,0.0,17.387057387057386,16.214896214896214,-8.791208791208792,-27.936507936507937,0.0,179.14529914529913,-141.24542124542126,-1.3675213675213675,15.824175824175825,-8.791208791208792
-13.870573870573873,-84.2002442002442,37.704517704517706,26.764346764346765,0.0,-4.884004884004884,-20.12210012210012,-27.155067155067155,18.94993894993895,0.0,-16.605616605616607,-35.75091575091575,0.0,12.698412698412698,1.3675213675213675,-2.93040293040293,-13.870573870573873,0.0,11.526251526251526,-18.55921855921856,18.168498168498168,-13.870573870573873,0.0,-37.31379731379732,88.1074481074481,-9.963369963369964,-16.214896214896214,18.168498168498168
-11.916971916971915,-431.1599511599512,404.2002442002442,13.870573870573873,0.0,-11.526251526251526,-13.870573870573873,-13.47985347985348,15.042735042735044,0.0,-13.089133089133089,-26.764346764346765,0.0,14.652014652014651,-6.056166056166056,-3.711843711843712,0.5860805860805861,0.0,8.4004884004884,-43.95604395604396,27.155067155067155,12.698412698412698,0.0,-403.8095238095238,433.5042735042735,-16.605616605616607,-35.36019536019536,27.155067155067155
-10.354090354090356,-129.52380952380952,111.94139194139194,16.605616605616607,0.0,-10.354090354090356,-0.9768009768009768,-3.711843711843712,3.711843711843712,0.0,-6.837606837606837,-21.294261294261293,0.0,18.55921855921856,-11.916971916971915,-4.102564102564102,10.354090354090356,0.0,5.274725274725275,-47.472527472527474,33.01587301587302,20.512820512820515,0.0,-111.55067155067157,126.3980463980464,-4.102564102564102,-48.25396825396825,33.01587301587302
-1.3675213675213675,92.4053724053724,-111.55067155067157,15.433455433455434,0.0,-19.73137973137973,18.94993894993895,0.5860805860805861,-4.102564102564102,0.0,-1.7582417582417582,-17.77777777777778,0.0,4.102564102564102,-17.387057387057386,-3.3211233211233213,11.526251526251526,0.0,0.1953601953601953,-22.075702075702075,-5.274725274725275,20.903540903540904,0.0,111.94139194139194,-93.57753357753356,0.1953601953601953,-30.671550671550676,-5.274725274725275
-9.18192918192918,-132.64957264957266,121.7094017094017,15.042735042735044,0.0,-23.63858363858364,33.7973137973138,-9.18192918192918,-5.665445665445666,0.0,-1.3675213675213675,-20.12210012210012,0.0,-3.3211233211233213,-20.903540903540904,-5.665445665445666,11.526251526251526,0.0,0.5860805860805861,-11.526251526251526,-31.45299145299145,22.466422466422465,0.0,-121.31868131868131,133.43101343101344,1.7582417582417582,-7.619047619047619,-31.45299145299145
-7.228327228327228,-191.64835164835165,168.5958485958486,27.155067155067155,0.0,1.3675213675213675,31.062271062271066,-27.155067155067155,-8.4004884004884,0.0,-6.056166056166056,-31.062271062271066,0.0,0.9768009768009768,-18.168498168498168,-4.884004884004884,-5.665445665445666,0.0,-1.7582417582417582,-4.102564102564102,-22.857142857142858,0.1953601953601953,0.0,-168.2051282051282,188.13186813186812,-0.1953601953601953,12.307692307692308,-22.857142857142858
-4.884004884004884,47.472527472527474,-81.85592185592185,38.095238095238095,0.0,23.63858363858364,22.075702075702075,-35.36019536019536,-11.135531135531137,0.0,-6.446886446886447,-35.36019536019536,0.0,6.056166056166056,-15.433455433455434,0.1953601953601953,-24.81074481074481,0.0,0.5860805860805861,-10.744810744810744,-14.652014652014651,-9.963369963369964,0.0,82.24664224664225,-40.43956043956044,-10.744810744810744,20.903540903540904,-14.652014652014651
-13.870573870573873,-27.545787545787547,-12.698412698412698,45.51892551892552,0.0,25.982905982905983,6.837606837606837,-36.53235653235653,-5.665445665445666,0.0,-4.884004884004884,-33.7973137973138,0.0,18.168498168498168,-8.00976800976801,0.1953601953601953,-29.89010989010989,0.0,5.665445665445666,-42.002442002442,25.592185592185597,-9.18192918192918,0.0,13.089133089133089,36.14163614163614,-9.572649572649572,-6.446886446886447,25.592185592185597
-17.387057387057386,-265.8852258852259,219.38949938949935,47.86324786324786,0.0,14.261294261294262,-0.9768009768009768,-28.71794871794872,-0.9768009768009768,0.0,-5.665445665445666,-25.2014652014652,0.0,22.857142857142858,2.148962148962149,-0.1953601953601953,-31.062271062271066,0.0,11.135531135531137,-50.20757020757021,43.17460317460318,-9.572649572649572,0.0,-218.998778998779,262.75946275946274,0.1953601953601953,-15.042735042735044,43.17460317460318
-17.77777777777778,-10.354090354090356,-26.764346764346765,46.69108669108669,0.0,2.5396825396825395,-0.9768009768009768,-14.261294261294262,2.93040293040293,0.0,-2.93040293040293,-11.916971916971915,0.0,29.89010989010989,9.18192918192918,3.711843711843712,-31.062271062271066,0.0,20.903540903540904,-36.14163614163614,41.22100122100122,-13.089133089133089,0.0,27.155067155067155,2.148962148962149,15.042735042735044,-9.18192918192918,41.22100122100122
-25.2014652014652,280.3418803418804,-306.9108669108669,52.94261294261294,0.0,-19.73137973137973,8.4004884004884,3.3211233211233213,7.619047619047619,0.0,4.884004884004884,0.5860805860805861,0.0,31.062271062271066,16.214896214896214,5.274725274725275,-25.2014652014652,0.0,29.10866910866911,-15.042735042735044,20.12210012210012,-6.837606837606837,0.0,307.3015873015873,-285.42124542124543,23.63858363858364,6.446886446886447,20.12210012210012
-26.37362637362637,-56.06837606837607,46.3003663003663,54.5054945054945,0.0,-24.81074481074481,20.12210012210012,13.870573870573873,7.619047619047619,0.0,13.870573870573873,10.354090354090356,0.0,34.969474969474966,13.870573870573873,8.791208791208792,-16.214896214896214,0.0,24.02930402930403,22.857142857142858,-9.572649572649572,4.102564102564102,0.0,-45.90964590964591,50.20757020757021,23.247863247863247,39.65811965811966,-9.572649572649572
-22.466422466422465,-189.3040293040293,202.97924297924297,51.77045177045177,0.0,-7.619047619047619,26.764346764346765,21.294261294261293,0.5860805860805861,0.0,20.512820512820515,15.042735042735044,0.0,40.04884004884005,13.47985347985348,17.77777777777778,-15.824175824175825,0.0,15.433455433455434,20.512820512820515,13.47985347985348,4.102564102564102,0.0,-202.58852258852255,196.72771672771677,16.605616605616607,30.28083028083028,13.47985347985348
-14.652014652014651,25.592185592185597,-8.00976800976801,56.84981684981685,0.0,14.652014652014651,27.936507936507937,18.94993894993895,-3.711843711843712,0.0,25.2014652014652,13.870573870573873,0.0,29.89010989010989,15.042735042735044,22.075702075702075,-15.042735042735044,0.0,0.1953601953601953,10.354090354090356,34.57875457875458,6.837606837606837,0.0,8.4004884004884,-4.493284493284493,4.884004884004884,11.916971916971915,34.57875457875458
-12.698412698412698,-45.90964590964591,54.89621489621489,54.89621489621489,0.0,22.857142857142858,24.42002442002442,4.493284493284493,-2.5396825396825395,0.0,18.168498168498168,7.619047619047619,0.0,16.605616605616607,13.47985347985348,16.214896214896214,-14.261294261294262,0.0,-11.916971916971915,49.81684981684982,-6.056166056166056,1.3675213675213675,0.0,-54.5054945054945,64.27350427350427,6.446886446886447,45.12820512820513,-6.056166056166056
-11.135531135531137,-23.247863247863247,22.075702075702075,41.61172161172161,0.0,21.294261294261293,16.996336996336996,-11.916971916971915,0.9768009768009768,0.0,2.93040293040293,0.9768009768009768,0.0,10.744810744810744,11.916971916971915,9.572649572649572,-19.34065934065934,0.0,-6.056166056166056,-7.228327228327228,38.48595848595848,-10.354090354090356,0.0,-21.68498168498169,32.234432234432234,3.3211233211233213,-0.5860805860805861,38.48595848595848
-3.711843711843712,265.4945054945055,-294.017094017094,45.90964590964591,0.0,15.824175824175825,12.698412698412698,-19.73137973137973,3.711843711843712,0.0,-6.837606837606837,-1.7582417582417582,0.0,3.711843711843712,11.526251526251526,2.148962148962149,-29.10866910866911,0.0,-1.7582417582417582,-4.102564102564102,22.075702075702075,-25.982905982905983,0.0,294.4078144078144,-260.4151404151404,3.3211233211233213,10.744810744810744,22.075702075702075
-0.5860805860805861,-20.903540903540904,-27.936507936507937,50.5982905982906,0.0,0.9768009768009768,11.526251526251526,-20.512820512820515,8.00976800976801,0.0,-10.354090354090356,-1.3675213675213675,0.0,2.93040293040293,9.572649572649572,-4.493284493284493,-29.499389499389498,0.0,8.4004884004884,3.3211233211233213,-4.884004884004884,-28.32722832722833,0.0,28.32722832722833,24.02930402930403,-0.1953601953601953,31.062271062271066,-4.884004884004884
-0.1953601953601953,-283.8583638583639,238.14407814407812,43.95604395604396,0.0,-3.711843711843712,6.056166056166056,-9.963369963369964,4.884004884004884,0.0,-9.18192918192918,2.148962148962149,0.0,21.294261294261293,2.148962148962149,-5.274725274725275,-26.764346764346765,0.0,19.34065934065934,-38.48595848595848,32.62515262515262,-23.63858363858364,0.0,-237.75335775335776,283.8583638583639,-4.493284493284493,-0.1953601953601953,32.62515262515262
-3.711843711843712,7.228327228327228,-33.01587301587302,43.56532356532357,0.0,-1.7582417582417582,8.791208791208792,5.274725274725275,1.3675213675213675,0.0,-0.5860805860805861,9.18192918192918,0.0,24.81074481074481,4.884004884004884,1.3675213675213675,-23.63858363858364,0.0,9.963369963369964,-44.737484737484735,55.67765567765568,-13.089133089133089,0.0,33.40659340659341,0.1953601953601953,-5.665445665445666,-16.996336996336996,55.67765567765568
-2.148962148962149,99.04761904761904,-107.64346764346764,48.64468864468864,0.0,7.619047619047619,9.18192918192918,16.214896214896214,1.7582417582417582,0.0,5.274725274725275,15.433455433455434,0.0,24.81074481074481,-2.93040293040293,8.791208791208792,-11.526251526251526,0.0,6.837606837606837,-11.135531135531137,24.02930402930403,-0.5860805860805861,0.0,108.03418803418803,-80.29304029304029,-1.7582417582417582,8.00976800976801,24.02930402930403
-0.9768009768009768,-175.23809523809524,185.3968253968254,33.7973137973138,0.0,12.698412698412698,8.00976800976801,17.77777777777778,2.148962148962149,0.0,0.5860805860805861,16.605616605616607,0.0,29.499389499389498,-18.168498168498168,13.47985347985348,-2.5396825396825395,0.0,4.102564102564102,-10.354090354090356,19.73137973137973,8.4004884004884,0.0,-185.006105006105,189.6947496947497,-5.274725274725275,9.18192918192918,19.73137973137973
-7.228327228327228,-57.24053724053724,65.44566544566544,24.02930402930403,0.0,4.884004884004884,7.619047619047619,10.354090354090356,-0.1953601953601953,0.0,-10.744810744810744,11.916971916971915,0.0,27.936507936507937,-25.982905982905983,16.996336996336996,-3.3211233211233213,0.0,6.837606837606837,-10.744810744810744,9.18192918192918,9.18192918192918,0.0,-65.05494505494505,65.44566544566544,-13.47985347985348,15.824175824175825,9.18192918192918
-5.274725274725275,185.006105006105,-197.8998778998779,29.89010989010989,0.0,2.93040293040293,7.619047619047619,-0.1953601953601953,0.1953601953601953,0.0,-18.55921855921856,1.7582417582417582,0.0,24.81074481074481,-29.89010989010989,13.870573870573873,-4.493284493284493,0.0,14.652014652014651,34.57875457875458,-49.81684981684982,3.711843711843712,0.0,198.2905982905983,-176.01953601953602,-21.68498168498169,72.47863247863248,-49.81684981684982
-4.102564102564102,76.38583638583638,-105.2991452991453,20.512820512820515,0.0,0.1953601953601953,-0.1953601953601953,-13.47985347985348,0.1953601953601953,0.0,-24.02930402930403,-9.572649572649572,0.0,15.042735042735044,-27.545787545787547,7.619047619047619,-11.526251526251526,0.0,7.228327228327228,5.274725274725275,-19.34065934065934,-9.572649572649572,0.0,105.68986568986568,-72.08791208791209,-25.592185592185597,39.26739926739927,-19.34065934065934
-13.089133089133089,115.45787545787546,-150.23199023199024,17.387057387057386,0.0,-6.056166056166056,-8.791208791208792,-22.075702075702075,6.837606837606837,0.0,-29.89010989010989,-16.214896214896214,0.0,13.870573870573873,-20.903540903540904,2.93040293040293,-13.47985347985348,0.0,5.274725274725275,-7.228327228327228,-2.148962148962149,-13.089133089133089,0.0,150.62271062271063,-115.06715506715508,-25.982905982905983,22.075702075702075,-2.148962148962149
-9.572649572649572,79.51159951159951,-133.43101343101344,33.01587301587302,0.0,-0.5860805860805861,-23.247863247863247,-20.903540903540904,13.870573870573873,0.0,-31.062271062271066,-16.605616605616607,0.0,13.47985347985348,-15.433455433455434,1.3675213675213675,-13.47985347985348,0.0,4.493284493284493,-2.93040293040293,-1.3675213675213675,-13.870573870573873,0.0,133.82173382173383,-84.59096459096459,-18.168498168498168,23.63858363858364,-1.3675213675213675
-13.089133089133089,301.83150183150184,-361.6117216117216,42.78388278388278,0.0,-4.102564102564102,-30.671550671550676,-13.47985347985348,18.168498168498168,0.0,-25.592185592185597,-8.4004884004884,0.0,3.711843711843712,-11.135531135531137,4.493284493284493,-9.18192918192918,0.0,-1.3675213675213675,7.619047619047619,-12.307692307692308,-6.056166056166056,0.0,362.002442002442,-303.7851037851038,-9.18192918192918,23.247863247863247,-12.307692307692308
-9.572649572649572,202.58852258852255,-264.32234432234435,47.86324786324786,0.0,-7.619047619047619,-29.499389499389498,-3.711843711843712,18.94993894993895,0.0,-19.73137973137973,0.9768009768009768,0.0,3.3211233211233213,-6.446886446886447,8.4004884004884,-1.7582417582417582,0.0,1.7582417582417582,-11.526251526251526,6.446886446886447,5.665445665445666,0.0,264.71306471306474,-215.48229548229548,-5.274725274725275,7.619047619047619,6.446886446886447
-16.996336996336996,479.6092796092796,-526.8864468864468,42.002442002442,0.0,-22.075702075702075,-24.02930402930403,12.307692307692308,11.916971916971915,0.0,-13.47985347985348,8.791208791208792,0.0,-0.5860805860805861,-2.93040293040293,16.214896214896214,-0.9768009768009768,0.0,1.3675213675213675,-16.214896214896214,15.042735042735044,9.963369963369964,0.0,527.2771672771672,-491.33089133089135,-0.5860805860805861,0.9768009768009768,15.042735042735044
-20.512820512820515,170.15873015873015,-190.47619047619048,24.42002442002442,0.0,-35.75091575091575,-13.089133089133089,24.42002442002442,8.4004884004884,0.0,-3.711843711843712,13.870573870573873,0.0,-11.526251526251526,1.3675213675213675,23.247863247863247,-0.5860805860805861,0.0,-8.00976800976801,-9.963369963369964,25.2014652014652,4.884004884004884,0.0,190.86691086691087,-165.86080586080587,-10.744810744810744,-3.3211233211233213,25.2014652014652
-10.744810744810744,493.2844932844933,-496.4102564102564,12.307692307692308,0.0,-36.92307692307692,-3.711843711843712,27.936507936507937,10.744810744810744,0.0,-1.7582417582417582,15.824175824175825,0.0,-6.837606837606837,-0.1953601953601953,26.37362637362637,2.93040293040293,0.0,-7.619047619047619,-9.572649572649572,34.969474969474966,4.493284493284493,0.0,496.8009768009768,-488.986568986569,-15.824175824175825,-4.884004884004884,34.969474969474966
-11.135531135531137,243.6141636141636,-236.97191697191695,1.7582417582417582,0.0,-41.22100122100122,-1.7582417582417582,25.2014652014652,13.870573870573873,0.0,-7.619047619047619,12.307692307692308,0.0,-8.4004884004884,-4.884004884004884,30.28083028083028,1.3675213675213675,0.0,-13.870573870573873,-4.884004884004884,42.78388278388278,-5.665445665445666,0.0,237.36263736263737,-232.67399267399267,-27.545787545787547,-0.5860805860805861,42.78388278388278
-12.698412698412698,289.3284493284493,-283.4676434676435,0.1953601953601953,0.0,-33.01587301587302,-3.3211233211233213,13.47985347985348,15.824175824175825,0.0,-11.135531135531137,5.274725274725275,0.0,-6.446886446886447,-8.791208791208792,30.671550671550676,-1.7582417582417582,0.0,-13.089133089133089,2.5396825396825395,42.39316239316239,-18.94993894993895,0.0,283.8583638583639,-266.6666666666667,-27.545787545787547,0.1953601953601953,42.39316239316239
5.665445665445666,109.5970695970696,-137.72893772893772,14.652014652014651,0.0,-23.63858363858364,-3.711843711843712,1.7582417582417582,19.34065934065934,0.0,-12.698412698412698,4.493284493284493,0.0,-9.572649572649572,-11.135531135531137,28.71794871794872,2.93040293040293,0.0,-3.3211233211233213,25.982905982905983,9.963369963369964,-22.075702075702075,0.0,138.1196581196581,-102.95482295482296,-15.433455433455434,29.10866910866911,9.963369963369964
9.963369963369964,295.97069597069594,-345.982905982906,26.37362637362637,0.0,-16.605616605616607,-8.791208791208792,-6.056166056166056,19.34065934065934,0.0,-15.042735042735044,8.00976800976801,0.0,-15.824175824175825,-8.00976800976801,25.2014652014652,6.446886446886447,0.0,9.572649572649572,26.764346764346765,-2.5396825396825395,-25.592185592185597,0.0,346.3736263736264,-305.73870573870573,0.1953601953601953,40.43956043956044,-2.5396825396825395
-4.884004884004884,186.17826617826617,-215.48229548229548,15.433455433455434,0.0,-9.18192918192918,-15.824175824175825,-6.056166056166056,13.089133089133089,0.0,-13.47985347985348,11.526251526251526,0.0,-18.94993894993895,-3.711843711843712,23.63858363858364,6.837606837606837,0.0,23.63858363858364,26.764346764346765,-16.605616605616607,-26.37362637362637,0.0,215.87301587301587,-190.86691086691087,16.996336996336996,45.12820512820513,-16.605616605616607
-5.274725274725275,242.8327228327228,-267.83882783882785,28.32722832722833,0.0,-2.148962148962149,-13.870573870573873,2.148962148962149,12.698412698412698,0.0,-7.228327228327228,15.433455433455434,0.0,-12.698412698412698,-2.93040293040293,22.857142857142858,12.307692307692308,0.0,29.499389499389498,60.366300366300365,-61.92918192918193,-8.4004884004884,0.0,268.22954822954824,-242.8327228327228,20.903540903540904,74.82295482295483,-61.92918192918193
-12.698412698412698,314.33455433455435,-330.3540903540904,42.002442002442,0.0,4.102564102564102,-12.307692307692308,9.963369963369964,9.963369963369964,0.0,-5.274725274725275,16.605616605616607,0.0,6.446886446886447,-11.135531135531137,19.73137973137973,13.089133089133089,0.0,28.32722832722833,38.87667887667888,-45.12820512820513,7.619047619047619,0.0,330.7448107448108,-317.0695970695971,20.903540903540904,56.45909645909646,-45.12820512820513
-18.168498168498168,30.28083028083028,-14.261294261294262,33.01587301587302,0.0,16.605616605616607,-9.963369963369964,16.996336996336996,5.274725274725275,0.0,-9.572649572649572,12.698412698412698,0.0,19.73137973137973,-15.433455433455434,21.68498168498169,6.056166056166056,0.0,16.996336996336996,23.247863247863247,-22.857142857142858,14.652014652014651,0.0,14.652014652014651,-23.247863247863247,13.089133089133089,37.31379731379732,-22.857142857142858
-2.93040293040293,199.85347985347985,-182.27106227106228,29.499389499389498,0.0,17.77777777777778,1.3675213675213675,19.34065934065934,3.3211233211233213,0.0,-12.307692307692308,10.354090354090356,0.0,26.37362637362637,-17.77777777777778,24.02930402930403,3.3211233211233213,0.0,8.00976800976801,13.089133089133089,-2.148962148962149,18.168498168498168,0.0,182.66178266178267,-188.5225885225885,3.3211233211233213,16.996336996336996,-2.148962148962149
14.652014652014651,118.5836385836386,-117.4114774114774,24.02930402930403,0.0,13.47985347985348,5.274725274725275,14.652014652014651,5.274725274725275,0.0,-14.261294261294262,11.135531135531137,0.0,19.73137973137973,-16.214896214896214,26.37362637362637,4.102564102564102,0.0,6.446886446886447,0.1953601953601953,15.433455433455434,11.916971916971915,0.0,117.8021978021978,-126.7887667887668,1.7582417582417582,8.791208791208792,15.433455433455434
15.433455433455434,73.65079365079364,-69.35286935286935,11.526251526251526,0.0,13.870573870573873,2.148962148962149,2.93040293040293,11.135531135531137,0.0,-15.824175824175825,8.4004884004884,0.0,11.135531135531137,-8.791208791208792,27.545787545787547,-0.9768009768009768,0.0,18.168498168498168,-13.089133089133089,30.28083028083028,-6.446886446886447,0.0,69.74358974358974,-84.2002442002442,4.102564102564102,9.572649572649572,30.28083028083028
5.665445665445666,-9.963369963369964,7.619047619047619,7.228327228327228,0.0,4.102564102564102,-2.148962148962149,-4.884004884004884,13.870573870573873,0.0,-10.354090354090356,-0.1953601953601953,0.0,13.870573870573873,-3.711843711843712,23.63858363858364,-1.3675213675213675,0.0,20.12210012210012,-0.5860805860805861,29.10866910866911,-15.433455433455434,0.0,-7.228327228327228,5.665445665445666,2.5396825396825395,12.698412698412698,29.10866910866911
-6.446886446886447,320.5860805860806,-334.65201465201466,18.55921855921856,0.0,0.1953601953601953,-10.354090354090356,-13.870573870573873,22.075702075702075,0.0,-1.7582417582417582,-8.4004884004884,0.0,16.605616605616607,-6.446886446886447,15.042735042735044,-2.93040293040293,0.0,15.433455433455434,30.28083028083028,-4.884004884004884,-18.55921855921856,0.0,335.04273504273505,-330.3540903540904,7.228327228327228,41.61172161172161,-4.884004884004884
-30.671550671550676,112.33211233211232,-120.92796092796092,22.857142857142858,0.0,2.148962148962149,-23.247863247863247,-20.12210012210012,24.02930402930403,0.0,-3.711843711843712,-15.042735042735044,0.0,22.075702075702075,-13.870573870573873,2.5396825396825395,-3.711843711843712,0.0,11.916971916971915,-10.744810744810744,24.02930402930403,-18.55921855921856,0.0,121.31868131868131,-120.92796092796092,5.665445665445666,11.916971916971915,24.02930402930403
-25.592185592185597,301.05006105006106,-306.1294261294261,21.68498168498169,0.0,17.387057387057386,-24.02930402930403,-18.55921855921856,15.824175824175825,0.0,-8.4004884004884,-14.652014652014651,0.0,30.28083028083028,-15.824175824175825,-3.711843711843712,-3.711843711843712,0.0,4.102564102564102,-9.572649572649572,23.247863247863247,-11.526251526251526,0.0,306.5201465201465,-305.34798534798534,0.5860805860805861,1.7582417582417582,23.247863247863247
-13.089133089133089,50.989010989010985,-50.20757020757021,12.698412698412698,0.0,29.89010989010989,-16.996336996336996,-17.387057387057386,3.711843711843712,0.0,-15.824175824175825,-10.354090354090356,0.0,24.42002442002442,-18.94993894993895,-4.102564102564102,-1.3675213675213675,0.0,0.5860805860805861,-9.572649572649572,11.526251526251526,-2.93040293040293,0.0,50.5982905982906,-52.16117216117216,-4.493284493284493,-0.1953601953601953,11.526251526251526
-6.837606837606837,172.50305250305252,-170.94017094017093,5.274725274725275,0.0,27.155067155067155,-9.18192918192918,-15.824175824175825,-1.7582417582417582,0.0,-25.2014652014652,-7.228327228327228,0.0,21.294261294261293,-21.294261294261293,-2.148962148962149,-3.3211233211233213,0.0,1.3675213675213675,6.837606837606837,-15.042735042735044,-0.1953601953601953,0.0,171.33089133089132,-181.8803418803419,-12.698412698412698,29.499389499389498,-15.042735042735044
6.837606837606837,10.744810744810744,-13.47985347985348,0.1953601953601953,0.0,35.36019536019536,-3.3211233211233213,-16.996336996336996,-8.4004884004884,0.0,-31.062271062271066,-7.228327228327228,0.0,20.512820512820515,-22.857142857142858,3.711843711843712,-11.916971916971915,0.0,2.5396825396825395,0.9768009768009768,-8.791208791208792,-5.274725274725275,0.0,13.870573870573873,-18.94993894993895,-21.294261294261293,29.499389499389498,-8.791208791208792
6.837606837606837,74.04151404151405,-82.63736263736264,-4.102564102564102,0.0,25.982905982905983,0.1953601953601953,-18.55921855921856,-10.744810744810744,0.0,-32.62515262515262,-12.698412698412698,0.0,13.089133089133089,-27.545787545787547,9.963369963369964,-18.168498168498168,0.0,1.3675213675213675,0.9768009768009768,-12.698412698412698,-11.916971916971915,0.0,83.02808302808303,-70.52503052503053,-26.764346764346765,26.764346764346765,-12.698412698412698
-6.056166056166056,-213.13797313797315,202.58852258852255,-14.652014652014651,0.0,1.3675213675213675,-2.5396825396825395,-21.68498168498169,-7.619047619047619,0.0,-33.7973137973138,-18.55921855921856,0.0,6.056166056166056,-31.843711843711844,7.619047619047619,-26.764346764346765,0.0,-2.5396825396825395,-1.7582417582417582,-14.652014652014651,-25.592185592185597,0.0,-202.1978021978022,218.998778998779,-29.89010989010989,29.499389499389498,-14.652014652014651
-9.963369963369964,-275.26251526251525,261.5873015873016,-20.512820512820515,0.0,-4.102564102564102,-4.493284493284493,-26.37362637362637,-7.619047619047619,0.0,-35.36019536019536,-24.42002442002442,0.0,1.7582417582417582,-29.10866910866911,2.93040293040293,-33.7973137973138,0.0,-6.837606837606837,-33.7973137973138,20.903540903540904,-37.31379731379732,0.0,-261.1965811965812,279.9511599511599,-33.01587301587302,2.5396825396825395,20.903540903540904
-7.619047619047619,-27.936507936507937,4.102564102564102,-20.12210012210012,0.0,-8.00976800976801,0.5860805860805861,-30.671550671550676,-13.47985347985348,0.0,-30.671550671550676,-33.01587301587302,0.0,-3.711843711843712,-24.02930402930403,-2.148962148962149,-34.18803418803419,0.0,-14.652014652014651,-22.466422466422465,11.526251526251526,-38.87667887667888,0.0,-3.711843711843712,33.40659340659341,-27.545787545787547,3.3211233211233213,11.526251526251526
-13.47985347985348,9.18192918192918,-28.71794871794872,-24.81074481074481,0.0,-12.307692307692308,7.619047619047619,-36.92307692307692,-16.214896214896214,0.0,-27.545787545787547,-35.36019536019536,0.0,-8.791208791208792,-23.63858363858364,-9.18192918192918,-27.155067155067155,0.0,-20.512820512820515,-19.34065934065934,-2.93040293040293,-26.37362637362637,0.0,29.10866910866911,-0.9768009768009768,-24.42002442002442,5.274725274725275,-2.93040293040293
-4.102564102564102,-49.81684981684982,18.55921855921856,-3.711843711843712,0.0,3.711843711843712,7.619047619047619,-38.87667887667888,-12.698412698412698,0.0,-22.857142857142858,-31.843711843711844,0.0,-11.135531135531137,-21.294261294261293,-10.744810744810744,-18.94993894993895,0.0,-24.42002442002442,4.493284493284493,-29.499389499389498,-13.870573870573873,0.0,-18.168498168498168,43.95604395604396,-22.075702075702075,37.31379731379732,-29.499389499389498
3.711843711843712,-102.17338217338218,62.31990231990232,11.916971916971915,0.0,11.526251526251526,10.354090354090356,-33.40659340659341,-11.526251526251526,0.0,-15.042735042735044,-27.545787545787547,0.0,3.711843711843712,-17.77777777777778,-8.791208791208792,-18.168498168498168,0.0,-9.572649572649572,9.18192918192918,-32.234432234432234,-8.791208791208792,0.0,-61.92918192918193,83.41880341880342,-8.791208791208792,36.53235653235653,-32.234432234432234
-3.711843711843712,156.0927960927961,-175.62881562881563,11.916971916971915,0.0,19.73137973137973,5.274725274725275,-28.32722832722833,-8.00976800976801,0.0,-5.274725274725275,-24.02930402930403,0.0,17.387057387057386,-15.042735042735044,-2.93040293040293,-21.294261294261293,0.0,3.3211233211233213,7.228327228327228,-16.605616605616607,-16.605616605616607,0.0,176.01953601953602,-163.12576312576311,-9.963369963369964,35.75091575091575,-16.605616605616607
-8.4004884004884,-18.94993894993895,18.94993894993895,-0.5860805860805861,0.0,17.77777777777778,-5.274725274725275,-20.512820512820515,-1.7582417582417582,0.0,0.1953601953601953,-25.592185592185597,0.0,33.40659340659341,-7.619047619047619,1.3675213675213675,-31.062271062271066,0.0,21.68498168498169,11.916971916971915,-3.3211233211233213,-35.36019536019536,0.0,-18.55921855921856,13.089133089133089,-9.963369963369964,41.61172161172161,-3.3211233211233213
-16.214896214896214,59.975579975579976,-52.55189255189255,-8.4004884004884,0.0,11.135531135531137,-9.18192918192918,-15.042735042735044,-2.93040293040293,0.0,2.5396825396825395,-28.32722832722833,0.0,39.26739926739927,2.148962148962149,4.493284493284493,-38.095238095238095,0.0,26.37362637362637,9.963369963369964,20.512820512820515,-49.03540903540904,0.0,52.94261294261294,-65.05494505494505,-4.102564102564102,31.843711843711844,20.512820512820515
-29.10866910866911,92.7960927960928,-86.15384615384616,-9.963369963369964,0.0,-4.884004884004884,-8.791208791208792,-12.698412698412698,-5.274725274725275,0.0,3.711843711843712,-31.062271062271066,0.0,33.01587301587302,8.00976800976801,6.837606837606837,-35.75091575091575,0.0,25.592185592185597,-2.148962148962149,40.04884004884005,-50.989010989010985,0.0,86.54456654456655,-85.37240537240537,-6.446886446886447,18.168498168498168,40.04884004884005
-15.042735042735044,354.1880341880342,-359.65811965811963,-9.572649572649572,0.0,-1.7582417582417582,-11.526251526251526,-11.916971916971915,-3.711843711843712,0.0,2.5396825396825395,-29.89010989010989,0.0,32.62515262515262,4.884004884004884,4.102564102564102,-25.982905982905983,0.0,35.75091575091575,-6.446886446886447,25.982905982905983,-38.87667887667888,0.0,360.04884004884,-355.75091575091574,-3.711843711843712,19.34065934065934,25.982905982905983
-3.3211233211233213,18.168498168498168,-33.40659340659341,2.148962148962149,0.0,4.493284493284493,-7.619047619047619,-9.18192918192918,-2.5396825396825395,0.0,5.665445665445666,-24.42002442002442,0.0,28.32722832722833,8.00976800976801,0.1953601953601953,-17.387057387057386,0.0,30.28083028083028,-25.592185592185597,44.346764346764346,-29.499389499389498,0.0,33.7973137973138,-31.843711843711844,4.102564102564102,-3.3211233211233213,44.346764346764346
1.7582417582417582,197.50915750915752,-208.0586080586081,6.056166056166056,0.0,4.884004884004884,3.711843711843712,-6.837606837606837,-3.3211233211233213,0.0,10.354090354090356,-18.55921855921856,0.0,20.512820512820515,6.837606837606837,-0.9768009768009768,-12.698412698412698,0.0,37.31379731379732,-45.51892551892552,41.61172161172161,-19.73137973137973,0.0,208.44932844932845,-204.54212454212453,0.5860805860805861,-14.261294261294262,41.61172161172161
8.791208791208792,-105.2991452991453,101.3919413919414,6.056166056166056,0.0,8.00976800976801,8.791208791208792,-4.102564102564102,-0.9768009768009768,0.0,13.870573870573873,-12.698412698412698,0.0,15.042735042735044,6.837606837606837,0.1953601953601953,-9.572649572649572,0.0,31.062271062271066,-24.81074481074481,17.77777777777778,-11.135531135531137,0.0,-101.001221001221,101.78266178266178,-9.572649572649572,0.9768009768009768,17.77777777777778
3.3211233211233213,-396.3858363858364,398.3394383394384,7.228327228327228,0.0,7.619047619047619,7.619047619047619,0.1953601953601953,-2.93040293040293,0.0,14.652014652014651,-6.837606837606837,0.0,8.791208791208792,10.744810744810744,1.7582417582417582,-8.4004884004884,0.0,20.903540903540904,-24.42002442002442,25.982905982905983,-8.4004884004884,0.0,-397.948717948718,390.9157509157509,-7.619047619047619,-5.665445665445666,25.982905982905983
-8.00976800976801,-172.50305250305252,167.81440781440782,3.711843711843712,0.0,-11.916971916971915,3.711843711843712,0.5860805860805861,-0.5860805860805861,0.0,3.3211233211233213,-5.665445665445666,0.0,-9.572649572649572,4.884004884004884,5.665445665445666,-9.963369963369964,0.0,7.228327228327228,-21.294261294261293,17.387057387057386,-11.135531135531137,0.0,-167.42368742368745,166.25152625152626,-11.526251526251526,-2.148962148962149,17.387057387057386
-13.089133089133089,6.837606837606837,-20.12210012210012,1.7582417582417582,0.0,-22.857142857142858,-8.791208791208792,1.7582417582417582,5.274725274725275,0.0,-5.665445665445666,-8.4004884004884,0.0,-7.619047619047619,-0.1953601953601953,7.619047619047619,-8.00976800976801,0.0,3.3211233211233213,-3.711843711843712,8.791208791208792,-16.214896214896214,0.0,20.512820512820515,-12.307692307692308,-19.34065934065934,12.307692307692308,8.791208791208792
-15.042735042735044,-220.95238095238096,204.15140415140417,3.711843711843712,0.0,-16.996336996336996,-23.63858363858364,-1.3675213675213675,15.042735042735044,0.0,-9.18192918192918,-16.605616605616607,0.0,0.1953601953601953,-2.93040293040293,4.102564102564102,-3.711843711843712,0.0,9.18192918192918,-6.837606837606837,16.605616605616607,-20.903540903540904,0.0,-203.76068376068372,215.0915750915751,-10.744810744810744,7.228327228327228,16.605616605616607
-23.63858363858364,-287.76556776556777,271.74603174603175,0.9768009768009768,0.0,-18.168498168498168,-33.01587301587302,-6.837606837606837,20.12210012210012,0.0,-16.605616605616607,-25.982905982905983,0.0,2.5396825396825395,-9.963369963369964,-0.5860805860805861,-9.572649572649572,0.0,8.791208791208792,-23.247863247863247,29.10866910866911,-32.62515262515262,0.0,-271.35531135531136,282.2954822954823,-6.446886446886447,-0.5860805860805861,29.10866910866911
-20.512820512820515,-46.69108669108669,32.62515262515262,-0.5860805860805861,0.0,-7.228327228327228,-36.53235653235653,-11.526251526251526,19.73137973137973,0.0,-17.77777777777778,-30.671550671550676,0.0,16.996336996336996,-6.837606837606837,-6.837606837606837,-10.354090354090356,0.0,11.526251526251526,-5.274725274725275,22.466422466422465,-36.53235653235653,0.0,-32.234432234432234,51.77045177045177,-9.963369963369964,8.791208791208792,22.466422466422465
-11.135531135531137,-169.76800976800976,140.85470085470087,8.4004884004884,0.0,2.93040293040293,-36.14163614163614,-15.042735042735044,17.77777777777778,0.0,-17.77777777777778,-31.062271062271066,0.0,32.62515262515262,-8.4004884004884,-15.042735042735044,-7.228327228327228,0.0,8.4004884004884,17.77777777777778,-2.148962148962149,-23.63858363858364,0.0,-140.46398046398048,173.2844932844933,-11.916971916971915,18.55921855921856,-2.148962148962149
-12.307692307692308,-422.9548229548229,385.44566544566544,16.605616605616607,0.0,3.711843711843712,-34.969474969474966,-13.870573870573873,11.526251526251526,0.0,-24.02930402930403,-25.2014652014652,0.0,29.499389499389498,-14.652014652014651,-16.605616605616607,-6.837606837606837,0.0,-9.18192918192918,4.102564102564102,11.135531135531137,-16.214896214896214,0.0,-385.05494505494505,416.3125763125763,-18.94993894993895,7.619047619047619,11.135531135531137
-8.791208791208792,-125.22588522588522,84.98168498168498,19.34065934065934,0.0,3.3211233211233213,-32.234432234432234,-10.354090354090356,9.572649572649572,0.0,-27.936507936507937,-16.214896214896214,0.0,29.499389499389498,-17.387057387057386,-11.135531135531137,-0.5860805860805861,0.0,-12.307692307692308,4.884004884004884,15.824175824175825,-8.4004884004884,0.0,-84.59096459096459,115.84859584859583,-30.28083028083028,9.572649572649572,15.824175824175825
-5.274725274725275,176.8009768009768,-223.2967032967033,29.89010989010989,0.0,5.274725274725275,-35.75091575091575,-8.00976800976801,17.387057387057386,0.0,-29.89010989010989,-9.963369963369964,0.0,13.870573870573873,-18.55921855921856,0.9768009768009768,5.665445665445666,0.0,-21.68498168498169,8.00976800976801,11.526251526251526,4.102564102564102,0.0,223.6874236874237,-186.95970695970692,-48.25396825396825,21.68498168498169,11.526251526251526
-5.274725274725275,-185.006105006105,138.9010989010989,39.26739926739927,0.0,3.711843711843712,-35.36019536019536,-4.102564102564102,23.63858363858364,0.0,-30.28083028083028,-0.1953601953601953,0.0,-0.5860805860805861,-12.307692307692308,15.042735042735044,8.791208791208792,0.0,-18.94993894993895,-0.9768009768009768,30.28083028083028,0.9768009768009768,0.0,-138.5103785103785,172.8937728937729,-48.25396825396825,22.857142857142858,30.28083028083028
7.228327228327228,-272.13675213675214,230.72039072039072,33.40659340659341,0.0,10.744810744810744,-33.7973137973138,-0.9768009768009768,24.81074481074481,0.0,-33.7973137973138,6.446886446886447,0.0,6.446886446886447,-7.619047619047619,24.42002442002442,1.3675213675213675,0.0,2.5396825396825395,-7.619047619047619,44.346764346764346,-13.870573870573873,0.0,-230.32967032967036,264.71306471306474,-43.17460317460318,18.55921855921856,44.346764346764346
16.214896214896214,-151.7948717948718,109.2063492063492,25.982905982905983,0.0,13.870573870573873,-35.36019536019536,-2.148962148962149,24.42002442002442,0.0,-38.095238095238095,8.00976800976801,0.0,25.592185592185597,-8.00976800976801,23.63858363858364,-10.354090354090356,0.0,19.73137973137973,2.148962148962149,37.704517704517706,-29.10866910866911,0.0,-108.8156288156288,148.66910866910868,-40.83028083028083,22.466422466422465,37.704517704517706
10.744810744810744,-344.81074481074484,299.0964590964591,21.294261294261293,0.0,2.148962148962149,-34.969474969474966,-3.3211233211233213,24.81074481074481,0.0,-42.39316239316239,11.526251526251526,0.0,30.671550671550676,-7.619047619047619,16.214896214896214,-14.652014652014651,0.0,24.42002442002442,18.168498168498168,18.168498168498168,-36.92307692307692,0.0,-298.7057387057387,335.43345543345544,-28.71794871794872,35.36019536019536,18.168498168498168
9.572649572649572,-185.006105006105,144.37118437118437,15.042735042735044,0.0,11.135531135531137,-42.002442002442,-4.493284493284493,21.294261294261293,0.0,-46.69108669108669,11.916971916971915,0.0,38.095238095238095,-18.168498168498168,7.228327228327228,-13.089133089133089,0.0,31.062271062271066,7.619047619047619,6.056166056166056,-31.843711843711844,0.0,-143.98046398046398,174.45665445665446,-22.466422466422465,33.01587301587302,6.056166056166056
1.7582417582417582,170.54945054945054,-207.27716727716728,8.00976800976801,0.0,4.493284493284493,-43.95604395604396,-3.711843711843712,18.168498168498168,0.0,-42.002442002442,6.446886446886447,0.0,35.75091575091575,-25.2014652014652,1.7582417582417582,-10.354090354090356,0.0,24.42002442002442,0.9768009768009768,-0.1953601953601953,-22.857142857142858,0.0,207.66788766788767,-175.62881562881563,-28.71794871794872,25.592185592185597,-0.1953601953601953
-2.93040293040293,-115.84859584859583,86.54456654456655,13.47985347985348,0.0,5.274725274725275,-39.26739926739927,-0.1953601953601953,16.996336996336996,0.0,-35.75091575091575,5.274725274725275,0.0,33.01587301587302,-30.28083028083028,-0.5860805860805861,3.3211233211233213,0.0,23.247863247863247,17.77777777777778,-31.062271062271066,-4.102564102564102,0.0,-86.15384615384616,118.1929181929182,-29.499389499389498,45.12820512820513,-31.062271062271066
14.652014652014651,-378.8034188034188,353.015873015873,20.512820512820515,0.0,16.996336996336996,-30.28083028083028,4.884004884004884,18.168498168498168,0.0,-33.01587301587302,6.446886446886447,0.0,22.075702075702075,-37.704517704517706,0.9768009768009768,4.102564102564102,0.0,13.47985347985348,-8.791208791208792,-15.433455433455434,0.9768009768009768,0.0,-352.6251526251526,381.5384615384616,-34.969474969474966,25.982905982905983,-15.433455433455434
18.94993894993895,-133.43101343101344,116.63003663003664,5.665445665445666,0.0,3.711843711843712,-15.824175824175825,7.228327228327228,13.47985347985348,0.0,-33.7973137973138,6.056166056166056,0.0,16.996336996336996,-46.3003663003663,9.963369963369964,-0.5860805860805861,0.0,5.665445665445666,-33.40659340659341,15.042735042735044,-6.837606837606837,0.0,-116.23931623931624,140.46398046398048,-50.20757020757021,2.148962148962149,15.042735042735044
8.791208791208792,-52.55189255189255,38.87667887667888,3.711843711843712,0.0,-18.55921855921856,-8.791208791208792,6.056166056166056,20.903540903540904,0.0,-36.92307692307692,9.963369963369964,0.0,1.7582417582417582,-48.64468864468864,20.903540903540904,-0.5860805860805861,0.0,1.7582417582417582,-17.387057387057386,-2.93040293040293,-8.00976800976801,0.0,-38.48595848595848,67.00854700854701,-54.89621489621489,11.526251526251526,-2.93040293040293
16.214896214896214,-290.5006105006105,270.1831501831502,1.3675213675213675,0.0,-18.168498168498168,-16.214896214896214,-0.9768009768009768,34.57875457875458,0.0,-41.61172161172161,15.042735042735044,0.0,-12.307692307692308,-52.94261294261294,32.62515262515262,0.9768009768009768,0.0,-2.5396825396825395,-34.18803418803419,16.996336996336996,-10.744810744810744,0.0,-269.7924297924298,295.97069597069594,-54.5054945054945,-5.274725274725275,16.996336996336996
15.433455433455434,-224.46886446886447,193.2112332112332,-5.274725274725275,0.0,-24.02930402930403,-26.37362637362637,-8.791208791208792,40.04884004884005,0.0,-44.346764346764346,12.307692307692308,0.0,-17.387057387057386,-49.81684981684982,39.26739926739927,5.274725274725275,0.0,-2.93040293040293,-40.83028083028083,34.969474969474966,-12.698412698412698,0.0,-192.8205128205128,219.38949938949935,-55.67765567765568,-9.572649572649572,34.969474969474966
21.294261294261293,23.247863247863247,-74.04151404151405,1.3675213675213675,0.0,-11.526251526251526,-37.31379731379732,-15.824175824175825,38.48595848595848,0.0,-41.61172161172161,5.665445665445666,0.0,-5.665445665445666,-42.78388278388278,37.31379731379732,3.711843711843712,0.0,9.963369963369964,-29.499389499389498,34.57875457875458,-22.857142857142858,0.0,74.43223443223444,-24.42002442002442,-41.22100122100122,-12.307692307692308,34.57875457875458
26.37362637362637,-200.63492063492063,150.23199023199024,0.9768009768009768,0.0,11.135531135531137,-43.17460317460318,-21.294261294261293,32.234432234432234,0.0,-36.92307692307692,-0.5860805860805861,0.0,6.056166056166056,-39.65811965811966,26.764346764346765,-2.148962148962149,0.0,13.089133089133089,-15.042735042735044,24.81074481074481,-31.062271062271066,0.0,-149.84126984126985,206.1050061050061,-35.75091575091575,-2.148962148962149,24.81074481074481
21.294261294261293,-451.47741147741147,412.014652014652,3.711843711843712,0.0,17.77777777777778,-36.14163614163614,-17.387057387057386,22.466422466422465,0.0,-29.10866910866911,-4.493284493284493,0.0,10.744810744810744,-31.843711843711844,20.12210012210012,-5.665445665445666,0.0,8.791208791208792,-10.744810744810744,31.843711843711844,-37.31379731379732,0.0,-411.6239316239317,458.5103785103785,-29.10866910866911,4.102564102564102,31.843711843711844
4.884004884004884,-114.67643467643468,86.54456654456655,7.228327228327228,0.0,3.3211233211233213,-22.857142857142858,-5.274725274725275,10.354090354090356,0.0,-23.63858363858364,-4.102564102564102,0.0,11.916971916971915,-27.936507936507937,15.433455433455434,-5.274725274725275,0.0,8.791208791208792,7.228327228327228,17.77777777777778,-40.04884004884005,0.0,-86.15384615384616,126.3980463980464,-22.857142857142858,19.34065934065934,17.77777777777778
-0.9768009768009768,20.903540903540904,-29.10866910866911,10.354090354090356,0.0,0.1953601953601953,-13.089133089133089,2.148962148962149,12.698412698412698,0.0,-20.12210012210012,-0.1953601953601953,0.0,1.7582417582417582,-27.936507936507937,13.089133089133089,0.1953601953601953,0.0,3.3211233211233213,24.81074481074481,-8.4004884004884,-31.45299145299145,0.0,29.499389499389498,-3.3211233211233213,-26.37362637362637,42.002442002442,-8.4004884004884
-7.228327228327228,-158.43711843711844,155.7020757020757,5.665445665445666,0.0,-9.18192918192918,-7.228327228327228,6.837606837606837,7.228327228327228,0.0,-20.903540903540904,0.1953601953601953,0.0,-5.274725274725275,-29.499389499389498,15.824175824175825,6.056166056166056,0.0,-1.7582417582417582,-3.3211233211233213,20.512820512820515,-27.936507936507937,0.0,-155.3113553113553,167.03296703296704,-21.68498168498169,18.94993894993895,20.512820512820515
-8.791208791208792,-138.9010989010989,133.43101343101344,-4.493284493284493,0.0,-16.214896214896214,-13.089133089133089,7.619047619047619,2.93040293040293,0.0,-24.81074481074481,-3.711843711843712,0.0,-4.884004884004884,-33.01587301587302,20.12210012210012,0.1953601953601953,0.0,-3.711843711843712,-2.148962148962149,17.387057387057386,-29.499389499389498,0.0,-133.04029304029305,146.32478632478632,-29.10866910866911,16.605616605616607,17.387057387057386
-3.3211233211233213,-124.83516483516485,116.23931623931624,-6.446886446886447,0.0,-7.619047619047619,-18.94993894993895,2.148962148962149,6.446886446886447,0.0,-28.32722832722833,-4.493284493284493,0.0,2.148962148962149,-38.87667887667888,23.63858363858364,-3.3211233211233213,0.0,-2.93040293040293,1.3675213675213675,13.870573870573873,-28.32722832722833,0.0,-115.84859584859583,136.94749694749694,-31.843711843711844,13.47985347985348,13.870573870573873
-8.791208791208792,-395.2136752136752,383.4920634920635,-4.884004884004884,0.0,-6.837606837606837,-24.81074481074481,-4.102564102564102,11.135531135531137,0.0,-34.18803418803419,-2.5396825396825395,0.0,8.4004884004884,-38.48595848595848,27.545787545787547,-6.446886446886447,0.0,-0.1953601953601953,-19.34065934065934,37.704517704517706,-27.155067155067155,0.0,-383.1013431013431,407.3260073260073,-32.234432234432234,-6.837606837606837,37.704517704517706
-8.00976800976801,-146.32478632478632,121.31868131868131,10.744810744810744,0.0,-4.493284493284493,-25.982905982905983,-8.4004884004884,17.77777777777778,0.0,-35.75091575091575,-2.148962148962149,0.0,18.94993894993895,-33.40659340659341,25.2014652014652,-1.7582417582417582,0.0,2.5396825396825395,-23.247863247863247,41.61172161172161,-12.698412698412698,0.0,-120.92796092796092,152.96703296703296,-36.92307692307692,-4.493284493284493,41.61172161172161
0.5860805860805861,176.4102564102564,-208.0586080586081,19.73137973137973,0.0,8.791208791208792,-19.73137973137973,-14.652014652014651,16.214896214896214,0.0,-31.45299145299145,-9.963369963369964,0.0,35.36019536019536,-30.671550671550676,16.214896214896214,-2.93040293040293,0.0,13.47985347985348,-8.791208791208792,31.45299145299145,-17.77777777777778,0.0,208.44932844932845,-168.2051282051282,-33.7973137973138,11.135531135531137,31.45299145299145
-3.3211233211233213,-81.46520146520146,56.06837606837607,16.605616605616607,0.0,18.168498168498168,-19.34065934065934,-17.77777777777778,8.00976800976801,0.0,-27.155067155067155,-22.466422466422465,0.0,38.095238095238095,-29.499389499389498,0.9768009768009768,-0.1953601953601953,0.0,6.056166056166056,-6.837606837606837,16.996336996336996,-7.619047619047619,0.0,-55.67765567765568,86.93528693528694,-33.01587301587302,23.63858363858364,16.996336996336996
-12.307692307692308,-249.08424908424908,233.45543345543345,5.274725274725275,0.0,21.68498168498169,-21.68498168498169,-13.870573870573873,-6.837606837606837,0.0,-23.247863247863247,-36.14163614163614,0.0,44.346764346764346,-27.155067155067155,-11.135531135531137,-8.791208791208792,0.0,-9.963369963369964,-16.605616605616607,36.92307692307692,-13.47985347985348,0.0,-233.06471306471303,239.3162393162393,-30.28083028083028,14.652014652014651,36.92307692307692
-15.042735042735044,-7.228327228327228,7.228327228327228,-7.228327228327228,0.0,18.168498168498168,-15.042735042735044,-5.274725274725275,-19.34065934065934,0.0,-16.214896214896214,-41.61172161172161,0.0,64.27350427350427,-33.01587301587302,-12.307692307692308,-22.466422466422465,0.0,-4.493284493284493,-17.77777777777778,42.78388278388278,-24.42002442002442,0.0,-6.837606837606837,2.93040293040293,-35.75091575091575,11.135531135531137,42.78388278388278
-23.247863247863247,13.089133089133089,-13.870573870573873,-3.3211233211233213,0.0,0.5860805860805861,-4.102564102564102,-2.148962148962149,-20.12210012210012,0.0,-10.744810744810744,-39.26739926739927,0.0,69.35286935286935,-33.7973137973138,-5.665445665445666,-20.12210012210012,0.0,4.884004884004884,-18.55921855921856,43.95604395604396,-21.294261294261293,0.0,14.261294261294262,-16.214896214896214,-42.002442002442,13.47985347985348,43.95604395604396
-24.81074481074481,-210.4029304029304,206.1050061050061,2.93040293040293,0.0,0.1953601953601953,0.5860805860805861,-9.572649572649572,-15.433455433455434,0.0,-11.135531135531137,-34.57875457875458,0.0,50.20757020757021,-27.936507936507937,1.3675213675213675,-18.94993894993895,0.0,0.1953601953601953,-50.20757020757021,67.3992673992674,-12.307692307692308,0.0,-205.7142857142857,210.4029304029304,-54.89621489621489,-9.572649572649572,67.3992673992674
-9.572649572649572,-88.88888888888889,72.86935286935287,4.102564102564102,0.0,5.274725274725275,9.18192918192918,-23.247863247863247,-11.916971916971915,0.0,-8.791208791208792,-32.62515262515262,0.0,42.78388278388278,-23.247863247863247,8.00976800976801,-16.214896214896214,0.0,14.652014652014651,-31.062271062271066,37.31379731379732,-9.572649572649572,0.0,-72.47863247863248,90.45177045177046,-62.31990231990232,17.77777777777778,37.31379731379732
-3.3211233211233213,163.12576312576311,-193.992673992674,9.572649572649572,0.0,21.68498168498169,3.711843711843712,-39.26739926739927,-8.4004884004884,0.0,-2.148962148962149,-36.14163614163614,0.0,17.77777777777778,-10.354090354090356,6.837606837606837,-13.47985347985348,0.0,15.042735042735044,-22.857142857142858,18.55921855921856,-10.354090354090356,0.0,194.3833943833944,-162.34432234432234,-56.06837606837607,29.499389499389498,18.55921855921856
-11.135531135531137,-128.74236874236874,98.65689865689866,9.572649572649572,0.0,29.10866910866911,-2.5396825396825395,-46.69108669108669,-8.791208791208792,0.0,3.3211233211233213,-41.22100122100122,0.0,0.9768009768009768,-0.5860805860805861,-0.5860805860805861,-16.605616605616607,0.0,-11.135531135531137,-13.870573870573873,18.94993894993895,-10.744810744810744,0.0,-98.26617826617829,131.08669108669108,-50.20757020757021,24.02930402930403,18.94993894993895
-11.135531135531137,-414.3589743589744,400.2930402930403,-3.3211233211233213,0.0,24.02930402930403,-0.1953601953601953,-38.87667887667888,-12.307692307692308,0.0,12.307692307692308,-42.002442002442,0.0,20.512820512820515,3.711843711843712,-5.665445665445666,-22.075702075702075,0.0,-5.665445665445666,-14.261294261294262,34.969474969474966,-17.387057387057386,0.0,-399.9023199023199,407.3260073260073,-37.31379731379732,14.261294261294262,34.969474969474966
-9.18192918192918,-87.71672771672772,79.12087912087912,0.9768009768009768,0.0,14.652014652014651,8.00976800976801,-23.63858363858364,-14.652014652014651,0.0,20.12210012210012,-38.87667887667888,0.0,32.62515262515262,2.93040293040293,-5.274725274725275,-27.155067155067155,0.0,-1.7582417582417582,-7.228327228327228,26.37362637362637,-13.870573870573873,0.0,-78.73015873015873,84.2002442002442,-45.90964590964591,23.63858363858364,26.37362637362637
0.1953601953601953,-88.1074481074481,83.80952380952381,2.93040293040293,0.0,4.493284493284493,23.247863247863247,-10.354090354090356,-16.214896214896214,0.0,22.075702075702075,-28.71794871794872,0.0,31.45299145299145,9.963369963369964,-0.9768009768009768,-26.37362637362637,0.0,-2.93040293040293,-24.81074481074481,47.86324786324786,-5.274725274725275,0.0,-83.41880341880342,78.33943833943835,-56.45909645909646,9.572649572649572,47.86324786324786
6.056166056166056,-132.25885225885227,149.45054945054946,0.5860805860805861,0.0,7.228327228327228,37.31379731379732,-2.5396825396825395,-17.387057387057386,0.0,27.155067155067155,-19.73137973137973,0.0,40.83028083028083,12.698412698412698,4.102564102564102,-26.37362637362637,0.0,13.089133089133089,-40.43956043956044,56.84981684981685,2.148962148962149,0.0,-149.05982905982907,124.44444444444444,-66.22710622710623,10.744810744810744,56.84981684981685
15.824175824175825,-44.346764346764346,60.366300366300365,2.148962148962149,0.0,16.214896214896214,45.12820512820513,-1.3675213675213675,-24.42002442002442,0.0,35.75091575091575,-15.824175824175825,0.0,25.982905982905983,25.2014652014652,12.698412698412698,-32.62515262515262,0.0,15.824175824175825,-2.148962148962149,18.55921855921856,0.1953601953601953,0.0,-59.975579975579976,47.081807081807085,-76.38583638583638,53.724053724053725,18.55921855921856
10.354090354090356,-44.346764346764346,69.74358974358974,0.1953601953601953,0.0,24.02930402930403,42.78388278388278,-6.056166056166056,-22.857142857142858,0.0,44.737484737484735,-15.042735042735044,0.0,20.512820512820515,37.31379731379732,15.824175824175825,-36.14163614163614,0.0,3.711843711843712,16.214896214896214,20.903540903540904,-3.3211233211233213,0.0,-69.35286935286935,54.89621489621489,-67.78998778998779,49.03540903540904,20.903540903540904
10.354090354090356,-342.07570207570205,374.5054945054945,0.5860805860805861,0.0,45.51892551892552,33.01587301587302,-13.089133089133089,-19.34065934065934,0.0,49.42612942612943,-17.77777777777778,0.0,29.89010989010989,41.22100122100122,16.214896214896214,-37.31379731379732,0.0,3.3211233211233213,23.247863247863247,31.062271062271066,-6.837606837606837,0.0,-374.1147741147741,350.2808302808303,-50.5982905982906,40.04884004884005,31.062271062271066
16.605616605616607,-43.95604395604396,68.57142857142857,3.711843711843712,0.0,65.05494505494505,18.55921855921856,-18.94993894993895,-18.168498168498168,0.0,50.989010989010985,-22.075702075702075,0.0,33.01587301587302,43.17460317460318,18.168498168498168,-35.75091575091575,0.0,4.493284493284493,48.25396825396825,9.572649572649572,-3.3211233211233213,0.0,-68.18070818070818,52.16117216117216,-45.12820512820513,55.28693528693529,9.572649572649572
18.94993894993895,227.2039072039072,-211.5750915750916,10.354090354090356,0.0,71.30647130647131,7.619047619047619,-19.34065934065934,-12.307692307692308,0.0,47.081807081807085,-18.94993894993895,0.0,31.45299145299145,36.92307692307692,19.73137973137973,-29.89010989010989,0.0,-3.711843711843712,19.34065934065934,35.36019536019536,6.056166056166056,0.0,211.96581196581195,-220.56166056166057,-49.81684981684982,17.77777777777778,35.36019536019536
17.77777777777778,-40.04884004884005,48.25396825396825,22.466422466422465,0.0,65.83638583638583,9.18192918192918,-17.387057387057386,-7.228327228327228,0.0,42.002442002442,-6.446886446886447,0.0,32.234432234432234,28.71794871794872,21.294261294261293,-15.042735042735044,0.0,-4.102564102564102,-18.55921855921856,65.44566544566544,25.2014652014652,0.0,-47.86324786324786,41.61172161172161,-57.63125763125763,-10.354090354090356,65.44566544566544
7.619047619047619,-129.52380952380952,142.41758241758242,19.73137973137973,0.0,43.56532356532357,16.605616605616607,-9.18192918192918,-8.791208791208792,0.0,36.14163614163614,4.102564102564102,0.0,9.18192918192918,28.32722832722833,22.075702075702075,-9.963369963369964,0.0,-14.652014652014651,-46.69108669108669,79.51159951159951,33.01587301587302,0.0,-142.02686202686203,134.21245421245422,-75.6043956043956,-14.652014652014651,79.51159951159951
-9.963369963369964,99.82905982905984,-79.12087912087912,13.870573870573873,0.0,2.148962148962149,28.32722832722833,4.884004884004884,-10.354090354090356,0.0,33.01587301587302,15.824175824175825,0.0,-3.711843711843712,28.32722832722833,20.903540903540904,-6.056166056166056,0.0,-17.77777777777778,-54.114774114774114,77.16727716727716,34.57875457875458,0.0,79.51159951159951,-91.62393162393164,-79.9023199023199,-11.135531135531137,77.16727716727716
-24.42002442002442,37.704517704517706,-11.916971916971915,14.652014652014651,0.0,-31.843711843711844,36.92307692307692,18.55921855921856,-6.446886446886447,0.0,32.234432234432234,24.42002442002442,0.0,0.5860805860805861,22.075702075702075,19.73137973137973,-2.93040293040293,0.0,-22.075702075702075,-40.43956043956044,69.74358974358974,33.40659340659341,0.0,12.307692307692308,-29.499389499389498,-81.85592185592185,-2.93040293040293,69.74358974358974
-10.354090354090356,-215.48229548229548,247.9120879120879,11.916971916971915,0.0,-25.592185592185597,37.31379731379732,26.764346764346765,-3.3211233211233213,0.0,33.40659340659341,22.075702075702075,0.0,3.3211233211233213,21.294261294261293,18.55921855921856,-5.665445665445666,0.0,-8.791208791208792,-36.53235653235653,59.975579975579976,24.81074481074481,0.0,-247.52136752136752,221.7338217338217,-73.65079365079364,3.711843711843712,59.975579975579976
3.3211233211233213,31.45299145299145,11.526251526251526,15.042735042735044,0.0,-0.1953601953601953,27.545787545787547,31.45299145299145,2.93040293040293,0.0,38.48595848595848,17.77777777777778,0.0,22.857142857142858,13.47985347985348,19.73137973137973,-3.711843711843712,0.0,0.1953601953601953,-12.698412698412698,44.346764346764346,20.512820512820515,0.0,-11.135531135531137,-16.214896214896214,-68.18070818070818,16.605616605616607,44.346764346764346
10.744810744810744,309.6459096459096,-264.71306471306474,21.294261294261293,0.0,17.77777777777778,20.903540903540904,29.10866910866911,9.572649572649572,0.0,42.002442002442,14.261294261294262,0.0,39.65811965811966,7.228327228327228,22.466422466422465,-0.1953601953601953,0.0,8.00976800976801,25.2014652014652,16.996336996336996,19.73137973137973,0.0,265.1037851037851,-284.63980463980465,-59.58485958485959,34.969474969474966,16.996336996336996
20.903540903540904,42.39316239316239,5.665445665445666,22.075702075702075,0.0,40.43956043956044,12.698412698412698,19.34065934065934,18.94993894993895,0.0,37.31379731379732,12.307692307692308,0.0,42.78388278388278,0.5860805860805861,25.2014652014652,9.963369963369964,0.0,22.466422466422465,3.3211233211233213,27.936507936507937,25.2014652014652,0.0,-5.274725274725275,-9.963369963369964,-56.06837606837607,15.824175824175825,27.936507936507937
16.996336996336996,20.512820512820515,22.857142857142858,18.168498168498168,0.0,36.92307692307692,8.791208791208792,15.433455433455434,16.996336996336996,0.0,35.36019536019536,8.4004884004884,0.0,45.51892551892552,-5.274725274725275,26.37362637362637,13.089133089133089,0.0,28.32722832722833,2.93040293040293,23.63858363858364,24.42002442002442,0.0,-22.466422466422465,5.274725274725275,-50.20757020757021,21.294261294261293,23.63858363858364
15.824175824175825,120.14652014652016,-104.51770451770452,24.02930402930403,0.0,17.387057387057386,13.089133089133089,13.47985347985348,11.526251526251526,0.0,34.969474969474966,7.228327228327228,0.0,40.43956043956044,-8.00976800976801,28.32722832722833,13.47985347985348,0.0,21.294261294261293,49.42612942612943,-20.512820512820515,23.63858363858364,0.0,104.9084249084249,-109.5970695970696,-42.39316239316239,61.53846153846154,-20.512820512820515
16.605616605616607,208.44932844932845,-208.0586080586081,27.155067155067155,0.0,14.652014652014651,10.354090354090356,10.354090354090356,8.791208791208792,0.0,27.155067155067155,7.228327228327228,0.0,35.36019536019536,-13.089133089133089,21.68498168498169,18.55921855921856,0.0,13.089133089133089,15.433455433455434,6.446886446886447,27.545787545787547,0.0,208.44932844932845,-208.84004884004884,-37.704517704517706,29.10866910866911,6.446886446886447
14.652014652014651,61.53846153846154,-62.71062271062271,18.94993894993895,0.0,19.73137973137973,2.5396825396825395,10.354090354090356,-0.5860805860805861,0.0,23.247863247863247,-1.7582417582417582,0.0,29.89010989010989,-13.870573870573873,13.47985347985348,9.572649572649572,0.0,2.93040293040293,2.148962148962149,15.433455433455434,18.168498168498168,0.0,63.10134310134311,-67.3992673992674,-40.83028083028083,24.81074481074481,15.433455433455434
10.354090354090356,356.5323565323565,-347.1550671550672,14.652014652014651,0.0,23.63858363858364,-0.5860805860805861,12.698412698412698,-0.5860805860805861,0.0,19.34065934065934,-10.354090354090356,0.0,20.512820512820515,-15.042735042735044,7.228327228327228,5.274725274725275,0.0,-6.446886446886447,0.5860805860805861,13.089133089133089,11.526251526251526,0.0,347.5457875457876,-352.6251526251526,-40.43956043956044,22.857142857142858,13.089133089133089
-6.056166056166056,60.757020757020754,-29.499389499389498,4.884004884004884,0.0,18.94993894993895,-6.056166056166056,11.526251526251526,5.274725274725275,0.0,10.744810744810744,-18.55921855921856,0.0,28.32722832722833,-18.168498168498168,0.5860805860805861,5.274725274725275,0.0,2.5396825396825395,-23.63858363858364,30.671550671550676,6.056166056166056,0.0,29.89010989010989,-42.78388278388278,-39.65811965811966,1.7582417582417582,30.671550671550676
-26.37362637362637,-227.985347985348,265.1037851037851,1.3675213675213675,0.0,1.7582417582417582,-8.00976800976801,6.056166056166056,12.307692307692308,0.0,4.102564102564102,-26.764346764346765,0.0,26.764346764346765,-15.824175824175825,-4.493284493284493,0.5860805860805861,0.0,-2.5396825396825395,-20.512820512820515,31.45299145299145,-0.5860805860805861,0.0,-264.71306471306474,242.05128205128204,-42.78388278388278,10.744810744810744,31.45299145299145
-32.62515262515262,-7.619047619047619,40.04884004884005,5.274725274725275,0.0,-13.870573870573873,-0.9768009768009768,0.9768009768009768,17.77777777777778,0.0,0.1953601953601953,-28.32722832722833,0.0,34.57875457875458,-17.387057387057386,-0.9768009768009768,0.1953601953601953,0.0,-4.884004884004884,-3.711843711843712,32.234432234432234,-7.228327228327228,0.0,-39.65811965811966,16.605616605616607,-32.234432234432234,19.34065934065934,32.234432234432234
-31.062271062271066,158.04639804639805,-134.993894993895,8.791208791208792,0.0,-16.605616605616607,2.148962148962149,-6.056166056166056,22.466422466422465,0.0,-0.1953601953601953,-27.155067155067155,0.0,36.92307692307692,-17.77777777777778,3.3211233211233213,8.00976800976801,0.0,6.837606837606837,-6.837606837606837,30.28083028083028,0.1953601953601953,0.0,135.3846153846154,-145.54334554334554,-22.857142857142858,14.261294261294262,30.28083028083028
-23.63858363858364,-76.77655677655677,81.07448107448107,20.12210012210012,0.0,3.711843711843712,-8.791208791208792,-16.996336996336996,22.466422466422465,0.0,-6.446886446886447,-23.247863247863247,0.0,26.37362637362637,-19.34065934065934,7.228327228327228,12.307692307692308,0.0,-5.665445665445666,-7.228327228327228,32.62515262515262,8.00976800976801,0.0,-80.68376068376068,85.76312576312576,-23.247863247863247,13.47985347985348,32.62515262515262
-21.68498168498169,-116.63003663003664,106.08058608058607,30.28083028083028,0.0,12.698412698412698,-14.652014652014651,-18.55921855921856,19.34065934065934,0.0,-12.698412698412698,-19.73137973137973,0.0,14.261294261294262,-25.592185592185597,16.214896214896214,13.47985347985348,0.0,-8.00976800976801,-11.916971916971915,34.57875457875458,4.884004884004884,0.0,-105.68986568986568,122.4908424908425,-11.135531135531137,15.433455433455434,34.57875457875458
-11.526251526251526,108.42490842490842,-107.25274725274726,17.387057387057386,0.0,25.982905982905983,-21.294261294261293,-16.605616605616607,20.12210012210012,0.0,-13.870573870573873,-20.903540903540904,0.0,16.996336996336996,-25.592185592185597,21.294261294261293,15.824175824175825,0.0,9.18192918192918,-0.5860805860805861,11.135531135531137,8.4004884004884,0.0,107.64346764346764,-94.74969474969475,-16.214896214896214,27.155067155067155,11.135531135531137
-0.1953601953601953,-34.57875457875458,43.56532356532357,8.791208791208792,0.0,34.969474969474966,-26.37362637362637,-16.996336996336996,27.155067155067155,0.0,-23.247863247863247,-23.247863247863247,0.0,16.996336996336996,-32.234432234432234,18.168498168498168,15.042735042735044,0.0,6.837606837606837,22.075702075702075,-12.307692307692308,1.7582417582417582,0.0,-43.17460317460318,47.081807081807085,-21.294261294261293,47.472527472527474,-12.307692307692308
-4.884004884004884,-303.003663003663,321.7582417582417,-16.214896214896214,0.0,17.77777777777778,-29.10866910866911,-16.214896214896214,25.592185592185597,0.0,-33.01587301587302,-28.32722832722833,0.0,20.512820512820515,-40.43956043956044,12.307692307692308,6.446886446886447,0.0,0.1953601953601953,28.32722832722833,-16.605616605616607,-11.526251526251526,0.0,-321.36752136752136,313.5531135531136,-28.32722832722833,50.20757020757021,-16.605616605616607
-4.493284493284493,-4.102564102564102,27.936507936507937,-33.01587301587302,0.0,8.4004884004884,-34.57875457875458,-15.042735042735044,28.71794871794872,0.0,-36.53235653235653,-34.57875457875458,0.0,18.55921855921856,-41.61172161172161,9.18192918192918,5.274725274725275,0.0,0.1953601953601953,8.791208791208792,-6.446886446886447,-9.963369963369964,0.0,-27.545787545787547,12.698412698412698,-39.26739926739927,33.7973137973138,-6.446886446886447
-16.996336996336996,296.3614163614164,-276.4346764346764,-39.65811965811966,0.0,-6.837606837606837,-38.095238095238095,-20.512820512820515,29.89010989010989,0.0,-42.39316239316239,-37.704517704517706,0.0,10.354090354090356,-47.472527472527474,1.3675213675213675,2.148962148962149,0.0,-6.056166056166056,3.711843711843712,-20.12210012210012,-8.4004884004884,0.0,276.8253968253968,-279.9511599511599,-41.61172161172161,26.37362637362637,-20.12210012210012
-35.36019536019536,-66.61782661782662,52.94261294261294,-12.698412698412698,0.0,-27.545787545787547,-44.737484737484735,-22.075702075702075,33.01587301587302,0.0,-41.61172161172161,-34.969474969474966,0.0,-2.93040293040293,-48.64468864468864,2.148962148962149,8.4004884004884,0.0,-19.73137973137973,-9.963369963369964,-2.148962148962149,-6.837606837606837,0.0,-52.55189255189255,78.73015873015873,-33.01587301587302,7.619047619047619,-2.148962148962149
-38.48595848595848,-113.89499389499387,75.995115995116,2.93040293040293,0.0,-36.92307692307692,-43.56532356532357,-21.68498168498169,30.28083028083028,0.0,-40.83028083028083,-30.28083028083028,0.0,-5.274725274725275,-44.346764346764346,8.00976800976801,16.605616605616607,0.0,-3.3211233211233213,-45.90964590964591,24.42002442002442,0.9768009768009768,0.0,-75.6043956043956,122.4908424908425,-25.2014652014652,-24.02930402930403,24.42002442002442
-24.02930402930403,-58.02197802197802,2.93040293040293,15.042735042735044,0.0,-36.53235653235653,-36.53235653235653,-21.294261294261293,31.45299145299145,0.0,-40.83028083028083,-24.81074481074481,0.0,-5.274725274725275,-42.39316239316239,11.916971916971915,24.02930402930403,0.0,14.652014652014651,-35.36019536019536,6.446886446886447,3.3211233211233213,0.0,-2.5396825396825395,64.66422466422466,-16.214896214896214,-12.307692307692308,6.446886446886447
-9.18192918192918,-252.991452991453,187.74114774114773,26.37362637362637,0.0,-27.155067155067155,-36.14163614163614,-18.55921855921856,34.57875457875458,0.0,-37.31379731379732,-21.68498168498169,0.0,1.7582417582417582,-40.04884004884005,17.387057387057386,31.843711843711844,0.0,16.214896214896214,-25.2014652014652,11.916971916971915,8.4004884004884,0.0,-187.3504273504273,251.8192918192918,-19.34065934065934,-6.056166056166056,11.916971916971915
-3.3211233211233213,-110.76923076923076,58.02197802197802,12.698412698412698,0.0,-10.354090354090356,-39.26739926739927,-17.387057387057386,25.592185592185597,0.0,-32.234432234432234,-25.2014652014652,0.0,11.526251526251526,-37.704517704517706,19.73137973137973,29.10866910866911,0.0,19.73137973137973,-23.247863247863247,12.698412698412698,13.47985347985348,0.0,-57.63125763125763,107.64346764346764,-21.294261294261293,-5.274725274725275,12.698412698412698
5.665445665445666,240.0976800976801,-270.5738705738706,-1.3675213675213675,0.0,11.526251526251526,-42.39316239316239,-14.652014652014651,20.12210012210012,0.0,-27.155067155067155,-29.499389499389498,0.0,21.294261294261293,-37.704517704517706,20.512820512820515,15.824175824175825,0.0,17.77777777777778,1.7582417582417582,-5.274725274725275,6.056166056166056,0.0,270.96459096459097,-232.28327228327228,-28.71794871794872,11.526251526251526,-5.274725274725275
-0.1953601953601953,-42.39316239316239,18.168498168498168,-4.493284493284493,0.0,22.075702075702075,-47.86324786324786,-15.042735042735044,11.526251526251526,0.0,-25.2014652014652,-30.671550671550676,0.0,11.526251526251526,-31.062271062271066,17.77777777777778,6.446886446886447,0.0,11.135531135531137,23.247863247863247,-24.81074481074481,-3.3211233211233213,0.0,-17.77777777777778,62.71062271062271,-24.42002442002442,24.02930402930403,-24.81074481074481
-6.837606837606837,-271.35531135531136,261.978021978022,-8.00976800976801,0.0,22.466422466422465,-51.37973137973138,-7.619047619047619,13.089133089133089,0.0,-29.499389499389498,-19.73137973137973,0.0,-11.526251526251526,-29.10866910866911,18.55921855921856,8.00976800976801,0.0,-4.884004884004884,7.228327228327228,-8.00976800976801,-7.228327228327228,0.0,-261.5873015873016,290.5006105006105,-20.903540903540904,13.870573870573873,-8.00976800976801
-2.148962148962149,-24.81074481074481,11.916971916971915,-0.1953601953601953,0.0,4.102564102564102,-40.43956043956044,-0.5860805860805861,20.903540903540904,0.0,-37.704517704517706,-4.884004884004884,0.0,-40.43956043956044,-20.12210012210012,20.512820512820515,18.168498168498168,0.0,-1.3675213675213675,-36.92307692307692,22.075702075702075,-4.102564102564102,0.0,-11.526251526251526,39.65811965811966,-25.982905982905983,-8.4004884004884,22.075702075702075
5.274725274725275,2.148962148962149,-24.42002442002442,6.446886446886447,0.0,-18.168498168498168,-27.155067155067155,5.274725274725275,31.45299145299145,0.0,-39.65811965811966,5.274725274725275,0.0,-52.55189255189255,-21.294261294261293,20.12210012210012,30.671550671550676,0.0,-1.7582417582417582,-42.39316239316239,19.34065934065934,2.5396825396825395,0.0,24.81074481074481,3.711843711843712,-22.075702075702075,-14.652014652014651,19.34065934065934
-7.619047619047619,-244.004884004884,215.48229548229548,12.307692307692308,0.0,-44.346764346764346,-19.73137973137973,6.056166056166056,34.57875457875458,0.0,-36.14163614163614,9.963369963369964,0.0,-25.982905982905983,-33.7973137973138,19.73137973137973,34.969474969474966,0.0,1.3675213675213675,-39.65811965811966,20.12210012210012,12.307692307692308,0.0,-215.0915750915751,237.75335775335776,-20.512820512820515,-13.47985347985348,20.12210012210012
0.9768009768009768,-112.72283272283272,73.65079365079364,15.433455433455434,0.0,-43.17460317460318,-8.791208791208792,6.056166056166056,23.63858363858364,0.0,-32.234432234432234,2.93040293040293,0.0,29.89010989010989,-60.757020757020754,15.433455433455434,29.499389499389498,0.0,21.294261294261293,-38.095238095238095,14.261294261294262,16.996336996336996,0.0,-73.26007326007326,98.65689865689866,-15.824175824175825,-13.870573870573873,14.261294261294262
5.665445665445666,160.0,-199.85347985347985,13.089133089133089,0.0,-18.168498168498168,-12.307692307692308,3.711843711843712,6.837606837606837,0.0,-28.32722832722833,-6.837606837606837,0.0,61.53846153846154,-74.82295482295483,15.824175824175825,16.996336996336996,0.0,24.02930402930403,3.3211233211233213,-15.042735042735044,8.00976800976801,0.0,200.24420024420024,-162.73504273504273,-9.18192918192918,6.446886446886447,-15.042735042735044
-24.02930402930403,-49.03540903540904,33.01587301587302,8.791208791208792,0.0,-15.042735042735044,-19.34065934065934,8.00976800976801,-4.102564102564102,0.0,-18.168498168498168,-8.4004884004884,0.0,45.51892551892552,-71.6971916971917,21.294261294261293,10.354090354090356,0.0,3.711843711843712,22.075702075702075,-18.55921855921856,0.1953601953601953,0.0,-32.62515262515262,57.63125763125763,-3.711843711843712,20.512820512820515,-18.55921855921856
-29.10866910866911,-179.53601953601952,183.05250305250303,1.7582417582417582,0.0,-20.12210012210012,-13.870573870573873,18.168498168498168,-7.228327228327228,0.0,-12.698412698412698,0.5860805860805861,0.0,-4.102564102564102,-43.17460317460318,27.155067155067155,16.214896214896214,0.0,-15.433455433455434,0.5860805860805861,8.4004884004884,4.102564102564102,0.0,-182.66178266178267,186.95970695970692,-13.870573870573873,11.916971916971915,8.4004884004884
-30.671550671550676,29.89010989010989,5.274725274725275,-5.665445665445666,0.0,-32.234432234432234,-2.148962148962149,30.28083028083028,2.148962148962149,0.0,-6.056166056166056,11.526251526251526,0.0,-46.69108669108669,-7.619047619047619,32.62515262515262,16.996336996336996,0.0,-19.34065934065934,-42.002442002442,59.58485958485959,-0.9768009768009768,0.0,-4.884004884004884,-24.02930402930403,-22.466422466422465,-16.996336996336996,59.58485958485959
-18.168498168498168,130.6959706959707,-82.63736263736264,-13.089133089133089,0.0,-23.247863247863247,1.3675213675213675,33.40659340659341,3.711843711843712,0.0,1.3675213675213675,15.824175824175825,0.0,-36.53235653235653,-2.93040293040293,29.89010989010989,11.135531135531137,0.0,-13.089133089133089,-29.499389499389498,53.333333333333336,-7.228327228327228,0.0,83.02808302808303,-120.53724053724054,-29.89010989010989,-8.791208791208792,53.333333333333336
-9.572649572649572,-69.35286935286935,97.87545787545788,-14.652014652014651,0.0,-43.95604395604396,20.512820512820515,30.671550671550676,-3.3211233211233213,0.0,-0.1953601953601953,13.47985347985348,0.0,-4.493284493284493,-0.5860805860805861,21.294261294261293,4.102564102564102,0.0,16.605616605616607,-29.89010989010989,37.704517704517706,-4.884004884004884,0.0,-97.48473748473748,81.85592185592185,-42.78388278388278,-4.102564102564102,37.704517704517706
-25.2014652014652,-31.062271062271066,26.37362637362637,-4.884004884004884,0.0,-76.77655677655677,34.18803418803419,22.466422466422465,-15.824175824175825,0.0,0.1953601953601953,2.93040293040293,0.0,22.857142857142858,-20.903540903540904,17.77777777777778,-3.711843711843712,0.0,43.95604395604396,-27.936507936507937,11.916971916971915,-10.744810744810744,0.0,-25.982905982905983,51.77045177045177,-46.3003663003663,10.744810744810744,11.916971916971915
-24.81074481074481,-90.45177045177046,61.14774114774115,2.93040293040293,0.0,-92.7960927960928,41.61172161172161,16.605616605616607,-15.824175824175825,0.0,0.9768009768009768,-3.3211233211233213,0.0,16.996336996336996,-38.87667887667888,19.34065934065934,-6.446886446886447,0.0,13.089133089133089,33.7973137973138,-49.42612942612943,-6.056166056166056,0.0,-60.757020757020754,98.26617826617829,-40.83028083028083,59.1941391941392,-49.42612942612943
-67.78998778998779,-394.04151404151406,381.92918192918194,-0.5860805860805861,0.0,-130.3052503052503,43.56532356532357,19.73137973137973,-13.870573870573873,0.0,6.056166056166056,-4.493284493284493,0.0,-56.06837606837607,-3.711843711843712,20.12210012210012,1.3675213675213675,0.0,-24.02930402930403,9.572649572649572,-34.57875457875458,11.135531135531137,0.0,-381.5384615384616,393.6507936507937,-34.969474969474966,41.61172161172161,-34.57875457875458
-92.7960927960928,-75.995115995116,103.73626373626374,14.261294261294262,0.0,-138.5103785103785,47.081807081807085,27.155067155067155,12.307692307692308,0.0,20.12210012210012,-2.148962148962149,0.0,-116.63003663003664,6.446886446886447,23.247863247863247,11.135531135531137,0.0,-70.52503052503053,-66.22710622710623,33.40659340659341,29.499389499389498,0.0,-103.34554334554336,67.3992673992674,-27.545787545787547,-13.47985347985348,33.40659340659341
-24.02930402930403,233.84615384615384,-190.47619047619048,5.665445665445666,0.0,-4.884004884004884,11.135531135531137,16.996336996336996,0.5860805860805861,0.0,30.671550671550676,-11.916971916971915,0.0,-71.30647130647131,17.77777777777778,16.605616605616607,-7.228327228327228,0.0,-56.06837606837607,-50.989010989010985,51.37973137973138,12.307692307692308,0.0,190.86691086691087,-229.5482295482296,-22.075702075702075,-26.764346764346765,51.37973137973138
45.12820512820513,7.619047619047619,55.28693528693529,-0.9768009768009768,0.0,99.82905982905984,0.5860805860805861,13.089133089133089,-8.00976800976801,0.0,28.32722832722833,-12.307692307692308,0.0,-3.3211233211233213,27.155067155067155,11.916971916971915,-13.089133089133089,0.0,-4.493284493284493,-30.28083028083028,54.89621489621489,3.711843711843712,0.0,-54.89621489621489,15.824175824175825,-19.34065934065934,-25.592185592185597,54.89621489621489
57.63125763125763,-115.84859584859583,168.98656898656898,-0.5860805860805861,0.0,120.14652014652016,-0.9768009768009768,8.791208791208792,-17.77777777777778,0.0,23.247863247863247,-8.00976800976801,0.0,53.724053724053725,11.135531135531137,9.963369963369964,-21.68498168498169,0.0,21.294261294261293,7.228327228327228,28.71794871794872,-3.3211233211233213,0.0,-168.5958485958486,146.7155067155067,-29.10866910866911,11.135531135531137,28.71794871794872
61.92918192918193,96.7032967032967,-64.66422466422466,-13.089133089133089,0.0,110.37851037851038,-6.837606837606837,2.5396825396825395,-25.982905982905983,0.0,18.55921855921856,-6.056166056166056,0.0,115.84859584859583,-9.18192918192918,9.572649572649572,-25.2014652014652,0.0,47.081807081807085,39.65811965811966,19.34065934065934,-15.433455433455434,0.0,65.05494505494505,-70.52503052503053,-29.89010989010989,22.075702075702075,19.34065934065934
49.03540903540904,48.25396825396825,-18.55921855921856,-15.042735042735044,0.0,50.20757020757021,11.526251526251526,12.307692307692308,-11.135531135531137,0.0,3.3211233211233213,2.5396825396825395,0.0,115.84859584859583,-10.744810744810744,12.698412698412698,-13.47985347985348,0.0,38.87667887667888,53.724053724053725,14.261294261294262,-3.3211233211233213,0.0,18.94993894993895,-45.12820512820513,-25.592185592185597,25.592185592185597,14.261294261294262
6.056166056166056,-187.3504273504273,220.95238095238096,-2.5396825396825395,0.0,0.1953601953601953,11.916971916971915,13.47985347985348,9.572649572649572,0.0,2.93040293040293,7.228327228327228,0.0,63.10134310134311,-9.572649572649572,13.089133089133089,-3.711843711843712,0.0,8.4004884004884,-5.665445665445666,45.12820512820513,14.261294261294262,0.0,-220.56166056166057,179.14529914529913,-25.982905982905983,-10.744810744810744,45.12820512820513
-25.2014652014652,-22.857142857142858,63.10134310134311,-2.93040293040293,0.0,-14.652014652014651,8.00976800976801,8.4004884004884,7.228327228327228,0.0,3.711843711843712,0.5860805860805861,0.0,24.42002442002442,0.1953601953601953,15.433455433455434,-8.00976800976801,0.0,3.3211233211233213,-46.3003663003663,67.78998778998779,6.837606837606837,0.0,-62.71062271062271,28.71794871794872,-23.63858363858364,-34.57875457875458,67.78998778998779
-17.77777777777778,210.7936507936508,-173.67521367521368,2.93040293040293,0.0,-16.214896214896214,15.433455433455434,11.526251526251526,8.791208791208792,0.0,3.711843711843712,0.1953601953601953,0.0,-6.837606837606837,21.68498168498169,21.68498168498169,0.1953601953601953,0.0,0.5860805860805861,-21.68498168498169,43.95604395604396,14.261294261294262,0.0,174.06593406593407,-199.85347985347985,-30.28083028083028,-3.711843711843712,43.95604395604396
5.665445665445666,-70.13431013431014,108.42490842490842,4.102564102564102,0.0,9.572649572649572,22.075702075702075,9.18192918192918,5.665445665445666,0.0,3.3211233211233213,1.3675213675213675,0.0,24.02930402930403,4.493284493284493,23.63858363858364,-1.3675213675213675,0.0,1.7582417582417582,27.936507936507937,6.837606837606837,13.089133089133089,0.0,-108.03418803418803,83.80952380952381,-34.969474969474966,38.87667887667888,6.837606837606837
-2.5396825396825395,-347.93650793650795,389.7435897435897,-1.3675213675213675,0.0,2.148962148962149,25.592185592185597,12.698412698412698,-4.884004884004884,0.0,1.3675213675213675,1.7582417582417582,0.0,22.466422466422465,-0.9768009768009768,25.2014652014652,-3.711843711843712,0.0,-11.526251526251526,3.3211233211233213,41.22100122100122,9.572649572649572,0.0,-389.3528693528693,363.5653235653236,-38.87667887667888,15.042735042735044,41.22100122100122
9.572649572649572,-88.88888888888889,121.7094017094017,-7.619047619047619,0.0,-2.148962148962149,25.592185592185597,16.605616605616607,-5.665445665445666,0.0,0.1953601953601953,3.711843711843712,0.0,40.04884004884005,-9.963369963369964,23.63858363858364,-2.93040293040293,0.0,-2.5396825396825395,9.572649572649572,34.57875457875458,8.4004884004884,0.0,-121.31868131868131,92.014652014652,-34.969474969474966,15.042735042735044,34.57875457875458
7.619047619047619,-169.37728937728937,206.4957264957265,-8.4004884004884,0.0,-1.7582417582417582,25.592185592185597,14.652014652014651,-3.711843711843712,0.0,-2.93040293040293,7.619047619047619,0.0,64.27350427350427,-23.63858363858364,17.387057387057386,-7.619047619047619,0.0,9.963369963369964,-14.261294261294262,42.78388278388278,11.135531135531137,0.0,-206.1050061050061,167.81440781440782,-25.592185592185597,-12.307692307692308,42.78388278388278
-22.466422466422465,-68.57142857142857,111.15995115995116,-2.5396825396825395,0.0,-23.63858363858364,29.89010989010989,10.354090354090356,-0.1953601953601953,0.0,-0.9768009768009768,10.744810744810744,0.0,34.969474969474966,-11.135531135531137,17.77777777777778,-10.744810744810744,0.0,12.698412698412698,-54.5054945054945,61.53846153846154,11.135531135531137,0.0,-110.76923076923076,81.85592185592185,-22.075702075702075,-40.04884004884005,61.53846153846154
-27.155067155067155,11.526251526251526,49.81684981684982,-14.261294261294262,0.0,-7.228327228327228,16.214896214896214,6.837606837606837,2.5396825396825395,0.0,0.5860805860805861,13.870573870573873,0.0,-10.744810744810744,23.247863247863247,25.2014652014652,-4.102564102564102,0.0,16.605616605616607,-27.936507936507937,30.28083028083028,14.652014652014651,0.0,-49.42612942612943,18.94993894993895,-21.294261294261293,-12.698412698412698,30.28083028083028
-8.791208791208792,-89.67032967032966,159.6092796092796,-6.446886446886447,0.0,-6.056166056166056,26.37362637362637,9.572649572649572,21.68498168498169,0.0,-5.274725274725275,19.73137973137973,0.0,18.94993894993895,3.711843711843712,33.40659340659341,2.93040293040293,0.0,10.354090354090356,43.17460317460318,-12.698412698412698,19.73137973137973,0.0,-159.21855921855922,121.31868131868131,-15.433455433455434,32.62515262515262,-12.698412698412698
8.4004884004884,-311.2087912087912,374.1147741147741,0.5860805860805861,0.0,27.545787545787547,6.056166056166056,7.228327228327228,27.936507936507937,0.0,-17.387057387057386,21.294261294261293,0.0,34.969474969474966,9.572649572649572,33.01587301587302,8.4004884004884,0.0,16.214896214896214,32.62515262515262,16.214896214896214,20.903540903540904,0.0,-373.7240537240537,337.3870573870574,-16.605616605616607,15.824175824175825,16.214896214896214
37.31379731379732,20.903540903540904,33.40659340659341,-2.148962148962149,0.0,66.22710622710623,-7.228327228327228,9.18192918192918,19.73137973137973,0.0,-25.592185592185597,17.387057387057386,0.0,85.37240537240537,-27.155067155067155,27.545787545787547,5.665445665445666,0.0,17.387057387057386,13.870573870573873,44.737484737484735,14.652014652014651,0.0,-33.01587301587302,-2.5396825396825395,-11.526251526251526,-7.228327228327228,44.737484737484735
26.37362637362637,-84.98168498168498,135.77533577533578,-2.93040293040293,0.0,61.53846153846154,-11.135531135531137,11.135531135531137,10.354090354090356,0.0,-32.62515262515262,15.824175824175825,0.0,95.92185592185592,-41.22100122100122,23.247863247863247,2.148962148962149,0.0,18.94993894993895,-0.5860805860805861,50.5982905982906,10.744810744810744,0.0,-135.3846153846154,109.98778998778998,-13.47985347985348,-21.294261294261293,50.5982905982906
-0.9768009768009768,-228.7667887667888,287.3748473748474,3.3211233211233213,0.0,25.2014652014652,-0.1953601953601953,20.512820512820515,13.089133089133089,0.0,-35.36019536019536,25.2014652014652,0.0,47.472527472527474,-29.10866910866911,24.42002442002442,10.354090354090356,0.0,-2.148962148962149,-13.870573870573873,49.03540903540904,20.512820512820515,0.0,-286.984126984127,249.86568986568983,-14.261294261294262,-16.605616605616607,49.03540903540904
-37.31379731379732,-208.84004884004884,272.9181929181929,-6.056166056166056,0.0,-31.45299145299145,17.387057387057386,28.71794871794872,3.3211233211233213,0.0,-34.57875457875458,29.89010989010989,0.0,-10.354090354090356,-21.294261294261293,27.936507936507937,2.5396825396825395,0.0,-17.387057387057386,-49.42612942612943,54.89621489621489,10.744810744810744,0.0,-272.5274725274725,233.84615384615384,-18.94993894993895,-20.12210012210012,54.89621489621489
-75.21367521367522,-155.7020757020757,243.2234432234432,-10.744810744810744,0.0,-97.87545787545788,40.83028083028083,37.704517704517706,16.996336996336996,0.0,-31.843711843711844,39.26739926739927,0.0,-10.354090354090356,-21.294261294261293,36.92307692307692,13.089133089133089,0.0,-4.884004884004884,-7.619047619047619,20.12210012210012,10.744810744810744,0.0,-242.8327228327228,185.006105006105,-12.307692307692308,17.387057387057386,20.12210012210012
-50.989010989010985,-202.97924297924297,279.9511599511599,-11.135531135531137,0.0,-98.65689865689866,45.12820512820513,36.14163614163614,27.936507936507937,0.0,-34.57875457875458,45.51892551892552,0.0,12.307692307692308,-34.57875457875458,38.87667887667888,21.68498168498169,0.0,-10.744810744810744,25.592185592185597,10.744810744810744,13.089133089133089,0.0,-279.56043956043953,227.2039072039072,-10.354090354090356,15.433455433455434,10.744810744810744
-27.936507936507937,-374.8962148962149,430.7692307692308,-16.996336996336996,0.0,-77.94871794871794,30.28083028083028,29.89010989010989,24.81074481074481,0.0,-37.704517704517706,43.56532356532357,0.0,29.89010989010989,-43.56532356532357,32.62515262515262,20.903540903540904,0.0,7.619047619047619,-13.089133089133089,43.95604395604396,1.7582417582417582,0.0,-430.3785103785104,400.2930402930403,-11.135531135531137,-25.982905982905983,43.95604395604396
-7.228327228327228,-345.982905982906,411.6239316239317,-11.916971916971915,0.0,-19.73137973137973,2.5396825396825395,25.2014652014652,35.36019536019536,0.0,-41.22100122100122,46.3003663003663,0.0,42.39316239316239,-38.48595848595848,29.499389499389498,31.843711843711844,0.0,7.228327228327228,2.148962148962149,49.42612942612943,7.619047619047619,0.0,-411.2332112332113,376.4590964590965,0.1953601953601953,-36.53235653235653,49.42612942612943
23.63858363858364,-664.4200244200244,713.6507936507936,-1.7582417582417582,0.0,16.214896214896214,-12.698412698412698,25.2014652014652,40.43956043956044,0.0,-45.12820512820513,49.03540903540904,0.0,12.307692307692308,-22.075702075702075,28.32722832722833,39.65811965811966,0.0,-12.698412698412698,23.247863247863247,28.32722832722833,19.34065934065934,0.0,-713.2600732600732,690.989010989011,-2.5396825396825395,-30.671550671550676,28.32722832722833
-8.791208791208792,-401.85592185592185,434.2857142857143,13.089133089133089,0.0,-22.857142857142858,-7.619047619047619,28.71794871794872,37.31379731379732,0.0,-46.3003663003663,51.77045177045177,0.0,-30.28083028083028,-1.3675213675213675,28.71794871794872,35.75091575091575,0.0,-13.870573870573873,-2.148962148962149,34.18803418803419,14.261294261294262,0.0,-433.8949938949939,426.4713064713065,-9.18192918192918,-27.155067155067155,34.18803418803419
-21.68498168498169,-455.38461538461536,487.8144078144078,31.062271062271066,0.0,-36.53235653235653,4.884004884004884,34.18803418803419,37.31379731379732,0.0,-42.78388278388278,52.55189255189255,0.0,7.619047619047619,-12.307692307692308,30.671550671550676,37.31379731379732,0.0,0.1953601953601953,4.884004884004884,34.57875457875458,22.857142857142858,0.0,-487.4236874236874,475.7020757020757,-12.307692307692308,-6.056166056166056,34.57875457875458
-24.81074481074481,-275.26251526251525,320.1953601953602,24.81074481074481,0.0,-35.75091575091575,15.042735042735044,35.36019536019536,28.32722832722833,0.0,-41.61172161172161,49.03540903540904,0.0,26.764346764346765,-13.089133089133089,32.234432234432234,33.01587301587302,0.0,7.228327228327228,20.512820512820515,31.45299145299145,19.34065934065934,0.0,-319.8046398046398,304.1758241758242,-15.042735042735044,4.493284493284493,31.45299145299145
-34.57875457875458,-397.1672771672772,448.3516483516484,16.214896214896214,0.0,-39.65811965811966,12.307692307692308,37.31379731379732,20.512820512820515,0.0,-43.95604395604396,47.081807081807085,0.0,41.61172161172161,-28.71794871794872,29.499389499389498,27.155067155067155,0.0,7.619047619047619,6.837606837606837,47.86324786324786,6.446886446886447,0.0,-447.960927960928,426.4713064713065,-16.605616605616607,0.1953601953601953,47.86324786324786
-6.056166056166056,-222.12454212454213,268.62026862026863,13.089133089133089,0.0,-5.665445665445666,6.446886446886447,36.14163614163614,13.870573870573873,0.0,-45.12820512820513,41.22100122100122,0.0,57.63125763125763,-38.095238095238095,26.37362637362637,22.857142857142858,0.0,-2.148962148962149,12.698412698412698,58.41269841269841,-0.1953601953601953,0.0,-268.22954822954824,244.7863247863248,-14.652014652014651,0.1953601953601953,58.41269841269841
-6.056166056166056,-507.35042735042737,562.0512820512821,-2.148962148962149,0.0,-10.744810744810744,3.3211233211233213,37.704517704517706,13.47985347985348,0.0,-45.12820512820513,42.78388278388278,0.0,27.545787545787547,-19.34065934065934,27.936507936507937,18.55921855921856,0.0,-14.652014652014651,23.247863247863247,47.86324786324786,-0.1953601953601953,0.0,-561.6605616605617,534.3101343101343,-17.77777777777778,-2.148962148962149,47.86324786324786
-33.40659340659341,-221.34310134310132,269.4017094017094,0.5860805860805861,0.0,-71.30647130647131,18.55921855921856,40.43956043956044,24.42002442002442,0.0,-37.31379731379732,51.37973137973138,0.0,-21.68498168498169,-7.619047619047619,33.7973137973138,25.592185592185597,0.0,-35.75091575091575,16.605616605616607,36.14163614163614,11.916971916971915,0.0,-269.010989010989,244.004884004884,-26.37362637362637,0.1953601953601953,36.14163614163614
-23.63858363858364,-265.4945054945055,281.12332112332115,11.135531135531137,0.0,-70.91575091575092,17.77777777777778,31.843711843711844,21.68498168498169,0.0,-28.71794871794872,51.37973137973138,0.0,-43.95604395604396,-0.1953601953601953,33.01587301587302,22.466422466422465,0.0,-52.16117216117216,4.884004884004884,36.92307692307692,21.294261294261293,0.0,-280.7326007326008,276.04395604395603,-32.62515262515262,-6.837606837606837,36.92307692307692
-8.791208791208792,-57.24053724053724,88.1074481074481,12.307692307692308,0.0,-44.737484737484735,13.47985347985348,29.89010989010989,33.01587301587302,0.0,-24.42002442002442,55.67765567765568,0.0,-34.57875457875458,5.274725274725275,36.92307692307692,29.10866910866911,0.0,-33.40659340659341,-7.619047619047619,41.22100122100122,36.92307692307692,0.0,-87.71672771672772,67.3992673992674,-32.62515262515262,-14.261294261294262,41.22100122100122
-30.671550671550676,46.3003663003663,9.963369963369964,12.698412698412698,0.0,-26.764346764346765,-4.493284493284493,26.764346764346765,40.43956043956044,0.0,-25.982905982905983,54.5054945054945,0.0,-17.387057387057386,-0.1953601953601953,36.14163614163614,34.18803418803419,0.0,-17.387057387057386,-20.12210012210012,53.724053724053725,36.92307692307692,0.0,-9.572649572649572,-18.55921855921856,-29.499389499389498,-21.68498168498169,53.724053724053725
-4.884004884004884,-19.34065934065934,70.13431013431014,13.47985347985348,0.0,15.433455433455434,-20.903540903540904,26.764346764346765,35.75091575091575,0.0,-38.48595848595848,44.737484737484735,0.0,31.45299145299145,-16.605616605616607,32.62515262515262,23.63858363858364,0.0,16.214896214896214,-20.903540903540904,57.24053724053724,18.94993894993895,0.0,-69.74358974358974,42.002442002442,-21.294261294261293,-15.433455433455434,57.24053724053724
-6.837606837606837,-46.69108669108669,106.08058608058607,18.168498168498168,0.0,10.354090354090356,-13.089133089133089,37.704517704517706,34.18803418803419,0.0,-47.472527472527474,43.56532356532357,0.0,54.114774114774114,-17.387057387057386,31.45299145299145,22.857142857142858,0.0,29.89010989010989,-13.47985347985348,65.44566544566544,10.354090354090356,0.0,-105.68986568986568,63.88278388278388,-16.605616605616607,0.5860805860805861,65.44566544566544
-34.969474969474966,190.0854700854701,-108.8156288156288,8.4004884004884,0.0,-34.969474969474966,1.7582417582417582,52.55189255189255,33.40659340659341,0.0,-46.69108669108669,45.51892551892552,0.0,43.17460317460318,-6.056166056166056,34.969474969474966,21.294261294261293,0.0,24.81074481074481,2.148962148962149,59.58485958485959,6.446886446886447,0.0,109.2063492063492,-163.9072039072039,-12.307692307692308,6.837606837606837,59.58485958485959
-43.95604395604396,210.7936507936508,-140.0732600732601,10.744810744810744,0.0,-67.78998778998779,13.870573870573873,53.724053724053725,34.969474969474966,0.0,-38.48595848595848,49.42612942612943,0.0,34.57875457875458,-3.711843711843712,37.704517704517706,27.155067155067155,0.0,27.545787545787547,15.824175824175825,38.48595848595848,13.089133089133089,0.0,140.46398046398048,-190.0854700854701,-8.791208791208792,19.34065934065934,38.48595848595848
-32.62515262515262,-109.2063492063492,170.15873015873015,16.996336996336996,0.0,-45.12820512820513,3.3211233211233213,47.472527472527474,36.92307692307692,0.0,-31.45299145299145,52.94261294261294,0.0,9.572649572649572,2.5396825396825395,39.65811965811966,31.45299145299145,0.0,-2.5396825396825395,8.00976800976801,57.63125763125763,20.12210012210012,0.0,-169.76800976800976,133.04029304029305,-20.512820512820515,2.5396825396825395,57.63125763125763
-8.4004884004884,126.7887667887668,-78.73015873015873,20.903540903540904,0.0,-1.7582417582417582,-15.824175824175825,34.18803418803419,42.002442002442,0.0,-31.843711843711844,51.77045177045177,0.0,15.042735042735044,-9.18192918192918,40.43956043956044,31.062271062271066,0.0,-15.433455433455434,21.68498168498169,49.81684981684982,20.903540903540904,0.0,79.12087912087912,-104.9084249084249,-16.214896214896214,-2.148962148962149,49.81684981684982
12.307692307692308,336.6056166056166,-322.53968253968253,26.764346764346765,0.0,20.12210012210012,-27.936507936507937,14.261294261294262,45.51892551892552,0.0,-32.62515262515262,43.95604395604396,0.0,15.433455433455434,-15.824175824175825,38.095238095238095,27.155067155067155,0.0,-15.042735042735044,16.996336996336996,44.346764346764346,18.55921855921856,0.0,322.9304029304029,-328.7912087912088,-19.73137973137973,-5.665445665445666,44.346764346764346
13.47985347985348,104.12698412698413,-92.014652014652,22.075702075702075,0.0,34.969474969474966,-31.45299145299145,6.446886446886447,36.14163614163614,0.0,-33.40659340659341,34.969474969474966,0.0,11.916971916971915,-30.671550671550676,36.53235653235653,11.526251526251526,0.0,-20.12210012210012,9.963369963369964,40.43956043956044,-0.1953601953601953,0.0,92.4053724053724,-94.74969474969475,-18.94993894993895,2.93040293040293,40.43956043956044
8.4004884004884,17.77777777777778,-1.7582417582417582,25.592185592185597,0.0,25.592185592185597,-18.168498168498168,4.102564102564102,36.92307692307692,0.0,-36.14163614163614,28.32722832722833,0.0,-10.744810744810744,-14.261294261294262,36.92307692307692,7.619047619047619,0.0,-16.996336996336996,0.1953601953601953,42.002442002442,-5.274725274725275,0.0,2.148962148962149,-17.387057387057386,-11.526251526251526,8.00976800976801,42.002442002442
-12.307692307692308,66.61782661782662,-30.28083028083028,8.00976800976801,0.0,8.791208791208792,-13.870573870573873,5.665445665445666,29.10866910866911,0.0,-34.969474969474966,20.512820512820515,0.0,-0.9768009768009768,-7.619047619047619,36.53235653235653,2.148962148962149,0.0,4.102564102564102,-14.261294261294262,43.56532356532357,-3.711843711843712,0.0,30.671550671550676,-60.366300366300365,-6.837606837606837,-1.3675213675213675,43.56532356532357
-52.16117216117216,-253.3821733821734,313.1623931623932,-4.884004884004884,0.0,-29.499389499389498,-4.102564102564102,13.870573870573873,20.12210012210012,0.0,-35.75091575091575,18.168498168498168,0.0,18.94993894993895,-6.056166056166056,33.01587301587302,-2.148962148962149,0.0,29.89010989010989,-6.056166056166056,25.592185592185597,-5.274725274725275,0.0,-312.7716727716728,269.010989010989,-3.711843711843712,15.824175824175825,25.592185592185597
-38.095238095238095,60.757020757020754,-9.572649572649572,15.824175824175825,0.0,-3.711843711843712,-6.446886446886447,15.824175824175825,22.075702075702075,0.0,-39.26739926739927,17.387057387057386,0.0,13.47985347985348,2.93040293040293,31.843711843711844,3.3211233211233213,0.0,4.884004884004884,0.1953601953601953,47.081807081807085,0.5860805860805861,0.0,9.963369963369964,-54.89621489621489,0.5860805860805861,8.00976800976801,47.081807081807085
-20.512820512820515,264.32234432234435,-221.34310134310132,12.307692307692308,0.0,13.47985347985348,-8.791208791208792,15.042735042735044,12.698412698412698,0.0,-39.26739926739927,13.47985347985348,0.0,17.77777777777778,3.711843711843712,27.545787545787547,3.3211233211233213,0.0,-4.493284493284493,12.307692307692308,38.095238095238095,6.837606837606837,0.0,221.7338217338217,-261.5873015873016,2.148962148962149,10.354090354090356,38.095238095238095
-16.605616605616607,115.84859584859583,-78.73015873015873,11.916971916971915,0.0,33.40659340659341,-16.605616605616607,5.665445665445666,8.00976800976801,0.0,-39.26739926739927,5.665445665445666,0.0,32.62515262515262,-5.274725274725275,20.512820512820515,-2.93040293040293,0.0,-6.446886446886447,38.095238095238095,16.605616605616607,-2.93040293040293,0.0,79.12087912087912,-106.47130647130648,-0.5860805860805861,28.71794871794872,16.605616605616607
-11.916971916971915,1.7582417582417582,24.02930402930403,20.512820512820515,0.0,46.69108669108669,-14.652014652014651,-4.884004884004884,6.837606837606837,0.0,-36.14163614163614,-4.102564102564102,0.0,36.53235653235653,-14.261294261294262,11.916971916971915,-5.665445665445666,0.0,-19.34065934065934,23.63858363858364,28.32722832722833,-4.102564102564102,0.0,-23.63858363858364,5.665445665445666,-4.493284493284493,20.903540903540904,28.32722832722833
-16.214896214896214,254.94505494505492,-238.5347985347985,19.73137973137973,0.0,33.40659340659341,-7.228327228327228,-14.261294261294262,6.056166056166056,0.0,-31.843711843711844,-14.652014652014651,0.0,56.45909645909646,-21.68498168498169,5.274725274725275,-5.274725274725275,0.0,-11.135531135531137,13.47985347985348,32.234432234432234,0.1953601953601953,0.0,238.92551892551893,-244.3956043956044,-13.47985347985348,11.916971916971915,32.234432234432234
-24.81074481074481,228.3760683760684,-210.4029304029304,15.824175824175825,0.0,19.34065934065934,-0.5860805860805861,-18.55921855921856,7.228327228327228,0.0,-22.857142857142858,-18.94993894993895,0.0,59.975579975579976,-20.903540903540904,2.5396825396825395,-4.493284493284493,0.0,-1.7582417582417582,14.652014652014651,26.764346764346765,-2.93040293040293,0.0,210.7936507936508,-211.1843711843712,-15.042735042735044,14.652014652014651,26.764346764346765
-42.002442002442,-25.592185592185597,46.69108669108669,18.94993894993895,0.0,-12.307692307692308,16.996336996336996,-16.214896214896214,8.00976800976801,0.0,-12.307692307692308,-15.433455433455434,0.0,43.17460317460318,-18.94993894993895,2.148962148962149,-8.00976800976801,0.0,-18.168498168498168,16.605616605616607,28.71794871794872,-7.619047619047619,0.0,-46.3003663003663,36.92307692307692,-15.824175824175825,21.68498168498169,28.71794871794872
-28.32722832722833,55.28693528693529,-39.26739926739927,22.466422466422465,0.0,-5.274725274725275,19.73137973137973,-11.135531135531137,5.665445665445666,0.0,-6.446886446886447,-9.572649572649572,0.0,27.155067155067155,-20.512820512820515,6.446886446886447,2.148962148962149,0.0,-30.28083028083028,20.12210012210012,23.247863247863247,2.5396825396825395,0.0,39.65811965811966,-62.71062271062271,-9.572649572649572,33.7973137973138,23.247863247863247
-17.77777777777778,145.54334554334554,-121.31868131868131,16.605616605616607,0.0,8.00976800976801,24.02930402930403,-7.619047619047619,-2.5396825396825395,0.0,-3.711843711843712,-5.274725274725275,0.0,-7.619047619047619,4.884004884004884,9.963369963369964,-4.884004884004884,0.0,-23.247863247863247,2.148962148962149,29.10866910866911,-5.665445665445666,0.0,121.7094017094017,-148.2783882783883,-8.00976800976801,23.247863247863247,29.10866910866911
-16.996336996336996,44.346764346764346,-21.68498168498169,8.00976800976801,0.0,5.274725274725275,27.155067155067155,-7.228327228327228,-12.307692307692308,0.0,-4.884004884004884,-4.102564102564102,0.0,7.228327228327228,-0.9768009768009768,9.963369963369964,-13.870573870573873,0.0,-15.824175824175825,-4.102564102564102,35.36019536019536,-11.526251526251526,0.0,22.075702075702075,-43.95604395604396,-14.652014652014651,12.698412698412698,35.36019536019536
-8.4004884004884,-213.52869352869357,238.92551892551893,1.3675213675213675,0.0,2.148962148962149,33.7973137973138,-2.5396825396825395,-16.214896214896214,0.0,-6.056166056166056,-4.102564102564102,0.0,23.247863247863247,6.056166056166056,5.274725274725275,-16.996336996336996,0.0,0.1953601953601953,-2.5396825396825395,28.32722832722833,-6.446886446886447,0.0,-238.5347985347985,206.8864468864469,-18.94993894993895,14.261294261294262,28.32722832722833
-3.711843711843712,11.135531135531137,20.12210012210012,2.5396825396825395,0.0,0.5860805860805861,42.002442002442,-2.5396825396825395,-10.354090354090356,0.0,-6.446886446886447,-8.00976800976801,0.0,53.724053724053725,9.18192918192918,0.9768009768009768,-20.12210012210012,0.0,25.2014652014652,-5.274725274725275,29.10866910866911,-4.884004884004884,0.0,-19.73137973137973,-7.228327228327228,-23.247863247863247,6.446886446886447,29.10866910866911
-4.493284493284493,-136.55677655677655,163.5164835164835,1.7582417582417582,0.0,6.056166056166056,27.155067155067155,-7.619047619047619,-1.7582417582417582,0.0,-2.93040293040293,-9.963369963369964,0.0,75.6043956043956,9.18192918192918,-2.5396825396825395,-16.605616605616607,0.0,43.95604395604396,2.5396825396825395,21.68498168498169,-3.3211233211233213,0.0,-163.12576312576311,147.1062271062271,-23.63858363858364,3.711843711843712,21.68498168498169
0.1953601953601953,-36.92307692307692,52.55189255189255,5.274725274725275,0.0,2.93040293040293,25.2014652014652,-9.963369963369964,2.148962148962149,0.0,2.93040293040293,-11.526251526251526,0.0,84.98168498168498,9.963369963369964,-6.056166056166056,-16.605616605616607,0.0,40.83028083028083,18.55921855921856,16.214896214896214,-4.102564102564102,0.0,-52.16117216117216,35.36019536019536,-18.94993894993895,14.652014652014651,16.214896214896214
2.5396825396825395,-100.6105006105006,116.23931623931624,10.744810744810744,0.0,18.55921855921856,18.94993894993895,-12.698412698412698,3.711843711843712,0.0,10.354090354090356,-16.214896214896214,0.0,76.77655677655677,9.963369963369964,-6.446886446886447,-15.433455433455434,0.0,28.32722832722833,13.089133089133089,23.247863247863247,-1.7582417582417582,0.0,-115.84859584859583,108.8156288156288,-16.605616605616607,2.148962148962149,23.247863247863247
-1.3675213675213675,29.10866910866911,-16.996336996336996,21.294261294261293,0.0,24.42002442002442,17.387057387057386,-11.916971916971915,0.5860805860805861,0.0,19.73137973137973,-15.042735042735044,0.0,62.31990231990232,16.605616605616607,-3.3211233211233213,-18.55921855921856,0.0,17.77777777777778,6.446886446886447,38.095238095238095,-6.056166056166056,0.0,17.387057387057386,-9.572649572649572,-23.247863247863247,-2.5396825396825395,38.095238095238095
10.354090354090356,-174.84737484737485,192.8205128205128,16.996336996336996,0.0,27.155067155067155,25.982905982905983,-1.7582417582417582,-6.837606837606837,0.0,25.982905982905983,-7.228327228327228,0.0,52.94261294261294,12.698412698412698,0.1953601953601953,-18.55921855921856,0.0,-0.9768009768009768,-1.3675213675213675,50.989010989010985,-1.3675213675213675,0.0,-192.42979242979243,185.3968253968254,-25.982905982905983,-4.493284493284493,50.989010989010985
8.4004884004884,90.06105006105007,-43.17460317460318,5.665445665445666,0.0,22.075702075702075,34.18803418803419,9.963369963369964,-7.228327228327228,0.0,30.28083028083028,0.5860805860805861,0.0,27.545787545787547,24.81074481074481,2.5396825396825395,-20.512820512820515,0.0,-4.493284493284493,-5.274725274725275,45.51892551892552,0.1953601953601953,0.0,43.56532356532357,-79.51159951159951,-25.982905982905983,2.148962148962149,45.51892551892552
6.837606837606837,175.62881562881563,-119.75579975579976,13.47985347985348,0.0,21.294261294261293,32.62515262515262,15.824175824175825,4.102564102564102,0.0,30.671550671550676,8.791208791208792,0.0,21.68498168498169,34.57875457875458,8.791208791208792,-6.056166056166056,0.0,11.916971916971915,-4.102564102564102,45.51892551892552,5.665445665445666,0.0,120.14652014652016,-163.12576312576311,-19.34065934065934,5.274725274725275,45.51892551892552
7.228327228327228,54.5054945054945,-20.12210012210012,6.056166056166056,0.0,8.00976800976801,22.857142857142858,10.744810744810744,3.711843711843712,0.0,24.42002442002442,9.18192918192918,0.0,10.744810744810744,34.57875457875458,9.572649572649572,-3.711843711843712,0.0,12.307692307692308,2.93040293040293,35.36019536019536,0.1953601953601953,0.0,20.512820512820515,-56.84981684981685,-12.307692307692308,4.102564102564102,35.36019536019536
-5.665445665445666,-12.307692307692308,50.5982905982906,-0.1953601953601953,0.0,0.1953601953601953,12.698412698412698,3.3211233211233213,12.307692307692308,0.0,14.261294261294262,4.493284493284493,0.0,-4.102564102564102,39.26739926739927,8.00976800976801,-0.9768009768009768,0.0,6.446886446886447,15.042735042735044,20.512820512820515,-0.1953601953601953,0.0,-50.20757020757021,9.572649572649572,-14.261294261294262,16.996336996336996,20.512820512820515
-14.652014652014651,237.75335775335776,-218.2173382173382,8.791208791208792,0.0,-4.884004884004884,4.493284493284493,-5.665445665445666,17.77777777777778,0.0,4.884004884004884,-5.274725274725275,0.0,-7.619047619047619,32.234432234432234,5.274725274725275,-5.274725274725275,0.0,1.7582417582417582,-0.9768009768009768,25.592185592185597,-2.148962148962149,0.0,218.6080586080586,-229.93894993894995,-21.68498168498169,0.1953601953601953,25.592185592185597
-24.42002442002442,216.26373626373623,-213.52869352869357,19.73137973137973,0.0,-18.168498168498168,1.7582417582417582,-10.744810744810744,24.42002442002442,0.0,1.7582417582417582,-9.572649572649572,0.0,6.446886446886447,14.652014652014651,2.5396825396825395,-3.711843711843712,0.0,-4.884004884004884,-7.228327228327228,27.936507936507937,4.884004884004884,0.0,213.91941391941396,-201.8070818070818,-33.01587301587302,-7.619047619047619,27.936507936507937
-13.870573870573873,-56.06837606837607,61.14774114774115,11.526251526251526,0.0,-21.294261294261293,8.00976800976801,-9.572649572649572,25.2014652014652,0.0,1.3675213675213675,-8.4004884004884,0.0,13.870573870573873,10.354090354090356,0.1953601953601953,-10.354090354090356,0.0,-6.837606837606837,-2.5396825396825395,22.075702075702075,1.3675213675213675,0.0,-60.757020757020754,70.91575091575092,-43.56532356532357,2.5396825396825395,22.075702075702075
-3.711843711843712,34.969474969474966,-26.37362637362637,14.261294261294262,0.0,-5.274725274725275,5.665445665445666,-2.93040293040293,21.68498168498169,0.0,5.274725274725275,-7.228327228327228,0.0,56.84981684981685,-2.5396825396825395,0.5860805860805861,-15.824175824175825,0.0,12.698412698412698,18.94993894993895,15.042735042735044,-9.18192918192918,0.0,26.764346764346765,-21.68498168498169,-35.36019536019536,17.387057387057386,15.042735042735044
-0.5860805860805861,96.31257631257633,-80.29304029304029,13.47985347985348,0.0,-2.93040293040293,2.148962148962149,4.493284493284493,23.247863247863247,0.0,6.056166056166056,-2.5396825396825395,0.0,67.3992673992674,-11.526251526251526,2.5396825396825395,-4.884004884004884,0.0,17.387057387057386,41.22100122100122,-5.665445665445666,-0.5860805860805861,0.0,80.68376068376068,-90.45177045177046,-21.294261294261293,31.843711843711844,-5.665445665445666
-0.9768009768009768,-9.963369963369964,41.61172161172161,-6.056166056166056,0.0,-6.056166056166056,0.1953601953601953,11.526251526251526,15.824175824175825,0.0,-0.1953601953601953,3.711843711843712,0.0,56.45909645909646,-13.47985347985348,6.056166056166056,-4.493284493284493,0.0,19.34065934065934,55.28693528693529,-18.55921855921856,-11.916971916971915,0.0,-41.22100122100122,9.572649572649572,-11.526251526251526,46.69108669108669,-18.55921855921856
5.274725274725275,-277.997557997558,334.65201465201466,-16.605616605616607,0.0,8.00976800976801,-5.665445665445666,19.34065934065934,21.294261294261293,0.0,-15.433455433455434,14.261294261294262,0.0,47.081807081807085,-16.214896214896214,6.056166056166056,2.5396825396825395,0.0,23.63858363858364,40.04884004884005,-16.605616605616607,-6.837606837606837,0.0,-334.26129426129427,274.4810744810745,-8.4004884004884,40.43956043956044,-16.605616605616607
-15.042735042735044,43.17460317460318,9.18192918192918,-15.433455433455434,0.0,-18.168498168498168,-9.963369963369964,22.075702075702075,26.37362637362637,0.0,-26.37362637362637,19.73137973137973,0.0,13.47985347985348,-13.870573870573873,5.665445665445666,8.791208791208792,0.0,20.903540903540904,-12.698412698412698,7.619047619047619,-0.9768009768009768,0.0,-8.791208791208792,-37.704517704517706,-15.824175824175825,0.5860805860805861,7.619047619047619
-14.652014652014651,1.7582417582417582,36.92307692307692,-9.963369963369964,0.0,-20.512820512820515,-15.824175824175825,15.042735042735044,33.7973137973138,0.0,-30.671550671550676,24.42002442002442,0.0,19.34065934065934,-17.77777777777778,6.056166056166056,11.135531135531137,0.0,28.71794871794872,-31.45299145299145,28.32722832722833,-5.274725274725275,0.0,-36.53235653235653,14.261294261294262,-25.982905982905983,-21.68498168498169,28.32722832722833
0.9768009768009768,18.94993894993895,-4.884004884004884,-1.3675213675213675,0.0,-11.916971916971915,-19.34065934065934,4.102564102564102,40.43956043956044,0.0,-32.234432234432234,24.81074481074481,0.0,34.969474969474966,-17.77777777777778,6.446886446886447,13.47985347985348,0.0,36.14163614163614,-29.499389499389498,37.704517704517706,-6.056166056166056,0.0,5.274725274725275,-6.837606837606837,-30.28083028083028,-27.155067155067155,37.704517704517706
-4.102564102564102,127.96092796092796,-114.67643467643468,1.7582417582417582,0.0,-5.665445665445666,-33.7973137973138,-4.102564102564102,53.724053724053725,0.0,-28.71794871794872,21.68498168498169,0.0,41.61172161172161,-21.68498168498169,11.916971916971915,18.55921855921856,0.0,43.56532356532357,-31.062271062271066,45.51892551892552,-6.446886446886447,0.0,115.06715506715508,-111.15995115995116,-22.075702075702075,-36.53235653235653,45.51892551892552
15.042735042735044,58.02197802197802,-54.5054945054945,4.493284493284493,0.0,19.73137973137973,-38.87667887667888,-14.261294261294262,56.45909645909646,0.0,-25.592185592185597,13.870573870573873,0.0,47.472527472527474,-25.592185592185597,11.526251526251526,18.94993894993895,0.0,36.92307692307692,-4.493284493284493,21.294261294261293,-0.1953601953601953,0.0,54.89621489621489,-38.87667887667888,-21.294261294261293,-18.55921855921856,21.294261294261293
33.01587301587302,-204.54212454212453,199.07203907203908,6.837606837606837,0.0,20.12210012210012,-24.42002442002442,-14.652014652014651,53.724053724053725,0.0,-24.42002442002442,11.135531135531137,0.0,36.53235653235653,-24.02930402930403,10.744810744810744,20.512820512820515,0.0,30.671550671550676,18.168498168498168,-2.93040293040293,-1.3675213675213675,0.0,-198.6813186813187,207.27716727716728,-2.93040293040293,7.619047619047619,-2.93040293040293
28.71794871794872,67.00854700854701,-70.52503052503053,-0.9768009768009768,0.0,2.93040293040293,-16.214896214896214,-6.446886446886447,43.56532356532357,0.0,-29.89010989010989,9.963369963369964,0.0,-3.3211233211233213,-15.433455433455434,6.446886446886447,18.168498168498168,0.0,20.512820512820515,-0.5860805860805861,-11.526251526251526,-0.5860805860805861,0.0,70.91575091575092,-68.18070818070818,4.102564102564102,4.102564102564102,-11.526251526251526
15.042735042735044,295.97069597069594,-293.2356532356532,-0.9768009768009768,0.0,-12.698412698412698,-10.354090354090356,1.7582417582417582,36.92307692307692,0.0,-29.89010989010989,10.354090354090356,0.0,-52.16117216117216,-7.619047619047619,2.5396825396825395,14.652014652014651,0.0,0.5860805860805861,-16.996336996336996,-21.294261294261293,-2.5396825396825395,0.0,293.6263736263736,-282.6862026862027,3.711843711843712,0.1953601953601953,-21.294261294261293
0.9768009768009768,33.7973137973138,-39.26739926739927,-1.7582417582417582,0.0,-65.05494505494505,12.698412698412698,10.354090354090356,33.7973137973138,0.0,-27.936507936507937,16.214896214896214,0.0,-59.1941391941392,-8.791208791208792,0.9768009768009768,22.075702075702075,0.0,-8.791208791208792,-27.155067155067155,-5.665445665445666,-1.3675213675213675,0.0,39.65811965811966,-32.234432234432234,6.837606837606837,-11.526251526251526,-5.665445665445666
-8.791208791208792,-15.433455433455434,27.936507936507937,-8.791208791208792,0.0,-56.06837606837607,-2.93040293040293,11.916971916971915,38.87667887667888,0.0,-36.92307692307692,25.982905982905983,0.0,-45.51892551892552,-2.148962148962149,5.665445665445666,31.843711843711844,0.0,9.963369963369964,-35.36019536019536,5.665445665445666,10.354090354090356,0.0,-27.545787545787547,13.870573870573873,0.9768009768009768,-17.77777777777778,5.665445665445666
4.493284493284493,220.56166056166057,-190.86691086691087,-9.18192918192918,0.0,-20.512820512820515,-14.652014652014651,9.18192918192918,49.42612942612943,0.0,-39.65811965811966,29.10866910866911,0.0,-5.274725274725275,-10.744810744810744,11.135531135531137,36.53235653235653,0.0,15.824175824175825,-33.01587301587302,33.40659340659341,15.433455433455434,0.0,191.2576312576313,-214.31013431013432,-1.3675213675213675,-45.90964590964591,33.40659340659341
8.4004884004884,125.6166056166056,-96.7032967032967,-0.5860805860805861,0.0,-2.148962148962149,-15.433455433455434,1.3675213675213675,52.55189255189255,0.0,-33.7973137973138,26.37362637362637,0.0,42.39316239316239,-22.466422466422465,16.996336996336996,37.704517704517706,0.0,25.592185592185597,5.274725274725275,24.81074481074481,16.996336996336996,0.0,97.09401709401708,-113.11355311355312,-2.93040293040293,-27.545787545787547,24.81074481074481
16.996336996336996,-123.66300366300366,154.13919413919413,-0.1953601953601953,0.0,28.71794871794872,-25.2014652014652,-6.056166056166056,48.64468864468864,0.0,-27.545787545787547,18.55921855921856,0.0,64.66422466422466,-16.214896214896214,20.903540903540904,34.18803418803419,0.0,39.65811965811966,32.234432234432234,13.47985347985348,16.214896214896214,0.0,-153.74847374847374,141.24542124542126,-4.102564102564102,-4.102564102564102,13.47985347985348
15.824175824175825,109.98778998778998,-83.41880341880342,-0.1953601953601953,0.0,29.10866910866911,-22.857142857142858,-8.791208791208792,45.12820512820513,0.0,-22.466422466422465,10.744810744810744,0.0,52.55189255189255,-10.354090354090356,20.903540903540904,23.63858363858364,0.0,26.764346764346765,28.32722832722833,15.433455433455434,14.652014652014651,0.0,83.80952380952381,-89.67032967032966,-3.3211233211233213,-6.056166056166056,15.433455433455434
-4.102564102564102,299.8778998778999,-285.03052503052504,0.1953601953601953,0.0,0.5860805860805861,-17.77777777777778,-9.572649572649572,37.31379731379732,0.0,-13.089133089133089,0.1953601953601953,0.0,44.737484737484735,0.1953601953601953,17.77777777777778,13.089133089133089,0.0,33.40659340659341,4.884004884004884,32.234432234432234,5.274725274725275,0.0,285.42124542124543,-279.9511599511599,-3.711843711843712,-11.135531135531137,32.234432234432234
-2.5396825396825395,106.47130647130648,-95.14041514041514,-8.4004884004884,0.0,-11.135531135531137,-11.526251526251526,-7.228327228327228,28.71794871794872,0.0,-10.354090354090356,-2.93040293040293,0.0,33.7973137973138,9.572649572649572,10.354090354090356,4.493284493284493,0.0,36.53235653235653,5.665445665445666,15.824175824175825,0.9768009768009768,0.0,95.53113553113552,-97.87545787545788,-4.102564102564102,6.056166056166056,15.824175824175825
8.4004884004884,45.90964590964591,-41.22100122100122,-9.572649572649572,0.0,-22.075702075702075,1.3675213675213675,-0.5860805860805861,23.247863247863247,0.0,-11.135531135531137,-4.884004884004884,0.0,25.982905982905983,13.870573870573873,6.056166056166056,-4.884004884004884,0.0,40.04884004884005,-15.433455433455434,18.168498168498168,-0.1953601953601953,0.0,41.61172161172161,-57.63125763125763,-4.884004884004884,2.5396825396825395,18.168498168498168
1.7582417582417582,151.01343101343102,-148.2783882783883,-3.711843711843712,0.0,-34.969474969474966,11.526251526251526,5.274725274725275,17.387057387057386,0.0,-2.148962148962149,-8.4004884004884,0.0,22.857142857142858,13.089133089133089,3.711843711843712,-6.446886446886447,0.0,31.45299145299145,-23.247863247863247,28.71794871794872,-1.7582417582417582,0.0,148.66910866910868,-164.6886446886447,-10.744810744810744,-2.148962148962149,28.71794871794872
-5.665445665445666,159.6092796092796,-149.84126984126985,5.274725274725275,0.0,-29.10866910866911,15.042735042735044,2.5396825396825395,18.55921855921856,0.0,3.3211233211233213,-12.698412698412698,0.0,6.056166056166056,16.214896214896214,0.5860805860805861,-1.7582417582417582,0.0,7.228327228327228,17.77777777777778,-5.665445665445666,1.7582417582417582,0.0,150.23199023199024,-168.2051282051282,-15.824175824175825,35.75091575091575,-5.665445665445666
12.698412698412698,174.84737484737485,-170.54945054945054,9.572649572649572,0.0,0.1953601953601953,12.698412698412698,-2.148962148962149,16.605616605616607,0.0,6.837606837606837,-15.824175824175825,0.0,14.652014652014651,8.4004884004884,0.1953601953601953,0.5860805860805861,0.0,-4.884004884004884,10.354090354090356,14.261294261294262,4.493284493284493,0.0,170.94017094017093,-186.56898656898656,-16.214896214896214,21.294261294261293,14.261294261294262
19.73137973137973,498.3638583638584,-488.5958485958486,3.3211233211233213,0.0,34.969474969474966,-2.148962148962149,-9.18192918192918,9.572649572649572,0.0,8.4004884004884,-20.512820512820515,0.0,29.10866910866911,8.00976800976801,0.9768009768009768,-7.228327228327228,0.0,1.7582417582417582,5.665445665445666,29.89010989010989,-5.665445665445666,0.0,488.986568986569,-488.2051282051282,-15.042735042735044,-0.5860805860805861,29.89010989010989
28.32722832722833,229.5482295482296,-221.7338217338217,4.884004884004884,0.0,57.24053724053724,-14.261294261294262,-10.354090354090356,9.18192918192918,0.0,11.135531135531137,-16.996336996336996,0.0,42.78388278388278,12.307692307692308,4.884004884004884,-7.228327228327228,0.0,13.089133089133089,11.526251526251526,35.36019536019536,-6.056166056166056,0.0,222.12454212454213,-213.13797313797315,-18.94993894993895,0.5860805860805861,35.36019536019536
27.155067155067155,171.7216117216117,-172.8937728937729,10.744810744810744,0.0,51.37973137973138,-12.698412698412698,-7.228327228327228,6.056166056166056,0.0,16.996336996336996,-9.572649572649572,0.0,30.28083028083028,20.512820512820515,9.18192918192918,-18.94993894993895,0.0,13.089133089133089,-4.493284493284493,33.01587301587302,0.1953601953601953,0.0,173.2844932844933,-162.73504273504273,-18.94993894993895,-4.493284493284493,33.01587301587302
18.168498168498168,192.42979242979243,-206.8864468864469,15.042735042735044,0.0,36.14163614163614,-5.665445665445666,-5.274725274725275,-6.056166056166056,0.0,22.466422466422465,-8.4004884004884,0.0,3.711843711843712,33.01587301587302,14.261294261294262,-37.31379731379732,0.0,6.837606837606837,-29.10866910866911,40.43956043956044,-2.93040293040293,0.0,207.27716727716728,-183.83394383394383,-22.075702075702075,-13.47985347985348,40.43956043956044
-3.711843711843712,267.0573870573871,-270.96459096459097,23.63858363858364,0.0,8.4004884004884,6.837606837606837,0.9768009768009768,-1.3675213675213675,0.0,29.499389499389498,-3.3211233211233213,0.0,-21.294261294261293,48.25396825396825,18.168498168498168,-33.01587301587302,0.0,-9.18192918192918,-30.28083028083028,38.48595848595848,13.089133089133089,0.0,271.35531135531136,-260.02442002442,-33.40659340659341,-2.148962148962149,38.48595848595848
-9.572649572649572,18.94993894993895,-24.42002442002442,43.17460317460318,0.0,16.214896214896214,7.228327228327228,-0.1953601953601953,3.3211233211233213,0.0,36.92307692307692,0.1953601953601953,0.0,-38.87667887667888,54.89621489621489,16.605616605616607,-28.71794871794872,0.0,-17.77777777777778,-37.31379731379732,37.704517704517706,22.466422466422465,0.0,24.81074481074481,-20.512820512820515,-31.062271062271066,8.791208791208792,37.704517704517706
16.214896214896214,-0.1953601953601953,0.1953601953601953,21.68498168498169,0.0,42.78388278388278,8.00976800976801,2.148962148962149,-15.824175824175825,0.0,31.843711843711844,1.3675213675213675,0.0,6.056166056166056,46.3003663003663,15.433455433455434,-35.75091575091575,0.0,4.493284493284493,-22.075702075702075,40.83028083028083,9.18192918192918,0.0,0.1953601953601953,-12.307692307692308,-34.18803418803419,20.903540903540904,40.83028083028083
20.12210012210012,261.5873015873016,-230.72039072039072,26.764346764346765,0.0,49.03540903540904,16.605616605616607,13.089133089133089,-1.7582417582417582,0.0,37.704517704517706,8.00976800976801,0.0,62.71062271062271,44.346764346764346,15.433455433455434,-16.214896214896214,0.0,39.26739926739927,15.433455433455434,33.40659340659341,18.168498168498168,0.0,231.11111111111111,-268.22954822954824,-30.671550671550676,38.87667887667888,33.40659340659341
8.791208791208792,184.6153846153846,-145.93406593406593,21.68498168498169,0.0,29.89010989010989,30.28083028083028,12.307692307692308,-3.3211233211233213,0.0,45.12820512820513,8.4004884004884,0.0,84.98168498168498,36.53235653235653,13.47985347985348,-13.47985347985348,0.0,52.55189255189255,-2.93040293040293,60.757020757020754,11.526251526251526,0.0,146.32478632478632,-185.3968253968254,-30.671550671550676,10.354090354090356,60.757020757020754
0.5860805860805861,60.757020757020754,-30.671550671550676,22.075702075702075,0.0,9.572649572649572,41.22100122100122,8.4004884004884,-6.837606837606837,0.0,47.081807081807085,3.711843711843712,0.0,94.74969474969475,31.062271062271066,11.526251526251526,-12.698412698412698,0.0,59.975579975579976,4.884004884004884,48.25396825396825,10.744810744810744,0.0,31.062271062271066,-63.10134310134311,-25.592185592185597,15.824175824175825,48.25396825396825
-13.089133089133089,187.74114774114773,-156.0927960927961,25.2014652014652,0.0,-11.135531135531137,54.89621489621489,0.5860805860805861,-0.9768009768009768,0.0,51.37973137973138,-7.619047619047619,0.0,65.05494505494505,29.89010989010989,7.228327228327228,-16.214896214896214,0.0,34.57875457875458,-0.1953601953601953,50.5982905982906,1.3675213675213675,0.0,156.4835164835165,-180.31746031746036,-17.77777777777778,7.228327228327228,50.5982905982906
-0.9768009768009768,438.58363858363856,-424.5177045177045,25.982905982905983,0.0,15.824175824175825,44.737484737484735,-17.387057387057386,-4.102564102564102,0.0,56.45909645909646,-20.12210012210012,0.0,44.346764346764346,31.843711843711844,1.7582417582417582,-18.94993894993895,0.0,23.63858363858364,-0.1953601953601953,42.78388278388278,-6.056166056166056,0.0,424.9084249084249,-433.1135531135531,-13.870573870573873,13.47985347985348,42.78388278388278
36.53235653235653,57.63125763125763,-68.18070818070818,20.12210012210012,0.0,64.27350427350427,25.982905982905983,-27.545787545787547,-15.433455433455434,0.0,54.5054945054945,-26.37362637362637,0.0,52.16117216117216,9.18192918192918,-0.1953601953601953,-23.247863247863247,0.0,14.652014652014651,32.62515262515262,-1.3675213675213675,-7.228327228327228,0.0,68.57142857142857,-69.35286935286935,-9.18192918192918,54.114774114774114,-1.3675213675213675
56.45909645909646,-94.74969474969475,88.4981684981685,9.963369963369964,0.0,86.93528693528694,22.466422466422465,-24.42002442002442,-24.42002442002442,0.0,55.28693528693529,-27.545787545787547,0.0,29.499389499389498,20.903540903540904,0.9768009768009768,-29.10866910866911,0.0,3.3211233211233213,35.75091575091575,-11.916971916971915,-3.3211233211233213,0.0,-88.1074481074481,83.41880341880342,-10.354090354090356,53.333333333333336,-11.916971916971915
48.64468864468864,4.102564102564102,-2.148962148962149,7.228327228327228,0.0,69.74358974358974,27.936507936507937,-17.387057387057386,-21.68498168498169,0.0,55.67765567765568,-19.73137973137973,0.0,34.18803418803419,17.387057387057386,4.493284493284493,-24.81074481074481,0.0,1.7582417582417582,31.843711843711844,-4.102564102564102,2.93040293040293,0.0,2.5396825396825395,-10.354090354090356,-13.47985347985348,36.92307692307692,-4.102564102564102
34.18803418803419,-271.74603174603175,283.0769230769231,5.665445665445666,0.0,57.63125763125763,25.592185592185597,-11.916971916971915,-19.73137973137973,0.0,49.42612942612943,-11.526251526251526,0.0,44.737484737484735,16.605616605616607,7.619047619047619,-23.247863247863247,0.0,16.214896214896214,31.062271062271066,-11.135531135531137,10.354090354090356,0.0,-282.6862026862027,267.0573870573871,-18.94993894993895,38.48595848595848,-11.135531135531137
24.42002442002442,-9.572649572649572,32.62515262515262,9.963369963369964,0.0,45.90964590964591,27.545787545787547,-3.711843711843712,-11.526251526251526,0.0,38.095238095238095,-4.102564102564102,0.0,55.67765567765568,11.916971916971915,8.4004884004884,-12.698412698412698,0.0,19.34065934065934,11.526251526251526,15.433455433455434,16.605616605616607,0.0,-32.234432234432234,9.963369963369964,-24.02930402930403,11.916971916971915,15.433455433455434
27.936507936507937,260.4151404151404,-227.985347985348,0.5860805860805861,0.0,41.61172161172161,22.857142857142858,-1.3675213675213675,-2.5396825396825395,0.0,24.02930402930403,0.1953601953601953,0.0,65.83638583638583,-10.354090354090356,7.619047619047619,0.9768009768009768,0.0,15.042735042735044,-9.963369963369964,43.56532356532357,15.433455433455434,0.0,228.3760683760684,-251.8192918192918,-32.234432234432234,-12.307692307692308,43.56532356532357
31.45299145299145,35.75091575091575,-15.824175824175825,-3.3211233211233213,0.0,42.78388278388278,11.526251526251526,-5.665445665445666,-1.3675213675213675,0.0,6.837606837606837,-0.1953601953601953,0.0,62.71062271062271,-28.71794871794872,4.493284493284493,11.135531135531137,0.0,21.294261294261293,-25.592185592185597,41.61172161172161,12.307692307692308,0.0,16.214896214896214,-25.982905982905983,-40.43956043956044,-9.572649572649572,41.61172161172161
33.7973137973138,-153.74847374847374,161.17216117216117,-10.744810744810744,0.0,42.39316239316239,2.93040293040293,-9.963369963369964,-4.884004884004884,0.0,-6.837606837606837,-1.7582417582417582,0.0,18.55921855921856,-23.63858363858364,4.884004884004884,15.824175824175825,0.0,6.446886446886447,-29.89010989010989,29.499389499389498,10.744810744810744,0.0,-160.78144078144078,158.82783882783883,-40.43956043956044,0.1953601953601953,29.499389499389498
41.61172161172161,71.30647130647131,-84.98168498168498,-14.652014652014651,0.0,29.10866910866911,0.5860805860805861,-13.870573870573873,-2.148962148962149,0.0,-12.307692307692308,-5.665445665445666,0.0,-7.619047619047619,-30.671550671550676,7.619047619047619,17.387057387057386,0.0,3.711843711843712,-37.704517704517706,17.77777777777778,3.711843711843712,0.0,85.37240537240537,-77.16727716727716,-38.48595848595848,8.791208791208792,17.77777777777778
28.71794871794872,92.7960927960928,-123.27228327228327,-10.354090354090356,0.0,12.307692307692308,-4.102564102564102,-21.68498168498169,2.148962148962149,0.0,-13.870573870573873,-8.00976800976801,0.0,-29.89010989010989,-2.93040293040293,7.619047619047619,15.042735042735044,0.0,8.4004884004884,-5.665445665445666,-10.354090354090356,-0.9768009768009768,0.0,123.66300366300366,-100.6105006105006,-26.764346764346765,23.247863247863247,-10.354090354090356
28.71794871794872,-164.2979242979243,126.7887667887668,-8.00976800976801,0.0,24.81074481074481,-16.996336996336996,-24.42002442002442,0.1953601953601953,0.0,-13.089133089133089,-7.619047619047619,0.0,7.228327228327228,1.3675213675213675,7.228327228327228,11.135531135531137,0.0,29.499389499389498,30.671550671550676,-33.01587301587302,0.9768009768009768,0.0,-126.3980463980464,149.45054945054946,-18.168498168498168,41.61172161172161,-33.01587301587302
43.56532356532357,8.00976800976801,-30.671550671550676,-3.3211233211233213,0.0,40.04884004884005,-13.089133089133089,-15.042735042735044,4.884004884004884,0.0,-12.307692307692308,-0.5860805860805861,0.0,57.63125763125763,-16.214896214896214,7.619047619047619,17.77777777777778,0.0,34.57875457875458,14.652014652014651,0.1953601953601953,16.605616605616607,0.0,31.062271062271066,-19.73137973137973,-24.81074481074481,9.18192918192918,0.1953601953601953
45.51892551892552,274.4810744810745,-277.997557997558,-5.274725274725275,0.0,38.095238095238095,-3.711843711843712,-5.274725274725275,6.837606837606837,0.0,-13.47985347985348,5.274725274725275,0.0,72.08791208791209,-16.214896214896214,7.228327228327228,20.512820512820515,0.0,41.22100122100122,-4.102564102564102,20.903540903540904,26.37362637362637,0.0,278.3882783882784,-272.5274725274725,-30.28083028083028,-15.433455433455434,20.903540903540904
46.3003663003663,102.17338217338218,-96.7032967032967,-0.5860805860805861,0.0,33.40659340659341,-1.7582417582417582,1.7582417582417582,15.433455433455434,0.0,-16.605616605616607,11.916971916971915,0.0,64.27350427350427,-13.089133089133089,6.837606837606837,27.155067155067155,0.0,42.002442002442,-21.68498168498169,29.89010989010989,35.36019536019536,0.0,97.09401709401708,-98.26617826617829,-33.01587301587302,-25.982905982905983,29.89010989010989
51.37973137973138,69.74358974358974,-53.333333333333336,-3.3211233211233213,0.0,43.95604395604396,-6.837606837606837,7.619047619047619,18.168498168498168,0.0,-20.12210012210012,14.652014652014651,0.0,60.757020757020754,-29.499389499389498,5.665445665445666,22.857142857142858,0.0,27.936507936507937,-26.764346764346765,30.671550671550676,27.936507936507937,0.0,53.724053724053725,-64.27350427350427,-35.75091575091575,-22.075702075702075,30.671550671550676
55.67765567765568,151.4041514041514,-145.93406593406593,1.7582417582417582,0.0,35.75091575091575,-9.18192918192918,9.572649572649572,26.37362637362637,0.0,-24.42002442002442,15.042735042735044,0.0,34.969474969474966,-24.81074481074481,7.619047619047619,27.936507936507937,0.0,24.81074481074481,-5.665445665445666,18.94993894993895,8.791208791208792,0.0,146.32478632478632,-154.9206349206349,-21.68498168498169,2.93040293040293,18.94993894993895
45.51892551892552,326.05616605616603,-330.7448107448108,1.3675213675213675,0.0,20.512820512820515,-13.47985347985348,6.837606837606837,27.936507936507937,0.0,-30.28083028083028,12.307692307692308,0.0,31.062271062271066,-27.545787545787547,4.102564102564102,30.28083028083028,0.0,30.671550671550676,4.102564102564102,2.93040293040293,0.9768009768009768,0.0,331.13553113553115,-324.4932844932845,-19.34065934065934,13.089133089133089,2.93040293040293
39.26739926739927,188.5225885225885,-192.8205128205128,-2.148962148962149,0.0,22.466422466422465,-16.996336996336996,4.884004884004884,21.294261294261293,0.0,-35.75091575091575,9.572649572649572,0.0,36.92307692307692,-38.095238095238095,0.1953601953601953,26.764346764346765,0.0,27.936507936507937,8.791208791208792,-4.102564102564102,-6.056166056166056,0.0,193.2112332112332,-181.4896214896215,-15.824175824175825,18.55921855921856,-4.102564102564102
30.28083028083028,488.986568986569,-495.2380952380952,-5.274725274725275,0.0,-6.056166056166056,-1.7582417582417582,8.791208791208792,16.605616605616607,0.0,-38.095238095238095,11.526251526251526,0.0,15.433455433455434,-34.18803418803419,2.5396825396825395,25.982905982905983,0.0,32.62515262515262,8.791208791208792,-19.73137973137973,-11.135531135531137,0.0,495.6288156288156,-473.3577533577534,-13.47985347985348,31.062271062271066,-19.73137973137973
26.764346764346765,189.6947496947497,-193.2112332112332,-3.3211233211233213,0.0,-6.837606837606837,-2.5396825396825395,9.963369963369964,18.168498168498168,0.0,-34.57875457875458,15.433455433455434,0.0,-9.963369963369964,-14.652014652014651,1.7582417582417582,25.592185592185597,0.0,29.10866910866911,-12.698412698412698,-10.354090354090356,-2.5396825396825395,0.0,193.6019536019536,-166.25152625152626,-14.261294261294262,7.228327228327228,-10.354090354090356
39.65811965811966,192.8205128205128,-202.58852258852255,0.9768009768009768,0.0,12.307692307692308,-10.354090354090356,12.307692307692308,15.042735042735044,0.0,-27.545787545787547,21.68498168498169,0.0,8.791208791208792,-17.77777777777778,0.1953601953601953,18.55921855921856,0.0,15.433455433455434,-11.135531135531137,3.3211233211233213,2.148962148962149,0.0,202.97924297924297,-186.56898656898656,-10.744810744810744,-7.228327228327228,3.3211233211233213
52.55189255189255,142.02686202686203,-138.1196581196581,4.102564102564102,0.0,40.04884004884005,-16.605616605616607,22.075702075702075,14.261294261294262,0.0,-19.73137973137973,29.89010989010989,0.0,23.247863247863247,-20.12210012210012,2.5396825396825395,18.168498168498168,0.0,7.228327228327228,25.982905982905983,-13.47985347985348,4.884004884004884,0.0,138.5103785103785,-142.41758241758242,-8.00976800976801,23.247863247863247,-13.47985347985348
43.56532356532357,268.62026862026863,-251.42857142857144,4.884004884004884,0.0,33.01587301587302,-13.47985347985348,30.671550671550676,14.652014652014651,0.0,-14.652014652014651,33.40659340659341,0.0,20.903540903540904,-8.00976800976801,4.884004884004884,16.605616605616607,0.0,5.665445665445666,31.062271062271066,-6.056166056166056,4.102564102564102,0.0,251.8192918192918,-262.36874236874235,-8.791208791208792,15.433455433455434,-6.056166056166056
43.56532356532357,29.89010989010989,-15.433455433455434,4.102564102564102,0.0,22.857142857142858,-7.228327228327228,37.31379731379732,8.4004884004884,0.0,-13.870573870573873,37.31379731379732,0.0,43.95604395604396,-20.512820512820515,4.884004884004884,16.605616605616607,0.0,13.089133089133089,34.969474969474966,-2.93040293040293,0.5860805860805861,0.0,15.824175824175825,-27.936507936507937,-9.572649572649572,15.433455433455434,-2.93040293040293
29.10866910866911,79.12087912087912,-71.6971916971917,0.1953601953601953,0.0,-6.446886446886447,0.1953601953601953,38.87667887667888,3.3211233211233213,0.0,-20.12210012210012,34.57875457875458,0.0,40.04884004884005,-22.857142857142858,4.102564102564102,9.572649572649572,0.0,34.969474969474966,24.42002442002442,-13.089133089133089,-13.089133089133089,0.0,72.08791208791209,-81.46520146520146,-11.135531135531137,27.936507936507937,-13.089133089133089
9.572649572649572,140.85470085470087,-128.74236874236874,-6.837606837606837,0.0,-21.294261294261293,-3.711843711843712,34.969474969474966,3.711843711843712,0.0,-27.155067155067155,29.499389499389498,0.0,14.261294261294262,-13.47985347985348,4.493284493284493,12.698412698412698,0.0,39.65811965811966,12.307692307692308,-15.433455433455434,-16.996336996336996,0.0,129.13308913308913,-131.4774114774115,-8.791208791208792,20.12210012210012,-15.433455433455434
21.294261294261293,120.92796092796092,-113.5042735042735,-8.791208791208792,0.0,-6.056166056166056,-9.572649572649572,25.592185592185597,8.4004884004884,0.0,-27.155067155067155,22.466422466422465,0.0,18.168498168498168,-27.936507936507937,0.1953601953601953,17.77777777777778,0.0,34.18803418803419,-4.493284493284493,-10.744810744810744,-8.791208791208792,0.0,113.89499389499387,-109.2063492063492,-9.963369963369964,0.1953601953601953,-10.744810744810744
34.57875457875458,-48.25396825396825,48.25396825396825,-10.744810744810744,0.0,20.512820512820515,-18.168498168498168,11.526251526251526,8.00976800976801,0.0,-29.10866910866911,15.042735042735044,0.0,25.592185592185597,-43.17460317460318,-1.3675213675213675,15.824175824175825,0.0,31.062271062271066,-15.433455433455434,-11.916971916971915,-6.056166056166056,0.0,-47.86324786324786,52.94261294261294,-7.619047619047619,-3.711843711843712,-11.916971916971915
32.234432234432234,-45.90964590964591,73.65079365079364,-15.824175824175825,0.0,42.78388278388278,-22.466422466422465,8.4004884004884,13.47985347985348,0.0,-30.671550671550676,14.261294261294262,0.0,34.57875457875458,-50.5982905982906,-1.3675213675213675,15.824175824175825,0.0,11.526251526251526,-14.652014652014651,-2.5396825396825395,4.884004884004884,0.0,-73.26007326007326,63.88278388278388,-9.18192918192918,-12.698412698412698,-2.5396825396825395
36.14163614163614,221.7338217338217,-204.15140415140417,-10.354090354090356,0.0,33.40659340659341,-13.47985347985348,9.963369963369964,10.744810744810744,0.0,-23.63858363858364,15.824175824175825,0.0,47.472527472527474,-42.002442002442,-0.1953601953601953,7.619047619047619,0.0,6.837606837606837,-14.652014652014651,16.996336996336996,1.7582417582417582,0.0,204.54212454212453,-206.1050061050061,-15.433455433455434,-27.155067155067155,16.996336996336996
24.02930402930403,53.724053724053725,-47.86324786324786,-2.5396825396825395,0.0,11.135531135531137,-2.148962148962149,13.47985347985348,3.3211233211233213,0.0,-15.042735042735044,22.075702075702075,0.0,33.01587301587302,-22.466422466422465,0.9768009768009768,-2.5396825396825395,0.0,-0.9768009768009768,0.1953601953601953,13.870573870573873,-3.711843711843712,0.0,48.25396825396825,-46.69108669108669,-24.02930402930403,-7.228327228327228,13.870573870573873
17.77777777777778,-15.824175824175825,22.857142857142858,2.93040293040293,0.0,15.433455433455434,-1.7582417582417582,16.605616605616607,-3.3211233211233213,0.0,-9.963369963369964,23.63858363858364,0.0,14.652014652014651,5.274725274725275,0.1953601953601953,-10.354090354090356,0.0,-2.148962148962149,4.102564102564102,16.214896214896214,-7.228327228327228,0.0,-22.466422466422465,18.94993894993895,-25.982905982905983,2.93040293040293,16.214896214896214
13.870573870573873,83.02808302808303,-82.63736263736264,0.1953601953601953,0.0,6.446886446886447,2.148962148962149,13.870573870573873,-9.963369963369964,0.0,-2.5396825396825395,13.870573870573873,0.0,-7.228327228327228,27.936507936507937,-3.3211233211233213,-17.387057387057386,0.0,3.711843711843712,10.354090354090356,1.7582417582417582,-16.214896214896214,0.0,83.02808302808303,-78.33943833943835,-23.63858363858364,8.791208791208792,1.7582417582417582
11.526251526251526,264.32234432234435,-269.010989010989,0.1953601953601953,0.0,9.572649572649572,5.665445665445666,2.5396825396825395,-12.307692307692308,0.0,2.148962148962149,3.3211233211233213,0.0,-20.512820512820515,28.71794871794872,-8.00976800976801,-17.387057387057386,0.0,1.7582417582417582,34.57875457875458,-31.062271062271066,-22.466422466422465,0.0,269.4017094017094,-263.9316239316239,-13.089133089133089,44.346764346764346,-31.062271062271066
27.545787545787547,118.5836385836386,-131.86813186813183,0.9768009768009768,0.0,25.592185592185597,9.963369963369964,-11.135531135531137,-9.572649572649572,0.0,0.9768009768009768,-12.698412698412698,0.0,20.12210012210012,4.884004884004884,-15.433455433455434,-17.77777777777778,0.0,11.916971916971915,14.652014652014651,-15.042735042735044,-19.34065934065934,0.0,132.25885225885227,-122.88156288156289,-7.619047619047619,23.63858363858364,-15.042735042735044
25.592185592185597,400.2930402930403,-421.3919413919414,-1.7582417582417582,0.0,20.903540903540904,11.916971916971915,-23.247863247863247,-8.4004884004884,0.0,0.9768009768009768,-28.32722832722833,0.0,60.366300366300365,-6.837606837606837,-18.168498168498168,-22.857142857142858,0.0,17.77777777777778,15.042735042735044,2.148962148962149,-24.81074481074481,0.0,421.78266178266176,-398.73015873015873,-4.493284493284493,4.102564102564102,2.148962148962149
4.493284493284493,122.88156288156289,-142.02686202686203,-4.884004884004884,0.0,9.963369963369964,9.963369963369964,-28.32722832722833,-11.526251526251526,0.0,3.711843711843712,-33.7973137973138,0.0,79.12087912087912,-16.996336996336996,-17.77777777777778,-23.247863247863247,0.0,13.870573870573873,24.02930402930403,3.711843711843712,-21.294261294261293,0.0,142.41758241758242,-107.25274725274726,-8.4004884004884,9.963369963369964,3.711843711843712
-6.446886446886447,46.3003663003663,-68.96214896214896,-7.619047619047619,0.0,0.1953601953601953,4.493284493284493,-32.234432234432234,-9.572649572649572,0.0,1.3675213675213675,-31.843711843711844,0.0,65.44566544566544,-18.168498168498168,-15.433455433455434,-27.545787545787547,0.0,1.7582417582417582,-1.7582417582417582,15.042735042735044,-11.526251526251526,0.0,69.35286935286935,-34.18803418803419,-23.247863247863247,1.3675213675213675,15.042735042735044
-21.68498168498169,66.22710622710623,-81.46520146520146,-14.261294261294262,0.0,-5.665445665445666,-2.148962148962149,-28.71794871794872,-15.433455433455434,0.0,-0.5860805860805861,-30.28083028083028,0.0,22.466422466422465,-5.274725274725275,-11.135531135531137,-32.62515262515262,0.0,-9.18192918192918,-33.40659340659341,31.062271062271066,-14.261294261294262,0.0,81.85592185592185,-48.64468864468864,-21.294261294261293,-18.168498168498168,31.062271062271066
-11.916971916971915,156.87423687423689,-158.43711843711844,-22.075702075702075,0.0,-3.3211233211233213,0.9768009768009768,-18.55921855921856,-15.042735042735044,0.0,4.884004884004884,-23.63858363858364,0.0,-9.18192918192918,6.446886446886447,-6.837606837606837,-25.592185592185597,0.0,-8.00976800976801,-22.466422466422465,0.1953601953601953,-4.493284493284493,0.0,158.82783882783883,-137.72893772893772,-25.2014652014652,4.493284493284493,0.1953601953601953
9.18192918192918,-125.22588522588522,119.36507936507935,-21.68498168498169,0.0,-2.148962148962149,13.870573870573873,-15.042735042735044,-15.433455433455434,0.0,11.916971916971915,-20.12210012210012,0.0,-16.996336996336996,10.354090354090356,-8.00976800976801,-24.02930402930403,0.0,-0.5860805860805861,-18.55921855921856,-20.903540903540904,1.3675213675213675,0.0,-118.97435897435898,123.66300366300366,-22.857142857142858,14.261294261294262,-20.903540903540904
23.63858363858364,-99.43833943833944,99.43833943833944,-14.261294261294262,0.0,19.34065934065934,18.168498168498168,-13.47985347985348,-15.433455433455434,0.0,16.996336996336996,-18.94993894993895,0.0,-9.572649572649572,12.698412698412698,-5.665445665445666,-12.307692307692308,0.0,1.7582417582417582,-36.53235653235653,8.00976800976801,11.135531135531137,0.0,-99.04761904761904,86.54456654456655,-17.387057387057386,-7.619047619047619,8.00976800976801
36.14163614163614,122.4908424908425,-111.15995115995116,-8.791208791208792,0.0,43.56532356532357,20.12210012210012,-13.870573870573873,-11.526251526251526,0.0,23.247863247863247,-17.387057387057386,0.0,22.075702075702075,11.526251526251526,-3.3211233211233213,1.3675213675213675,0.0,9.18192918192918,-20.512820512820515,25.592185592185597,17.387057387057386,0.0,111.55067155067157,-125.22588522588522,-23.63858363858364,-12.307692307692308,25.592185592185597
33.7973137973138,76.38583638583638,-58.41269841269841,-11.135531135531137,0.0,56.84981684981685,18.94993894993895,-25.2014652014652,-10.354090354090356,0.0,26.37362637362637,-23.63858363858364,0.0,48.64468864468864,-4.102564102564102,-6.446886446886447,6.056166056166056,0.0,9.963369963369964,-4.102564102564102,21.68498168498169,15.433455433455434,0.0,58.8034188034188,-66.22710622710623,-26.37362637362637,-8.00976800976801,21.68498168498169
28.71794871794872,-9.18192918192918,26.37362637362637,-13.089133089133089,0.0,58.8034188034188,16.214896214896214,-33.40659340659341,-8.4004884004884,0.0,21.294261294261293,-33.40659340659341,0.0,57.24053724053724,-19.73137973137973,-10.354090354090356,8.00976800976801,0.0,5.665445665445666,-5.274725274725275,27.155067155067155,6.446886446886447,0.0,-25.982905982905983,22.857142857142858,-20.12210012210012,-8.4004884004884,27.155067155067155
19.34065934065934,28.32722832722833,-20.903540903540904,-14.652014652014651,0.0,36.92307692307692,20.12210012210012,-35.36019536019536,-9.572649572649572,0.0,16.605616605616607,-43.17460317460318,0.0,49.03540903540904,-12.698412698412698,-15.042735042735044,7.228327228327228,0.0,9.963369963369964,4.884004884004884,20.512820512820515,-7.619047619047619,0.0,21.294261294261293,-11.916971916971915,-13.47985347985348,-0.5860805860805861,20.512820512820515
20.903540903540904,281.51404151404154,-269.7924297924298,-25.982905982905983,0.0,26.37362637362637,22.075702075702075,-31.843711843711844,-8.791208791208792,0.0,17.77777777777778,-46.69108669108669,0.0,47.86324786324786,-13.870573870573873,-22.466422466422465,6.837606837606837,0.0,16.996336996336996,31.843711843711844,-21.68498168498169,-9.572649572649572,0.0,270.1831501831502,-265.8852258852259,-3.711843711843712,26.37362637362637,-21.68498168498169
13.47985347985348,96.31257631257633,-84.98168498168498,-25.982905982905983,0.0,2.93040293040293,31.45299145299145,-24.02930402930403,-11.526251526251526,0.0,19.73137973137973,-44.346764346764346,0.0,32.62515262515262,-11.526251526251526,-29.499389499389498,3.711843711843712,0.0,15.042735042735044,-1.7582417582417582,-7.228327228327228,-9.572649572649572,0.0,85.37240537240537,-81.46520146520146,-0.5860805860805861,0.9768009768009768,-7.228327228327228
10.744810744810744,234.23687423687423,-218.998778998779,-27.936507936507937,0.0,-5.274725274725275,37.31379731379732,-14.652014652014651,-18.94993894993895,0.0,20.903540903540904,-34.18803418803419,0.0,12.698412698412698,1.7582417582417582,-27.545787545787547,4.102564102564102,0.0,5.274725274725275,-23.63858363858364,16.605616605616607,-6.446886446886447,0.0,219.38949938949935,-218.6080586080586,-11.916971916971915,-14.652014652014651,16.605616605616607
13.47985347985348,116.63003663003664,-93.18681318681318,-29.10866910866911,0.0,-2.148962148962149,35.36019536019536,-6.837606837606837,-18.168498168498168,0.0,23.247863247863247,-25.2014652014652,0.0,17.77777777777778,0.1953601953601953,-23.63858363858364,13.089133089133089,0.0,7.619047619047619,-36.53235653235653,33.7973137973138,2.93040293040293,0.0,93.57753357753356,-93.57753357753356,-19.73137973137973,-35.36019536019536,33.7973137973138
19.73137973137973,210.4029304029304,-194.7741147741148,-24.42002442002442,0.0,0.1953601953601953,36.92307692307692,-7.619047619047619,-18.94993894993895,0.0,17.77777777777778,-19.73137973137973,0.0,22.466422466422465,0.5860805860805861,-20.903540903540904,15.042735042735044,0.0,7.228327228327228,-13.870573870573873,15.433455433455434,8.4004884004884,0.0,195.16483516483515,-193.2112332112332,-33.40659340659341,-14.261294261294262,15.433455433455434
15.824175824175825,55.28693528693529,-53.333333333333336,-19.34065934065934,0.0,-4.493284493284493,37.31379731379732,-13.089133089133089,-19.73137973137973,0.0,14.261294261294262,-22.466422466422465,0.0,29.89010989010989,4.884004884004884,-17.387057387057386,13.47985347985348,0.0,15.824175824175825,-8.791208791208792,11.135531135531137,11.916971916971915,0.0,53.724053724053725,-50.989010989010985,-39.26739926739927,-3.3211233211233213,11.135531135531137
20.512820512820515,252.991452991453,-265.1037851037851,-8.791208791208792,0.0,4.102564102564102,24.81074481074481,-16.214896214896214,-12.698412698412698,0.0,12.307692307692308,-27.936507936507937,0.0,29.499389499389498,7.619047619047619,-13.870573870573873,15.824175824175825,0.0,9.572649572649572,-6.446886446886447,24.81074481074481,10.744810744810744,0.0,265.4945054945055,-255.72649572649573,-35.75091575091575,-11.916971916971915,24.81074481074481
17.77777777777778,7.228327228327228,-22.857142857142858,-0.5860805860805861,0.0,-0.1953601953601953,25.592185592185597,-17.77777777777778,-4.493284493284493,0.0,14.652014652014651,-29.89010989010989,0.0,24.02930402930403,13.47985347985348,-13.870573870573873,16.996336996336996,0.0,2.5396825396825395,18.55921855921856,5.665445665445666,13.089133089133089,0.0,23.247863247863247,-7.619047619047619,-31.843711843711844,7.619047619047619,5.665445665445666
10.354090354090356,-39.65811965811966,19.34065934065934,0.9768009768009768,0.0,-4.493284493284493,18.55921855921856,-16.996336996336996,-4.493284493284493,0.0,18.94993894993895,-32.234432234432234,0.0,9.963369963369964,23.63858363858364,-16.214896214896214,11.526251526251526,0.0,-2.148962148962149,6.446886446886447,12.307692307692308,11.526251526251526,0.0,-18.94993894993895,39.65811965811966,-24.81074481074481,-3.3211233211233213,12.307692307692308
16.605616605616607,9.18192918192918,-29.499389499389498,1.3675213675213675,0.0,-0.9768009768009768,16.214896214896214,-11.916971916971915,-3.711843711843712,0.0,18.94993894993895,-30.28083028083028,0.0,11.916971916971915,17.387057387057386,-16.996336996336996,8.4004884004884,0.0,-10.744810744810744,4.493284493284493,23.63858363858364,4.102564102564102,0.0,29.89010989010989,-5.274725274725275,-14.261294261294262,-15.433455433455434,23.63858363858364
29.10866910866911,74.82295482295483,-86.15384615384616,-5.274725274725275,0.0,9.18192918192918,12.307692307692308,-4.102564102564102,-4.102564102564102,0.0,22.466422466422465,-25.982905982905983,0.0,23.63858363858364,8.791208791208792,-16.996336996336996,9.572649572649572,0.0,-1.7582417582417582,22.466422466422465,-1.3675213675213675,6.837606837606837,0.0,86.54456654456655,-56.84981684981685,-11.916971916971915,-9.963369963369964,-1.3675213675213675
43.17460317460318,-188.13186813186812,184.22466422466425,-7.619047619047619,0.0,13.47985347985348,18.94993894993895,2.148962148962149,-4.102564102564102,0.0,27.155067155067155,-19.73137973137973,0.0,23.63858363858364,2.93040293040293,-13.47985347985348,9.963369963369964,0.0,9.963369963369964,36.14163614163614,-33.01587301587302,10.354090354090356,0.0,-183.83394383394383,206.8864468864469,-7.619047619047619,9.963369963369964,-33.01587301587302
57.63125763125763,-201.8070818070818,203.76068376068372,-9.572649572649572,0.0,32.234432234432234,20.903540903540904,4.884004884004884,-9.18192918192918,0.0,30.28083028083028,-18.168498168498168,0.0,36.14163614163614,-0.1953601953601953,-7.619047619047619,6.837606837606837,0.0,21.68498168498169,16.996336996336996,-13.870573870573873,9.963369963369964,0.0,-203.36996336996336,222.5152625152625,-11.916971916971915,-4.493284493284493,-13.870573870573873
72.86935286935287,75.6043956043956,-62.71062271062271,-9.18192918192918,0.0,57.63125763125763,21.294261294261293,5.274725274725275,-8.791208791208792,0.0,42.78388278388278,-15.042735042735044,0.0,40.04884004884005,0.9768009768009768,0.9768009768009768,8.791208791208792,0.0,14.261294261294262,13.870573870573873,12.698412698412698,9.18192918192918,0.0,63.10134310134311,-42.78388278388278,-19.73137973137973,-24.81074481074481,12.698412698412698
86.93528693528694,-15.433455433455434,29.10866910866911,-3.711843711843712,0.0,74.04151404151405,25.2014652014652,0.1953601953601953,-2.93040293040293,0.0,50.5982905982906,-16.214896214896214,0.0,43.95604395604396,20.512820512820515,7.228327228327228,11.916971916971915,0.0,18.55921855921856,27.155067155067155,27.936507936507937,9.572649572649572,0.0,-28.71794871794872,50.989010989010985,-20.512820512820515,-31.062271062271066,27.936507936507937
106.47130647130648,-132.25885225885227,138.1196581196581,-8.00976800976801,0.0,95.53113553113552,22.075702075702075,-8.791208791208792,-4.102564102564102,0.0,52.55189255189255,-20.903540903540904,0.0,55.28693528693529,34.57875457875458,11.135531135531137,10.744810744810744,0.0,15.824175824175825,53.724053724053725,41.61172161172161,0.5860805860805861,0.0,-137.72893772893772,158.04639804639805,-23.63858363858364,-21.294261294261293,41.61172161172161
115.45787545787546,34.57875457875458,-18.168498168498168,-16.996336996336996,0.0,104.12698412698413,23.63858363858364,-13.870573870573873,-0.1953601953601953,0.0,56.84981684981685,-28.71794871794872,0.0,85.76312576312576,41.61172161172161,11.526251526251526,9.18192918192918,0.0,18.94993894993895,93.18681318681318,38.87667887667888,-2.5396825396825395,0.0,18.55921855921856,-8.791208791208792,-24.81074481074481,-7.619047619047619,38.87667887667888
139.29181929181928,317.85103785103786,-306.1294261294261,-16.605616605616607,0.0,114.28571428571428,26.764346764346765,-15.433455433455434,8.00976800976801,0.0,55.28693528693529,-30.671550671550676,0.0,115.45787545787546,47.472527472527474,8.791208791208792,9.963369963369964,0.0,44.346764346764346,125.22588522588522,13.089133089133089,-0.1953601953601953,0.0,306.5201465201465,-289.7191697191697,-18.55921855921856,1.3675213675213675,13.089133089133089
168.5958485958486,-29.499389499389498,30.671550671550676,-18.168498168498168,0.0,131.08669108669108,27.936507936507937,-15.824175824175825,7.228327228327228,0.0,50.20757020757021,-27.936507936507937,0.0,138.9010989010989,45.12820512820513,5.274725274725275,9.572649572649572,0.0,67.3992673992674,156.4835164835165,-27.545787545787547,3.711843711843712,0.0,-30.28083028083028,54.89621489621489,-24.02930402930403,33.40659340659341,-27.545787545787547
190.86691086691087,37.704517704517706,-34.57875457875458,-16.214896214896214,0.0,152.57631257631255,32.234432234432234,-9.572649572649572,1.3675213675213675,0.0,50.20757020757021,-22.075702075702075,0.0,160.0,40.83028083028083,5.665445665445666,9.572649572649572,0.0,76.77655677655677,142.02686202686203,-15.433455433455434,13.47985347985348,0.0,34.969474969474966,-2.5396825396825395,-30.28083028083028,7.619047619047619,-15.433455433455434
202.58852258852255,-32.62515262515262,38.48595848595848,-11.135531135531137,0.0,159.21855921855922,42.39316239316239,-4.884004884004884,0.1953601953601953,0.0,51.77045177045177,-10.354090354090356,0.0,158.82783882783883,35.36019536019536,5.274725274725275,13.47985347985348,0.0,76.38583638583638,114.28571428571428,0.1953601953601953,23.63858363858364,0.0,-38.095238095238095,91.62393162393164,-33.40659340659341,-38.48595848595848,0.1953601953601953
221.34310134310132,-214.7008547008547,224.46886446886447,-9.963369963369964,0.0,189.3040293040293,34.57875457875458,-3.711843711843712,0.5860805860805861,0.0,49.42612942612943,0.9768009768009768,0.0,154.9206349206349,34.57875457875458,7.228327228327228,21.68498168498169,0.0,79.9023199023199,107.64346764346764,2.5396825396825395,28.71794871794872,0.0,-224.07814407814408,276.4346764346764,-36.14163614163614,-44.737484737484735,2.5396825396825395
245.958485958486,-74.82295482295483,107.25274725274726,-16.214896214896214,0.0,227.985347985348,37.31379731379732,-2.148962148962149,-1.7582417582417582,0.0,51.37973137973138,4.102564102564102,0.0,166.64224664224665,44.346764346764346,9.18192918192918,22.075702075702075,0.0,77.55799755799755,104.51770451770452,30.28083028083028,29.89010989010989,0.0,-106.86202686202688,141.63614163614164,-40.04884004884005,-60.757020757020754,30.28083028083028
259.6336996336996,198.2905982905983,-148.66910866910868,-19.34065934065934,0.0,254.16361416361417,34.969474969474966,-4.884004884004884,4.493284493284493,0.0,58.8034188034188,2.148962148962149,0.0,209.23076923076923,47.472527472527474,9.572649572649572,20.12210012210012,0.0,111.94139194139194,123.27228327228327,34.18803418803419,17.77777777777778,0.0,149.05982905982907,-119.75579975579976,-24.81074481074481,-67.78998778998779,34.18803418803419
311.5995115995116,-81.85592185592185,124.05372405372404,-21.68498168498169,0.0,303.3943833943834,28.32722832722833,-9.18192918192918,8.4004884004884,0.0,58.02197802197802,1.7582417582417582,0.0,218.6080586080586,58.41269841269841,10.744810744810744,16.996336996336996,0.0,119.36507936507935,157.26495726495727,20.12210012210012,9.18192918192918,0.0,-123.66300366300366,161.56288156288156,-21.68498168498169,-55.28693528693529,20.12210012210012
359.65811965811963,-259.6336996336996,298.31501831501834,-20.12210012210012,0.0,356.1416361416361,20.12210012210012,-10.744810744810744,10.744810744810744,0.0,52.94261294261294,0.9768009768009768,0.0,233.84615384615384,71.6971916971917,14.652014652014651,14.652014652014651,0.0,135.77533577533578,199.46275946275944,-0.1953601953601953,1.7582417582417582,0.0,-297.92429792429795,334.65201465201466,-18.168498168498168,-22.466422466422465,-0.1953601953601953
379.1941391941392,-4.102564102564102,32.62515262515262,-21.68498168498169,0.0,369.4261294261294,16.605616605616607,-13.089133089133089,12.698412698412698,0.0,47.081807081807085,0.9768009768009768,0.0,247.9120879120879,63.10134310134311,18.55921855921856,16.605616605616607,0.0,149.84126984126985,209.23076923076923,-10.744810744810744,0.1953601953601953,0.0,-32.234432234432234,87.71672771672772,-13.47985347985348,-26.764346764346765,-10.744810744810744
378.4126984126984,-40.43956043956044,60.366300366300365,-20.903540903540904,0.0,353.7973137973138,14.261294261294262,-10.744810744810744,18.55921855921856,0.0,43.95604395604396,4.102564102564102,0.0,228.7667887667888,60.366300366300365,21.294261294261293,25.982905982905983,0.0,148.2783882783883,201.8070818070818,-21.68498168498169,9.963369963369964,0.0,-59.975579975579976,133.04029304029305,-15.042735042735044,-38.095238095238095,-21.68498168498169
381.5384615384616,-295.57997557997555,312.7716727716728,-26.764346764346765,0.0,358.0952380952381,2.148962148962149,-9.572649572649572,20.12210012210012,0.0,39.65811965811966,6.056166056166056,0.0,256.1172161172161,49.81684981684982,20.12210012210012,33.40659340659341,0.0,180.31746031746036,165.86080586080587,-4.102564102564102,18.55921855921856,0.0,-312.3809523809524,390.5250305250305,-31.062271062271066,-59.58485958485959,-4.102564102564102
378.4126984126984,-171.7216117216117,197.8998778998779,-35.75091575091575,0.0,348.32722832722834,1.3675213675213675,-2.93040293040293,20.903540903540904,0.0,34.18803418803419,6.837606837606837,0.0,282.2954822954823,38.87667887667888,14.261294261294262,35.36019536019536,0.0,197.50915750915752,142.41758241758242,15.433455433455434,15.824175824175825,0.0,-197.50915750915752,268.22954822954824,-39.26739926739927,-75.6043956043956,15.433455433455434
372.16117216117215,-22.466422466422465,48.25396825396825,-32.234432234432234,0.0,325.66544566544565,6.837606837606837,3.3211233211233213,26.764346764346765,0.0,32.62515262515262,13.089133089133089,0.0,286.2026862026862,32.62515262515262,11.916971916971915,38.48595848595848,0.0,196.33699633699635,148.66910866910868,10.354090354090356,13.870573870573873,0.0,-47.86324786324786,110.76923076923076,-33.40659340659341,-73.65079365079364,10.354090354090356
382.3199023199023,-234.62759462759465,249.86568986568983,-27.545787545787547,0.0,325.66544566544565,1.3675213675213675,6.837606837606837,33.7973137973138,0.0,28.71794871794872,16.605616605616607,0.0,283.0769230769231,22.075702075702075,10.354090354090356,39.65811965811966,0.0,190.86691086691087,158.04639804639805,-1.7582417582417582,9.18192918192918,0.0,-249.47496947496947,314.72527472527474,-34.57875457875458,-61.53846153846154,-1.7582417582417582
373.3333333333333,-485.8608058608058,503.052503052503,-26.37362637362637,0.0,312.7716727716728,0.9768009768009768,10.744810744810744,36.53235653235653,0.0,24.02930402930403,17.77777777777778,0.0,268.62026862026863,21.68498168498169,12.698412698412698,34.57875457875458,0.0,181.4896214896215,156.0927960927961,-0.1953601953601953,1.7582417582417582,0.0,-502.6617826617826,558.1440781440781,-37.704517704517706,-47.472527472527474,-0.1953601953601953
348.32722832722834,-201.8070818070818,218.998778998779,-19.73137973137973,0.0,293.6263736263736,0.5860805860805861,10.744810744810744,37.31379731379732,0.0,22.075702075702075,12.698412698412698,0.0,252.6007326007326,13.870573870573873,17.387057387057386,27.936507936507937,0.0,165.0793650793651,154.13919413919413,-1.7582417582417582,-3.3211233211233213,0.0,-218.6080586080586,274.0903540903541,-25.592185592185597,-43.17460317460318,-1.7582417582417582
325.66544566544565,-313.1623931623932,317.46031746031747,-10.354090354090356,0.0,276.4346764346764,-8.791208791208792,8.4004884004884,42.002442002442,0.0,19.34065934065934,7.228327228327228,0.0,233.84615384615384,11.135531135531137,19.73137973137973,31.062271062271066,0.0,155.3113553113553,134.993894993895,4.493284493284493,2.148962148962149,0.0,-317.0695970695971,386.2271062271062,-29.89010989010989,-49.81684981684982,4.493284493284493
302.22222222222223,-235.4090354090354,244.7863247863248,-8.4004884004884,0.0,267.83882783882785,-13.089133089133089,7.228327228327228,38.87667887667888,0.0,14.261294261294262,8.4004884004884,0.0,211.1843711843712,18.94993894993895,17.77777777777778,27.936507936507937,0.0,147.1062271062271,102.95482295482296,24.02930402930403,3.3211233211233213,0.0,-244.3956043956044,304.1758241758242,-31.062271062271066,-55.28693528693529,24.02930402930403
288.93772893772893,-170.15873015873015,187.3504273504273,-3.711843711843712,0.0,258.46153846153845,-5.274725274725275,8.791208791208792,38.095238095238095,0.0,10.354090354090356,14.261294261294262,0.0,199.85347985347985,18.94993894993895,16.996336996336996,28.32722832722833,0.0,138.5103785103785,111.15995115995116,10.354090354090356,4.884004884004884,0.0,-186.95970695970692,232.67399267399267,-12.698412698412698,-45.12820512820513,10.354090354090356
276.4346764346764,-163.12576312576311,168.5958485958486,-0.9768009768009768,0.0,223.6874236874237,3.3211233211233213,10.354090354090356,40.83028083028083,0.0,6.837606837606837,19.34065934065934,0.0,179.14529914529913,9.572649572649572,16.996336996336996,33.40659340659341,0.0,127.96092796092796,109.98778998778998,-7.619047619047619,10.744810744810744,0.0,-168.2051282051282,219.38949938949935,-16.605616605616607,-39.26739926739927,-7.619047619047619
263.5409035409035,-385.05494505494505,399.9023199023199,-2.148962148962149,0.0,218.6080586080586,5.274725274725275,13.870573870573873,35.36019536019536,0.0,6.837606837606837,24.02930402930403,0.0,163.9072039072039,16.214896214896214,15.824175824175825,27.936507936507937,0.0,117.8021978021978,102.56410256410255,-8.791208791208792,13.870573870573873,0.0,-399.5115995115995,435.0671550671551,-25.982905982905983,-29.10866910866911,-8.791208791208792
258.46153846153845,-68.96214896214896,114.67643467643468,-13.089133089133089,0.0,226.031746031746,14.261294261294262,22.466422466422465,24.02930402930403,0.0,11.916971916971915,22.857142857142858,0.0,188.13186813186812,11.916971916971915,14.652014652014651,21.68498168498169,0.0,127.96092796092796,103.73626373626374,-6.446886446886447,13.089133089133089,0.0,-114.28571428571428,122.1001221001221,-15.824175824175825,-27.155067155067155,-6.446886446886447
246.3492063492064,137.72893772893772,-99.43833943833944,-15.433455433455434,0.0,211.96581196581195,13.089133089133089,25.592185592185597,14.652014652014651,0.0,10.354090354090356,17.77777777777778,0.0,187.74114774114773,2.5396825396825395,13.47985347985348,18.55921855921856,0.0,125.6166056166056,69.35286935286935,16.214896214896214,11.916971916971915,0.0,99.82905982905984,-77.55799755799755,-28.32722832722833,-54.5054945054945,16.214896214896214
215.0915750915751,-99.04761904761904,150.62271062271063,-9.18192918192918,0.0,207.27716727716728,11.526251526251526,24.81074481074481,9.572649572649572,0.0,10.354090354090356,18.94993894993895,0.0,176.8009768009768,7.619047619047619,12.307692307692308,14.261294261294262,0.0,113.89499389499387,66.61782661782662,19.73137973137973,11.916971916971915,0.0,-150.23199023199024,155.3113553113553,-20.12210012210012,-40.83028083028083,19.73137973137973
186.56898656898656,-128.35164835164835,190.47619047619048,-10.744810744810744,0.0,195.16483516483515,15.042735042735044,18.94993894993895,5.274725274725275,0.0,9.963369963369964,18.168498168498168,0.0,159.6092796092796,8.791208791208792,9.18192918192918,6.056166056166056,0.0,103.34554334554336,72.47863247863248,3.711843711843712,4.493284493284493,0.0,-190.0854700854701,180.70818070818072,-0.5860805860805861,-20.903540903540904,3.711843711843712
151.4041514041514,95.92185592185592,-59.58485958485959,1.7582417582417582,0.0,147.88766788766787,18.94993894993895,11.916971916971915,8.00976800976801,0.0,8.791208791208792,16.605616605616607,0.0,125.6166056166056,4.102564102564102,11.526251526251526,1.7582417582417582,0.0,84.98168498168498,58.8034188034188,0.9768009768009768,-1.7582417582417582,0.0,59.975579975579976,-52.55189255189255,4.102564102564102,-20.903540903540904,0.9768009768009768
117.4114774114774,11.135531135531137,27.155067155067155,13.089133089133089,0.0,127.17948717948718,21.68498168498169,6.837606837606837,10.354090354090356,0.0,11.135531135531137,15.042735042735044,0.0,95.14041514041514,14.261294261294262,13.089133089133089,-0.1953601953601953,0.0,75.21367521367522,65.44566544566544,-18.168498168498168,0.1953601953601953,0.0,-26.764346764346765,33.7973137973138,14.652014652014651,-0.9768009768009768,-18.168498168498168
106.08058608058607,-222.12454212454213,269.4017094017094,13.47985347985348,0.0,122.1001221001221,25.2014652014652,9.572649572649572,7.228327228327228,0.0,12.307692307692308,12.698412698412698,0.0,74.43223443223444,21.68498168498169,10.744810744810744,-3.3211233211233213,0.0,74.43223443223444,45.12820512820513,-21.68498168498169,6.446886446886447,0.0,-269.010989010989,265.4945054945055,24.81074481074481,-4.493284493284493,-21.68498168498169
102.17338217338218,-74.04151404151405,129.52380952380952,14.261294261294262,0.0,109.5970695970696,34.57875457875458,19.73137973137973,5.274725274725275,0.0,16.214896214896214,14.652014652014651,0.0,74.04151404151405,22.075702075702075,8.4004884004884,0.5860805860805861,0.0,88.1074481074481,-4.493284493284493,4.493284493284493,17.77777777777778,0.0,-129.13308913308913,112.72283272283272,33.7973137973138,-38.87667887667888,4.493284493284493
77.55799755799755,-50.989010989010985,126.3980463980464,14.261294261294262,0.0,83.02808302808303,43.95604395604396,29.499389499389498,9.18192918192918,0.0,21.68498168498169,16.605616605616607,0.0,72.08791208791209,20.12210012210012,8.00976800976801,6.837606837606837,0.0,97.48473748473748,-20.12210012210012,5.665445665445666,25.982905982905983,0.0,-126.007326007326,93.57753357753356,37.31379731379732,-41.22100122100122,5.665445665445666
65.44566544566544,-135.77533577533578,217.43589743589743,11.916971916971915,0.0,67.78998778998779,42.39316239316239,33.7973137973138,12.698412698412698,0.0,22.857142857142858,15.824175824175825,0.0,68.18070818070818,19.34065934065934,2.93040293040293,6.056166056166056,0.0,93.96825396825396,-17.387057387057386,-3.711843711843712,25.592185592185597,0.0,-217.04517704517704,165.0793650793651,43.56532356532357,-30.28083028083028,-3.711843711843712
38.48595848595848,-394.43223443223445,476.0927960927961,6.837606837606837,0.0,34.18803418803419,40.43956043956044,33.40659340659341,16.605616605616607,0.0,22.075702075702075,15.824175824175825,0.0,64.27350427350427,9.572649572649572,4.102564102564102,2.93040293040293,0.0,81.85592185592185,-18.168498168498168,2.148962148962149,16.996336996336996,0.0,-475.7020757020757,412.7960927960928,36.53235653235653,-14.652014652014651,2.148962148962149
10.354090354090356,-122.88156288156289,195.55555555555557,4.884004884004884,0.0,4.102564102564102,34.18803418803419,27.545787545787547,18.94993894993895,0.0,19.34065934065934,14.652014652014651,0.0,58.02197802197802,11.135531135531137,7.619047619047619,0.5860805860805861,0.0,73.26007326007326,-13.47985347985348,6.446886446886447,11.916971916971915,0.0,-195.16483516483515,138.5103785103785,34.18803418803419,-13.47985347985348,6.446886446886447
-1.3675213675213675,-289.3284493284493,353.015873015873,4.884004884004884,0.0,8.791208791208792,17.387057387057386,17.387057387057386,18.94993894993895,0.0,11.526251526251526,12.307692307692308,0.0,39.26739926739927,14.652014652014651,10.354090354090356,-1.3675213675213675,0.0,64.27350427350427,-20.512820512820515,10.744810744810744,8.791208791208792,0.0,-352.6251526251526,304.56654456654456,38.095238095238095,-14.652014652014651,10.744810744810744
-9.963369963369964,-99.04761904761904,160.3907203907204,2.5396825396825395,0.0,9.572649572649572,11.135531135531137,10.744810744810744,18.55921855921856,0.0,5.274725274725275,9.963369963369964,0.0,9.572649572649572,18.55921855921856,10.744810744810744,0.1953601953601953,0.0,52.16117216117216,-42.78388278388278,20.903540903540904,9.18192918192918,0.0,-160.0,109.5970695970696,43.17460317460318,-20.12210012210012,20.903540903540904
-20.903540903540904,-47.081807081807085,120.14652014652016,2.148962148962149,0.0,8.4004884004884,8.00976800976801,8.791208791208792,24.02930402930403,0.0,7.619047619047619,6.446886446886447,0.0,-13.089133089133089,27.545787545787547,12.307692307692308,10.744810744810744,0.0,61.53846153846154,-54.89621489621489,22.466422466422465,8.4004884004884,0.0,-119.75579975579976,63.10134310134311,67.00854700854701,-26.764346764346765,22.466422466422465
-30.28083028083028,-45.12820512820513,123.66300366300366,3.3211233211233213,0.0,9.963369963369964,0.5860805860805861,9.963369963369964,27.545787545787547,0.0,11.526251526251526,-0.5860805860805861,0.0,-39.26739926739927,34.57875457875458,8.00976800976801,16.996336996336996,0.0,66.61782661782662,-58.8034188034188,2.93040293040293,9.963369963369964,0.0,-123.27228327228327,67.00854700854701,77.94871794871794,-20.12210012210012,2.93040293040293
-31.062271062271066,-205.32356532356533,288.15628815628816,-3.3211233211233213,0.0,2.93040293040293,0.1953601953601953,13.870573870573873,27.545787545787547,0.0,10.354090354090356,-3.711843711843712,0.0,-56.06837606837607,34.18803418803419,0.5860805860805861,21.294261294261293,0.0,59.975579975579976,-70.13431013431014,1.3675213675213675,8.4004884004884,0.0,-287.76556776556777,212.3565323565324,78.33943833943835,-11.526251526251526,1.3675213675213675
-36.53235653235653,60.757020757020754,27.155067155067155,-18.94993894993895,0.0,-13.870573870573873,2.5396825396825395,17.77777777777778,22.075702075702075,0.0,9.572649572649572,-2.93040293040293,0.0,-53.724053724053725,29.10866910866911,-2.148962148962149,28.32722832722833,0.0,58.8034188034188,-58.02197802197802,-5.665445665445666,6.446886446886447,0.0,-26.764346764346765,-64.66422466422466,78.33943833943835,2.148962148962149,-5.665445665445666
-40.83028083028083,74.04151404151405,5.665445665445666,-23.247863247863247,0.0,-27.936507936507937,6.056166056166056,17.387057387057386,16.605616605616607,0.0,5.274725274725275,-3.3211233211233213,0.0,-27.936507936507937,15.824175824175825,-4.493284493284493,30.671550671550676,0.0,58.02197802197802,-43.56532356532357,-15.042735042735044,13.870573870573873,0.0,-5.274725274725275,-75.995115995116,61.92918192918193,2.5396825396825395,-15.042735042735044
-42.39316239316239,-110.37851037851038,185.006105006105,-22.857142857142858,0.0,-29.499389499389498,9.963369963369964,11.135531135531137,14.652014652014651,0.0,-4.102564102564102,2.5396825396825395,0.0,-19.34065934065934,2.5396825396825395,-1.3675213675213675,34.57875457875458,0.0,42.78388278388278,-32.234432234432234,-9.572649572649572,14.652014652014651,0.0,-184.6153846153846,102.95482295482296,55.28693528693529,7.228327228327228,-9.572649572649572
-49.42612942612943,-107.25274725274726,169.37728937728937,-18.168498168498168,0.0,-40.04884004884005,12.698412698412698,2.5396825396825395,15.433455433455434,0.0,-10.354090354090356,7.619047619047619,0.0,-26.764346764346765,0.5860805860805861,1.3675213675213675,31.062271062271066,0.0,31.843711843711844,-15.042735042735044,-17.387057387057386,6.446886446886447,0.0,-168.98656898656898,99.82905982905984,57.63125763125763,15.433455433455434,-17.387057387057386
-62.31990231990232,6.056166056166056,49.42612942612943,-12.307692307692308,0.0,-45.12820512820513,6.837606837606837,-1.7582417582417582,17.387057387057386,0.0,-8.00976800976801,10.744810744810744,0.0,-40.83028083028083,7.228327228327228,9.18192918192918,27.936507936507937,0.0,28.71794871794872,-9.18192918192918,-16.996336996336996,1.7582417582417582,0.0,-49.03540903540904,-2.93040293040293,59.58485958485959,14.652014652014651,-16.996336996336996
-79.12087912087912,4.493284493284493,45.51892551892552,-12.698412698412698,0.0,-62.71062271062271,2.5396825396825395,-2.148962148962149,17.387057387057386,0.0,-4.102564102564102,13.870573870573873,0.0,-67.00854700854701,15.042735042735044,12.307692307692308,24.02930402930403,0.0,20.512820512820515,-17.387057387057386,-12.698412698412698,-4.493284493284493,0.0,-45.12820512820513,-2.148962148962149,67.78998778998779,6.837606837606837,-12.698412698412698
-103.34554334554336,-257.2893772893773,306.1294261294261,-22.075702075702075,0.0,-94.35897435897436,-0.1953601953601953,-0.1953601953601953,14.261294261294262,0.0,-1.3675213675213675,9.963369963369964,0.0,-95.92185592185592,19.73137973137973,8.00976800976801,23.247863247863247,0.0,12.307692307692308,-47.081807081807085,-2.5396825396825395,-6.056166056166056,0.0,-305.73870573870573,254.16361416361417,65.44566544566544,-3.3211233211233213,-2.5396825396825395
-111.15995115995116,-82.63736263736264,129.9145299145299,-27.936507936507937,0.0,-111.55067155067157,-1.7582417582417582,3.3211233211233213,13.870573870573873,0.0,-3.711843711843712,6.056166056166056,0.0,-108.42490842490842,14.652014652014651,4.493284493284493,27.155067155067155,0.0,17.387057387057386,-72.08791208791209,-3.711843711843712,-2.148962148962149,0.0,-129.52380952380952,80.29304029304029,58.8034188034188,-13.089133089133089,-3.711843711843712
-117.8021978021978,-134.21245421245422,177.58241758241758,-37.704517704517706,0.0,-129.9145299145299,-1.7582417582417582,1.3675213675213675,14.261294261294262,0.0,-17.387057387057386,4.493284493284493,0.0,-109.5970695970696,-2.148962148962149,0.1953601953601953,34.57875457875458,0.0,22.857142857142858,-84.2002442002442,-16.996336996336996,1.3675213675213675,0.0,-177.1916971916972,132.64957264957266,55.28693528693529,-14.652014652014651,-16.996336996336996
-122.4908424908425,-140.46398046398048,176.4102564102564,-43.17460317460318,0.0,-137.72893772893772,-8.00976800976801,-3.3211233211233213,16.214896214896214,0.0,-31.843711843711844,2.148962148962149,0.0,-116.63003663003664,-18.94993894993895,-4.102564102564102,34.18803418803419,0.0,15.042735042735044,-103.34554334554336,-16.605616605616607,-0.5860805860805861,0.0,-176.01953601953602,142.02686202686203,46.3003663003663,-30.28083028083028,-16.605616605616607
-115.06715506715508,-310.8180708180708,326.05616605616603,-43.56532356532357,0.0,-147.1062271062271,-8.4004884004884,-7.619047619047619,16.996336996336996,0.0,-42.39316239316239,2.93040293040293,0.0,-118.1929181929182,-28.32722832722833,0.1953601953601953,30.28083028083028,0.0,12.307692307692308,-112.72283272283272,-6.837606837606837,-9.572649572649572,0.0,-325.66544566544565,307.3015873015873,39.65811965811966,-40.43956043956044,-6.837606837606837
-115.84859584859583,-105.2991452991453,112.72283272283272,-56.06837606837607,0.0,-156.4835164835165,-5.665445665445666,-13.870573870573873,9.963369963369964,0.0,-47.472527472527474,3.3211233211233213,0.0,-115.06715506715508,-28.71794871794872,7.228327228327228,22.075702075702075,0.0,9.963369963369964,-90.06105006105007,-8.4004884004884,-25.592185592185597,0.0,-112.33211233211232,100.21978021978022,44.737484737484735,-33.01587301587302,-8.4004884004884
-122.4908424908425,-259.24297924297923,250.64713064713064,-55.67765567765568,0.0,-166.64224664224665,-8.791208791208792,-22.075702075702075,8.4004884004884,0.0,-49.81684981684982,0.1953601953601953,0.0,-125.22588522588522,-32.234432234432234,8.4004884004884,14.261294261294262,0.0,-7.228327228327228,-87.71672771672772,-3.3211233211233213,-34.57875457875458,0.0,-250.25641025641025,244.004884004884,45.90964590964591,-33.40659340659341,-3.3211233211233213
-125.6166056166056,-56.06837606837607,37.704517704517706,-45.51892551892552,0.0,-163.9072039072039,-11.526251526251526,-25.2014652014652,9.572649572649572,0.0,-44.737484737484735,-1.7582417582417582,0.0,-131.4774114774115,-27.545787545787547,7.228327228327228,11.526251526251526,0.0,-10.744810744810744,-86.93528693528694,-5.665445665445666,-34.57875457875458,0.0,-37.31379731379732,36.92307692307692,43.56532356532357,-22.857142857142858,-5.665445665445666
-98.26617826617829,101.3919413919414,-126.3980463980464,-43.95604395604396,0.0,-135.77533577533578,-13.089133089133089,-28.32722832722833,7.619047619047619,0.0,-43.95604395604396,-5.274725274725275,0.0,-122.1001221001221,-24.42002442002442,0.9768009768009768,9.572649572649572,0.0,-2.93040293040293,-59.1941391941392,-41.22100122100122,-30.28083028083028,0.0,126.7887667887668,-113.5042735042735,43.56532356532357,-1.7582417582417582,-41.22100122100122
-89.67032967032966,-63.49206349206349,29.10866910866911,-40.43956043956044,0.0,-117.4114774114774,-28.32722832722833,-28.32722832722833,8.00976800976801,0.0,-46.69108669108669,-6.056166056166056,0.0,-120.14652014652016,-33.40659340659341,-8.791208791208792,8.4004884004884,0.0,-3.3211233211233213,-73.65079365079364,-49.03540903540904,-26.764346764346765,0.0,-28.71794871794872,54.114774114774114,38.87667887667888,-10.744810744810744,-49.03540903540904
-91.23321123321124,-204.93284493284492,165.47008547008548,-33.7973137973138,0.0,-115.84859584859583,-36.14163614163614,-22.857142857142858,8.4004884004884,0.0,-47.86324786324786,-3.711843711843712,0.0,-109.5970695970696,-45.90964590964591,-15.042735042735044,9.963369963369964,0.0,-3.711843711843712,-68.18070818070818,-65.05494505494505,-22.075702075702075,0.0,-165.0793650793651,192.42979242979243,36.14163614163614,-0.9768009768009768,-65.05494505494505
-90.45177045177046,54.89621489621489,-91.23321123321124,-45.51892551892552,0.0,-116.23931623931624,-34.969474969474966,-19.34065934065934,-2.93040293040293,0.0,-48.25396825396825,-4.493284493284493,0.0,-106.08058608058607,-42.002442002442,-17.77777777777778,4.493284493284493,0.0,0.5860805860805861,-61.53846153846154,-73.65079365079364,-26.37362637362637,0.0,91.62393162393164,-63.10134310134311,35.36019536019536,0.1953601953601953,-73.65079365079364
-103.34554334554336,123.66300366300366,-155.3113553113553,-52.55189255189255,0.0,-125.6166056166056,-34.969474969474966,-16.996336996336996,-10.744810744810744,0.0,-47.86324786324786,-2.93040293040293,0.0,-110.76923076923076,-46.3003663003663,-15.824175824175825,4.884004884004884,0.0,-10.744810744810744,-74.04151404151405,-56.84981684981685,-25.2014652014652,0.0,155.7020757020757,-129.13308913308913,27.545787545787547,-9.572649572649572,-56.84981684981685
-115.84859584859583,-127.17948717948718,93.57753357753356,-51.77045177045177,0.0,-132.25885225885227,-35.36019536019536,-17.387057387057386,-16.214896214896214,0.0,-43.17460317460318,-5.665445665445666,0.0,-120.53724053724054,-42.39316239316239,-11.526251526251526,-2.5396825396825395,0.0,-31.45299145299145,-75.995115995116,-50.5982905982906,-18.55921855921856,0.0,-93.18681318681318,115.84859584859583,11.916971916971915,-3.711843711843712,-50.5982905982906
-113.11355311355312,-107.64346764346764,76.38583638583638,-50.989010989010985,0.0,-119.75579975579976,-32.62515262515262,-18.168498168498168,-25.2014652014652,0.0,-35.36019536019536,-9.18192918192918,0.0,-127.57020757020756,-29.499389499389498,-7.228327228327228,-11.526251526251526,0.0,-39.65811965811966,-86.15384615384616,-34.969474969474966,-15.042735042735044,0.0,-75.995115995116,97.09401709401708,2.148962148962149,-7.619047619047619,-34.969474969474966
-108.42490842490842,-61.92918192918193,14.652014652014651,-46.69108669108669,0.0,-116.23931623931624,-35.36019536019536,-20.512820512820515,-30.28083028083028,0.0,-31.45299145299145,-13.089133089133089,0.0,-136.55677655677655,-24.02930402930403,-5.665445665445666,-20.903540903540904,0.0,-54.5054945054945,-100.21978021978022,-16.605616605616607,-15.433455433455434,0.0,-14.261294261294262,45.90964590964591,-5.274725274725275,-23.247863247863247,-16.605616605616607
-115.84859584859583,-76.77655677655677,8.00976800976801,-35.75091575091575,0.0,-127.57020757020756,-40.04884004884005,-22.466422466422465,-30.28083028083028,0.0,-33.40659340659341,-16.214896214896214,0.0,-140.46398046398048,-28.71794871794872,-6.056166056166056,-28.71794871794872,0.0,-68.18070818070818,-106.47130647130648,-10.354090354090356,-18.55921855921856,0.0,-7.619047619047619,50.20757020757021,-4.102564102564102,-27.545787545787547,-10.354090354090356
-116.23931623931624,-320.976800976801,240.0976800976801,-29.89010989010989,0.0,-132.64957264957266,-42.002442002442,-19.73137973137973,-33.01587301587302,0.0,-35.75091575091575,-18.168498168498168,0.0,-131.08669108669108,-31.062271062271066,-8.791208791208792,-34.57875457875458,0.0,-63.10134310134311,-98.26617826617829,-21.68498168498169,-22.466422466422465,0.0,-239.7069597069597,288.15628815628816,0.5860805860805861,-15.433455433455434,-21.68498168498169
-117.8021978021978,28.32722832722833,-117.02075702075702,-23.63858363858364,0.0,-138.1196581196581,-40.43956043956044,-15.042735042735044,-35.75091575091575,0.0,-38.095238095238095,-17.387057387057386,0.0,-103.73626373626374,-36.53235653235653,-14.261294261294262,-33.01587301587302,0.0,-40.43956043956044,-91.23321123321124,-42.002442002442,-13.089133089133089,0.0,117.4114774114774,-63.88278388278388,4.102564102564102,-5.665445665445666,-42.002442002442
-123.66300366300366,307.6923076923077,-400.2930402930403,-15.042735042735044,0.0,-148.2783882783883,-41.22100122100122,-9.572649572649572,-31.843711843711844,0.0,-41.22100122100122,-12.307692307692308,0.0,-101.78266178266178,-40.43956043956044,-14.261294261294262,-31.45299145299145,0.0,-31.062271062271066,-90.84249084249085,-57.24053724053724,-8.00976800976801,0.0,400.6837606837607,-349.4993894993895,8.00976800976801,8.791208791208792,-57.24053724053724
-136.55677655677655,97.09401709401708,-171.33089133089132,-15.433455433455434,0.0,-149.05982905982907,-41.22100122100122,-3.711843711843712,-32.234432234432234,0.0,-37.704517704517706,-9.963369963369964,0.0,-106.08058608058607,-41.61172161172161,-15.824175824175825,-31.45299145299145,0.0,-29.10866910866911,-76.77655677655677,-88.4981684981685,-0.1953601953601953,0.0,171.7216117216117,-131.08669108669108,6.056166056166056,38.87667887667888,-88.4981684981685
-150.23199023199024,243.6141636141636,-292.06349206349205,-22.466422466422465,0.0,-150.23199023199024,-34.57875457875458,0.5860805860805861,-37.704517704517706,0.0,-31.843711843711844,-12.698412698412698,0.0,-124.05372405372404,-41.61172161172161,-12.307692307692308,-33.7973137973138,0.0,-38.095238095238095,-107.64346764346764,-68.96214896214896,2.5396825396825395,0.0,292.45421245421244,-262.36874236874235,8.4004884004884,13.089133089133089,-68.96214896214896
-159.6092796092796,124.83516483516485,-169.37728937728937,-20.903540903540904,0.0,-160.78144078144078,-27.936507936507937,0.9768009768009768,-37.31379731379732,0.0,-27.936507936507937,-13.870573870573873,0.0,-149.05982905982907,-41.22100122100122,-6.056166056166056,-35.36019536019536,0.0,-55.28693528693529,-158.82783882783883,-14.652014652014651,-2.93040293040293,0.0,169.76800976800976,-139.29181929181928,4.884004884004884,-31.843711843711844,-14.652014652014651
-150.62271062271063,26.37362637362637,-67.00854700854701,-22.466422466422465,0.0,-152.96703296703296,-24.42002442002442,0.1953601953601953,-36.92307692307692,0.0,-26.764346764346765,-14.261294261294262,0.0,-132.64957264957266,-39.26739926739927,-5.665445665445666,-35.36019536019536,0.0,-55.28693528693529,-147.88766788766787,-6.837606837606837,-3.711843711843712,0.0,67.3992673992674,-43.56532356532357,2.148962148962149,-29.10866910866911,-6.837606837606837
-130.6959706959707,64.66422466422466,-114.28571428571428,-16.605616605616607,0.0,-129.9145299145299,-26.37362637362637,-2.93040293040293,-37.31379731379732,0.0,-22.075702075702075,-19.34065934065934,0.0,-101.3919413919414,-33.40659340659341,-5.274725274725275,-40.04884004884005,0.0,-33.7973137973138,-136.16605616605617,-2.93040293040293,-7.619047619047619,0.0,114.67643467643468,-93.18681318681318,9.572649572649572,-27.545787545787547,-2.93040293040293
-100.21978021978022,289.7191697191697,-367.8632478632479,0.1953601953601953,0.0,-113.89499389499387,-28.32722832722833,-4.884004884004884,-29.89010989010989,0.0,-11.916971916971915,-20.903540903540904,0.0,-85.76312576312576,-18.168498168498168,-4.884004884004884,-35.75091575091575,0.0,-17.387057387057386,-109.98778998778998,-7.228327228327228,-9.18192918192918,0.0,368.25396825396825,-333.4798534798535,18.55921855921856,-16.996336996336996,-7.228327228327228
-102.95482295482296,25.982905982905983,-108.03418803418803,8.791208791208792,0.0,-103.34554334554336,-37.704517704517706,-8.4004884004884,-25.2014652014652,0.0,-0.5860805860805861,-25.2014652014652,0.0,-81.46520146520146,-6.056166056166056,-11.526251526251526,-33.40659340659341,0.0,-15.824175824175825,-33.01587301587302,-70.13431013431014,-13.089133089133089,0.0,108.42490842490842,-66.22710622710623,24.42002442002442,50.989010989010985,-70.13431013431014
-104.51770451770452,-74.43223443223444,-3.3211233211233213,10.744810744810744,0.0,-84.59096459096459,-50.20757020757021,-9.572649572649572,-25.592185592185597,0.0,5.274725274725275,-31.062271062271066,0.0,-82.24664224664225,-2.148962148962149,-18.168498168498168,-32.234432234432234,0.0,-14.261294261294262,-22.466422466422465,-88.88888888888889,-8.4004884004884,0.0,3.711843711843712,37.704517704517706,25.2014652014652,69.74358974358974,-88.88888888888889
-116.23931623931624,136.55677655677655,-202.1978021978022,12.307692307692308,0.0,-86.54456654456655,-47.081807081807085,-7.619047619047619,-25.592185592185597,0.0,8.00976800976801,-35.36019536019536,0.0,-84.98168498168498,-2.5396825396825395,-20.512820512820515,-29.499389499389498,0.0,-19.73137973137973,-40.43956043956044,-69.74358974358974,-7.228327228327228,0.0,202.58852258852255,-160.3907203907204,25.592185592185597,52.16117216117216,-69.74358974358974
-126.7887667887668,128.35164835164835,-179.9267399267399,11.135531135531137,0.0,-93.96825396825396,-41.22100122100122,-2.93040293040293,-26.764346764346765,0.0,8.00976800976801,-32.62515262515262,0.0,-77.94871794871794,-5.274725274725275,-22.075702075702075,-25.982905982905983,0.0,-18.55921855921856,-50.20757020757021,-63.88278388278388,0.1953601953601953,0.0,180.31746031746036,-141.24542124542126,18.168498168498168,47.081807081807085,-63.88278388278388
-140.85470085470087,-92.014652014652,56.84981684981685,4.884004884004884,0.0,-111.94139194139194,-31.062271062271066,2.93040293040293,-29.89010989010989,0.0,7.228327228327228,-27.155067155067155,0.0,-63.10134310134311,-0.1953601953601953,-21.294261294261293,-27.155067155067155,0.0,-9.572649572649572,-68.18070818070818,-43.95604395604396,8.791208791208792,0.0,-56.45909645909646,72.47863247863248,17.77777777777778,31.45299145299145,-43.95604395604396
-132.25885225885227,63.88278388278388,-85.37240537240537,2.5396825396825395,0.0,-112.33211233211232,-16.214896214896214,9.572649572649572,-31.45299145299145,0.0,9.963369963369964,-22.857142857142858,0.0,-52.16117216117216,6.837606837606837,-15.433455433455434,-30.671550671550676,0.0,-8.791208791208792,-77.94871794871794,-4.102564102564102,-0.1953601953601953,0.0,85.76312576312576,-89.67032967032966,23.247863247863247,13.089133089133089,-4.102564102564102
-118.1929181929182,344.81074481074484,-362.7838827838828,2.148962148962149,0.0,-99.43833943833944,-15.433455433455434,9.18192918192918,-27.936507936507937,0.0,11.916971916971915,-20.903540903540904,0.0,-63.88278388278388,12.307692307692308,-9.572649572649572,-28.71794871794872,0.0,-15.824175824175825,-59.975579975579976,-6.446886446886447,-6.446886446886447,0.0,363.1746031746032,-367.0818070818071,22.857142857142858,25.592185592185597,-6.446886446886447
-124.05372405372404,110.37851037851038,-120.14652014652016,-2.148962148962149,0.0,-95.14041514041514,-19.34065934065934,1.7582417582417582,-23.247863247863247,0.0,17.387057387057386,-19.34065934065934,0.0,-77.94871794871794,20.512820512820515,-4.493284493284493,-24.02930402930403,0.0,-16.605616605616607,-52.55189255189255,-2.5396825396825395,-13.089133089133089,0.0,120.53724053724054,-126.3980463980464,18.55921855921856,36.14163614163614,-2.5396825396825395
-99.43833943833944,67.3992673992674,-78.73015873015873,-0.1953601953601953,0.0,-67.78998778998779,-20.512820512820515,-3.711843711843712,-17.387057387057386,0.0,20.512820512820515,-18.55921855921856,0.0,-77.55799755799755,15.042735042735044,0.9768009768009768,-27.155067155067155,0.0,-11.135531135531137,-34.18803418803419,-12.698412698412698,-28.32722832722833,0.0,79.12087912087912,-80.68376068376068,23.63858363858364,59.975579975579976,-12.698412698412698
-90.84249084249085,126.7887667887668,-148.66910866910868,6.056166056166056,0.0,-63.49206349206349,-20.12210012210012,-9.572649572649572,-9.963369963369964,0.0,21.294261294261293,-18.94993894993895,0.0,-72.47863247863248,21.294261294261293,2.5396825396825395,-23.247863247863247,0.0,0.5860805860805861,-46.69108669108669,2.93040293040293,-27.545787545787547,0.0,149.05982905982907,-130.6959706959707,20.903540903540904,42.002442002442,2.93040293040293
-104.51770451770452,134.21245421245422,-159.6092796092796,3.711843711843712,0.0,-95.53113553113552,-14.652014652014651,-7.619047619047619,-6.446886446886447,0.0,24.02930402930403,-16.605616605616607,0.0,-74.82295482295483,24.02930402930403,-0.1953601953601953,-16.214896214896214,0.0,2.148962148962149,-72.86935286935287,15.042735042735044,-11.916971916971915,0.0,160.0,-136.94749694749694,11.916971916971915,14.652014652014651,15.042735042735044
-78.33943833943835,113.89499389499387,-139.68253968253967,8.00976800976801,0.0,-79.51159951159951,-8.791208791208792,0.1953601953601953,-6.056166056166056,0.0,29.499389499389498,-15.433455433455434,0.0,-69.35286935286935,30.671550671550676,-3.711843711843712,-13.870573870573873,0.0,2.148962148962149,-77.16727716727716,21.68498168498169,-4.102564102564102,0.0,140.0732600732601,-130.3052503052503,14.652014652014651,9.963369963369964,21.68498168498169
-71.30647130647131,397.948717948718,-410.0610500610501,9.18192918192918,0.0,-68.18070818070818,0.9768009768009768,4.493284493284493,-10.744810744810744,0.0,34.18803418803419,-17.387057387057386,0.0,-65.44566544566544,29.89010989010989,-6.056166056166056,-7.619047619047619,0.0,-14.261294261294262,-73.26007326007326,31.062271062271066,6.056166056166056,0.0,410.45177045177047,-410.0610500610501,8.00976800976801,5.665445665445666,31.062271062271066
-78.73015873015873,145.93406593406593,-136.16605616605617,6.837606837606837,0.0,-54.5054945054945,0.1953601953601953,4.884004884004884,-12.307692307692308,0.0,36.14163614163614,-18.94993894993895,0.0,-51.37973137973138,17.387057387057386,-8.4004884004884,-1.3675213675213675,0.0,-23.247863247863247,-68.57142857142857,32.234432234432234,15.042735042735044,0.0,136.55677655677655,-148.2783882783883,2.5396825396825395,3.3211233211233213,32.234432234432234
-83.41880341880342,66.22710622710623,-39.65811965811966,3.3211233211233213,0.0,-41.22100122100122,0.1953601953601953,2.148962148962149,-14.652014652014651,0.0,34.18803418803419,-19.73137973137973,0.0,-43.17460317460318,9.963369963369964,-2.5396825396825395,0.1953601953601953,0.0,-28.71794871794872,-48.25396825396825,27.155067155067155,14.261294261294262,0.0,40.04884004884005,-73.26007326007326,2.148962148962149,26.764346764346765,27.155067155067155
-98.26617826617829,154.9206349206349,-117.4114774114774,-0.5860805860805861,0.0,-48.25396825396825,4.493284493284493,-2.5396825396825395,-13.47985347985348,0.0,29.89010989010989,-18.94993894993895,0.0,-29.89010989010989,-0.5860805860805861,4.884004884004884,-0.5860805860805861,0.0,-33.40659340659341,-33.7973137973138,31.062271062271066,11.135531135531137,0.0,117.8021978021978,-152.18559218559218,-8.00976800976801,34.57875457875458,31.062271062271066
-93.96825396825396,240.87912087912088,-205.32356532356533,-6.056166056166056,0.0,-50.989010989010985,3.711843711843712,-7.228327228327228,-9.963369963369964,0.0,24.81074481074481,-17.77777777777778,0.0,-27.936507936507937,0.1953601953601953,8.00976800976801,0.9768009768009768,0.0,-24.02930402930403,-50.20757020757021,42.002442002442,14.261294261294262,0.0,205.7142857142857,-235.018315018315,-14.652014652014651,13.870573870573873,42.002442002442
-92.014652014652,-19.73137973137973,38.095238095238095,-5.665445665445666,0.0,-70.91575091575092,7.228327228327228,-8.4004884004884,-6.446886446886447,0.0,22.857142857142858,-15.433455433455434,0.0,-69.74358974358974,10.354090354090356,8.791208791208792,2.148962148962149,0.0,-38.48595848595848,-45.90964590964591,24.02930402930403,13.089133089133089,0.0,-37.704517704517706,17.387057387057386,-16.996336996336996,24.42002442002442,24.02930402930403
-91.23321123321124,58.41269841269841,-47.86324786324786,-1.3675213675213675,0.0,-72.86935286935287,7.619047619047619,-7.228327228327228,-8.791208791208792,0.0,23.247863247863247,-15.433455433455434,0.0,-74.43223443223444,9.18192918192918,3.3211233211233213,4.102564102564102,0.0,-40.83028083028083,-32.62515262515262,4.884004884004884,12.307692307692308,0.0,48.25396825396825,-63.49206349206349,-20.12210012210012,45.90964590964591,4.884004884004884
-81.46520146520146,190.0854700854701,-180.70818070818072,0.5860805860805861,0.0,-60.366300366300365,6.056166056166056,-4.884004884004884,-11.526251526251526,0.0,20.903540903540904,-14.652014652014651,0.0,-63.49206349206349,7.228327228327228,-2.5396825396825395,8.4004884004884,0.0,-40.04884004884005,-40.83028083028083,17.387057387057386,13.47985347985348,0.0,181.0989010989011,-193.992673992674,-11.135531135531137,16.996336996336996,17.387057387057386
-101.3919413919414,146.32478632478632,-135.3846153846154,3.3211233211233213,0.0,-73.26007326007326,3.3211233211233213,1.3675213675213675,-17.387057387057386,0.0,18.94993894993895,-11.526251526251526,0.0,-46.3003663003663,-1.7582417582417582,-5.274725274725275,10.354090354090356,0.0,-33.01587301587302,-25.592185592185597,0.5860805860805861,14.261294261294262,0.0,135.77533577533578,-150.23199023199024,-2.5396825396825395,22.857142857142858,0.5860805860805861
-116.63003663003664,72.47863247863248,-47.86324786324786,1.7582417582417582,0.0,-79.12087912087912,9.572649572649572,7.228327228327228,-27.545787545787547,0.0,18.94993894993895,-10.354090354090356,0.0,-27.545787545787547,-13.089133089133089,-4.884004884004884,6.056166056166056,0.0,-27.545787545787547,-27.155067155067155,4.884004884004884,9.963369963369964,0.0,48.25396825396825,-75.6043956043956,3.3211233211233213,24.02930402930403,4.884004884004884
-102.56410256410255,77.94871794871794,-50.5982905982906,-2.148962148962149,0.0,-73.65079365079364,16.605616605616607,10.354090354090356,-31.45299145299145,0.0,15.824175824175825,-9.572649572649572,0.0,-19.34065934065934,-19.34065934065934,-1.7582417582417582,1.3675213675213675,0.0,-19.34065934065934,-57.24053724053724,25.592185592185597,10.744810744810744,0.0,50.989010989010985,-92.014652014652,7.619047619047619,0.1953601953601953,25.592185592185597
-106.86202686202688,335.8241758241758,-308.08302808302807,0.1953601953601953,0.0,-83.41880341880342,23.247863247863247,9.18192918192918,-28.32722832722833,0.0,14.652014652014651,-7.228327228327228,0.0,-31.45299145299145,-27.545787545787547,0.5860805860805861,-0.1953601953601953,0.0,-23.63858363858364,-36.14163614163614,-12.307692307692308,13.47985347985348,0.0,308.47374847374846,-355.75091575091574,5.665445665445666,35.75091575091575,-12.307692307692308
-111.55067155067157,74.43223443223444,-36.53235653235653,4.493284493284493,0.0,-83.02808302808303,31.843711843711844,2.93040293040293,-20.903540903540904,0.0,11.916971916971915,-7.619047619047619,0.0,-51.77045177045177,-23.63858363858364,1.7582417582417582,-0.9768009768009768,0.0,-38.48595848595848,-28.32722832722833,-24.02930402930403,16.605616605616607,0.0,36.92307692307692,-87.32600732600733,0.5860805860805861,50.5982905982906,-24.02930402930403
-92.014652014652,-15.433455433455434,52.55189255189255,2.148962148962149,0.0,-71.6971916971917,31.45299145299145,-0.1953601953601953,-10.354090354090356,0.0,2.93040293040293,-10.744810744810744,0.0,-53.724053724053725,-25.2014652014652,0.5860805860805861,-0.1953601953601953,0.0,-47.472527472527474,-36.14163614163614,-6.837606837606837,11.916971916971915,0.0,-52.16117216117216,1.7582417582417582,-8.00976800976801,38.48595848595848,-6.837606837606837
-93.18681318681318,99.04761904761904,-56.06837606837607,-1.7582417582417582,0.0,-71.6971916971917,27.155067155067155,-1.7582417582417582,-4.102564102564102,0.0,-2.148962148962149,-9.963369963369964,0.0,-38.87667887667888,-31.062271062271066,-0.1953601953601953,0.9768009768009768,0.0,-40.43956043956044,2.148962148962149,-40.83028083028083,8.4004884004884,0.0,56.45909645909646,-100.6105006105006,-5.274725274725275,59.975579975579976,-40.83028083028083
-86.93528693528694,168.2051282051282,-143.98046398046398,3.3211233211233213,0.0,-64.66422466422466,15.433455433455434,-4.884004884004884,-3.711843711843712,0.0,-4.493284493284493,-11.526251526251526,0.0,-49.81684981684982,-18.94993894993895,-4.102564102564102,0.1953601953601953,0.0,-44.737484737484735,-13.47985347985348,-16.996336996336996,0.9768009768009768,0.0,144.37118437118437,-174.06593406593407,-4.102564102564102,38.095238095238095,-16.996336996336996
-77.55799755799755,74.04151404151405,-68.57142857142857,6.446886446886447,0.0,-54.89621489621489,10.354090354090356,-7.619047619047619,-11.135531135531137,0.0,-4.102564102564102,-13.870573870573873,0.0,-47.86324786324786,-18.168498168498168,-7.228327228327228,-2.93040293040293,0.0,-40.04884004884005,-41.22100122100122,10.744810744810744,-7.619047619047619,0.0,68.96214896214896,-86.93528693528694,0.5860805860805861,11.526251526251526,10.744810744810744
-64.66422466422466,338.5592185592185,-340.5128205128205,8.00976800976801,0.0,-38.48595848595848,7.619047619047619,-7.228327228327228,-18.55921855921856,0.0,-2.148962148962149,-13.089133089133089,0.0,-45.51892551892552,-18.55921855921856,-5.274725274725275,-4.493284493284493,0.0,-29.10866910866911,-41.61172161172161,-0.1953601953601953,-4.493284493284493,0.0,340.9035409035409,-351.06227106227107,-0.5860805860805861,15.824175824175825,-0.1953601953601953
-67.78998778998779,37.31379731379732,-33.7973137973138,13.870573870573873,0.0,-38.095238095238095,11.526251526251526,-2.148962148962149,-19.34065934065934,0.0,3.711843711843712,-6.837606837606837,0.0,-56.06837606837607,-19.73137973137973,2.148962148962149,0.1953601953601953,0.0,-46.69108669108669,-47.081807081807085,16.605616605616607,2.148962148962149,0.0,34.18803418803419,-44.346764346764346,-2.93040293040293,0.1953601953601953,16.605616605616607
-75.995115995116,-223.2967032967033,236.1904761904762,15.042735042735044,0.0,-55.28693528693529,18.94993894993895,4.884004884004884,-16.214896214896214,0.0,1.7582417582417582,0.1953601953601953,0.0,-60.366300366300365,-26.37362637362637,14.261294261294262,6.446886446886447,0.0,-52.94261294261294,-41.22100122100122,22.857142857142858,4.493284493284493,0.0,-235.7997557997558,221.34310134310132,-4.102564102564102,-0.5860805860805861,22.857142857142858
-76.38583638583638,11.135531135531137,4.102564102564102,8.4004884004884,0.0,-72.08791208791209,16.605616605616607,14.652014652014651,-11.135531135531137,0.0,-3.3211233211233213,5.665445665445666,0.0,-45.12820512820513,-31.062271062271066,22.857142857142858,12.307692307692308,0.0,-34.18803418803419,-17.387057387057386,2.93040293040293,8.00976800976801,0.0,-3.711843711843712,-11.135531135531137,-15.042735042735044,22.466422466422465,2.93040293040293
-89.67032967032966,95.92185592185592,-81.46520146520146,1.7582417582417582,0.0,-98.26617826617829,13.47985347985348,15.824175824175825,-3.711843711843712,0.0,-6.446886446886447,5.665445665445666,0.0,-44.346764346764346,-35.36019536019536,25.2014652014652,16.214896214896214,0.0,-33.40659340659341,-23.63858363858364,10.354090354090356,8.4004884004884,0.0,81.85592185592185,-93.18681318681318,-22.075702075702075,10.744810744810744,10.354090354090356
-91.62393162393164,-172.8937728937729,167.42368742368745,0.1953601953601953,0.0,-108.03418803418803,3.3211233211233213,5.274725274725275,1.3675213675213675,0.0,-12.307692307692308,0.1953601953601953,0.0,-46.3003663003663,-40.83028083028083,20.512820512820515,16.996336996336996,0.0,-26.764346764346765,-24.42002442002442,-5.274725274725275,7.619047619047619,0.0,-167.03296703296704,168.98656898656898,-31.843711843711844,24.42002442002442,-5.274725274725275
-76.38583638583638,-120.53724053724054,92.7960927960928,-2.93040293040293,0.0,-86.93528693528694,-7.619047619047619,-10.354090354090356,-0.5860805860805861,0.0,-22.466422466422465,-9.18192918192918,0.0,-45.51892551892552,-42.002442002442,11.916971916971915,12.698412698412698,0.0,-28.71794871794872,-22.075702075702075,-22.857142857142858,12.307692307692308,0.0,-92.4053724053724,109.5970695970696,-49.81684981684982,38.48595848595848,-22.857142857142858
-52.94261294261294,138.9010989010989,-171.7216117216117,-1.7582417582417582,0.0,-52.55189255189255,-9.572649572649572,-22.857142857142858,-0.5860805860805861,0.0,-25.2014652014652,-11.916971916971915,0.0,-46.3003663003663,-42.002442002442,6.446886446886447,9.963369963369964,0.0,-59.1941391941392,-24.81074481074481,-6.056166056166056,19.34065934065934,0.0,172.11233211233213,-151.7948717948718,-60.757020757020754,18.55921855921856,-6.056166056166056
-40.43956043956044,-36.92307692307692,-4.493284493284493,-0.5860805860805861,0.0,-36.53235653235653,-15.824175824175825,-27.936507936507937,-0.9768009768009768,0.0,-25.2014652014652,-12.307692307692308,0.0,-45.51892551892552,-41.61172161172161,5.665445665445666,16.605616605616607,0.0,-63.10134310134311,-25.592185592185597,4.884004884004884,19.73137973137973,0.0,4.884004884004884,25.982905982905983,-58.8034188034188,-0.5860805860805861,4.884004884004884
-37.31379731379732,-141.63614163614164,97.09401709401708,4.493284493284493,0.0,-34.18803418803419,-20.903540903540904,-20.512820512820515,0.5860805860805861,0.0,-23.247863247863247,-12.698412698412698,0.0,-52.16117216117216,-39.26739926739927,6.837606837606837,22.466422466422465,0.0,-72.86935286935287,-15.042735042735044,-0.5860805860805861,27.155067155067155,0.0,-96.7032967032967,127.57020757020756,-58.41269841269841,4.102564102564102,-0.5860805860805861
-31.062271062271066,-7.619047619047619,-29.499389499389498,2.93040293040293,0.0,-35.36019536019536,-19.73137973137973,-7.228327228327228,0.1953601953601953,0.0,-18.168498168498168,-10.744810744810744,0.0,-40.43956043956044,-38.095238095238095,11.135531135531137,22.857142857142858,0.0,-69.35286935286935,0.9768009768009768,-1.3675213675213675,25.982905982905983,0.0,29.89010989010989,-4.493284493284493,-66.61782661782662,16.214896214896214,-1.3675213675213675
-27.936507936507937,129.13308913308913,-160.78144078144078,-0.9768009768009768,0.0,-41.61172161172161,-17.387057387057386,0.1953601953601953,-1.3675213675213675,0.0,-10.744810744810744,-10.354090354090356,0.0,-39.26739926739927,-33.7973137973138,13.47985347985348,24.81074481074481,0.0,-56.45909645909646,-7.619047619047619,7.619047619047619,22.075702075702075,0.0,161.17216117216117,-143.1990231990232,-61.53846153846154,8.791208791208792,7.619047619047619
-28.71794871794872,-84.98168498168498,56.45909645909646,-0.1953601953601953,0.0,-41.22100122100122,-11.916971916971915,-2.148962148962149,-0.1953601953601953,0.0,-6.446886446886447,-12.307692307692308,0.0,-34.969474969474966,-34.18803418803419,10.354090354090356,21.68498168498169,0.0,-45.90964590964591,13.089133089133089,-24.81074481074481,20.903540903540904,0.0,-56.06837606837607,68.96214896214896,-58.02197802197802,42.78388278388278,-24.81074481074481
-27.155067155067155,-84.98168498168498,63.88278388278388,-8.00976800976801,0.0,-31.843711843711844,-5.665445665445666,-9.572649572649572,-7.228327228327228,0.0,-4.493284493284493,-15.824175824175825,0.0,-41.22100122100122,-23.247863247863247,9.572649572649572,8.791208791208792,0.0,-54.5054945054945,22.075702075702075,-20.903540903540904,7.619047619047619,0.0,-63.49206349206349,71.30647130647131,-56.45909645909646,49.42612942612943,-20.903540903540904
-18.55921855921856,-62.31990231990232,33.7973137973138,-15.433455433455434,0.0,-24.81074481074481,-4.102564102564102,-20.903540903540904,-10.744810744810744,0.0,-2.148962148962149,-20.12210012210012,0.0,-36.53235653235653,-18.168498168498168,6.446886446886447,2.93040293040293,0.0,-53.333333333333336,10.744810744810744,-0.1953601953601953,-1.7582417582417582,0.0,-33.40659340659341,53.333333333333336,-51.37973137973138,21.294261294261293,-0.1953601953601953
-18.94993894993895,-258.85225885225884,214.7008547008547,-11.526251526251526,0.0,-25.982905982905983,-9.963369963369964,-31.062271062271066,-5.665445665445666,0.0,-4.102564102564102,-24.42002442002442,0.0,-38.48595848595848,-17.77777777777778,2.5396825396825395,4.884004884004884,0.0,-52.55189255189255,13.870573870573873,-5.665445665445666,-4.102564102564102,0.0,-214.31013431013432,247.13064713064716,-44.737484737484735,23.247863247863247,-5.665445665445666
-31.062271062271066,-91.62393162393164,31.843711843711844,-9.963369963369964,0.0,-46.69108669108669,-16.605616605616607,-30.671550671550676,-4.102564102564102,0.0,-9.18192918192918,-28.32722832722833,0.0,-54.5054945054945,-16.605616605616607,2.93040293040293,2.93040293040293,0.0,-52.16117216117216,21.294261294261293,-23.63858363858364,-8.791208791208792,0.0,-31.45299145299145,77.16727716727716,-42.002442002442,39.26739926739927,-23.63858363858364
-20.12210012210012,95.92185592185592,-176.4102564102564,-8.00976800976801,0.0,-60.757020757020754,-18.168498168498168,-27.545787545787547,-0.1953601953601953,0.0,-13.089133089133089,-29.10866910866911,0.0,-48.25396825396825,-25.982905982905983,3.711843711843712,6.056166056166056,0.0,-31.843711843711844,-6.837606837606837,-18.94993894993895,-5.274725274725275,0.0,176.8009768009768,-116.23931623931624,-41.22100122100122,20.903540903540904,-18.94993894993895
-23.247863247863247,-151.7948717948718,66.22710622710623,-8.00976800976801,0.0,-74.43223443223444,-23.63858363858364,-22.466422466422465,4.884004884004884,0.0,-17.387057387057386,-27.936507936507937,0.0,-44.346764346764346,-29.10866910866911,0.1953601953601953,7.619047619047619,0.0,-23.63858363858364,-18.94993894993895,-23.247863247863247,0.5860805860805861,0.0,-65.83638583638583,123.27228327228327,-39.26739926739927,18.168498168498168,-23.247863247863247
-45.12820512820513,-284.24908424908426,208.44932844932845,-8.791208791208792,0.0,-98.26617826617829,-20.512820512820515,-14.652014652014651,4.493284493284493,0.0,-14.261294261294262,-27.936507936507937,0.0,-56.84981684981685,-24.81074481074481,-2.148962148962149,2.148962148962149,0.0,-20.12210012210012,-25.592185592185597,-38.48595848595848,2.93040293040293,0.0,-208.0586080586081,248.3028083028083,-36.14163614163614,40.43956043956044,-38.48595848595848
-46.3003663003663,-2.5396825396825395,-52.55189255189255,-17.77777777777778,0.0,-93.96825396825396,-15.042735042735044,-8.791208791208792,0.1953601953601953,0.0,-5.274725274725275,-25.982905982905983,0.0,-39.65811965811966,-17.77777777777778,-2.5396825396825395,-4.884004884004884,0.0,-28.71794871794872,-36.14163614163614,-1.3675213675213675,0.5860805860805861,0.0,52.94261294261294,-32.234432234432234,-34.969474969474966,15.042735042735044,-1.3675213675213675
-51.37973137973138,-6.056166056166056,-29.499389499389498,-21.294261294261293,0.0,-85.37240537240537,-5.665445665445666,-9.963369963369964,-5.665445665445666,0.0,2.148962148962149,-25.592185592185597,0.0,-47.081807081807085,-4.102564102564102,-3.711843711843712,-12.307692307692308,0.0,-53.724053724053725,-31.45299145299145,16.996336996336996,-0.1953601953601953,0.0,29.89010989010989,-17.387057387057386,-37.704517704517706,2.5396825396825395,16.996336996336996
-67.3992673992674,-229.93894993894995,212.3565323565324,-16.996336996336996,0.0,-81.07448107448107,-0.1953601953601953,-11.526251526251526,-6.446886446886447,0.0,11.526251526251526,-22.466422466422465,0.0,-61.92918192918193,8.00976800976801,-0.9768009768009768,-12.307692307692308,0.0,-67.3992673992674,-16.996336996336996,13.870573870573873,1.7582417582417582,0.0,-211.96581196581195,210.4029304029304,-39.26739926739927,18.94993894993895,13.870573870573873
-37.31379731379732,-154.9206349206349,132.64957264957266,-16.605616605616607,0.0,-44.346764346764346,0.9768009768009768,-17.77777777777778,-13.47985347985348,0.0,11.916971916971915,-20.903540903540904,0.0,-55.28693528693529,11.916971916971915,-0.1953601953601953,-15.042735042735044,0.0,-66.22710622710623,-6.056166056166056,8.791208791208792,3.711843711843712,0.0,-132.25885225885227,136.55677655677655,-38.48595848595848,17.387057387057386,8.791208791208792
-11.526251526251526,-97.48473748473748,71.30647130647131,-16.605616605616607,0.0,-4.884004884004884,-5.274725274725275,-28.32722832722833,-13.870573870573873,0.0,8.00976800976801,-19.34065934065934,0.0,-22.075702075702075,-2.5396825396825395,-2.5396825396825395,-13.47985347985348,0.0,-56.06837606837607,1.3675213675213675,-2.148962148962149,15.042735042735044,0.0,-70.91575091575092,90.45177045177046,-51.37973137973138,11.526251526251526,-2.148962148962149
10.744810744810744,-175.62881562881563,131.08669108669108,-15.042735042735044,0.0,15.433455433455434,-14.652014652014651,-35.36019536019536,-12.307692307692308,0.0,4.102564102564102,-20.512820512820515,0.0,-0.5860805860805861,-9.18192918192918,-6.446886446886447,-13.870573870573873,0.0,-39.26739926739927,-9.963369963369964,-4.102564102564102,22.075702075702075,0.0,-130.6959706959707,160.78144078144078,-55.67765567765568,2.148962148962149,-4.102564102564102
9.963369963369964,-414.7496947496948,360.83028083028086,-9.963369963369964,0.0,5.274725274725275,-12.307692307692308,-36.92307692307692,-8.00976800976801,0.0,6.056166056166056,-27.155067155067155,0.0,32.62515262515262,-21.294261294261293,-8.4004884004884,-19.34065934065934,0.0,-14.652014652014651,-13.870573870573873,-2.148962148962149,15.042735042735044,0.0,-360.43956043956047,390.5250305250305,-50.20757020757021,8.4004884004884,-2.148962148962149
-1.7582417582417582,-191.64835164835165,143.1990231990232,-11.526251526251526,0.0,-4.884004884004884,-6.837606837606837,-36.53235653235653,-11.526251526251526,0.0,11.916971916971915,-35.36019536019536,0.0,34.969474969474966,-13.47985347985348,-4.102564102564102,-31.45299145299145,0.0,-7.228327228327228,-11.526251526251526,9.18192918192918,-4.493284493284493,0.0,-142.8083028083028,170.54945054945054,-42.39316239316239,12.698412698412698,9.18192918192918
-33.40659340659341,-266.6666666666667,221.34310134310132,-6.446886446886447,0.0,-36.53235653235653,0.1953601953601953,-32.62515262515262,-14.261294261294262,0.0,15.824175824175825,-41.22100122100122,0.0,-1.7582417582417582,1.7582417582417582,2.93040293040293,-42.39316239316239,0.0,-18.94993894993895,-13.870573870573873,15.433455433455434,-22.075702075702075,0.0,-220.95238095238096,240.4884004884005,-29.499389499389498,27.155067155067155,15.433455433455434
-47.86324786324786,-176.4102564102564,138.9010989010989,-7.619047619047619,0.0,-52.55189255189255,9.963369963369964,-27.545787545787547,-20.903540903540904,0.0,21.68498168498169,-47.86324786324786,0.0,-3.711843711843712,5.274725274725275,5.274725274725275,-50.5982905982906,0.0,-13.47985347985348,14.261294261294262,-11.526251526251526,-32.234432234432234,0.0,-138.5103785103785,141.63614163614164,-18.94993894993895,71.30647130647131,-11.526251526251526
-49.81684981684982,-287.3748473748474,260.02442002442,-11.526251526251526,0.0,-41.22100122100122,8.4004884004884,-25.982905982905983,-29.499389499389498,0.0,20.12210012210012,-51.37973137973138,0.0,-5.274725274725275,11.916971916971915,4.102564102564102,-59.1941391941392,0.0,-15.824175824175825,16.214896214896214,-11.526251526251526,-36.14163614163614,0.0,-259.6336996336996,262.75946275946274,-9.963369963369964,61.14774114774115,-11.526251526251526
-49.42612942612943,-159.21855921855922,138.9010989010989,-17.77777777777778,0.0,-40.43956043956044,6.446886446886447,-24.42002442002442,-28.32722832722833,0.0,15.824175824175825,-51.77045177045177,0.0,-13.47985347985348,14.261294261294262,-0.5860805860805861,-60.366300366300365,0.0,-31.843711843711844,4.493284493284493,-2.93040293040293,-31.062271062271066,0.0,-138.5103785103785,140.0732600732601,-15.433455433455434,39.26739926739927,-2.93040293040293
-52.16117216117216,-354.96947496947496,336.6056166056166,-20.512820512820515,0.0,-50.989010989010985,6.446886446886447,-22.466422466422465,-22.857142857142858,0.0,11.916971916971915,-47.081807081807085,0.0,-16.214896214896214,16.214896214896214,-8.00976800976801,-53.333333333333336,0.0,-30.28083028083028,-16.996336996336996,9.963369963369964,-24.81074481074481,0.0,-336.2148962148962,333.0891330891331,-22.466422466422465,23.63858363858364,9.963369963369964
-52.16117216117216,-97.48473748473748,75.21367521367522,-19.73137973137973,0.0,-55.28693528693529,4.102564102564102,-24.02930402930403,-18.168498168498168,0.0,5.665445665445666,-41.61172161172161,0.0,-16.605616605616607,13.47985347985348,-11.526251526251526,-48.64468864468864,0.0,-34.969474969474966,-30.671550671550676,25.982905982905983,-24.02930402930403,0.0,-74.82295482295483,72.47863247863248,-22.466422466422465,1.3675213675213675,25.982905982905983
-39.65811965811966,-144.76190476190476,116.63003663003664,-13.47985347985348,0.0,-33.01587301587302,-6.446886446886447,-26.37362637362637,-13.870573870573873,0.0,5.665445665445666,-35.75091575091575,0.0,-36.92307692307692,17.387057387057386,-9.963369963369964,-42.002442002442,0.0,-48.64468864468864,-17.387057387057386,19.73137973137973,-25.592185592185597,0.0,-116.23931623931624,121.31868131868131,-22.075702075702075,5.665445665445666,19.73137973137973
-30.28083028083028,-168.5958485958486,133.43101343101344,-3.3211233211233213,0.0,-19.34065934065934,-10.354090354090356,-25.982905982905983,-10.354090354090356,0.0,6.837606837606837,-30.28083028083028,0.0,-34.57875457875458,17.387057387057386,-7.619047619047619,-30.28083028083028,0.0,-45.90964590964591,-7.619047619047619,17.77777777777778,-19.73137973137973,0.0,-133.04029304029305,137.72893772893772,-15.824175824175825,14.652014652014651,17.77777777777778
-27.936507936507937,-202.97924297924297,157.65567765567766,6.056166056166056,0.0,-15.042735042735044,-13.47985347985348,-24.02930402930403,-11.526251526251526,0.0,9.18192918192918,-26.764346764346765,0.0,-18.94993894993895,12.307692307692308,-3.3211233211233213,-29.89010989010989,0.0,-33.01587301587302,13.47985347985348,3.711843711843712,-25.592185592185597,0.0,-157.26495726495727,164.2979242979243,0.1953601953601953,33.40659340659341,3.711843711843712
-34.57875457875458,-10.354090354090356,-33.40659340659341,8.791208791208792,0.0,-24.42002442002442,-9.963369963369964,-17.77777777777778,-14.261294261294262,0.0,8.4004884004884,-24.02930402930403,0.0,-25.982905982905983,16.605616605616607,2.148962148962149,-30.671550671550676,0.0,-24.42002442002442,27.155067155067155,-8.00976800976801,-33.7973137973138,0.0,33.7973137973138,-19.34065934065934,14.261294261294262,44.737484737484735,-8.00976800976801
-44.346764346764346,31.843711843711844,-68.18070818070818,6.056166056166056,0.0,-42.78388278388278,-4.102564102564102,-8.00976800976801,-15.824175824175825,0.0,6.056166056166056,-18.94993894993895,0.0,-19.73137973137973,16.605616605616607,4.884004884004884,-29.10866910866911,0.0,0.1953601953601953,8.4004884004884,-0.9768009768009768,-36.14163614163614,0.0,68.57142857142857,-57.24053724053724,20.903540903540904,36.92307692307692,-0.9768009768009768
-48.25396825396825,-216.26373626373623,180.31746031746036,4.884004884004884,0.0,-55.67765567765568,-2.93040293040293,-1.3675213675213675,-15.042735042735044,0.0,2.148962148962149,-13.870573870573873,0.0,-19.34065934065934,11.135531135531137,6.056166056166056,-26.37362637362637,0.0,6.837606837606837,-0.1953601953601953,0.1953601953601953,-35.75091575091575,0.0,-179.9267399267399,186.56898656898656,25.2014652014652,32.234432234432234,0.1953601953601953
-51.37973137973138,-138.9010989010989,109.5970695970696,2.93040293040293,0.0,-50.5982905982906,-9.963369963369964,-0.1953601953601953,-14.261294261294262,0.0,-4.493284493284493,-13.870573870573873,0.0,-14.261294261294262,3.711843711843712,2.93040293040293,-22.466422466422465,0.0,2.148962148962149,-16.996336996336996,9.572649572649572,-25.592185592185597,0.0,-109.2063492063492,113.11355311355312,18.168498168498168,12.307692307692308,9.572649572649572
-39.65811965811966,-176.4102564102564,152.18559218559218,1.7582417582417582,0.0,-35.75091575091575,-16.214896214896214,-2.93040293040293,-4.102564102564102,0.0,-5.274725274725275,-15.824175824175825,0.0,-18.55921855921856,0.1953601953601953,0.1953601953601953,-12.698412698412698,0.0,-3.3211233211233213,-18.94993894993895,0.5860805860805861,-10.354090354090356,0.0,-151.7948717948718,159.21855921855922,2.5396825396825395,6.837606837606837,0.5860805860805861
-33.01587301587302,-160.78144078144078,132.64957264957266,-1.7582417582417582,0.0,-37.31379731379732,-18.168498168498168,-8.4004884004884,3.3211233211233213,0.0,0.5860805860805861,-22.075702075702075,0.0,-18.168498168498168,-3.711843711843712,-3.711843711843712,-5.665445665445666,0.0,-16.214896214896214,-3.711843711843712,-10.354090354090356,-1.7582417582417582,0.0,-132.25885225885227,138.1196581196581,-2.93040293040293,13.089133089133089,-10.354090354090356
-39.26739926739927,-436.6300366300366,410.0610500610501,-8.4004884004884,0.0,-46.3003663003663,-18.94993894993895,-12.307692307692308,4.884004884004884,0.0,4.884004884004884,-31.062271062271066,0.0,-9.963369963369964,-9.572649572649572,-6.446886446886447,-4.884004884004884,0.0,-16.996336996336996,-6.056166056166056,-7.619047619047619,-1.3675213675213675,0.0,-409.6703296703297,420.2197802197802,-8.4004884004884,8.00976800976801,-7.619047619047619
-47.081807081807085,-204.15140415140417,180.70818070818072,-17.77777777777778,0.0,-65.44566544566544,-13.47985347985348,-14.261294261294262,6.837606837606837,0.0,0.1953601953601953,-32.62515262515262,0.0,-13.47985347985348,-19.34065934065934,-4.493284493284493,-2.93040293040293,0.0,-7.619047619047619,4.884004884004884,-31.45299145299145,-7.619047619047619,0.0,-180.31746031746036,202.58852258852255,-15.042735042735044,28.71794871794872,-31.45299145299145
-38.87667887667888,-417.0940170940171,375.28693528693526,-15.824175824175825,0.0,-72.86935286935287,-15.824175824175825,-15.433455433455434,9.18192918192918,0.0,-3.3211233211233213,-30.671550671550676,0.0,-22.075702075702075,-27.155067155067155,-2.148962148962149,0.1953601953601953,0.0,-20.512820512820515,8.791208791208792,-30.671550671550676,-10.354090354090356,0.0,-374.8962148962149,407.7167277167277,-14.652014652014651,27.936507936507937,-30.671550671550676
-33.40659340659341,-136.94749694749694,79.9023199023199,-7.228327228327228,0.0,-65.44566544566544,-25.982905982905983,-13.47985347985348,8.791208791208792,0.0,-10.354090354090356,-29.89010989010989,0.0,-16.605616605616607,-34.969474969474966,0.1953601953601953,-1.3675213675213675,0.0,-15.433455433455434,3.3211233211233213,-26.764346764346765,-14.261294261294262,0.0,-79.51159951159951,115.45787545787546,-2.5396825396825395,23.247863247863247,-26.764346764346765
-42.39316239316239,-205.7142857142857,143.98046398046398,0.5860805860805861,0.0,-67.78998778998779,-32.62515262515262,-10.744810744810744,8.4004884004884,0.0,-16.996336996336996,-31.062271062271066,0.0,-13.089133089133089,-44.737484737484735,4.102564102564102,0.1953601953601953,0.0,-6.837606837606837,-13.089133089133089,-18.94993894993895,-14.261294261294262,0.0,-143.5897435897436,195.94627594627596,-4.102564102564102,11.135531135531137,-18.94993894993895
-47.472527472527474,-192.8205128205128,132.64957264957266,5.665445665445666,0.0,-69.35286935286935,-33.01587301587302,-7.228327228327228,10.744810744810744,0.0,-17.77777777777778,-31.062271062271066,0.0,-36.14163614163614,-42.78388278388278,6.446886446886447,6.837606837606837,0.0,-21.294261294261293,-9.963369963369964,-20.12210012210012,-13.47985347985348,0.0,-132.25885225885227,193.6019536019536,-7.619047619047619,14.261294261294262,-20.12210012210012
-56.84981684981685,-231.5018315018315,176.4102564102564,6.446886446886447,0.0,-76.38583638583638,-29.89010989010989,-2.93040293040293,6.837606837606837,0.0,-12.307692307692308,-33.40659340659341,0.0,-46.3003663003663,-40.04884004884005,7.619047619047619,11.916971916971915,0.0,-32.234432234432234,4.493284493284493,-27.155067155067155,-11.526251526251526,0.0,-176.01953601953602,233.06471306471303,-8.791208791208792,33.7973137973138,-27.155067155067155
-64.66422466422466,176.01953601953602,-220.17094017094016,2.5396825396825395,0.0,-80.68376068376068,-24.02930402930403,-1.7582417582417582,2.5396825396825395,0.0,-11.526251526251526,-33.7973137973138,0.0,-46.3003663003663,-45.90964590964591,11.135531135531137,16.605616605616607,0.0,-34.969474969474966,-15.824175824175825,-4.884004884004884,-8.00976800976801,0.0,220.56166056166057,-160.3907203907204,-26.37362637362637,18.55921855921856,-4.884004884004884
-47.86324786324786,342.07570207570205,-380.7570207570208,-0.1953601953601953,0.0,-58.41269841269841,-22.857142857142858,-6.837606837606837,3.711843711843712,0.0,-17.387057387057386,-29.10866910866911,0.0,-78.73015873015873,-39.26739926739927,14.261294261294262,23.247863247863247,0.0,-66.22710622710623,12.698412698412698,-19.73137973137973,-6.837606837606837,0.0,381.1477411477412,-297.1428571428572,-52.16117216117216,32.234432234432234,-19.73137973137973
-27.936507936507937,268.62026862026863,-306.5201465201465,0.5860805860805861,0.0,-31.843711843711844,-30.671550671550676,-11.526251526251526,11.526251526251526,0.0,-22.075702075702075,-26.37362637362637,0.0,-66.61782661782662,-37.704517704517706,12.698412698412698,24.81074481074481,0.0,-56.45909645909646,56.45909645909646,-59.1941391941392,-6.837606837606837,0.0,306.9108669108669,-245.1770451770452,-29.10866910866911,65.83638583638583,-59.1941391941392
-21.294261294261293,497.1916971916972,-546.031746031746,7.619047619047619,0.0,-17.77777777777778,-42.002442002442,-16.605616605616607,16.214896214896214,0.0,-32.234432234432234,-31.843711843711844,0.0,-14.261294261294262,-53.333333333333336,8.00976800976801,18.94993894993895,0.0,-18.94993894993895,27.545787545787547,-36.53235653235653,-11.135531135531137,0.0,546.4224664224664,-483.9072039072039,-15.433455433455434,35.36019536019536,-36.53235653235653
-24.02930402930403,383.8827838827839,-439.7557997557997,11.135531135531137,0.0,-12.307692307692308,-48.64468864468864,-21.68498168498169,16.996336996336996,0.0,-38.48595848595848,-41.61172161172161,0.0,8.4004884004884,-56.45909645909646,-0.1953601953601953,14.261294261294262,0.0,0.1953601953601953,0.1953601953601953,-13.870573870573873,-20.12210012210012,0.0,440.1465201465202,-370.2075702075702,3.3211233211233213,0.5860805860805861,-13.870573870573873
-25.2014652014652,331.916971916972,-395.6043956043956,12.307692307692308,0.0,-23.247863247863247,-42.78388278388278,-22.857142857142858,14.261294261294262,0.0,-34.969474969474966,-49.81684981684982,0.0,20.12210012210012,-59.975579975579976,-8.791208791208792,10.744810744810744,0.0,4.884004884004884,1.3675213675213675,-26.37362637362637,-16.996336996336996,0.0,395.995115995116,-327.6190476190476,17.77777777777778,-1.3675213675213675,-26.37362637362637
-28.32722832722833,515.1648351648352,-590.9645909645909,13.089133089133089,0.0,-32.62515262515262,-36.14163614163614,-22.857142857142858,3.3211233211233213,0.0,-34.18803418803419,-56.45909645909646,0.0,23.63858363858364,-66.61782661782662,-13.089133089133089,6.446886446886447,0.0,-6.056166056166056,-24.81074481074481,-6.837606837606837,-9.572649572649572,0.0,591.3553113553113,-524.1514041514041,11.135531135531137,-19.73137973137973,-6.837606837606837
-40.43956043956044,190.86691086691087,-262.75946275946274,6.056166056166056,0.0,-54.5054945054945,-22.857142857142858,-18.55921855921856,-6.837606837606837,0.0,-31.843711843711844,-55.67765567765568,0.0,0.9768009768009768,-61.14774114774115,-10.354090354090356,7.228327228327228,0.0,-25.2014652014652,-48.64468864468864,7.228327228327228,3.711843711843712,0.0,263.1501831501831,-195.94627594627596,-8.4004884004884,-38.095238095238095,7.228327228327228
-37.31379731379732,383.4920634920635,-444.8351648351649,3.711843711843712,0.0,-61.92918192918193,-11.135531135531137,-12.307692307692308,-6.056166056166056,0.0,-24.81074481074481,-45.12820512820513,0.0,-31.843711843711844,-45.90964590964591,-0.5860805860805861,15.433455433455434,0.0,-37.31379731379732,-37.31379731379732,-8.791208791208792,21.294261294261293,0.0,445.2258852258853,-385.44566544566544,-33.7973137973138,-17.77777777777778,-8.791208791208792
-49.03540903540904,115.06715506715508,-160.3907203907204,5.665445665445666,0.0,-62.71062271062271,-11.526251526251526,-10.744810744810744,-0.1953601953601953,0.0,-22.857142857142858,-34.57875457875458,0.0,-37.31379731379732,-38.095238095238095,4.884004884004884,19.34065934065934,0.0,-37.31379731379732,-24.02930402930403,-21.294261294261293,32.62515262515262,0.0,160.78144078144078,-123.66300366300366,-39.65811965811966,4.493284493284493,-21.294261294261293
-54.5054945054945,-77.55799755799755,50.989010989010985,1.3675213675213675,0.0,-56.84981684981685,-13.089133089133089,-9.572649572649572,2.5396825396825395,0.0,-19.34065934065934,-28.71794871794872,0.0,-28.71794871794872,-29.10866910866911,9.572649572649572,19.34065934065934,0.0,-25.592185592185597,-33.7973137973138,-4.102564102564102,34.969474969474966,0.0,-50.5982905982906,74.04151404151405,-45.12820512820513,-3.3211233211233213,-4.102564102564102
-30.28083028083028,23.247863247863247,-32.62515262515262,0.1953601953601953,0.0,-19.34065934065934,-13.870573870573873,-11.135531135531137,6.837606837606837,0.0,-13.089133089133089,-25.982905982905983,0.0,-10.354090354090356,-26.37362637362637,9.572649572649572,21.68498168498169,0.0,-20.512820512820515,-19.34065934065934,-3.3211233211233213,39.26739926739927,0.0,33.01587301587302,-15.824175824175825,-47.472527472527474,0.1953601953601953,-3.3211233211233213
-9.963369963369964,210.01221001221,-220.56166056166057,2.5396825396825395,0.0,11.135531135531137,-17.387057387057386,-17.77777777777778,7.228327228327228,0.0,-17.387057387057386,-29.10866910866911,0.0,8.4004884004884,-33.40659340659341,2.5396825396825395,17.77777777777778,0.0,-22.075702075702075,-3.3211233211233213,-15.824175824175825,38.87667887667888,0.0,220.95238095238096,-207.27716727716728,-42.002442002442,13.870573870573873,-15.824175824175825
-9.963369963369964,135.3846153846154,-149.84126984126985,4.493284493284493,0.0,22.075702075702075,-24.02930402930403,-19.34065934065934,2.5396825396825395,0.0,-29.10866910866911,-32.62515262515262,0.0,26.37362637362637,-44.346764346764346,-0.1953601953601953,14.652014652014651,0.0,-22.466422466422465,-21.68498168498169,7.619047619047619,33.7973137973138,0.0,150.23199023199024,-139.29181929181928,-34.57875457875458,-3.3211233211233213,7.619047619047619
-6.837606837606837,317.46031746031747,-329.96336996337,9.18192918192918,0.0,24.02930402930403,-22.075702075702075,-14.261294261294262,4.102564102564102,0.0,-28.32722832722833,-31.062271062271066,0.0,17.77777777777778,-41.22100122100122,3.3211233211233213,17.77777777777778,0.0,-27.155067155067155,-19.73137973137973,15.824175824175825,29.499389499389498,0.0,330.3540903540904,-318.63247863247864,-23.63858363858364,-7.619047619047619,15.824175824175825
-24.02930402930403,-24.02930402930403,15.824175824175825,13.870573870573873,0.0,0.1953601953601953,-16.214896214896214,-8.00976800976801,7.619047619047619,0.0,-29.89010989010989,-17.387057387057386,0.0,-0.9768009768009768,-36.53235653235653,11.526251526251526,18.94993894993895,0.0,-36.14163614163614,-18.94993894993895,16.605616605616607,31.45299145299145,0.0,-15.433455433455434,24.42002442002442,-22.075702075702075,-6.056166056166056,16.605616605616607
-25.982905982905983,-270.5738705738706,268.62026862026863,14.652014652014651,0.0,-6.446886446886447,-15.042735042735044,0.1953601953601953,9.572649572649572,0.0,-26.37362637362637,-2.5396825396825395,0.0,-2.5396825396825395,-29.499389499389498,20.512820512820515,19.34065934065934,0.0,-29.89010989010989,-9.963369963369964,15.042735042735044,32.234432234432234,0.0,-268.22954822954824,257.6800976800977,-13.47985347985348,5.665445665445666,15.042735042735044
-28.32722832722833,26.37362637362637,-10.354090354090356,9.18192918192918,0.0,-25.982905982905983,-0.9768009768009768,11.916971916971915,12.698412698412698,0.0,-13.089133089133089,9.963369963369964,0.0,-5.665445665445666,-17.387057387057386,27.936507936507937,22.466422466422465,0.0,-22.857142857142858,7.619047619047619,8.00976800976801,34.57875457875458,0.0,10.744810744810744,-33.7973137973138,-10.354090354090356,13.870573870573873,8.00976800976801
-16.996336996336996,-44.737484737484735,68.18070818070818,0.1953601953601953,0.0,-24.81074481074481,0.5860805860805861,15.433455433455434,15.824175824175825,0.0,-10.744810744810744,13.089133089133089,0.0,0.1953601953601953,-11.916971916971915,25.982905982905983,23.247863247863247,0.0,-10.744810744810744,-2.148962148962149,11.916971916971915,40.04884004884005,0.0,-67.78998778998779,43.17460317460318,-19.34065934065934,-0.5860805860805861,11.916971916971915
-4.102564102564102,-227.985347985348,237.36263736263737,-1.7582417582417582,0.0,-22.857142857142858,-1.3675213675213675,12.307692307692308,16.214896214896214,0.0,-16.214896214896214,9.963369963369964,0.0,16.214896214896214,-17.387057387057386,16.605616605616607,24.42002442002442,0.0,0.9768009768009768,-11.135531135531137,8.791208791208792,41.61172161172161,0.0,-236.97191697191695,209.6214896214896,-22.075702075702075,0.9768009768009768,8.791208791208792
-18.55921855921856,-158.43711843711844,173.67521367521368,-4.102564102564102,0.0,-23.247863247863247,-5.665445665445666,7.619047619047619,14.261294261294262,0.0,-17.77777777777778,3.711843711843712,0.0,5.274725274725275,-6.837606837606837,11.135531135531137,24.81074481074481,0.0,0.1953601953601953,-16.605616605616607,16.605616605616607,35.36019536019536,0.0,-173.2844932844933,142.02686202686203,-20.512820512820515,3.3211233211233213,16.605616605616607
-18.55921855921856,-134.6031746031746,152.57631257631255,-4.493284493284493,0.0,-10.744810744810744,-7.619047619047619,0.1953601953601953,13.47985347985348,0.0,-19.34065934065934,3.3211233211233213,0.0,0.5860805860805861,-8.00976800976801,8.4004884004884,23.63858363858364,0.0,-6.056166056166056,-18.94993894993895,16.605616605616607,33.7973137973138,0.0,-152.18559218559218,127.17948717948718,-26.37362637362637,3.711843711843712,16.605616605616607
-9.963369963369964,-134.21245421245422,143.1990231990232,-1.7582417582417582,0.0,0.1953601953601953,-2.148962148962149,-9.18192918192918,8.791208791208792,0.0,-17.387057387057386,5.665445665445666,0.0,0.5860805860805861,-11.135531135531137,9.963369963369964,21.68498168498169,0.0,-13.089133089133089,-17.387057387057386,19.73137973137973,32.234432234432234,0.0,-142.8083028083028,124.44444444444444,-25.982905982905983,4.493284493284493,19.73137973137973
-8.4004884004884,-372.9426129426129,389.7435897435897,-2.93040293040293,0.0,6.056166056166056,5.274725274725275,-10.354090354090356,4.102564102564102,0.0,-6.056166056166056,9.963369963369964,0.0,-3.711843711843712,-1.7582417582417582,17.387057387057386,22.466422466422465,0.0,-3.711843711843712,0.1953601953601953,11.916971916971915,25.592185592185597,0.0,-389.3528693528693,365.12820512820514,-18.168498168498168,22.466422466422465,11.916971916971915
-1.7582417582417582,-97.09401709401708,120.14652014652016,-2.5396825396825395,0.0,9.572649572649572,13.089133089133089,-9.572649572649572,4.884004884004884,0.0,1.3675213675213675,12.698412698412698,0.0,0.5860805860805861,0.9768009768009768,24.02930402930403,26.37362637362637,0.0,2.5396825396825395,24.81074481074481,-0.9768009768009768,26.37362637362637,0.0,-119.75579975579976,98.26617826617829,-17.387057387057386,31.843711843711844,-0.9768009768009768
11.135531135531137,-136.55677655677655,162.34432234432234,-0.9768009768009768,0.0,17.387057387057386,12.307692307692308,-4.493284493284493,11.135531135531137,0.0,1.3675213675213675,16.996336996336996,0.0,-4.102564102564102,6.056166056166056,25.982905982905983,31.45299145299145,0.0,6.056166056166056,7.619047619047619,13.870573870573873,31.062271062271066,0.0,-161.95360195360195,145.15262515262515,-16.996336996336996,3.711843711843712,13.870573870573873
5.665445665445666,-66.22710622710623,97.09401709401708,6.056166056166056,0.0,12.698412698412698,5.665445665445666,3.711843711843712,19.73137973137973,0.0,-1.7582417582417582,23.247863247863247,0.0,1.3675213675213675,10.354090354090356,27.155067155067155,38.87667887667888,0.0,20.12210012210012,4.102564102564102,14.261294261294262,39.26739926739927,0.0,-96.7032967032967,74.82295482295483,-13.47985347985348,0.9768009768009768,14.261294261294262
4.102564102564102,-60.757020757020754,102.17338217338218,5.274725274725275,0.0,13.47985347985348,2.148962148962149,13.47985347985348,20.903540903540904,0.0,-3.711843711843712,26.37362637362637,0.0,6.056166056166056,11.135531135531137,29.10866910866911,38.095238095238095,0.0,17.77777777777778,27.155067155067155,-3.3211233211233213,44.346764346764346,0.0,-101.78266178266178,71.6971916971917,-18.94993894993895,21.68498168498169,-3.3211233211233213
3.711843711843712,-44.737484737484735,96.31257631257633,4.493284493284493,0.0,18.94993894993895,3.711843711843712,17.387057387057386,18.94993894993895,0.0,-5.274725274725275,28.71794871794872,0.0,9.18192918192918,3.711843711843712,29.89010989010989,39.65811965811966,0.0,4.493284493284493,14.652014652014651,11.916971916971915,52.16117216117216,0.0,-95.92185592185592,65.83638583638583,-20.12210012210012,-0.5860805860805861,11.916971916971915
-0.1953601953601953,-214.7008547008547,257.2893772893773,1.3675213675213675,0.0,4.493284493284493,8.791208791208792,14.652014652014651,14.261294261294262,0.0,-8.00976800976801,27.155067155067155,0.0,17.77777777777778,-8.00976800976801,30.28083028083028,39.65811965811966,0.0,6.446886446886447,2.5396825396825395,13.870573870573873,56.84981684981685,0.0,-256.8986568986569,214.7008547008547,-17.387057387057386,0.1953601953601953,13.870573870573873
3.711843711843712,74.04151404151405,-38.87667887667888,-4.493284493284493,0.0,1.3675213675213675,16.605616605616607,8.00976800976801,6.446886446886447,0.0,-8.00976800976801,16.605616605616607,0.0,21.68498168498169,-14.261294261294262,29.499389499389498,39.26739926739927,0.0,6.056166056166056,5.274725274725275,9.963369963369964,54.114774114774114,0.0,39.26739926739927,-86.54456654456655,-18.168498168498168,11.526251526251526,9.963369963369964
-8.00976800976801,250.64713064713064,-224.85958485958488,-6.837606837606837,0.0,-7.228327228327228,16.996336996336996,-2.148962148962149,3.3211233211233213,0.0,-11.526251526251526,5.274725274725275,0.0,15.042735042735044,-17.387057387057386,25.2014652014652,40.83028083028083,0.0,-0.9768009768009768,-6.837606837606837,23.63858363858364,49.03540903540904,0.0,225.25030525030525,-252.991452991453,-25.982905982905983,-7.619047619047619,23.63858363858364
-11.916971916971915,-19.73137973137973,34.57875457875458,-2.93040293040293,0.0,-8.791208791208792,8.791208791208792,-10.354090354090356,9.963369963369964,0.0,-18.94993894993895,0.9768009768009768,0.0,7.228327228327228,-18.94993894993895,22.075702075702075,41.61172161172161,0.0,-2.148962148962149,-18.168498168498168,27.936507936507937,45.51892551892552,0.0,-34.18803418803419,15.433455433455434,-29.10866910866911,-11.916971916971915,27.936507936507937
-3.711843711843712,151.7948717948718,-138.1196581196581,1.3675213675213675,0.0,4.884004884004884,-1.3675213675213675,-9.572649572649572,16.996336996336996,0.0,-22.857142857142858,1.3675213675213675,0.0,-0.1953601953601953,-11.526251526251526,21.68498168498169,42.39316239316239,0.0,3.711843711843712,-17.77777777777778,25.982905982905983,40.43956043956044,0.0,138.5103785103785,-160.0,-28.32722832722833,2.5396825396825395,25.982905982905983
0.9768009768009768,252.991452991453,-235.4090354090354,2.93040293040293,0.0,9.963369963369964,-8.791208791208792,-3.711843711843712,25.2014652014652,0.0,-21.68498168498169,8.00976800976801,0.0,-11.916971916971915,-7.228327228327228,23.63858363858364,43.56532356532357,0.0,-5.665445665445666,-8.791208791208792,23.247863247863247,39.65811965811966,0.0,235.7997557997558,-253.3821733821734,-30.671550671550676,1.3675213675213675,23.247863247863247
2.5396825396825395,160.78144078144078,-131.08669108669108,-1.3675213675213675,0.0,-2.5396825396825395,-2.148962148962149,4.884004884004884,30.28083028083028,0.0,-13.870573870573873,15.433455433455434,0.0,-19.73137973137973,-7.619047619047619,25.592185592185597,42.78388278388278,0.0,-13.089133089133089,-13.870573870573873,27.936507936507937,40.43956043956044,0.0,131.4774114774115,-156.4835164835165,-21.68498168498169,-11.916971916971915,27.936507936507937
-3.3211233211233213,105.2991452991453,-70.91575091575092,-8.4004884004884,0.0,-25.2014652014652,5.274725274725275,9.963369963369964,30.671550671550676,0.0,-6.837606837606837,18.55921855921856,0.0,-1.7582417582417582,-14.261294261294262,24.02930402930403,42.002442002442,0.0,-15.042735042735044,-10.354090354090356,26.764346764346765,48.64468864468864,0.0,71.30647130647131,-109.2063492063492,-23.247863247863247,-13.089133089133089,26.764346764346765
-19.73137973137973,-69.35286935286935,106.08058608058607,-11.916971916971915,0.0,-54.114774114774114,17.387057387057386,16.605616605616607,24.02930402930403,0.0,-1.3675213675213675,16.996336996336996,0.0,12.698412698412698,-12.698412698412698,20.903540903540904,41.22100122100122,0.0,-7.228327228327228,-1.3675213675213675,20.12210012210012,52.16117216117216,0.0,-105.68986568986568,68.18070818070818,-26.37362637362637,-9.18192918192918,20.12210012210012
-23.247863247863247,-97.87545787545788,135.77533577533578,-11.135531135531137,0.0,-54.5054945054945,22.466422466422465,15.433455433455434,17.77777777777778,0.0,-0.9768009768009768,14.261294261294262,0.0,24.42002442002442,-16.214896214896214,18.168498168498168,39.26739926739927,0.0,-2.5396825396825395,5.665445665445666,14.261294261294262,49.42612942612943,0.0,-135.3846153846154,108.8156288156288,-34.57875457875458,-2.148962148962149,14.261294261294262
-18.94993894993895,-143.98046398046398,174.45665445665446,-1.7582417582417582,0.0,-25.2014652014652,5.274725274725275,8.791208791208792,19.34065934065934,0.0,-13.47985347985348,9.963369963369964,0.0,32.234432234432234,-9.963369963369964,13.47985347985348,36.53235653235653,0.0,0.9768009768009768,5.665445665445666,21.294261294261293,43.56532356532357,0.0,-174.06593406593407,151.01343101343102,-38.87667887667888,5.665445665445666,21.294261294261293
2.148962148962149,-421.001221001221,431.5506715506716,7.619047619047619,0.0,9.18192918192918,-16.605616605616607,4.884004884004884,23.247863247863247,0.0,-30.28083028083028,4.102564102564102,0.0,32.62515262515262,-6.837606837606837,11.135531135531137,34.18803418803419,0.0,-1.3675213675213675,11.135531135531137,29.10866910866911,31.843711843711844,0.0,-431.1599511599512,419.4383394383394,-38.48595848595848,11.526251526251526,29.10866910866911
20.903540903540904,-208.44932844932845,213.91941391941396,9.963369963369964,0.0,38.48595848595848,-29.89010989010989,1.3675213675213675,25.982905982905983,0.0,-35.75091575091575,-0.9768009768009768,0.0,31.062271062271066,-4.493284493284493,12.307692307692308,28.71794871794872,0.0,-11.526251526251526,19.73137973137973,36.53235653235653,23.247863247863247,0.0,-213.52869352869357,204.93284493284492,-37.31379731379732,11.135531135531137,36.53235653235653
24.81074481074481,-368.64468864468864,364.7374847374848,12.698412698412698,0.0,43.17460317460318,-39.26739926739927,-3.3211233211233213,33.7973137973138,0.0,-37.704517704517706,-0.5860805860805861,0.0,33.01587301587302,-8.00976800976801,12.307692307692308,28.32722832722833,0.0,-30.671550671550676,26.37362637362637,49.42612942612943,20.512820512820515,0.0,-364.3467643467644,361.6117216117216,-33.40659340659341,0.1953601953601953,49.42612942612943
14.261294261294262,-185.78754578754575,176.4102564102564,9.572649572649572,0.0,20.512820512820515,-37.31379731379732,-4.102564102564102,35.75091575091575,0.0,-34.57875457875458,-0.9768009768009768,0.0,34.18803418803419,-17.387057387057386,11.135531135531137,29.499389499389498,0.0,-34.969474969474966,24.81074481074481,43.56532356532357,24.42002442002442,0.0,-176.01953601953602,174.06593406593407,-32.234432234432234,0.1953601953601953,43.56532356532357
15.042735042735044,-356.9230769230769,351.06227106227107,-0.5860805860805861,0.0,7.619047619047619,-24.02930402930403,-2.148962148962149,26.764346764346765,0.0,-24.02930402930403,-1.7582417582417582,0.0,39.65811965811966,-20.903540903540904,10.354090354090356,29.10866910866911,0.0,-26.764346764346765,25.2014652014652,33.7973137973138,26.764346764346765,0.0,-350.6715506715507,351.84371184371184,-30.28083028083028,-7.228327228327228,33.7973137973138
6.837606837606837,-170.54945054945054,170.54945054945054,-3.711843711843712,0.0,3.711843711843712,-20.12210012210012,-2.93040293040293,22.075702075702075,0.0,-22.857142857142858,2.93040293040293,0.0,31.843711843711844,-22.466422466422465,8.791208791208792,31.843711843711844,0.0,-21.294261294261293,19.73137973137973,24.02930402930403,28.32722832722833,0.0,-170.15873015873015,176.8009768009768,-31.45299145299145,-11.526251526251526,24.02930402930403
2.5396825396825395,-296.7521367521368,299.0964590964591,-2.148962148962149,0.0,-0.1953601953601953,-18.55921855921856,0.5860805860805861,20.512820512820515,0.0,-27.155067155067155,8.791208791208792,0.0,22.075702075702075,-23.63858363858364,9.572649572649572,37.31379731379732,0.0,-17.387057387057386,16.605616605616607,14.652014652014651,32.234432234432234,0.0,-298.7057387057387,294.4078144078144,-31.062271062271066,0.5860805860805861,14.652014652014651
16.214896214896214,-29.499389499389498,31.45299145299145,-2.5396825396825395,0.0,8.791208791208792,-15.042735042735044,4.102564102564102,16.605616605616607,0.0,-27.545787545787547,11.135531135531137,0.0,20.903540903540904,-19.73137973137973,15.433455433455434,38.48595848595848,0.0,-6.056166056166056,8.4004884004884,20.512820512820515,32.62515262515262,0.0,-31.062271062271066,21.294261294261293,-36.92307692307692,2.148962148962149,20.512820512820515
9.572649572649572,27.155067155067155,-20.903540903540904,-1.7582417582417582,0.0,7.619047619047619,-15.824175824175825,4.884004884004884,15.824175824175825,0.0,-24.02930402930403,15.433455433455434,0.0,5.665445665445666,-16.214896214896214,21.294261294261293,37.704517704517706,0.0,-8.4004884004884,-14.261294261294262,36.53235653235653,36.14163614163614,0.0,21.294261294261293,-24.02930402930403,-46.69108669108669,-11.526251526251526,36.53235653235653
8.4004884004884,-127.57020757020756,128.35164835164835,-3.711843711843712,0.0,-2.93040293040293,-15.433455433455434,2.93040293040293,20.512820512820515,0.0,-26.37362637362637,20.903540903540904,0.0,-0.9768009768009768,-19.34065934065934,24.81074481074481,39.65811965811966,0.0,-10.354090354090356,-15.042735042735044,32.234432234432234,36.92307692307692,0.0,-127.96092796092796,126.3980463980464,-48.25396825396825,-6.446886446886447,32.234432234432234
23.63858363858364,-168.2051282051282,146.7155067155067,-9.963369963369964,0.0,-4.493284493284493,-19.73137973137973,-3.3211233211233213,20.903540903540904,0.0,-27.545787545787547,15.433455433455434,0.0,4.493284493284493,-20.512820512820515,21.294261294261293,36.14163614163614,0.0,-10.354090354090356,-17.387057387057386,40.43956043956044,31.062271062271066,0.0,-146.32478632478632,149.84126984126985,-50.5982905982906,-12.307692307692308,40.43956043956044
7.619047619047619,27.936507936507937,-50.20757020757021,-10.744810744810744,0.0,-11.526251526251526,-28.71794871794872,-5.665445665445666,20.903540903540904,0.0,-29.499389499389498,11.135531135531137,0.0,6.837606837606837,-11.526251526251526,16.214896214896214,31.843711843711844,0.0,-9.572649572649572,8.791208791208792,21.294261294261293,22.857142857142858,0.0,50.5982905982906,-32.62515262515262,-40.83028083028083,-6.056166056166056,21.294261294261293
8.4004884004884,18.55921855921856,-45.51892551892552,-5.274725274725275,0.0,-13.870573870573873,-31.062271062271066,-6.056166056166056,27.936507936507937,0.0,-35.75091575091575,11.135531135531137,0.0,13.870573870573873,-11.135531135531137,10.354090354090356,36.92307692307692,0.0,-9.18192918192918,52.94261294261294,-14.261294261294262,22.466422466422465,0.0,45.90964590964591,-28.32722832722833,-27.936507936507937,21.68498168498169,-14.261294261294262
11.526251526251526,-255.72649572649573,228.3760683760684,-0.1953601953601953,0.0,-10.744810744810744,-27.545787545787547,-4.493284493284493,27.936507936507937,0.0,-35.36019536019536,6.837606837606837,0.0,13.47985347985348,-16.605616605616607,6.446886446886447,35.36019536019536,0.0,-8.00976800976801,46.69108669108669,-18.168498168498168,18.94993894993895,0.0,-227.985347985348,232.67399267399267,-16.996336996336996,29.89010989010989,-18.168498168498168
0.9768009768009768,-87.32600732600733,72.08791208791209,8.4004884004884,0.0,-13.089133089133089,-16.996336996336996,1.3675213675213675,23.247863247863247,0.0,-27.545787545787547,5.274725274725275,0.0,15.824175824175825,-11.135531135531137,4.884004884004884,32.234432234432234,0.0,-15.433455433455434,50.20757020757021,-16.605616605616607,25.592185592185597,0.0,-71.6971916971917,72.47863247863248,-18.94993894993895,34.57875457875458,-16.605616605616607
-2.5396825396825395,-94.74969474969475,104.51770451770452,8.791208791208792,0.0,5.665445665445666,-9.963369963369964,2.148962148962149,17.77777777777778,0.0,-19.73137973137973,4.493284493284493,0.0,20.512820512820515,-15.433455433455434,4.493284493284493,31.45299145299145,0.0,-18.55921855921856,4.102564102564102,22.466422466422465,33.40659340659341,0.0,-104.12698412698413,102.17338217338218,-24.02930402930403,-6.056166056166056,22.466422466422465
12.307692307692308,-52.94261294261294,67.78998778998779,1.7582417582417582,0.0,24.02930402930403,-4.884004884004884,-2.148962148962149,13.089133089133089,0.0,-15.433455433455434,3.711843711843712,0.0,20.903540903540904,-20.903540903540904,6.446886446886447,31.062271062271066,0.0,-23.247863247863247,4.884004884004884,22.466422466422465,33.7973137973138,0.0,-67.3992673992674,58.41269841269841,-29.89010989010989,2.148962148962149,22.466422466422465
6.056166056166056,-146.7155067155067,170.15873015873015,-6.837606837606837,0.0,20.12210012210012,0.5860805860805861,-5.665445665445666,7.228327228327228,0.0,-14.261294261294262,1.7582417582417582,0.0,20.512820512820515,-13.089133089133089,8.00976800976801,25.2014652014652,0.0,-23.63858363858364,9.572649572649572,31.843711843711844,23.63858363858364,0.0,-169.76800976800976,160.0,-30.671550671550676,-0.5860805860805861,31.843711843711844
3.3211233211233213,59.975579975579976,-36.53235653235653,-16.214896214896214,0.0,16.214896214896214,-0.5860805860805861,-11.916971916971915,6.837606837606837,0.0,-13.089133089133089,-0.1953601953601953,0.0,23.63858363858364,-3.711843711843712,8.00976800976801,19.34065934065934,0.0,-13.870573870573873,19.34065934065934,33.40659340659341,8.4004884004884,0.0,36.92307692307692,-40.43956043956044,-38.095238095238095,6.837606837606837,33.40659340659341
15.433455433455434,70.13431013431014,-61.92918192918193,-18.94993894993895,0.0,15.824175824175825,-4.884004884004884,-16.605616605616607,9.963369963369964,0.0,-14.261294261294262,-1.3675213675213675,0.0,16.605616605616607,0.5860805860805861,4.884004884004884,15.433455433455434,0.0,-9.963369963369964,49.81684981684982,5.665445665445666,-5.274725274725275,0.0,62.31990231990232,-75.21367521367522,-17.77777777777778,38.87667887667888,5.665445665445666
19.73137973137973,115.84859584859583,-134.21245421245422,-12.307692307692308,0.0,-0.5860805860805861,-3.711843711843712,-15.824175824175825,9.963369963369964,0.0,-15.042735042735044,-5.665445665445666,0.0,19.34065934065934,3.3211233211233213,-0.9768009768009768,7.619047619047619,0.0,-24.42002442002442,56.06837606837607,11.526251526251526,-11.916971916971915,0.0,134.6031746031746,-143.5897435897436,-10.744810744810744,34.969474969474966,11.526251526251526
24.02930402930403,396.3858363858364,-420.6105006105006,-5.274725274725275,0.0,14.652014652014651,-12.307692307692308,-14.652014652014651,6.837606837606837,0.0,-12.307692307692308,-12.307692307692308,0.0,28.32722832722833,1.3675213675213675,-5.665445665445666,5.274725274725275,0.0,-22.075702075702075,37.704517704517706,27.936507936507937,-12.307692307692308,0.0,421.001221001221,-413.5775335775336,-14.261294261294262,18.168498168498168,27.936507936507937
26.764346764346765,113.5042735042735,-138.1196581196581,-1.7582417582417582,0.0,25.2014652014652,-13.089133089133089,-15.433455433455434,4.102564102564102,0.0,-14.652014652014651,-16.996336996336996,0.0,45.51892551892552,-10.744810744810744,-8.00976800976801,7.619047619047619,0.0,-13.870573870573873,35.75091575091575,16.214896214896214,-3.3211233211233213,0.0,138.5103785103785,-124.05372405372404,-9.963369963369964,11.916971916971915,16.214896214896214
15.433455433455434,91.62393162393164,-113.5042735042735,-3.3211233211233213,0.0,9.18192918192918,-3.3211233211233213,-14.652014652014651,0.1953601953601953,0.0,-17.77777777777778,-16.996336996336996,0.0,43.56532356532357,-20.512820512820515,-6.056166056166056,8.4004884004884,0.0,-22.075702075702075,38.095238095238095,7.228327228327228,2.93040293040293,0.0,113.89499389499387,-105.68986568986568,-21.68498168498169,27.155067155067155,7.228327228327228
3.3211233211233213,205.32356532356533,-213.91941391941396,-5.665445665445666,0.0,1.7582417582417582,7.228327228327228,-13.870573870573873,-5.665445665445666,0.0,-14.652014652014651,-14.261294261294262,0.0,30.28083028083028,-15.433455433455434,-0.9768009768009768,9.963369963369964,0.0,-17.387057387057386,2.5396825396825395,26.764346764346765,11.526251526251526,0.0,214.31013431013432,-210.4029304029304,-37.31379731379732,12.307692307692308,26.764346764346765
-0.9768009768009768,185.78754578754575,-174.84737484737485,-6.837606837606837,0.0,6.446886446886447,14.261294261294262,-11.526251526251526,-7.228327228327228,0.0,-7.228327228327228,-8.00976800976801,0.0,27.155067155067155,-9.963369963369964,1.7582417582417582,13.089133089133089,0.0,-22.857142857142858,3.3211233211233213,33.40659340659341,19.73137973137973,0.0,175.23809523809524,-181.8803418803419,-43.95604395604396,7.619047619047619,33.40659340659341
-11.135531135531137,-146.32478632478632,153.74847374847374,-4.884004884004884,0.0,-10.744810744810744,14.652014652014651,-8.00976800976801,-4.493284493284493,0.0,-6.446886446886447,1.3675213675213675,0.0,7.228327228327228,-2.93040293040293,3.3211233211233213,13.089133089133089,0.0,-42.78388278388278,16.996336996336996,27.936507936507937,19.34065934065934,0.0,-153.35775335775335,140.46398046398048,-40.83028083028083,12.698412698412698,27.936507936507937
-8.791208791208792,2.93040293040293,10.744810744810744,-5.274725274725275,0.0,-9.963369963369964,12.698412698412698,-1.7582417582417582,-0.9768009768009768,0.0,0.1953601953601953,9.572649572649572,0.0,-8.791208791208792,10.354090354090356,6.837606837606837,12.698412698412698,0.0,-41.61172161172161,6.837606837606837,39.26739926739927,17.77777777777778,0.0,-10.354090354090356,-9.572649572649572,-37.704517704517706,6.837606837606837,39.26739926739927
2.5396825396825395,330.3540903540904,-306.1294261294261,-4.493284493284493,0.0,8.791208791208792,4.493284493284493,1.3675213675213675,4.493284493284493,0.0,8.4004884004884,11.916971916971915,0.0,4.102564102564102,18.55921855921856,11.916971916971915,9.572649572649572,0.0,-23.63858363858364,25.592185592185597,32.234432234432234,11.916971916971915,0.0,306.5201465201465,-322.53968253968253,-33.40659340659341,12.698412698412698,32.234432234432234
8.791208791208792,301.44078144078145,-292.45421245421244,-6.446886446886447,0.0,-1.7582417582417582,0.5860805860805861,-0.5860805860805861,11.916971916971915,0.0,9.18192918192918,8.791208791208792,0.0,4.884004884004884,19.73137973137973,11.916971916971915,6.446886446886447,0.0,-17.387057387057386,36.53235653235653,13.47985347985348,12.307692307692308,0.0,292.8449328449328,-295.57997557997555,-46.3003663003663,27.545787545787547,13.47985347985348
22.075702075702075,582.7594627594627,-587.4481074481074,-6.837606837606837,0.0,2.148962148962149,0.5860805860805861,-5.274725274725275,11.916971916971915,0.0,9.18192918192918,-0.5860805860805861,0.0,14.261294261294262,15.433455433455434,10.744810744810744,2.148962148962149,0.0,-13.870573870573873,20.903540903540904,23.63858363858364,13.089133089133089,0.0,587.8388278388278,-594.0903540903541,-55.67765567765568,29.89010989010989,23.63858363858364
42.78388278388278,401.074481074481,-399.1208791208791,-5.665445665445666,0.0,38.48595848595848,-0.5860805860805861,-8.791208791208792,8.791208791208792,0.0,7.619047619047619,-9.18192918192918,0.0,36.14163614163614,8.4004884004884,4.884004884004884,4.102564102564102,0.0,-21.294261294261293,25.982905982905983,33.40659340659341,17.387057387057386,0.0,399.5115995115995,-409.6703296703297,-74.04151404151405,36.92307692307692,33.40659340659341
26.37362637362637,457.72893772893775,-465.1526251526252,-8.00976800976801,0.0,26.764346764346765,-3.711843711843712,-16.214896214896214,4.493284493284493,0.0,-0.5860805860805861,-14.652014652014651,0.0,51.77045177045177,-9.963369963369964,-3.711843711843712,7.228327228327228,0.0,-26.764346764346765,29.89010989010989,20.12210012210012,22.075702075702075,0.0,465.5433455433456,-471.79487179487177,-80.29304029304029,40.83028083028083,20.12210012210012
10.354090354090356,218.998778998779,-221.34310134310132,-9.572649572649572,0.0,16.605616605616607,-3.711843711843712,-15.433455433455434,0.9768009768009768,0.0,-2.148962148962149,-16.214896214896214,0.0,43.95604395604396,-11.916971916971915,-8.4004884004884,8.4004884004884,0.0,-45.51892551892552,28.71794871794872,35.36019536019536,13.089133089133089,0.0,221.7338217338217,-243.6141636141636,-70.52503052503053,34.969474969474966,35.36019536019536
7.619047619047619,376.068376068376,-378.0219780219781,-13.47985347985348,0.0,14.261294261294262,-3.711843711843712,-14.261294261294262,-3.3211233211233213,0.0,0.9768009768009768,-17.77777777777778,0.0,23.63858363858364,-0.9768009768009768,-6.837606837606837,6.837606837606837,0.0,-63.88278388278388,52.55189255189255,33.40659340659341,0.9768009768009768,0.0,378.4126984126984,-395.6043956043956,-85.37240537240537,54.89621489621489,33.40659340659341
5.274725274725275,213.13797313797315,-211.96581196581195,-18.168498168498168,0.0,9.18192918192918,-1.3675213675213675,-13.47985347985348,-6.056166056166056,0.0,5.665445665445666,-13.47985347985348,0.0,6.446886446886447,16.605616605616607,-0.1953601953601953,1.7582417582417582,0.0,-71.30647130647131,72.47863247863248,30.671550671550676,-5.665445665445666,0.0,212.3565323565324,-226.4224664224664,-92.014652014652,62.71062271062271,30.671550671550676
8.4004884004884,482.3443223443224,-497.1916971916972,-17.387057387057386,0.0,-4.102564102564102,0.1953601953601953,-14.652014652014651,-5.665445665445666,0.0,9.572649572649572,-10.354090354090356,0.0,-17.77777777777778,34.57875457875458,5.665445665445666,-4.102564102564102,0.0,-80.68376068376068,59.58485958485959,47.86324786324786,-7.619047619047619,0.0,497.5824175824176,-501.4896214896215,-105.2991452991453,52.16117216117216,47.86324786324786
16.605616605616607,175.23809523809524,-209.23076923076923,-13.47985347985348,0.0,-6.837606837606837,1.7582417582417582,-16.605616605616607,-8.4004884004884,0.0,11.135531135531137,-9.572649572649572,0.0,-24.02930402930403,45.12820512820513,9.18192918192918,-8.791208791208792,0.0,-82.24664224664225,60.366300366300365,49.81684981684982,-5.665445665445666,0.0,209.6214896214896,-202.1978021978022,-114.67643467643468,54.5054945054945,49.81684981684982
23.247863247863247,195.55555555555557,-236.1904761904762,-9.18192918192918,0.0,-2.148962148962149,0.1953601953601953,-16.214896214896214,-8.00976800976801,0.0,13.870573870573873,-8.00976800976801,0.0,-2.148962148962149,41.22100122100122,9.572649572649572,-10.744810744810744,0.0,-76.38583638583638,68.96214896214896,47.86324786324786,-1.7582417582417582,0.0,236.5811965811966,-220.17094017094016,-120.92796092796092,57.24053724053724,47.86324786324786
10.744810744810744,-127.96092796092796,71.6971916971917,-3.711843711843712,0.0,-21.68498168498169,-6.837606837606837,-13.870573870573873,-3.711843711843712,0.0,11.916971916971915,-9.963369963369964,0.0,2.93040293040293,31.45299145299145,2.93040293040293,-6.837606837606837,0.0,-74.82295482295483,61.14774114774115,41.61172161172161,3.711843711843712,0.0,-71.30647130647131,97.09401709401708,-112.33211233211232,46.69108669108669,41.61172161172161
6.837606837606837,-324.88400488400487,271.74603174603175,-6.837606837606837,0.0,-30.671550671550676,-10.354090354090356,-7.228327228327228,-2.148962148962149,0.0,10.354090354090356,-13.089133089133089,0.0,-1.7582417582417582,23.247863247863247,-4.102564102564102,-2.5396825396825395,0.0,-84.59096459096459,68.18070818070818,25.592185592185597,5.274725274725275,0.0,-271.35531135531136,290.1098901098901,-108.42490842490842,54.89621489621489,25.592185592185597
3.711843711843712,16.996336996336996,-60.366300366300365,-14.652014652014651,0.0,-29.499389499389498,-12.698412698412698,-1.7582417582417582,-7.619047619047619,0.0,9.18192918192918,-18.55921855921856,0.0,-13.870573870573873,17.77777777777778,-8.4004884004884,-2.5396825396825395,0.0,-94.74969474969475,59.58485958485959,23.247863247863247,3.3211233211233213,0.0,60.757020757020754,-43.17460317460318,-114.28571428571428,53.333333333333336,23.247863247863247
-8.00976800976801,-14.261294261294262,-19.73137973137973,-17.77777777777778,0.0,-44.737484737484735,-8.791208791208792,1.3675213675213675,-7.619047619047619,0.0,8.00976800976801,-18.168498168498168,0.0,-28.32722832722833,13.089133089133089,-11.135531135531137,2.93040293040293,0.0,-105.68986568986568,50.20757020757021,22.466422466422465,9.18192918192918,0.0,20.12210012210012,-4.493284493284493,-118.1929181929182,42.002442002442,22.466422466422465
-11.916971916971915,-316.2881562881563,279.56043956043953,-17.77777777777778,0.0,-58.8034188034188,2.148962148962149,0.5860805860805861,-10.354090354090356,0.0,2.93040293040293,-12.698412698412698,0.0,-37.704517704517706,9.18192918192918,-9.572649572649572,6.837606837606837,0.0,-116.63003663003664,42.39316239316239,25.2014652014652,16.996336996336996,0.0,-279.16971916971914,292.45421245421244,-118.5836385836386,29.89010989010989,25.2014652014652
4.102564102564102,-302.22222222222223,254.94505494505492,-7.619047619047619,0.0,-45.51892551892552,10.744810744810744,0.1953601953601953,-16.605616605616607,0.0,3.711843711843712,-4.884004884004884,0.0,-38.48595848595848,12.307692307692308,0.1953601953601953,4.884004884004884,0.0,-112.33211233211232,43.95604395604396,27.545787545787547,19.73137973137973,0.0,-254.55433455433456,269.7924297924298,-117.4114774114774,33.40659340659341,27.545787545787547
16.605616605616607,-325.27472527472526,257.2893772893773,11.916971916971915,0.0,-45.12820512820513,16.605616605616607,0.1953601953601953,-9.572649572649572,0.0,5.665445665445666,3.711843711843712,0.0,-30.28083028083028,17.387057387057386,9.18192918192918,11.916971916971915,0.0,-108.03418803418803,81.85592185592185,11.916971916971915,23.63858363858364,0.0,-256.8986568986569,292.45421245421244,-113.89499389499387,46.69108669108669,11.916971916971915
22.466422466422465,-297.92429792429795,217.43589743589743,20.12210012210012,0.0,-45.51892551892552,15.042735042735044,0.5860805860805861,-5.665445665445666,0.0,9.18192918192918,9.18192918192918,0.0,-33.40659340659341,24.02930402930403,14.652014652014651,17.387057387057386,0.0,-93.96825396825396,81.46520146520146,15.824175824175825,19.73137973137973,0.0,-217.04517704517704,260.8058608058608,-104.9084249084249,48.25396825396825,15.824175824175825
20.903540903540904,-504.22466422466425,421.001221001221,23.247863247863247,0.0,-45.90964590964591,11.916971916971915,2.93040293040293,-6.446886446886447,0.0,14.652014652014651,11.135531135531137,0.0,-35.75091575091575,29.89010989010989,16.605616605616607,12.698412698412698,0.0,-81.85592185592185,86.54456654456655,11.916971916971915,7.619047619047619,0.0,-420.6105006105006,465.5433455433456,-99.82905982905984,62.31990231990232,11.916971916971915
3.3211233211233213,-383.1013431013431,307.6923076923077,23.247863247863247,0.0,-64.66422466422466,10.744810744810744,6.056166056166056,0.1953601953601953,0.0,19.73137973137973,6.837606837606837,0.0,-34.57875457875458,30.671550671550676,10.354090354090356,12.698412698412698,0.0,-71.30647130647131,75.6043956043956,20.12210012210012,-3.3211233211233213,0.0,-307.3015873015873,353.4065934065934,-93.18681318681318,56.06837606837607,20.12210012210012
-13.089133089133089,-674.5787545787546,603.4676434676435,15.042735042735044,0.0,-79.51159951159951,6.446886446886447,4.102564102564102,0.1953601953601953,0.0,19.73137973137973,3.3211233211233213,0.0,-38.87667887667888,24.81074481074481,0.9768009768009768,11.135531135531137,0.0,-75.995115995116,62.71062271062271,20.512820512820515,-6.837606837606837,0.0,-603.0769230769231,646.8376068376068,-88.1074481074481,45.51892551892552,20.512820512820515
2.148962148962149,-496.8009768009768,420.6105006105006,13.47985347985348,0.0,-60.757020757020754,3.3211233211233213,-1.3675213675213675,-0.1953601953601953,0.0,11.135531135531137,1.3675213675213675,0.0,-51.77045177045177,20.12210012210012,-4.493284493284493,9.963369963369964,0.0,-72.08791208791209,15.433455433455434,38.48595848595848,-6.446886446886447,0.0,-420.2197802197802,460.85470085470087,-88.1074481074481,23.247863247863247,38.48595848595848
5.274725274725275,-667.936507936508,601.9047619047619,2.148962148962149,0.0,-48.64468864468864,4.493284493284493,-6.056166056166056,-6.446886446886447,0.0,6.446886446886447,-4.102564102564102,0.0,-47.472527472527474,19.73137973137973,-4.884004884004884,2.5396825396825395,0.0,-61.92918192918193,1.7582417582417582,42.39316239316239,-10.354090354090356,0.0,-601.5140415140415,639.8046398046398,-88.88888888888889,11.135531135531137,42.39316239316239
11.135531135531137,-369.035409035409,302.6129426129426,-0.1953601953601953,0.0,-31.062271062271066,0.9768009768009768,-11.135531135531137,-11.916971916971915,0.0,4.493284493284493,-6.446886446886447,0.0,-42.78388278388278,20.903540903540904,-2.148962148962149,3.711843711843712,0.0,-67.00854700854701,19.34065934065934,35.75091575091575,-6.837606837606837,0.0,-302.22222222222223,347.93650793650795,-98.26617826617829,16.605616605616607,35.75091575091575
21.294261294261293,-441.3186813186813,366.3003663003663,3.711843711843712,0.0,-11.135531135531137,-3.3211233211233213,-17.77777777777778,-14.652014652014651,0.0,0.1953601953601953,-9.572649572649572,0.0,-47.86324786324786,20.12210012210012,-1.3675213675213675,4.884004884004884,0.0,-74.43223443223444,30.28083028083028,22.466422466422465,-2.148962148962149,0.0,-365.9096459096459,413.968253968254,-104.51770451770452,33.7973137973138,22.466422466422465
24.02930402930403,-240.4884004884005,154.13919413919413,2.93040293040293,0.0,-15.433455433455434,-1.7582417582417582,-21.294261294261293,-17.77777777777778,0.0,0.1953601953601953,-16.214896214896214,0.0,-46.69108669108669,20.12210012210012,-2.93040293040293,-2.93040293040293,0.0,-74.04151404151405,28.71794871794872,23.63858363858364,-10.744810744810744,0.0,-153.74847374847374,210.7936507936508,-101.3919413919414,25.2014652014652,23.63858363858364
20.903540903540904,-306.5201465201465,218.6080586080586,2.5396825396825395,0.0,-17.77777777777778,-3.711843711843712,-25.2014652014652,-15.433455433455434,0.0,4.493284493284493,-21.68498168498169,0.0,-50.20757020757021,22.857142857142858,-6.056166056166056,-1.7582417582417582,0.0,-86.15384615384616,49.42612942612943,11.916971916971915,-10.744810744810744,0.0,-218.2173382173382,284.63980463980465,-104.51770451770452,32.62515262515262,11.916971916971915
31.843711843711844,-285.42124542124543,190.0854700854701,0.1953601953601953,0.0,-9.18192918192918,-6.837606837606837,-31.062271062271066,-13.089133089133089,0.0,3.711843711843712,-23.63858363858364,0.0,-58.8034188034188,24.42002442002442,-11.916971916971915,-5.665445665445666,0.0,-98.26617826617829,57.63125763125763,0.9768009768009768,-12.698412698412698,0.0,-189.6947496947497,259.6336996336996,-103.73626373626374,34.57875457875458,0.9768009768009768
5.0,5.0,5.0,5.0,5.0,5.0,5.0,5.0,5.0,5.0,5.0,5.0,5.0,5.0,5.0,5.0,5.0,5.0,5.0,5.0,5.0,5.0,5.0,5.0,5.0,5.0,5.0,5.0
