-3.3211233211233213,-16.996336996336996,-21.68498168498169,31.062271062271066,0.0,9.572649572649572,-16.214896214896214,2.148962148962149,-6.837606837606837,0.0,1.3675213675213675,-27.155067155067155,0.0,-59.975579975579976,-32.234432234432234,18.55921855921856,26.764346764346765,0.0,-61.53846153846154,-32.62515262515262,-0.1953601953601953,49.42612942612943,0.0,22.075702075702075,-560.09768009768,556.5811965811965,-14.652014652014651,-0.1953601953601953
-0.1953601953601953,-18.94993894993895,-18.94993894993895,22.857142857142858,0.0,2.93040293040293,-14.261294261294262,9.963369963369964,-13.47985347985348,0.0,0.9768009768009768,-22.466422466422465,0.0,-60.366300366300365,-31.45299145299145,23.247863247863247,24.42002442002442,0.0,-61.53846153846154,-33.01587301587302,5.274725274725275,45.90964590964591,0.0,19.34065934065934,-492.1123321123321,491.33089133089135,-18.55921855921856,5.274725274725275
4.493284493284493,-20.903540903540904,-20.512820512820515,21.68498168498169,0.0,-0.9768009768009768,-15.433455433455434,14.261294261294262,-11.916971916971915,0.0,-0.1953601953601953,-17.387057387057386,0.0,-62.31990231990232,-31.45299145299145,27.155067155067155,25.982905982905983,0.0,-61.53846153846154,-35.75091575091575,9.963369963369964,47.86324786324786,0.0,20.903540903540904,-431.941391941392,432.7228327228327,-24.42002442002442,9.963369963369964
7.619047619047619,-26.37362637362637,-27.936507936507937,29.89010989010989,0.0,-9.572649572649572,-20.903540903540904,13.089133089133089,0.9768009768009768,0.0,-4.493284493284493,-12.307692307692308,0.0,-70.52503052503053,-31.843711843711844,24.42002442002442,40.04884004884005,0.0,-63.88278388278388,-43.95604395604396,11.135531135531137,59.1941391941392,0.0,28.32722832722833,-466.7155067155067,463.1990231990232,-31.45299145299145,11.135531135531137
11.916971916971915,-31.45299145299145,-38.095238095238095,32.234432234432234,0.0,-20.12210012210012,-24.02930402930403,13.47985347985348,6.056166056166056,0.0,-7.228327228327228,-6.056166056166056,0.0,-77.55799755799755,-31.45299145299145,22.466422466422465,45.51892551892552,0.0,-66.61782661782662,-47.86324786324786,11.916971916971915,61.92918192918193,0.0,38.48595848595848,-481.5628815628816,474.52991452991455,-37.704517704517706,11.916971916971915
20.512820512820515,-37.31379731379732,-48.25396825396825,28.71794871794872,0.0,-27.936507936507937,-24.81074481074481,13.47985347985348,3.711843711843712,0.0,-9.963369963369964,-1.3675213675213675,0.0,-81.46520146520146,-29.89010989010989,21.294261294261293,45.51892551892552,0.0,-64.27350427350427,-46.3003663003663,9.572649572649572,56.84981684981685,0.0,48.64468864468864,-437.4114774114774,429.98778998779,-38.48595848595848,9.572649572649572
27.936507936507937,-48.25396825396825,-61.14774114774115,32.62515262515262,0.0,-38.48595848595848,-27.155067155067155,10.354090354090356,6.446886446886447,0.0,-13.47985347985348,-0.9768009768009768,0.0,-87.32600732600733,-31.062271062271066,16.996336996336996,52.94261294261294,0.0,-64.66422466422466,-42.39316239316239,4.102564102564102,54.89621489621489,0.0,61.53846153846154,-415.1404151404152,407.7167277167277,-33.7973137973138,4.102564102564102
31.45299145299145,-55.67765567765568,-66.61782661782662,33.40659340659341,0.0,-47.081807081807085,-25.982905982905983,8.4004884004884,7.619047619047619,0.0,-13.47985347985348,0.1953601953601953,0.0,-89.27960927960928,-30.671550671550676,13.47985347985348,60.366300366300365,0.0,-62.71062271062271,-36.14163614163614,-0.5860805860805861,54.5054945054945,0.0,67.00854700854701,-416.3125763125763,414.3589743589744,-27.155067155067155,-0.5860805860805861
37.31379731379732,-56.45909645909646,-67.00854700854701,27.936507936507937,0.0,-49.03540903540904,-22.466422466422465,8.791208791208792,5.274725274725275,0.0,-11.135531135531137,0.9768009768009768,0.0,-86.15384615384616,-28.32722832722833,14.261294261294262,59.58485958485959,0.0,-56.84981684981685,-27.936507936507937,-4.102564102564102,50.20757020757021,0.0,67.3992673992674,-334.65201465201466,339.7313797313797,-22.466422466422465,-4.102564102564102
41.22100122100122,-56.84981684981685,-66.22710622710623,29.10866910866911,0.0,-51.77045177045177,-19.73137973137973,7.619047619047619,11.135531135531137,0.0,-7.619047619047619,0.1953601953601953,0.0,-88.1074481074481,-28.71794871794872,13.870573870573873,65.44566544566544,0.0,-54.114774114774114,-28.71794871794872,-9.18192918192918,55.28693528693529,0.0,66.61782661782662,-247.9120879120879,260.8058608058608,-25.592185592185597,-9.18192918192918
40.43956043956044,-55.28693528693529,-64.27350427350427,36.53235653235653,0.0,-57.24053724053724,-15.824175824175825,4.493284493284493,26.764346764346765,0.0,-6.837606837606837,0.5860805860805861,0.0,-91.23321123321124,-32.234432234432234,11.916971916971915,75.995115995116,0.0,-52.55189255189255,-38.48595848595848,-16.996336996336996,73.65079365079364,0.0,64.66422466422466,-304.9572649572649,320.976800976801,-32.62515262515262,-16.996336996336996
42.78388278388278,-53.724053724053725,-61.14774114774115,32.62515262515262,0.0,-55.28693528693529,-13.870573870573873,2.93040293040293,27.936507936507937,0.0,-3.711843711843712,0.5860805860805861,0.0,-91.62393162393164,-33.7973137973138,10.354090354090356,73.65079365079364,0.0,-48.64468864468864,-48.64468864468864,-21.68498168498169,78.73015873015873,0.0,61.53846153846154,-328.7912087912088,349.8901098901099,-43.56532356532357,-21.68498168498169
46.3003663003663,-53.724053724053725,-61.92918192918193,28.32722832722833,0.0,-50.20757020757021,-15.433455433455434,-2.5396825396825395,28.32722832722833,0.0,-3.711843711843712,-3.3211233211233213,0.0,-91.62393162393164,-33.7973137973138,7.228327228327228,67.78998778998779,0.0,-42.002442002442,-58.41269841269841,-25.982905982905983,77.55799755799755,0.0,62.31990231990232,-320.976800976801,345.982905982906,-52.16117216117216,-25.982905982905983
47.86324786324786,-57.63125763125763,-65.05494505494505,25.2014652014652,0.0,-45.51892551892552,-20.903540903540904,-10.354090354090356,28.71794871794872,0.0,-4.493284493284493,-6.837606837606837,0.0,-93.57753357753356,-32.234432234432234,1.3675213675213675,65.05494505494505,0.0,-37.31379731379732,-66.61782661782662,-30.28083028083028,77.16727716727716,0.0,65.44566544566544,-331.916971916972,356.5323565323565,-55.67765567765568,-30.28083028083028
49.42612942612943,-61.14774114774115,-67.3992673992674,21.294261294261293,0.0,-39.65811965811966,-24.81074481074481,-15.042735042735044,24.42002442002442,0.0,-2.5396825396825395,-8.791208791208792,0.0,-93.96825396825396,-28.71794871794872,-0.1953601953601953,59.58485958485959,0.0,-34.57875457875458,-67.78998778998779,-31.062271062271066,70.91575091575092,0.0,67.78998778998779,-319.8046398046398,345.5921855921856,-56.84981684981685,-31.062271062271066
53.724053724053725,-59.975579975579976,-66.61782661782662,14.652014652014651,0.0,-34.57875457875458,-24.02930402930403,-14.261294261294262,15.824175824175825,0.0,-0.1953601953601953,-9.18192918192918,0.0,-90.84249084249085,-24.42002442002442,-0.1953601953601953,51.37973137973138,0.0,-28.71794871794872,-65.05494505494505,-29.499389499389498,60.757020757020754,0.0,67.00854700854701,-275.26251526251525,298.31501831501834,-52.16117216117216,-29.499389499389498
51.77045177045177,-60.366300366300365,-67.78998778998779,22.075702075702075,0.0,-38.095238095238095,-20.903540903540904,-14.652014652014651,21.68498168498169,0.0,0.1953601953601953,-9.18192918192918,0.0,-88.88888888888889,-23.63858363858364,0.1953601953601953,55.67765567765568,0.0,-23.247863247863247,-66.22710622710623,-31.45299145299145,65.05494505494505,0.0,68.18070818070818,-255.72649572649573,279.16971916971914,-51.37973137973138,-31.45299145299145
47.472527472527474,-59.1941391941392,-65.44566544566544,34.18803418803419,0.0,-41.22100122100122,-15.824175824175825,-14.261294261294262,30.28083028083028,0.0,1.7582417582417582,-8.00976800976801,0.0,-84.2002442002442,-23.247863247863247,-0.9768009768009768,60.757020757020754,0.0,-16.996336996336996,-66.61782661782662,-34.18803418803419,70.91575091575092,0.0,65.83638583638583,-244.004884004884,273.6996336996337,-49.81684981684982,-34.18803418803419
47.472527472527474,-53.333333333333336,-60.757020757020754,34.969474969474966,0.0,-35.75091575091575,-11.135531135531137,-10.354090354090356,26.764346764346765,0.0,5.665445665445666,-6.837606837606837,0.0,-73.26007326007326,-18.94993894993895,-1.7582417582417582,52.55189255189255,0.0,-6.837606837606837,-61.14774114774115,-34.57875457875458,61.53846153846154,0.0,61.14774114774115,-187.3504273504273,227.985347985348,-46.69108669108669,-34.57875457875458
46.3003663003663,-55.67765567765568,-59.1941391941392,40.04884004884005,0.0,-30.671550671550676,-12.307692307692308,-11.916971916971915,27.545787545787547,0.0,6.056166056166056,-11.135531135531137,0.0,-65.83638583638583,-14.652014652014651,-2.93040293040293,46.3003663003663,0.0,0.9768009768009768,-58.41269841269841,-32.234432234432234,52.55189255189255,0.0,59.58485958485959,-161.56288156288156,215.48229548229548,-47.081807081807085,-32.234432234432234
45.51892551892552,-63.49206349206349,-62.31990231990232,47.472527472527474,0.0,-27.936507936507937,-16.605616605616607,-16.605616605616607,30.671550671550676,0.0,6.446886446886447,-14.652014652014651,0.0,-60.757020757020754,-15.824175824175825,-8.791208791208792,48.64468864468864,0.0,3.3211233211233213,-58.02197802197802,-31.45299145299145,48.64468864468864,0.0,62.71062271062271,-218.2173382173382,281.51404151404154,-47.081807081807085,-31.45299145299145
47.86324786324786,-70.91575091575092,-61.92918192918193,42.78388278388278,0.0,-24.02930402930403,-20.12210012210012,-19.73137973137973,24.02930402930403,0.0,6.056166056166056,-15.824175824175825,0.0,-54.5054945054945,-18.168498168498168,-13.870573870573873,45.12820512820513,0.0,4.884004884004884,-56.45909645909646,-29.499389499389498,39.26739926739927,0.0,62.31990231990232,-199.07203907203908,268.62026862026863,-46.3003663003663,-29.499389499389498
51.37973137973138,-74.82295482295483,-58.8034188034188,30.28083028083028,0.0,-23.247863247863247,-19.73137973137973,-23.63858363858364,16.214896214896214,0.0,5.665445665445666,-17.77777777777778,0.0,-47.86324786324786,-20.903540903540904,-15.824175824175825,40.43956043956044,0.0,8.00976800976801,-56.45909645909646,-24.81074481074481,27.545787545787547,0.0,59.1941391941392,-122.88156288156289,192.42979242979243,-47.081807081807085,-24.81074481074481
48.64468864468864,-75.995115995116,-55.28693528693529,27.545787545787547,0.0,-30.671550671550676,-18.94993894993895,-28.32722832722833,24.02930402930403,0.0,2.148962148962149,-15.042735042735044,0.0,-45.12820512820513,-24.02930402930403,-19.73137973137973,45.51892551892552,0.0,9.572649572649572,-57.24053724053724,-24.42002442002442,28.32722832722833,0.0,55.67765567765568,-142.02686202686203,205.7142857142857,-44.346764346764346,-24.42002442002442
45.12820512820513,-69.35286935286935,-46.69108669108669,20.903540903540904,0.0,-35.75091575091575,-14.261294261294262,-27.936507936507937,29.89010989010989,0.0,0.9768009768009768,-6.446886446886447,0.0,-40.04884004884005,-20.512820512820515,-20.903540903540904,45.51892551892552,0.0,16.605616605616607,-54.114774114774114,-23.63858363858364,23.63858363858364,0.0,47.081807081807085,-178.36385836385836,238.92551892551893,-37.704517704517706,-23.63858363858364
45.90964590964591,-57.24053724053724,-35.36019536019536,11.916971916971915,0.0,-34.969474969474966,-8.791208791208792,-22.466422466422465,32.234432234432234,0.0,2.148962148962149,0.1953601953601953,0.0,-34.57875457875458,-9.18192918192918,-17.77777777777778,39.65811965811966,0.0,29.499389499389498,-46.3003663003663,-19.34065934065934,13.47985347985348,0.0,35.75091575091575,-161.56288156288156,220.56166056166057,-33.40659340659341,-19.34065934065934
42.39316239316239,-47.081807081807085,-28.71794871794872,15.824175824175825,0.0,-38.48595848595848,-4.493284493284493,-18.94993894993895,45.90964590964591,0.0,1.3675213675213675,4.884004884004884,0.0,-33.01587301587302,0.5860805860805861,-11.135531135531137,38.095238095238095,0.0,42.39316239316239,-39.65811965811966,-15.433455433455434,7.228327228327228,0.0,29.10866910866911,-113.11355311355312,173.67521367521368,-32.234432234432234,-15.433455433455434
39.26739926739927,-43.56532356532357,-27.936507936507937,23.63858363858364,0.0,-43.17460317460318,-2.5396825396825395,-19.73137973137973,58.41269841269841,0.0,1.3675213675213675,6.446886446886447,0.0,-33.01587301587302,4.102564102564102,-10.744810744810744,44.737484737484735,0.0,47.86324786324786,-34.57875457875458,-16.214896214896214,8.00976800976801,0.0,28.32722832722833,-160.0,220.56166056166057,-28.71794871794872,-16.214896214896214
39.26739926739927,-41.61172161172161,-23.63858363858364,22.857142857142858,0.0,-42.002442002442,0.1953601953601953,-20.903540903540904,59.975579975579976,0.0,5.665445665445666,5.665445665445666,0.0,-28.32722832722833,8.4004884004884,-7.228327228327228,41.22100122100122,0.0,53.333333333333336,-27.545787545787547,-11.526251526251526,-0.1953601953601953,0.0,24.02930402930403,-175.23809523809524,236.5811965811966,-24.81074481074481,-11.526251526251526
35.75091575091575,-38.48595848595848,-19.34065934065934,24.02930402930403,0.0,-44.737484737484735,6.446886446886447,-22.466422466422465,63.88278388278388,0.0,7.619047619047619,5.665445665445666,0.0,-24.02930402930403,11.916971916971915,-5.274725274725275,36.14163614163614,0.0,56.45909645909646,-19.34065934065934,-3.3211233211233213,-13.47985347985348,0.0,19.73137973137973,-153.35775335775335,211.96581196581195,-16.996336996336996,-3.3211233211233213
31.062271062271066,-38.095238095238095,-12.698412698412698,27.155067155067155,0.0,-47.081807081807085,10.354090354090356,-23.247863247863247,67.78998778998779,0.0,11.916971916971915,6.056166056166056,0.0,-21.68498168498169,14.261294261294262,-6.837606837606837,37.704517704517706,0.0,56.06837606837607,-10.354090354090356,-0.5860805860805861,-20.12210012210012,0.0,13.089133089133089,-165.0793650793651,221.7338217338217,-6.056166056166056,-0.5860805860805861
26.764346764346765,-33.01587301587302,0.1953601953601953,22.466422466422465,0.0,-45.90964590964591,18.94993894993895,-18.55921855921856,62.71062271062271,0.0,19.34065934065934,6.837606837606837,0.0,-14.652014652014651,22.466422466422465,-6.837606837606837,30.28083028083028,0.0,61.14774114774115,-2.5396825396825395,5.274725274725275,-33.7973137973138,0.0,0.1953601953601953,-142.8083028083028,199.46275946275944,1.7582417582417582,5.274725274725275
24.42002442002442,-26.764346764346765,13.870573870573873,17.77777777777778,0.0,-45.51892551892552,28.32722832722833,-9.572649572649572,58.02197802197802,0.0,26.764346764346765,6.837606837606837,0.0,-8.791208791208792,29.89010989010989,-5.274725274725275,22.466422466422465,0.0,69.35286935286935,2.93040293040293,11.526251526251526,-46.3003663003663,0.0,-13.47985347985348,-89.67032967032966,149.84126984126985,6.446886446886447,11.526251526251526
18.168498168498168,-24.81074481074481,16.996336996336996,24.02930402930403,0.0,-47.472527472527474,30.28083028083028,-7.619047619047619,61.14774114774115,0.0,31.843711843711844,2.93040293040293,0.0,-5.274725274725275,31.062271062271066,-7.228327228327228,27.936507936507937,0.0,76.77655677655677,0.9768009768009768,11.135531135531137,-43.56532356532357,0.0,-16.605616605616607,-66.22710622710623,131.08669108669108,6.056166056166056,11.135531135531137
11.916971916971915,-23.247863247863247,15.042735042735044,31.45299145299145,0.0,-46.69108669108669,31.062271062271066,-8.4004884004884,61.14774114774115,0.0,37.704517704517706,-1.3675213675213675,0.0,1.7582417582417582,30.671550671550676,-11.526251526251526,30.28083028083028,0.0,83.02808302808303,-4.102564102564102,11.526251526251526,-39.26739926739927,0.0,-14.652014652014651,-39.26739926739927,107.25274725274726,4.884004884004884,11.526251526251526
6.056166056166056,-15.824175824175825,15.042735042735044,29.10866910866911,0.0,-42.78388278388278,34.18803418803419,-6.056166056166056,51.77045177045177,0.0,46.3003663003663,-4.102564102564102,0.0,11.526251526251526,31.843711843711844,-8.791208791208792,24.42002442002442,0.0,90.45177045177046,-4.493284493284493,16.996336996336996,-43.17460317460318,0.0,-14.652014652014651,36.92307692307692,32.234432234432234,5.274725274725275,16.996336996336996
-0.1953601953601953,-8.4004884004884,14.652014652014651,33.40659340659341,0.0,-41.22100122100122,39.26739926739927,-6.837606837606837,49.03540903540904,0.0,52.55189255189255,-6.837606837606837,0.0,17.387057387057386,32.234432234432234,-5.274725274725275,22.857142857142858,0.0,94.35897435897436,-4.884004884004884,22.075702075702075,-42.78388278388278,0.0,-14.261294261294262,64.27350427350427,6.446886446886447,4.884004884004884,22.075702075702075
-6.056166056166056,-2.93040293040293,15.042735042735044,38.87667887667888,0.0,-42.002442002442,46.69108669108669,-9.572649572649572,51.37973137973138,0.0,56.84981684981685,-7.228327228327228,0.0,20.512820512820515,29.10866910866911,-4.884004884004884,27.936507936507937,0.0,94.74969474969475,-4.493284493284493,20.903540903540904,-36.92307692307692,0.0,-14.652014652014651,18.168498168498168,52.16117216117216,6.446886446886447,20.903540903540904
-12.307692307692308,4.884004884004884,22.466422466422465,36.92307692307692,0.0,-46.3003663003663,56.84981684981685,-6.056166056166056,49.42612942612943,0.0,61.53846153846154,-3.3211233211233213,0.0,22.075702075702075,30.28083028083028,-1.7582417582417582,27.545787545787547,0.0,94.35897435897436,0.5860805860805861,21.294261294261293,-37.31379731379732,0.0,-22.075702075702075,18.168498168498168,55.67765567765568,6.837606837606837,21.294261294261293
-18.55921855921856,9.18192918192918,29.499389499389498,37.704517704517706,0.0,-55.28693528693529,64.66422466422466,-1.3675213675213675,51.37973137973138,0.0,61.53846153846154,-0.1953601953601953,0.0,22.857142857142858,29.499389499389498,3.3211233211233213,27.936507936507937,0.0,95.53113553113552,7.228327228327228,19.73137973137973,-37.704517704517706,0.0,-29.10866910866911,44.737484737484735,38.48595848595848,6.056166056166056,19.73137973137973
-29.89010989010989,11.526251526251526,29.10866910866911,46.3003663003663,0.0,-65.05494505494505,62.71062271062271,-0.5860805860805861,61.14774114774115,0.0,57.63125763125763,0.5860805860805861,0.0,20.903540903540904,25.982905982905983,2.93040293040293,33.40659340659341,0.0,93.57753357753356,9.572649572649572,11.526251526251526,-29.89010989010989,0.0,-28.71794871794872,-11.135531135531137,100.6105006105006,7.228327228327228,11.526251526251526
-41.22100122100122,17.387057387057386,29.499389499389498,46.3003663003663,0.0,-70.52503052503053,59.58485958485959,0.5860805860805861,63.10134310134311,0.0,55.28693528693529,2.5396825396825395,0.0,20.903540903540904,25.2014652014652,3.711843711843712,33.40659340659341,0.0,91.23321123321124,13.47985347985348,5.665445665445666,-25.592185592185597,0.0,-29.10866910866911,-75.995115995116,167.42368742368745,9.18192918192918,5.665445665445666
-50.989010989010985,26.764346764346765,32.234432234432234,38.48595848595848,0.0,-71.30647130647131,56.45909645909646,2.93040293040293,58.8034188034188,0.0,50.989010989010985,2.148962148962149,0.0,22.466422466422465,25.982905982905983,6.446886446886447,25.982905982905983,0.0,90.84249084249085,18.168498168498168,2.93040293040293,-29.499389499389498,0.0,-31.843711843711844,-81.85592185592185,172.11233211233213,8.791208791208792,2.93040293040293
-53.724053724053725,32.62515262515262,31.45299145299145,33.7973137973138,0.0,-65.05494505494505,51.37973137973138,2.148962148962149,55.28693528693529,0.0,49.03540903540904,2.93040293040293,0.0,24.42002442002442,26.764346764346765,5.665445665445666,23.63858363858364,0.0,90.06105006105007,18.168498168498168,1.7582417582417582,-28.71794871794872,0.0,-31.062271062271066,-81.46520146520146,167.03296703296704,7.228327228327228,1.7582417582417582
-57.63125763125763,35.75091575091575,31.45299145299145,31.062271062271066,0.0,-59.1941391941392,45.90964590964591,0.1953601953601953,54.114774114774114,0.0,46.3003663003663,5.274725274725275,0.0,23.247863247863247,25.982905982905983,1.7582417582417582,24.81074481074481,0.0,85.37240537240537,15.824175824175825,1.3675213675213675,-25.2014652014652,0.0,-31.062271062271066,-131.4774114774115,210.4029304029304,5.665445665445666,1.3675213675213675
-54.5054945054945,37.704517704517706,31.062271062271066,25.982905982905983,0.0,-52.55189255189255,49.03540903540904,2.148962148962149,43.17460317460318,0.0,42.78388278388278,12.307692307692308,0.0,25.2014652014652,25.982905982905983,2.93040293040293,18.94993894993895,0.0,86.15384615384616,12.698412698412698,4.884004884004884,-29.89010989010989,0.0,-30.671550671550676,-148.2783882783883,224.07814407814408,3.711843711843712,4.884004884004884
-49.03540903540904,34.18803418803419,26.37362637362637,27.155067155067155,0.0,-49.81684981684982,50.989010989010985,0.9768009768009768,37.704517704517706,0.0,42.002442002442,16.996336996336996,0.0,26.37362637362637,26.764346764346765,4.884004884004884,18.168498168498168,0.0,90.06105006105007,8.4004884004884,8.00976800976801,-29.10866910866911,0.0,-25.982905982905983,-136.16605616605617,210.4029304029304,1.7582417582417582,8.00976800976801
-49.42612942612943,31.45299145299145,17.77777777777778,33.01587301587302,0.0,-53.333333333333336,53.333333333333336,-2.148962148962149,37.31379731379732,0.0,39.65811965811966,21.294261294261293,0.0,23.63858363858364,25.592185592185597,5.665445665445666,20.512820512820515,0.0,92.7960927960928,2.148962148962149,4.884004884004884,-22.466422466422465,0.0,-17.387057387057386,-138.1196581196581,210.01221001221,2.5396825396825395,4.884004884004884
-44.737484737484735,36.92307692307692,12.307692307692308,20.512820512820515,0.0,-55.28693528693529,62.71062271062271,-3.3211233211233213,22.466422466422465,0.0,38.48595848595848,26.764346764346765,0.0,27.936507936507937,25.592185592185597,8.00976800976801,9.963369963369964,0.0,97.09401709401708,0.9768009768009768,0.5860805860805861,-24.81074481074481,0.0,-11.916971916971915,-129.9145299145299,194.7741147741148,3.3211233211233213,0.5860805860805861
-41.22100122100122,44.346764346764346,8.4004884004884,3.711843711843712,0.0,-56.06837606837607,67.00854700854701,-2.93040293040293,8.4004884004884,0.0,39.65811965811966,28.32722832722833,0.0,34.18803418803419,26.764346764346765,10.354090354090356,0.5860805860805861,0.0,99.82905982905984,3.711843711843712,-2.5396825396825395,-26.764346764346765,0.0,-8.00976800976801,-107.64346764346764,162.34432234432234,4.884004884004884,-2.5396825396825395
-41.22100122100122,47.472527472527474,2.5396825396825395,-2.93040293040293,0.0,-56.06837606837607,61.14774114774115,-6.837606837606837,8.4004884004884,0.0,37.31379731379732,26.764346764346765,0.0,36.53235653235653,22.075702075702075,5.665445665445666,4.102564102564102,0.0,94.74969474969475,2.148962148962149,-5.665445665445666,-19.73137973137973,0.0,-2.148962148962149,-140.0732600732601,180.70818070818072,6.056166056166056,-5.665445665445666
-40.43956043956044,47.86324786324786,-1.3675213675213675,-6.837606837606837,0.0,-52.16117216117216,51.77045177045177,-8.00976800976801,7.228327228327228,0.0,32.234432234432234,27.155067155067155,0.0,35.36019536019536,16.996336996336996,5.665445665445666,9.18192918192918,0.0,87.71672771672772,0.9768009768009768,-4.102564102564102,-14.261294261294262,0.0,1.7582417582417582,-152.96703296703296,183.83394383394383,4.884004884004884,-4.102564102564102
-37.31379731379732,45.51892551892552,-4.102564102564102,-9.572649572649572,0.0,-48.25396825396825,47.081807081807085,-5.665445665445666,2.148962148962149,0.0,30.671550671550676,26.37362637362637,0.0,39.26739926739927,16.214896214896214,6.446886446886447,9.963369963369964,0.0,86.54456654456655,2.5396825396825395,4.884004884004884,-19.73137973137973,0.0,4.493284493284493,-82.63736263736264,109.5970695970696,4.102564102564102,4.884004884004884
-34.57875457875458,36.53235653235653,-8.4004884004884,0.5860805860805861,0.0,-47.86324786324786,44.346764346764346,-8.00976800976801,6.056166056166056,0.0,30.28083028083028,24.81074481074481,0.0,36.92307692307692,16.605616605616607,7.619047619047619,17.77777777777778,0.0,82.63736263736264,3.711843711843712,13.089133089133089,-18.55921855921856,0.0,8.791208791208792,-62.71062271062271,88.88888888888889,3.3211233211233213,13.089133089133089
-31.843711843711844,31.062271062271066,-14.261294261294262,9.18192918192918,0.0,-47.86324786324786,49.81684981684982,-13.089133089133089,6.056166056166056,0.0,31.45299145299145,25.982905982905983,0.0,36.92307692307692,15.042735042735044,7.228327228327228,24.42002442002442,0.0,81.85592185592185,4.102564102564102,15.433455433455434,-15.824175824175825,0.0,14.652014652014651,-115.84859584859583,142.41758241758242,6.056166056166056,15.433455433455434
-29.499389499389498,34.969474969474966,-13.089133089133089,5.665445665445666,0.0,-42.78388278388278,59.975579975579976,-12.698412698412698,-4.493284493284493,0.0,33.01587301587302,27.936507936507937,0.0,42.78388278388278,16.996336996336996,6.837606837606837,20.12210012210012,0.0,83.80952380952381,8.4004884004884,18.168498168498168,-21.68498168498169,0.0,13.47985347985348,-103.34554334554336,131.86813186813183,9.18192918192918,18.168498168498168
-29.89010989010989,41.22100122100122,-12.307692307692308,2.5396825396825395,0.0,-36.14163614163614,63.49206349206349,-13.870573870573873,-10.744810744810744,0.0,32.62515262515262,27.936507936507937,0.0,48.25396825396825,15.433455433455434,8.4004884004884,16.605616605616607,0.0,83.80952380952381,11.916971916971915,18.55921855921856,-22.857142857142858,0.0,12.698412698412698,-67.00854700854701,95.53113553113552,10.744810744810744,18.55921855921856
-36.53235653235653,44.737484737484735,-12.307692307692308,4.884004884004884,0.0,-33.7973137973138,58.02197802197802,-16.996336996336996,-4.493284493284493,0.0,25.982905982905983,27.155067155067155,0.0,48.25396825396825,11.526251526251526,5.274725274725275,20.903540903540904,0.0,79.12087912087912,10.744810744810744,14.652014652014651,-16.605616605616607,0.0,12.698412698412698,-102.56410256410255,129.52380952380952,13.089133089133089,14.652014652014651
-45.51892551892552,47.86324786324786,-11.916971916971915,8.4004884004884,0.0,-36.14163614163614,47.86324786324786,-14.261294261294262,2.93040293040293,0.0,17.387057387057386,27.155067155067155,0.0,47.86324786324786,10.744810744810744,1.7582417582417582,20.903540903540904,0.0,75.6043956043956,10.744810744810744,13.47985347985348,-16.996336996336996,0.0,12.307692307692308,-129.9145299145299,156.87423687423689,12.307692307692308,13.47985347985348
-48.25396825396825,48.64468864468864,-9.18192918192918,5.274725274725275,0.0,-36.53235653235653,42.39316239316239,-8.4004884004884,-0.1953601953601953,0.0,10.354090354090356,26.764346764346765,0.0,49.03540903540904,16.214896214896214,1.7582417582417582,10.354090354090356,0.0,74.82295482295483,14.652014652014651,15.042735042735044,-25.592185592185597,0.0,9.572649572649572,-61.92918192918193,93.18681318681318,10.744810744810744,15.042735042735044
-51.37973137973138,42.002442002442,-9.572649572649572,10.744810744810744,0.0,-41.22100122100122,35.75091575091575,-5.665445665445666,3.711843711843712,0.0,4.493284493284493,26.37362637362637,0.0,45.51892551892552,16.605616605616607,-1.7582417582417582,10.744810744810744,0.0,70.52503052503053,14.652014652014651,14.652014652014651,-28.71794871794872,0.0,9.963369963369964,-43.56532356532357,78.33943833943835,8.791208791208792,14.652014652014651
-52.16117216117216,38.87667887667888,-9.963369963369964,15.433455433455434,0.0,-37.704517704517706,32.234432234432234,-3.711843711843712,3.711843711843712,0.0,0.5860805860805861,27.155067155067155,0.0,44.737484737484735,14.261294261294262,-6.446886446886447,11.135531135531137,0.0,67.3992673992674,14.652014652014651,13.870573870573873,-31.843711843711844,0.0,10.354090354090356,-76.77655677655677,116.23931623931624,8.791208791208792,13.870573870573873
-48.25396825396825,38.095238095238095,-6.837606837606837,15.824175824175825,0.0,-27.155067155067155,31.45299145299145,-0.1953601953601953,-3.711843711843712,0.0,-4.102564102564102,28.32722832722833,0.0,48.25396825396825,10.354090354090356,-4.102564102564102,8.4004884004884,0.0,66.22710622710623,18.94993894993895,17.77777777777778,-39.65811965811966,0.0,7.228327228327228,-79.51159951159951,124.83516483516485,9.963369963369964,17.77777777777778
-43.56532356532357,35.36019536019536,-4.884004884004884,21.68498168498169,0.0,-13.870573870573873,24.81074481074481,0.1953601953601953,-0.9768009768009768,0.0,-9.963369963369964,27.155067155067155,0.0,46.69108669108669,4.884004884004884,-0.5860805860805861,14.652014652014651,0.0,61.53846153846154,21.68498168498169,21.68498168498169,-39.26739926739927,0.0,5.274725274725275,-99.82905982905984,147.49694749694748,12.698412698412698,21.68498168498169
-40.04884004884005,33.7973137973138,-5.274725274725275,28.71794871794872,0.0,-0.1953601953601953,15.824175824175825,-3.3211233211233213,6.446886446886447,0.0,-16.996336996336996,26.37362637362637,0.0,45.51892551892552,0.5860805860805861,-4.884004884004884,23.63858363858364,0.0,54.5054945054945,24.42002442002442,20.512820512820515,-34.57875457875458,0.0,5.665445665445666,-129.13308913308913,172.11233211233213,17.77777777777778,20.512820512820515
-34.57875457875458,35.75091575091575,-1.3675213675213675,20.12210012210012,0.0,12.698412698412698,9.18192918192918,-0.9768009768009768,-0.5860805860805861,0.0,-24.02930402930403,24.02930402930403,0.0,46.69108669108669,4.102564102564102,-4.102564102564102,15.433455433455434,0.0,49.42612942612943,29.499389499389498,24.81074481074481,-40.83028083028083,0.0,1.7582417582417582,-84.98168498168498,125.22588522588522,19.34065934065934,24.81074481074481
-30.28083028083028,34.57875457875458,-0.9768009768009768,11.916971916971915,0.0,21.294261294261293,0.9768009768009768,-1.3675213675213675,-5.274725274725275,0.0,-29.499389499389498,20.903540903540904,0.0,43.17460317460318,7.619047619047619,-4.884004884004884,8.4004884004884,0.0,41.61172161172161,29.89010989010989,27.155067155067155,-44.346764346764346,0.0,1.3675213675213675,-56.45909645909646,88.88888888888889,19.34065934065934,27.155067155067155
-32.62515262515262,28.71794871794872,-8.00976800976801,16.605616605616607,0.0,16.605616605616607,-7.228327228327228,-4.493284493284493,0.9768009768009768,0.0,-35.75091575091575,13.47985347985348,0.0,30.671550671550676,6.837606837606837,-10.354090354090356,13.47985347985348,0.0,26.764346764346765,21.294261294261293,26.37362637362637,-34.18803418803419,0.0,8.4004884004884,-116.23931623931624,134.993894993895,15.824175824175825,26.37362637362637
-34.57875457875458,22.466422466422465,-15.824175824175825,21.294261294261293,0.0,15.433455433455434,-16.996336996336996,-5.665445665445666,1.7582417582417582,0.0,-40.04884004884005,9.572649572649572,0.0,23.63858363858364,2.148962148962149,-9.572649572649572,12.698412698412698,0.0,13.089133089133089,13.47985347985348,29.10866910866911,-27.545787545787547,0.0,16.214896214896214,-120.92796092796092,131.86813186813183,7.619047619047619,29.10866910866911
-34.57875457875458,15.433455433455434,-20.903540903540904,22.075702075702075,0.0,13.870573870573873,-23.63858363858364,-1.3675213675213675,-5.665445665445666,0.0,-42.78388278388278,7.619047619047619,0.0,15.433455433455434,-3.3211233211233213,-4.102564102564102,6.837606837606837,0.0,0.1953601953601953,8.00976800976801,34.969474969474966,-28.71794871794872,0.0,21.294261294261293,-78.33943833943835,84.2002442002442,1.3675213675213675,34.969474969474966
-33.7973137973138,6.056166056166056,-27.155067155067155,30.671550671550676,0.0,10.354090354090356,-27.545787545787547,-0.1953601953601953,-6.056166056166056,0.0,-45.12820512820513,5.274725274725275,0.0,6.446886446886447,-9.18192918192918,-2.5396825396825395,10.354090354090356,0.0,-11.916971916971915,1.7582417582417582,36.92307692307692,-21.68498168498169,0.0,27.545787545787547,-126.3980463980464,124.44444444444444,-2.148962148962149,36.92307692307692
-31.062271062271066,-0.9768009768009768,-27.155067155067155,30.28083028083028,0.0,12.698412698412698,-28.32722832722833,0.1953601953601953,-13.089133089133089,0.0,-44.346764346764346,4.884004884004884,0.0,2.5396825396825395,-11.916971916971915,-1.3675213675213675,9.18192918192918,0.0,-21.294261294261293,1.7582417582417582,37.31379731379732,-18.94993894993895,0.0,27.545787545787547,-191.64835164835165,187.74114774114773,-4.493284493284493,37.31379731379732
-23.63858363858364,-4.884004884004884,-26.764346764346765,20.12210012210012,0.0,18.55921855921856,-27.155067155067155,1.3675213675213675,-27.545787545787547,0.0,-42.78388278388278,5.665445665445666,0.0,0.5860805860805861,-8.4004884004884,-2.5396825396825395,0.1953601953601953,0.0,-27.155067155067155,4.493284493284493,37.704517704517706,-24.81074481074481,0.0,27.155067155067155,-152.18559218559218,143.5897435897436,-3.3211233211233213,37.704517704517706
-17.77777777777778,-11.916971916971915,-26.764346764346765,16.996336996336996,0.0,20.903540903540904,-28.71794871794872,-2.148962148962149,-28.71794871794872,0.0,-41.22100122100122,1.3675213675213675,0.0,-6.446886446886447,-0.9768009768009768,-6.056166056166056,0.1953601953601953,0.0,-35.36019536019536,5.274725274725275,37.31379731379732,-21.294261294261293,0.0,27.155067155067155,-101.78266178266178,85.37240537240537,-0.9768009768009768,37.31379731379732
-15.824175824175825,-20.512820512820515,-29.10866910866911,21.294261294261293,0.0,21.294261294261293,-35.36019536019536,-8.791208791208792,-19.73137973137973,0.0,-42.39316239316239,-5.665445665445666,0.0,-18.168498168498168,-0.5860805860805861,-10.744810744810744,5.665445665445666,0.0,-50.5982905982906,1.3675213675213675,35.36019536019536,-11.135531135531137,0.0,29.499389499389498,-109.2063492063492,84.2002442002442,-0.9768009768009768,35.36019536019536
-12.307692307692308,-25.982905982905983,-31.843711843711844,21.294261294261293,0.0,24.02930402930403,-43.95604395604396,-13.870573870573873,-15.042735042735044,0.0,-43.17460317460318,-11.526251526251526,0.0,-25.2014652014652,-2.5396825396825395,-13.870573870573873,8.00976800976801,0.0,-61.14774114774115,-2.5396825396825395,35.36019536019536,-5.665445665445666,0.0,32.234432234432234,-84.2002442002442,51.77045177045177,-3.711843711843712,35.36019536019536
-6.446886446886447,-31.45299145299145,-29.10866910866911,23.247863247863247,0.0,27.936507936507937,-50.5982905982906,-13.47985347985348,-7.228327228327228,0.0,-45.90964590964591,-15.433455433455434,0.0,-33.01587301587302,-5.665445665445666,-10.354090354090356,8.00976800976801,0.0,-71.30647130647131,-7.228327228327228,38.48595848595848,-2.148962148962149,0.0,29.499389499389498,-50.989010989010985,13.47985347985348,-7.619047619047619,38.48595848595848
-2.5396825396825395,-37.31379731379732,-26.37362637362637,28.71794871794872,0.0,30.28083028083028,-56.06837606837607,-15.042735042735044,2.93040293040293,0.0,-49.03540903540904,-18.168498168498168,0.0,-38.095238095238095,-13.089133089133089,-8.4004884004884,15.824175824175825,0.0,-79.51159951159951,-14.261294261294262,38.095238095238095,9.572649572649572,0.0,26.764346764346765,-72.08791208791209,30.671550671550676,-13.870573870573873,38.095238095238095
3.711843711843712,-41.22100122100122,-24.81074481074481,27.155067155067155,0.0,36.92307692307692,-56.84981684981685,-16.996336996336996,2.93040293040293,0.0,-47.472527472527474,-18.55921855921856,0.0,-39.26739926739927,-16.996336996336996,-8.4004884004884,16.996336996336996,0.0,-85.37240537240537,-17.77777777777778,40.04884004884005,13.870573870573873,0.0,25.2014652014652,-86.93528693528694,40.04884004884005,-16.605616605616607,40.04884004884005
11.916971916971915,-43.95604395604396,-24.02930402930403,21.294261294261293,0.0,42.002442002442,-53.333333333333336,-19.34065934065934,-2.5396825396825395,0.0,-46.69108669108669,-18.55921855921856,0.0,-41.22100122100122,-17.387057387057386,-5.665445665445666,13.47985347985348,0.0,-91.62393162393164,-20.512820512820515,47.472527472527474,11.916971916971915,0.0,24.42002442002442,-78.33943833943835,25.2014652014652,-18.168498168498168,47.472527472527474
15.042735042735044,-49.03540903540904,-27.155067155067155,20.512820512820515,0.0,40.04884004884005,-53.333333333333336,-25.982905982905983,0.1953601953601953,0.0,-47.86324786324786,-22.075702075702075,0.0,-45.12820512820513,-20.12210012210012,-6.837606837606837,16.996336996336996,0.0,-98.26617826617829,-26.764346764346765,50.989010989010985,16.996336996336996,0.0,27.545787545787547,-87.71672771672772,27.155067155067155,-20.12210012210012,50.989010989010985
17.77777777777778,-54.114774114774114,-34.18803418803419,20.903540903540904,0.0,35.36019536019536,-56.84981684981685,-32.62515262515262,4.884004884004884,0.0,-49.03540903540904,-25.592185592185597,0.0,-49.42612942612943,-25.592185592185597,-11.916971916971915,21.68498168498169,0.0,-108.03418803418803,-30.28083028083028,49.81684981684982,22.466422466422465,0.0,34.57875457875458,-93.57753357753356,27.155067155067155,-20.903540903540904,49.81684981684982
24.42002442002442,-57.63125763125763,-36.14163614163614,14.261294261294262,0.0,35.75091575091575,-60.366300366300365,-33.01587301587302,3.711843711843712,0.0,-52.16117216117216,-26.764346764346765,0.0,-50.20757020757021,-27.155067155067155,-11.135531135531137,16.214896214896214,0.0,-112.72283272283272,-30.671550671550676,49.81684981684982,19.34065934065934,0.0,36.53235653235653,-51.37973137973138,-14.652014652014651,-22.466422466422465,49.81684981684982
30.671550671550676,-63.88278388278388,-35.36019536019536,14.261294261294262,0.0,36.14163614163614,-66.61782661782662,-31.45299145299145,7.619047619047619,0.0,-55.28693528693529,-27.545787545787547,0.0,-49.81684981684982,-29.89010989010989,-11.916971916971915,15.433455433455434,0.0,-114.28571428571428,-34.18803418803419,47.86324786324786,23.63858363858364,0.0,35.75091575091575,-44.346764346764346,-20.512820512820515,-25.982905982905983,47.86324786324786
36.14163614163614,-74.04151404151405,-38.095238095238095,23.63858363858364,0.0,36.14163614163614,-73.65079365079364,-32.234432234432234,18.168498168498168,0.0,-56.45909645909646,-29.10866910866911,0.0,-51.77045177045177,-34.969474969474966,-13.870573870573873,23.247863247863247,0.0,-118.97435897435898,-39.26739926739927,41.61172161172161,38.095238095238095,0.0,38.48595848595848,-99.82905982905984,33.7973137973138,-29.499389499389498,41.61172161172161
45.12820512820513,-84.59096459096459,-38.87667887667888,25.982905982905983,0.0,39.26739926739927,-77.16727716727716,-32.234432234432234,18.168498168498168,0.0,-56.06837606837607,-28.71794871794872,0.0,-52.94261294261294,-34.969474969474966,-15.042735042735044,21.68498168498169,0.0,-119.75579975579976,-45.51892551892552,36.92307692307692,46.3003663003663,0.0,39.26739926739927,-92.014652014652,26.37362637362637,-32.62515262515262,36.92307692307692
54.5054945054945,-92.014652014652,-40.83028083028083,26.37362637362637,0.0,41.61172161172161,-77.55799755799755,-28.71794871794872,13.47985347985348,0.0,-53.724053724053725,-27.936507936507937,0.0,-54.114774114774114,-32.234432234432234,-11.916971916971915,11.916971916971915,0.0,-118.5836385836386,-51.37973137973138,34.969474969474966,47.86324786324786,0.0,41.22100122100122,-19.34065934065934,-47.472527472527474,-35.75091575091575,34.969474969474966
61.53846153846154,-99.82905982905984,-49.42612942612943,31.843711843711844,0.0,38.095238095238095,-77.16727716727716,-33.01587301587302,16.605616605616607,0.0,-52.55189255189255,-27.545787545787547,0.0,-59.1941391941392,-33.01587301587302,-13.47985347985348,10.354090354090356,0.0,-120.14652014652016,-57.24053724053724,25.2014652014652,55.28693528693529,0.0,49.81684981684982,-20.903540903540904,-47.472527472527474,-39.26739926739927,25.2014652014652
67.78998778998779,-105.2991452991453,-56.84981684981685,32.62515262515262,0.0,37.31379731379732,-80.68376068376068,-34.57875457875458,17.387057387057386,0.0,-53.724053724053725,-25.2014652014652,0.0,-61.92918192918193,-33.40659340659341,-17.387057387057386,6.837606837606837,0.0,-120.14652014652016,-59.58485958485959,11.916971916971915,59.975579975579976,0.0,57.24053724053724,-25.982905982905983,-43.56532356532357,-38.48595848595848,11.916971916971915
77.55799755799755,-108.8156288156288,-59.1941391941392,27.545787545787547,0.0,36.53235653235653,-79.9023199023199,-31.062271062271066,12.307692307692308,0.0,-54.5054945054945,-19.73137973137973,0.0,-61.14774114774115,-33.01587301587302,-15.042735042735044,0.1953601953601953,0.0,-116.23931623931624,-58.41269841269841,7.619047619047619,56.84981684981685,0.0,59.58485958485959,39.65811965811966,-108.8156288156288,-39.26739926739927,7.619047619047619
85.37240537240537,-113.5042735042735,-64.66422466422466,28.71794871794872,0.0,34.18803418803419,-80.68376068376068,-31.062271062271066,13.47985347985348,0.0,-56.84981684981685,-16.996336996336996,0.0,-61.53846153846154,-36.14163614163614,-15.042735042735044,3.3211233211233213,0.0,-113.89499389499387,-58.41269841269841,1.3675213675213675,61.14774114774115,0.0,65.05494505494505,101.78266178266178,-169.76800976800976,-42.39316239316239,1.3675213675213675
90.06105006105007,-122.88156288156289,-73.26007326007326,34.969474969474966,0.0,29.499389499389498,-83.80952380952381,-35.36019536019536,18.94993894993895,0.0,-58.02197802197802,-18.55921855921856,0.0,-65.44566544566544,-42.78388278388278,-18.168498168498168,15.433455433455434,0.0,-115.84859584859583,-60.366300366300365,-4.884004884004884,69.35286935286935,0.0,73.65079365079364,61.14774114774115,-128.74236874236874,-43.56532356532357,-4.884004884004884
97.48473748473748,-129.9145299145299,-78.33943833943835,29.89010989010989,0.0,25.2014652014652,-78.73015873015873,-37.31379731379732,9.963369963369964,0.0,-54.5054945054945,-19.73137973137973,0.0,-65.05494505494505,-42.002442002442,-18.94993894993895,13.47985347985348,0.0,-112.72283272283272,-58.41269841269841,-5.274725274725275,63.49206349206349,0.0,78.73015873015873,30.28083028083028,-97.87545787545788,-42.39316239316239,-5.274725274725275
104.51770451770452,-132.64957264957266,-81.07448107448107,24.02930402930403,0.0,27.155067155067155,-72.47863247863248,-40.04884004884005,0.5860805860805861,0.0,-49.03540903540904,-21.68498168498169,0.0,-65.44566544566544,-37.31379731379732,-18.168498168498168,7.619047619047619,0.0,-108.8156288156288,-56.45909645909646,-6.056166056166056,57.24053724053724,0.0,81.46520146520146,28.71794871794872,-93.18681318681318,-43.56532356532357,-6.056166056166056
105.68986568986568,-135.77533577533578,-84.2002442002442,22.075702075702075,0.0,31.062271062271066,-74.43223443223444,-45.90964590964591,-1.7582417582417582,0.0,-44.737484737484735,-22.857142857142858,0.0,-67.78998778998779,-34.57875457875458,-21.68498168498169,6.056166056166056,0.0,-106.47130647130648,-56.84981684981685,-11.526251526251526,55.28693528693529,0.0,84.59096459096459,3.711843711843712,-66.22710622710623,-41.61172161172161,-11.526251526251526
105.68986568986568,-138.1196581196581,-80.68376068376068,14.261294261294262,0.0,32.234432234432234,-71.6971916971917,-47.081807081807085,-10.744810744810744,0.0,-40.04884004884005,-22.466422466422465,0.0,-66.22710622710623,-29.10866910866911,-22.466422466422465,-4.884004884004884,0.0,-102.95482295482296,-52.16117216117216,-16.214896214896214,46.69108669108669,0.0,81.07448107448107,35.75091575091575,-93.57753357753356,-36.14163614163614,-16.214896214896214
108.42490842490842,-142.8083028083028,-77.16727716727716,7.228327228327228,0.0,35.75091575091575,-73.65079365079364,-45.51892551892552,-18.55921855921856,0.0,-38.87667887667888,-20.903540903540904,0.0,-64.66422466422466,-23.247863247863247,-22.075702075702075,-16.605616605616607,0.0,-99.04761904761904,-47.081807081807085,-18.168498168498168,36.92307692307692,0.0,77.55799755799755,97.87545787545788,-144.76190476190476,-34.18803418803419,-18.168498168498168
106.08058608058607,-150.62271062271063,-79.51159951159951,13.089133089133089,0.0,32.234432234432234,-79.51159951159951,-46.69108669108669,-15.042735042735044,0.0,-38.87667887667888,-23.63858363858364,0.0,-70.13431013431014,-23.247863247863247,-23.247863247863247,-12.698412698412698,0.0,-98.65689865689866,-44.737484737484735,-23.63858363858364,36.53235653235653,0.0,79.9023199023199,133.43101343101344,-168.98656898656898,-32.234432234432234,-23.63858363858364
105.2991452991453,-159.21855921855922,-83.41880341880342,15.824175824175825,0.0,27.155067155067155,-82.63736263736264,-47.86324786324786,-15.433455433455434,0.0,-34.57875457875458,-25.982905982905983,0.0,-72.86935286935287,-22.466422466422465,-25.2014652014652,-8.00976800976801,0.0,-95.53113553113552,-43.17460317460318,-26.37362637362637,34.57875457875458,0.0,83.80952380952381,171.33089133089132,-194.3833943833944,-30.671550671550676,-26.37362637362637
106.86202686202688,-157.26495726495727,-81.85592185592185,8.00976800976801,0.0,26.37362637362637,-78.73015873015873,-42.39316239316239,-26.764346764346765,0.0,-26.764346764346765,-23.63858363858364,0.0,-71.6971916971917,-13.870573870573873,-20.12210012210012,-16.214896214896214,0.0,-85.76312576312576,-36.53235653235653,-22.857142857142858,21.68498168498169,0.0,82.24664224664225,236.1904761904762,-246.3492063492064,-29.10866910866911,-22.857142857142858
102.56410256410255,-149.84126984126985,-77.94871794871794,6.837606837606837,0.0,25.592185592185597,-75.995115995116,-38.48595848595848,-27.936507936507937,0.0,-18.94993894993895,-22.466422466422465,0.0,-74.04151404151405,-6.056166056166056,-16.214896214896214,-16.214896214896214,0.0,-76.38583638583638,-34.57875457875458,-20.903540903540904,16.605616605616607,0.0,78.33943833943835,235.4090354090354,-236.1904761904762,-27.545787545787547,-20.903540903540904
94.35897435897436,-142.41758241758242,-75.21367521367522,11.135531135531137,0.0,20.903540903540904,-69.35286935286935,-40.04884004884005,-21.294261294261293,0.0,-10.354090354090356,-17.77777777777778,0.0,-72.86935286935287,0.1953601953601953,-16.214896214896214,-13.870573870573873,0.0,-64.66422466422466,-36.92307692307692,-21.294261294261293,17.77777777777778,0.0,75.6043956043956,174.45665445665446,-167.03296703296704,-25.982905982905983,-21.294261294261293
89.67032967032966,-129.13308913308913,-70.13431013431014,3.711843711843712,0.0,17.77777777777778,-58.02197802197802,-38.87667887667888,-26.37362637362637,0.0,-2.5396825396825395,-10.354090354090356,0.0,-68.18070818070818,8.791208791208792,-15.433455433455434,-23.247863247863247,0.0,-52.16117216117216,-33.40659340659341,-22.075702075702075,9.18192918192918,0.0,70.52503052503053,189.6947496947497,-173.67521367521368,-24.02930402930403,-22.075702075702075
82.24664224664225,-118.5836385836386,-68.18070818070818,0.9768009768009768,0.0,14.261294261294262,-51.37973137973138,-38.095238095238095,-26.764346764346765,0.0,-0.5860805860805861,-6.056166056166056,0.0,-65.44566544566544,18.168498168498168,-15.042735042735044,-28.32722832722833,0.0,-40.04884004884005,-31.062271062271066,-23.247863247863247,3.3211233211233213,0.0,68.57142857142857,247.9120879120879,-224.46886446886447,-21.294261294261293,-23.247863247863247
73.65079365079364,-111.15995115995116,-70.52503052503053,4.102564102564102,0.0,5.665445665445666,-45.90964590964591,-41.22100122100122,-20.512820512820515,0.0,-0.1953601953601953,-1.7582417582417582,0.0,-61.53846153846154,19.73137973137973,-18.168498168498168,-24.02930402930403,0.0,-29.10866910866911,-33.01587301587302,-27.545787545787547,5.274725274725275,0.0,70.91575091575092,225.64102564102564,-199.46275946275944,-15.433455433455434,-27.545787545787547
66.61782661782662,-102.95482295482296,-67.3992673992674,0.9768009768009768,0.0,-0.5860805860805861,-41.22100122100122,-39.26739926739927,-18.94993894993895,0.0,-2.5396825396825395,4.884004884004884,0.0,-56.45909645909646,22.075702075702075,-17.387057387057386,-23.63858363858364,0.0,-18.94993894993895,-30.28083028083028,-30.28083028083028,3.711843711843712,0.0,67.78998778998779,172.8937728937729,-140.46398046398048,-9.572649572649572,-30.28083028083028
60.366300366300365,-90.45177045177046,-57.63125763125763,-3.711843711843712,0.0,-3.711843711843712,-36.92307692307692,-32.62515262515262,-16.605616605616607,0.0,-5.665445665445666,10.744810744810744,0.0,-53.333333333333336,27.936507936507937,-12.307692307692308,-24.81074481074481,0.0,-3.711843711843712,-26.37362637362637,-31.062271062271066,-1.3675213675213675,0.0,58.02197802197802,175.62881562881563,-136.16605616605617,-7.228327228327228,-31.062271062271066
52.55189255189255,-84.59096459096459,-46.3003663003663,0.5860805860805861,0.0,-6.446886446886447,-36.53235653235653,-31.45299145299145,-0.9768009768009768,0.0,-7.619047619047619,11.916971916971915,0.0,-54.114774114774114,25.982905982905983,-9.963369963369964,-15.042735042735044,0.0,2.148962148962149,-28.71794871794872,-30.671550671550676,2.5396825396825395,0.0,46.69108669108669,193.992673992674,-146.32478632478632,-9.18192918192918,-30.671550671550676
47.081807081807085,-79.12087912087912,-33.01587301587302,2.93040293040293,0.0,-6.056166056166056,-33.01587301587302,-29.89010989010989,8.791208791208792,0.0,-9.18192918192918,16.214896214896214,0.0,-54.89621489621489,24.81074481074481,-8.791208791208792,-6.837606837606837,0.0,8.4004884004884,-31.062271062271066,-27.936507936507937,3.711843711843712,0.0,33.40659340659341,210.4029304029304,-150.62271062271063,-15.042735042735044,-27.936507936507937
45.12820512820513,-68.96214896214896,-20.12210012210012,-2.148962148962149,0.0,-2.93040293040293,-21.68498168498169,-27.155067155067155,6.446886446886447,0.0,-7.228327228327228,21.68498168498169,0.0,-52.16117216117216,27.936507936507937,-6.056166056166056,-4.884004884004884,0.0,17.77777777777778,-28.71794871794872,-21.68498168498169,-2.93040293040293,0.0,20.512820512820515,270.5738705738706,-203.76068376068372,-18.168498168498168,-21.68498168498169
41.22100122100122,-62.31990231990232,-10.744810744810744,-3.711843711843712,0.0,-2.148962148962149,-13.47985347985348,-27.545787545787547,9.18192918192918,0.0,-6.837606837606837,22.466422466422465,0.0,-49.03540903540904,30.671550671550676,-3.711843711843712,2.93040293040293,0.0,26.37362637362637,-26.37362637362637,-14.652014652014651,-4.493284493284493,0.0,11.135531135531137,321.36752136752136,-251.8192918192918,-18.55921855921856,-14.652014652014651
40.43956043956044,-56.06837606837607,-5.665445665445666,-1.7582417582417582,0.0,-4.102564102564102,-2.5396825396825395,-29.499389499389498,14.652014652014651,0.0,-4.884004884004884,23.63858363858364,0.0,-42.78388278388278,32.62515262515262,-1.3675213675213675,14.652014652014651,0.0,36.53235653235653,-20.903540903540904,-10.744810744810744,-2.5396825396825395,0.0,6.056166056166056,338.94993894993894,-269.7924297924298,-15.433455433455434,-10.744810744810744
41.22100122100122,-45.90964590964591,1.7582417582417582,-8.00976800976801,0.0,-5.665445665445666,8.791208791208792,-25.2014652014652,11.916971916971915,0.0,-2.148962148962149,27.155067155067155,0.0,-32.62515262515262,40.04884004884005,5.274725274725275,18.94993894993895,0.0,48.64468864468864,-7.228327228327228,-4.493284493284493,-3.3211233211233213,0.0,-1.3675213675213675,329.1819291819292,-264.32234432234435,-8.00976800976801,-4.493284493284493
40.83028083028083,-37.704517704517706,15.433455433455434,-13.089133089133089,0.0,-2.5396825396825395,14.652014652014651,-20.512820512820515,14.261294261294262,0.0,-0.5860805860805861,26.764346764346765,0.0,-23.63858363858364,45.12820512820513,11.135531135531137,22.075702075702075,0.0,57.63125763125763,1.7582417582417582,-2.5396825396825395,-2.148962148962149,0.0,-15.042735042735044,331.52625152625154,-269.010989010989,-0.1953601953601953,-2.5396825396825395
35.75091575091575,-34.57875457875458,25.982905982905983,-5.665445665445666,0.0,-0.9768009768009768,14.652014652014651,-20.12210012210012,29.10866910866911,0.0,-1.7582417582417582,22.075702075702075,0.0,-20.512820512820515,42.39316239316239,13.47985347985348,36.14163614163614,0.0,59.1941391941392,4.493284493284493,-3.711843711843712,10.744810744810744,0.0,-25.592185592185597,286.5934065934066,-227.5946275946276,4.884004884004884,-3.711843711843712
28.71794871794872,-30.28083028083028,41.61172161172161,-1.7582417582417582,0.0,1.7582417582417582,13.870573870573873,-13.870573870573873,36.53235653235653,0.0,-3.3211233211233213,23.247863247863247,0.0,-17.387057387057386,40.83028083028083,13.870573870573873,45.51892551892552,0.0,59.975579975579976,3.3211233211233213,-2.93040293040293,21.68498168498169,0.0,-41.22100122100122,250.64713064713064,-190.47619047619048,8.791208791208792,-2.93040293040293
19.73137973137973,-22.075702075702075,59.58485958485959,-5.274725274725275,0.0,3.3211233211233213,16.214896214896214,-4.102564102564102,36.53235653235653,0.0,-6.446886446886447,25.2014652014652,0.0,-10.354090354090356,38.095238095238095,17.77777777777778,42.78388278388278,0.0,65.05494505494505,1.7582417582417582,-0.1953601953601953,20.512820512820515,0.0,-59.1941391941392,274.0903540903541,-208.44932844932845,6.446886446886447,-0.1953601953601953
11.916971916971915,-13.089133089133089,68.18070818070818,1.3675213675213675,0.0,-0.5860805860805861,16.996336996336996,0.1953601953601953,50.989010989010985,0.0,-12.307692307692308,24.81074481074481,0.0,-5.274725274725275,31.45299145299145,16.605616605616607,51.77045177045177,0.0,68.18070818070818,-1.7582417582417582,2.5396825396825395,25.2014652014652,0.0,-67.78998778998779,230.32967032967036,-166.25152625152626,4.884004884004884,2.5396825396825395
4.884004884004884,-2.148962148962149,70.91575091575092,8.00976800976801,0.0,-9.18192918192918,19.34065934065934,6.446886446886447,65.44566544566544,0.0,-14.652014652014651,26.37362637362637,0.0,0.9768009768009768,24.81074481074481,11.916971916971915,64.27350427350427,0.0,71.6971916971917,-3.3211233211233213,4.493284493284493,29.10866910866911,0.0,-70.52503052503053,126.007326007326,-65.44566544566544,4.884004884004884,4.493284493284493
0.9768009768009768,13.870573870573873,77.55799755799755,4.102564102564102,0.0,-16.605616605616607,27.936507936507937,14.652014652014651,70.91575091575092,0.0,-16.605616605616607,30.671550671550676,0.0,9.572649572649572,25.592185592185597,11.916971916971915,64.66422466422466,0.0,79.9023199023199,0.5860805860805861,8.4004884004884,22.466422466422465,0.0,-77.16727716727716,91.23321123321124,-35.75091575091575,6.837606837606837,8.4004884004884
-1.7582417582417582,25.592185592185597,81.85592185592185,8.00976800976801,0.0,-21.68498168498169,31.062271062271066,19.34065934065934,84.59096459096459,0.0,-16.996336996336996,31.45299145299145,0.0,10.354090354090356,25.2014652014652,11.526251526251526,73.65079365079364,0.0,82.63736263736264,3.3211233211233213,8.791208791208792,25.2014652014652,0.0,-81.46520146520146,111.94139194139194,-63.49206349206349,10.354090354090356,8.791208791208792
-8.4004884004884,31.062271062271066,85.76312576312576,14.261294261294262,0.0,-28.71794871794872,34.969474969474966,23.247863247863247,94.35897435897436,0.0,-14.261294261294262,32.234432234432234,0.0,6.837606837606837,27.545787545787547,9.18192918192918,81.07448107448107,0.0,79.9023199023199,5.665445665445666,5.274725274725275,32.62515262515262,0.0,-85.37240537240537,49.42612942612943,-6.056166056166056,16.214896214896214,5.274725274725275
-18.94993894993895,37.31379731379732,89.27960927960928,18.168498168498168,0.0,-38.87667887667888,43.17460317460318,26.37362637362637,95.14041514041514,0.0,-10.744810744810744,34.18803418803419,0.0,1.3675213675213675,34.57875457875458,10.354090354090356,79.12087912087912,0.0,75.995115995116,10.354090354090356,0.5860805860805861,37.704517704517706,0.0,-88.88888888888889,-10.354090354090356,51.77045177045177,20.12210012210012,0.5860805860805861
-24.02930402930403,44.737484737484735,90.84249084249085,14.261294261294262,0.0,-40.04884004884005,51.77045177045177,29.89010989010989,84.59096459096459,0.0,-7.228327228327228,35.75091575091575,0.0,3.711843711843712,38.48595848595848,10.744810744810744,68.57142857142857,0.0,76.38583638583638,15.042735042735044,-4.884004884004884,35.36019536019536,0.0,-90.45177045177046,16.605616605616607,25.592185592185597,19.34065934065934,-4.884004884004884
-29.499389499389498,50.5982905982906,81.46520146520146,17.77777777777778,0.0,-45.51892551892552,60.366300366300365,27.936507936507937,77.94871794871794,0.0,-3.711843711843712,37.704517704517706,0.0,5.665445665445666,36.53235653235653,5.274725274725275,67.3992673992674,0.0,75.21367521367522,13.47985347985348,-13.089133089133089,40.04884004884005,0.0,-81.07448107448107,-45.51892551892552,83.02808302808303,18.94993894993895,-13.089133089133089
-36.92307692307692,58.02197802197802,73.26007326007326,15.042735042735044,0.0,-49.81684981684982,69.35286935286935,25.592185592185597,64.27350427350427,0.0,-0.5860805860805861,38.48595848595848,0.0,8.791208791208792,34.18803418803419,1.7582417582417582,61.14774114774115,0.0,74.82295482295483,12.698412698412698,-17.77777777777778,36.14163614163614,0.0,-72.86935286935287,-126.3980463980464,158.82783882783883,20.12210012210012,-17.77777777777778
-36.92307692307692,67.78998778998779,67.3992673992674,2.148962148962149,0.0,-46.69108669108669,77.16727716727716,24.02930402930403,46.69108669108669,0.0,0.9768009768009768,40.83028083028083,0.0,12.698412698412698,33.01587301587302,0.1953601953601953,50.20757020757021,0.0,77.55799755799755,12.307692307692308,-18.168498168498168,25.982905982905983,0.0,-67.00854700854701,-194.3833943833944,219.78021978021977,20.512820512820515,-18.168498168498168
-38.095238095238095,74.43223443223444,65.44566544566544,-6.837606837606837,0.0,-48.25396825396825,79.9023199023199,21.68498168498169,41.22100122100122,0.0,4.102564102564102,38.095238095238095,0.0,9.18192918192918,34.18803418803419,0.1953601953601953,46.3003663003663,0.0,77.16727716727716,10.354090354090356,-18.168498168498168,20.12210012210012,0.0,-65.05494505494505,-256.1172161172161,274.4810744810745,21.68498168498169,-18.168498168498168
-41.22100122100122,79.12087912087912,63.88278388278388,-14.261294261294262,0.0,-52.55189255189255,82.24664224664225,18.168498168498168,38.48595848595848,0.0,7.619047619047619,33.01587301587302,0.0,4.102564102564102,34.57875457875458,-3.3211233211233213,43.17460317460318,0.0,75.21367521367522,8.791208791208792,-18.94993894993895,13.870573870573873,0.0,-63.49206349206349,-313.1623931623932,326.8376068376068,21.68498168498169,-18.94993894993895
-41.22100122100122,85.76312576312576,66.22710622710623,-33.01587301587302,0.0,-54.114774114774114,88.88888888888889,20.903540903540904,21.294261294261293,0.0,15.824175824175825,28.32722832722833,0.0,7.619047619047619,37.704517704517706,-4.884004884004884,29.499389499389498,0.0,78.73015873015873,13.089133089133089,-19.34065934065934,-1.3675213675213675,0.0,-65.83638583638583,-312.7716727716728,323.7118437118437,24.81074481074481,-19.34065934065934
-40.04884004884005,90.45177045177046,67.78998778998779,-47.081807081807085,0.0,-53.333333333333336,96.31257631257633,22.466422466422465,5.665445665445666,0.0,24.02930402930403,24.42002442002442,0.0,15.042735042735044,37.704517704517706,-8.4004884004884,17.77777777777778,0.0,80.68376068376068,17.387057387057386,-21.294261294261293,-14.652014652014651,0.0,-67.3992673992674,-329.1819291819292,341.2942612942613,25.2014652014652,-21.294261294261293
-45.90964590964591,89.67032967032966,62.71062271062271,-47.081807081807085,0.0,-60.757020757020754,103.73626373626374,18.94993894993895,-2.5396825396825395,0.0,29.499389499389498,21.294261294261293,0.0,21.294261294261293,29.499389499389498,-12.307692307692308,16.996336996336996,0.0,77.94871794871794,18.94993894993895,-25.2014652014652,-16.214896214896214,0.0,-62.31990231990232,-438.97435897435895,447.960927960928,30.28083028083028,-25.2014652014652
-47.081807081807085,89.27960927960928,57.24053724053724,-49.03540903540904,0.0,-60.757020757020754,111.15995115995116,18.94993894993895,-18.94993894993895,0.0,34.969474969474966,21.294261294261293,0.0,31.843711843711844,22.075702075702075,-11.526251526251526,11.916971916971915,0.0,79.12087912087912,21.294261294261293,-25.982905982905983,-20.12210012210012,0.0,-56.84981684981685,-511.6483516483517,517.8998778998779,34.57875457875458,-25.982905982905983
-48.25396825396825,92.014652014652,56.84981684981685,-54.5054945054945,0.0,-59.1941391941392,115.45787545787546,22.075702075702075,-32.234432234432234,0.0,36.92307692307692,25.2014652014652,0.0,38.095238095238095,21.68498168498169,-4.884004884004884,3.3211233211233213,0.0,79.12087912087912,27.155067155067155,-22.075702075702075,-25.982905982905983,0.0,-56.45909645909646,-508.13186813186815,513.6019536019536,35.75091575091575,-22.075702075702075
-50.20757020757021,88.4981684981685,54.5054945054945,-48.64468864468864,0.0,-62.31990231990232,115.84859584859583,19.34065934065934,-29.10866910866911,0.0,34.969474969474966,26.764346764346765,0.0,38.48595848595848,17.387057387057386,-1.7582417582417582,5.665445665445666,0.0,77.94871794871794,27.155067155067155,-21.294261294261293,-22.466422466422465,0.0,-54.114774114774114,-560.8791208791209,566.3492063492064,36.53235653235653,-21.294261294261293
-52.16117216117216,86.54456654456655,53.724053724053725,-45.90964590964591,0.0,-63.10134310134311,115.45787545787546,17.387057387057386,-27.155067155067155,0.0,33.7973137973138,24.81074481074481,0.0,39.26739926739927,15.433455433455434,-1.7582417582417582,7.619047619047619,0.0,79.51159951159951,25.592185592185597,-21.68498168498169,-22.075702075702075,0.0,-53.333333333333336,-621.050061050061,627.6923076923077,35.75091575091575,-21.68498168498169
-52.94261294261294,87.32600732600733,57.63125763125763,-50.20757020757021,0.0,-56.84981684981685,117.8021978021978,15.824175824175825,-34.969474969474966,0.0,34.57875457875458,24.42002442002442,0.0,40.83028083028083,18.168498168498168,-2.93040293040293,0.1953601953601953,0.0,82.24664224664225,27.545787545787547,-21.294261294261293,-30.28083028083028,0.0,-57.24053724053724,-556.5811965811965,568.3028083028083,35.36019536019536,-21.294261294261293
-53.724053724053725,84.59096459096459,57.63125763125763,-45.51892551892552,0.0,-49.03540903540904,118.5836385836386,10.354090354090356,-36.14163614163614,0.0,33.40659340659341,20.12210012210012,0.0,42.78388278388278,18.168498168498168,-6.837606837606837,-2.5396825396825395,0.0,83.80952380952381,25.2014652014652,-19.73137973137973,-37.31379731379732,0.0,-57.24053724053724,-484.2979242979243,502.6617826617826,34.18803418803419,-19.73137973137973
-60.757020757020754,80.68376068376068,53.333333333333336,-35.36019536019536,0.0,-50.989010989010985,117.8021978021978,4.102564102564102,-33.7973137973138,0.0,29.89010989010989,16.214896214896214,0.0,44.346764346764346,16.214896214896214,-10.744810744810744,-1.3675213675213675,0.0,83.80952380952381,22.075702075702075,-16.605616605616607,-40.43956043956044,0.0,-52.94261294261294,-503.8339438339438,525.7142857142857,32.62515262515262,-16.605616605616607
-62.31990231990232,81.46520146520146,49.42612942612943,-35.75091575091575,0.0,-48.25396825396825,118.1929181929182,4.102564102564102,-40.83028083028083,0.0,31.062271062271066,17.77777777777778,0.0,47.86324786324786,20.12210012210012,-13.089133089133089,-7.228327228327228,0.0,84.98168498168498,24.42002442002442,-13.089133089133089,-48.25396825396825,0.0,-49.03540903540904,-475.7020757020757,495.2380952380952,36.14163614163614,-13.089133089133089
-61.14774114774115,81.85592185592185,47.081807081807085,-32.234432234432234,0.0,-49.42612942612943,118.1929181929182,4.493284493284493,-37.31379731379732,0.0,30.28083028083028,21.294261294261293,0.0,49.03540903540904,27.155067155067155,-10.744810744810744,-9.572649572649572,0.0,86.54456654456655,29.10866910866911,-6.056166056166056,-53.724053724053725,0.0,-46.69108669108669,-438.19291819291817,456.5567765567766,39.65811965811966,-6.056166056166056
-59.975579975579976,79.51159951159951,42.39316239316239,-25.982905982905983,0.0,-56.06837606837607,117.02075702075702,2.93040293040293,-27.545787545787547,0.0,30.28083028083028,25.592185592185597,0.0,45.90964590964591,31.45299145299145,-11.135531135531137,-3.711843711843712,0.0,82.63736263736264,33.01587301587302,-4.102564102564102,-48.25396825396825,0.0,-42.002442002442,-432.33211233211233,445.6166056166056,42.78388278388278,-4.102564102564102
-57.63125763125763,80.29304029304029,37.31379731379732,-24.02930402930403,0.0,-56.84981684981685,118.97435897435898,2.148962148962149,-27.936507936507937,0.0,33.7973137973138,29.89010989010989,0.0,45.90964590964591,35.36019536019536,-13.47985347985348,-2.93040293040293,0.0,77.94871794871794,38.87667887667888,-4.884004884004884,-46.69108669108669,0.0,-36.92307692307692,-419.04761904761904,428.4249084249085,46.69108669108669,-4.884004884004884
-56.45909645909646,81.85592185592185,35.75091575091575,-27.936507936507937,0.0,-50.989010989010985,117.02075702075702,0.9768009768009768,-33.01587301587302,0.0,35.36019536019536,30.671550671550676,0.0,47.081807081807085,37.31379731379732,-13.089133089133089,-9.572649572649572,0.0,72.86935286935287,43.56532356532357,-2.5396825396825395,-52.16117216117216,0.0,-35.36019536019536,-387.7899877899878,397.5579975579976,48.64468864468864,-2.5396825396825395
-60.366300366300365,79.9023199023199,28.32722832722833,-21.294261294261293,0.0,-49.42612942612943,109.98778998778998,-4.102564102564102,-28.71794871794872,0.0,29.10866910866911,29.10866910866911,0.0,45.12820512820513,32.234432234432234,-18.168498168498168,-7.619047619047619,0.0,64.27350427350427,41.61172161172161,-5.274725274725275,-48.64468864468864,0.0,-27.936507936507937,-378.0219780219781,390.1343101343101,45.12820512820513,-5.274725274725275
-67.3992673992674,79.51159951159951,19.73137973137973,-18.168498168498168,0.0,-50.20757020757021,99.82905982905984,-9.963369963369964,-24.81074481074481,0.0,22.075702075702075,25.592185592185597,0.0,45.51892551892552,22.857142857142858,-21.68498168498169,-9.963369963369964,0.0,58.02197802197802,36.92307692307692,-9.572649572649572,-48.25396825396825,0.0,-19.34065934065934,-349.4993894993895,362.7838827838828,41.61172161172161,-9.572649572649572
-70.13431013431014,80.29304029304029,17.77777777777778,-25.2014652014652,0.0,-50.5982905982906,92.7960927960928,-10.744810744810744,-27.155067155067155,0.0,16.605616605616607,22.466422466422465,0.0,47.472527472527474,19.34065934065934,-23.247863247863247,-17.77777777777778,0.0,56.84981684981685,35.75091575091575,-9.572649572649572,-56.45909645909646,0.0,-17.387057387057386,-261.5873015873016,278.3882783882784,38.48595848595848,-9.572649572649572
-71.6971916971917,78.33943833943835,15.433455433455434,-23.63858363858364,0.0,-55.67765567765568,87.32600732600733,-11.916971916971915,-20.512820512820515,0.0,12.698412698412698,18.55921855921856,0.0,46.3003663003663,14.652014652014651,-24.81074481074481,-15.824175824175825,0.0,55.67765567765568,31.062271062271066,-11.135531135531137,-54.89621489621489,0.0,-15.042735042735044,-207.27716727716728,226.4224664224664,34.57875457875458,-11.135531135531137
-73.26007326007326,73.65079365079364,10.744810744810744,-17.387057387057386,0.0,-61.14774114774115,81.46520146520146,-14.261294261294262,-10.744810744810744,0.0,13.47985347985348,12.307692307692308,0.0,44.737484737484735,11.526251526251526,-27.545787545787547,-4.884004884004884,0.0,54.89621489621489,26.764346764346765,-13.870573870573873,-44.346764346764346,0.0,-10.354090354090356,-237.36263736263737,255.72649572649573,32.234432234432234,-13.870573870573873
-70.91575091575092,74.04151404151405,6.837606837606837,-17.387057387057386,0.0,-61.14774114774115,78.73015873015873,-15.042735042735044,-9.572649572649572,0.0,20.12210012210012,7.619047619047619,0.0,48.64468864468864,9.963369963369964,-31.45299145299145,-1.3675213675213675,0.0,54.89621489621489,25.2014652014652,-14.261294261294262,-40.04884004884005,0.0,-6.446886446886447,-215.0915750915751,231.11111111111111,32.234432234432234,-14.261294261294262
-68.96214896214896,77.16727716727716,4.493284493284493,-16.996336996336996,0.0,-55.67765567765568,73.26007326007326,-13.47985347985348,-6.837606837606837,0.0,23.63858363858364,2.93040293040293,0.0,51.37973137973138,7.619047619047619,-29.89010989010989,0.1953601953601953,0.0,55.28693528693529,24.81074481074481,-14.261294261294262,-36.53235653235653,0.0,-4.102564102564102,-149.84126984126985,166.25152625152626,29.89010989010989,-14.261294261294262
-71.30647130647131,79.12087912087912,0.1953601953601953,-11.526251526251526,0.0,-56.06837606837607,65.83638583638583,-15.824175824175825,3.3211233211233213,0.0,24.42002442002442,-2.148962148962149,0.0,49.81684981684982,3.3211233211233213,-33.7973137973138,6.056166056166056,0.0,53.333333333333336,19.34065934065934,-17.77777777777778,-28.32722832722833,0.0,0.1953601953601953,-138.5103785103785,154.52991452991452,25.982905982905983,-17.77777777777778
-72.47863247863248,81.85592185592185,-2.5396825396825395,-12.698412698412698,0.0,-59.1941391941392,61.14774114774115,-15.824175824175825,8.00976800976801,0.0,22.075702075702075,-6.446886446886447,0.0,49.03540903540904,-0.1953601953601953,-35.75091575091575,5.665445665445666,0.0,52.16117216117216,15.042735042735044,-20.12210012210012,-28.32722832722833,0.0,2.93040293040293,-122.1001221001221,138.5103785103785,22.466422466422465,-20.12210012210012
-72.86935286935287,85.37240537240537,-0.5860805860805861,-19.34065934065934,0.0,-59.58485958485959,57.63125763125763,-12.698412698412698,6.837606837606837,0.0,16.996336996336996,-7.228327228327228,0.0,47.86324786324786,-3.711843711843712,-33.7973137973138,1.3675213675213675,0.0,53.724053724053725,10.744810744810744,-16.605616605616607,-35.75091575091575,0.0,0.9768009768009768,-37.704517704517706,57.24053724053724,16.214896214896214,-16.605616605616607
-75.6043956043956,86.15384615384616,0.1953601953601953,-21.294261294261293,0.0,-62.31990231990232,50.989010989010985,-9.572649572649572,10.744810744810744,0.0,10.744810744810744,-10.354090354090356,0.0,43.17460317460318,-7.619047619047619,-32.234432234432234,2.148962148962149,0.0,52.55189255189255,4.493284493284493,-10.744810744810744,-40.43956043956044,0.0,0.1953601953601953,40.04884004884005,-17.387057387057386,7.619047619047619,-10.744810744810744
-76.38583638583638,87.71672771672772,-4.102564102564102,-16.214896214896214,0.0,-65.83638583638583,48.25396825396825,-10.744810744810744,18.168498168498168,0.0,6.056166056166056,-11.526251526251526,0.0,39.65811965811966,-12.698412698412698,-33.40659340659341,7.619047619047619,0.0,50.989010989010985,0.1953601953601953,-9.18192918192918,-39.65811965811966,0.0,4.493284493284493,7.228327228327228,9.572649572649572,4.884004884004884,-9.18192918192918
-69.35286935286935,93.96825396825396,-7.619047619047619,-20.12210012210012,0.0,-61.53846153846154,49.81684981684982,-10.744810744810744,18.55921855921856,0.0,6.837606837606837,-10.354090354090356,0.0,43.17460317460318,-16.214896214896214,-34.18803418803419,4.884004884004884,0.0,52.16117216117216,0.5860805860805861,-7.619047619047619,-46.3003663003663,0.0,8.00976800976801,-24.02930402930403,33.01587301587302,3.711843711843712,-7.619047619047619
-64.27350427350427,98.65689865689866,-10.354090354090356,-24.02930402930403,0.0,-59.58485958485959,47.86324786324786,-11.916971916971915,22.466422466422465,0.0,6.056166056166056,-13.47985347985348,0.0,42.39316239316239,-18.94993894993895,-33.40659340659341,2.93040293040293,0.0,51.77045177045177,2.5396825396825395,-8.791208791208792,-51.77045177045177,0.0,10.744810744810744,-0.1953601953601953,5.274725274725275,0.9768009768009768,-8.791208791208792
-58.8034188034188,99.82905982905984,-14.261294261294262,-26.37362637362637,0.0,-57.63125763125763,46.69108669108669,-17.77777777777778,28.32722832722833,0.0,6.446886446886447,-18.168498168498168,0.0,40.83028083028083,-22.075702075702075,-37.31379731379732,6.056166056166056,0.0,51.37973137973138,2.93040293040293,-14.652014652014651,-51.37973137973138,0.0,14.652014652014651,-11.916971916971915,10.744810744810744,0.9768009768009768,-14.652014652014651
-54.5054945054945,100.6105006105006,-12.698412698412698,-38.095238095238095,0.0,-52.55189255189255,46.3003663003663,-18.94993894993895,19.73137973137973,0.0,6.837606837606837,-18.94993894993895,0.0,43.17460317460318,-20.12210012210012,-38.87667887667888,0.5860805860805861,0.0,52.16117216117216,7.228327228327228,-15.042735042735044,-59.1941391941392,0.0,13.089133089133089,18.55921855921856,-18.55921855921856,0.5860805860805861,-15.042735042735044
-53.333333333333336,98.65689865689866,-7.619047619047619,-50.989010989010985,0.0,-47.081807081807085,41.22100122100122,-17.387057387057386,9.572649572649572,0.0,6.056166056166056,-19.73137973137973,0.0,42.78388278388278,-16.996336996336996,-36.14163614163614,-4.884004884004884,0.0,50.989010989010985,10.744810744810744,-8.4004884004884,-68.96214896214896,0.0,8.00976800976801,65.83638583638583,-61.92918192918193,-0.1953601953601953,-8.4004884004884
-53.724053724053725,96.31257631257633,-8.4004884004884,-50.5982905982906,0.0,-43.17460317460318,34.18803418803419,-18.94993894993895,10.744810744810744,0.0,4.102564102564102,-20.903540903540904,0.0,38.48595848595848,-12.307692307692308,-37.31379731379732,0.1953601953601953,0.0,48.64468864468864,11.526251526251526,-4.493284493284493,-67.00854700854701,0.0,8.791208791208792,53.333333333333336,-51.37973137973138,0.5860805860805861,-4.493284493284493
-52.16117216117216,97.09401709401708,-9.963369963369964,-51.77045177045177,0.0,-39.26739926739927,32.234432234432234,-18.168498168498168,7.228327228327228,0.0,6.446886446886447,-20.512820512820515,0.0,38.87667887667888,-6.837606837606837,-40.83028083028083,1.3675213675213675,0.0,48.25396825396825,13.870573870573873,-3.3211233211233213,-66.22710622710623,0.0,10.354090354090356,48.64468864468864,-52.16117216117216,4.102564102564102,-3.3211233211233213
-43.95604395604396,100.21978021978022,-11.135531135531137,-62.71062271062271,0.0,-34.57875457875458,35.36019536019536,-15.824175824175825,-3.3211233211233213,0.0,9.572649572649572,-21.294261294261293,0.0,43.95604395604396,-2.5396825396825395,-41.22100122100122,-7.228327228327228,0.0,50.20757020757021,16.996336996336996,-0.5860805860805861,-74.04151404151405,0.0,11.526251526251526,91.23321123321124,-101.3919413919414,4.884004884004884,-0.5860805860805861
-40.43956043956044,104.51770451770452,-12.307692307692308,-70.52503052503053,0.0,-34.18803418803419,38.48595848595848,-14.261294261294262,-8.791208791208792,0.0,9.963369963369964,-27.936507936507937,0.0,43.95604395604396,-1.3675213675213675,-40.43956043956044,-13.870573870573873,0.0,51.37973137973138,17.387057387057386,-0.5860805860805861,-79.9023199023199,0.0,12.698412698412698,75.6043956043956,-90.06105006105007,2.93040293040293,-0.5860805860805861
-39.65811965811966,105.68986568986568,-16.605616605616607,-74.04151404151405,0.0,-35.36019536019536,38.48595848595848,-17.387057387057386,-9.963369963369964,0.0,8.4004884004884,-33.01587301587302,0.0,45.51892551892552,-7.228327228327228,-42.78388278388278,-13.870573870573873,0.0,50.5982905982906,16.214896214896214,-6.056166056166056,-80.68376068376068,0.0,16.996336996336996,1.3675213675213675,-18.55921855921856,0.5860805860805861,-6.056166056166056
-37.31379731379732,105.68986568986568,-18.168498168498168,-85.37240537240537,0.0,-30.671550671550676,34.969474969474966,-19.34065934065934,-20.512820512820515,0.0,4.493284493284493,-34.57875457875458,0.0,50.20757020757021,-13.089133089133089,-43.17460317460318,-20.903540903540904,0.0,51.77045177045177,18.168498168498168,-5.665445665445666,-92.014652014652,0.0,18.55921855921856,-15.433455433455434,0.9768009768009768,-1.3675213675213675,-5.665445665445666
-37.31379731379732,101.3919413919414,-15.824175824175825,-91.62393162393164,0.0,-24.42002442002442,29.10866910866911,-20.12210012210012,-27.936507936507937,0.0,0.1953601953601953,-36.92307692307692,0.0,47.081807081807085,-13.089133089133089,-40.43956043956044,-26.37362637362637,0.0,51.77045177045177,18.168498168498168,-4.102564102564102,-100.6105006105006,0.0,16.214896214896214,18.168498168498168,-25.2014652014652,-4.102564102564102,-4.102564102564102
-40.83028083028083,94.35897435897436,-15.433455433455434,-84.98168498168498,0.0,-20.512820512820515,20.512820512820515,-22.075702075702075,-25.592185592185597,0.0,-2.93040293040293,-39.26739926739927,0.0,41.22100122100122,-15.824175824175825,-42.39316239316239,-19.73137973137973,0.0,48.64468864468864,16.996336996336996,-6.837606837606837,-97.09401709401708,0.0,15.824175824175825,9.18192918192918,-13.47985347985348,-1.7582417582417582,-6.837606837606837
-41.61172161172161,88.88888888888889,-10.744810744810744,-86.54456654456655,0.0,-16.996336996336996,18.168498168498168,-19.34065934065934,-32.62515262515262,0.0,-4.102564102564102,-40.04884004884005,0.0,36.53235653235653,-12.307692307692308,-42.002442002442,-22.466422466422465,0.0,46.69108669108669,16.214896214896214,-4.884004884004884,-99.82905982905984,0.0,11.135531135531137,1.3675213675213675,-6.056166056166056,2.5396825396825395,-4.884004884004884
-40.83028083028083,88.88888888888889,-5.274725274725275,-87.32600732600733,0.0,-13.870573870573873,18.55921855921856,-10.354090354090356,-38.87667887667888,0.0,-1.7582417582417582,-41.22100122100122,0.0,31.843711843711844,-4.493284493284493,-37.31379731379732,-29.499389499389498,0.0,48.25396825396825,15.824175824175825,-0.1953601953601953,-104.51770451770452,0.0,5.665445665445666,73.26007326007326,-74.82295482295483,2.5396825396825395,-0.1953601953601953
-45.51892551892552,90.84249084249085,-4.493284493284493,-78.73015873015873,0.0,-16.214896214896214,15.824175824175825,-4.884004884004884,-33.01587301587302,0.0,2.148962148962149,-43.17460317460318,0.0,29.10866910866911,-0.5860805860805861,-35.36019536019536,-30.671550671550676,0.0,47.86324786324786,16.605616605616607,-0.9768009768009768,-102.56410256410255,0.0,4.884004884004884,129.52380952380952,-125.22588522588522,0.1953601953601953,-0.9768009768009768
-49.03540903540904,90.84249084249085,-6.446886446886447,-71.6971916971917,0.0,-19.34065934065934,10.744810744810744,-2.148962148962149,-25.982905982905983,0.0,4.884004884004884,-40.43956043956044,0.0,32.234432234432234,0.1953601953601953,-37.704517704517706,-33.7973137973138,0.0,46.69108669108669,15.824175824175825,-2.93040293040293,-99.82905982905984,0.0,6.837606837606837,105.68986568986568,-100.6105006105006,0.9768009768009768,-2.93040293040293
-46.69108669108669,91.23321123321124,-8.4004884004884,-69.74358974358974,0.0,-19.73137973137973,6.446886446886447,0.1953601953601953,-21.294261294261293,0.0,9.963369963369964,-33.01587301587302,0.0,36.14163614163614,4.884004884004884,-40.83028083028083,-42.39316239316239,0.0,49.03540903540904,14.261294261294262,-7.228327228327228,-99.43833943833944,0.0,8.791208791208792,94.74969474969475,-83.80952380952381,-3.3211233211233213,-7.228327228327228
-45.51892551892552,86.54456654456655,-9.572649572649572,-59.58485958485959,0.0,-27.155067155067155,4.102564102564102,1.7582417582417582,-7.619047619047619,0.0,13.870573870573873,-27.545787545787547,0.0,33.40659340659341,8.4004884004884,-42.002442002442,-42.78388278388278,0.0,49.81684981684982,10.744810744810744,-11.526251526251526,-92.4053724053724,0.0,9.963369963369964,74.43223443223444,-59.1941391941392,-9.572649572649572,-11.526251526251526
-40.83028083028083,78.73015873015873,-12.307692307692308,-49.81684981684982,0.0,-34.969474969474966,2.93040293040293,3.3211233211233213,1.7582417582417582,0.0,16.996336996336996,-21.68498168498169,0.0,27.545787545787547,11.526251526251526,-44.346764346764346,-41.61172161172161,0.0,45.90964590964591,6.446886446886447,-17.387057387057386,-81.85592185592185,0.0,12.698412698412698,39.26739926739927,-30.28083028083028,-11.526251526251526,-17.387057387057386
-35.36019536019536,78.73015873015873,-10.744810744810744,-49.81684981684982,0.0,-40.83028083028083,8.00976800976801,8.791208791208792,4.493284493284493,0.0,20.512820512820515,-15.042735042735044,0.0,22.857142857142858,19.34065934065934,-40.04884004884005,-47.472527472527474,0.0,45.90964590964591,5.665445665445666,-17.77777777777778,-79.51159951159951,0.0,11.135531135531137,48.64468864468864,-47.86324786324786,-12.698412698412698,-17.77777777777778
-30.28083028083028,79.51159951159951,-8.4004884004884,-45.12820512820513,0.0,-44.737484737484735,14.261294261294262,14.652014652014651,9.18192918192918,0.0,28.71794871794872,-9.18192918192918,0.0,20.903540903540904,27.545787545787547,-31.843711843711844,-48.64468864468864,0.0,49.42612942612943,10.744810744810744,-15.042735042735044,-77.94871794871794,0.0,8.791208791208792,59.1941391941392,-60.366300366300365,-11.135531135531137,-15.042735042735044
-32.62515262515262,76.38583638583638,-4.102564102564102,-26.37362637362637,0.0,-51.37973137973138,17.77777777777778,16.214896214896214,28.32722832722833,0.0,36.53235653235653,-4.493284493284493,0.0,16.605616605616607,34.57875457875458,-27.936507936507937,-38.48595848595848,0.0,50.989010989010985,14.261294261294262,-15.433455433455434,-65.83638583638583,0.0,4.493284493284493,17.387057387057386,-16.605616605616607,-6.446886446886447,-15.433455433455434
-36.53235653235653,74.82295482295483,4.493284493284493,-16.214896214896214,0.0,-58.41269841269841,24.02930402930403,15.042735042735044,43.95604395604396,0.0,45.12820512820513,0.1953601953601953,0.0,15.433455433455434,41.61172161172161,-25.592185592185597,-30.671550671550676,0.0,53.724053724053725,18.55921855921856,-14.652014652014651,-56.45909645909646,0.0,-4.102564102564102,-7.619047619047619,15.042735042735044,-1.7582417582417582,-14.652014652014651
-37.704517704517706,74.04151404151405,18.55921855921856,-11.526251526251526,0.0,-63.49206349206349,32.234432234432234,16.214896214896214,56.06837606837607,0.0,54.5054945054945,4.493284493284493,0.0,13.089133089133089,52.94261294261294,-21.68498168498169,-29.89010989010989,0.0,58.8034188034188,22.857142857142858,-12.307692307692308,-54.89621489621489,0.0,-18.168498168498168,23.247863247863247,-1.3675213675213675,-1.7582417582417582,-12.307692307692308
-40.04884004884005,68.18070818070818,31.45299145299145,-1.7582417582417582,0.0,-68.57142857142857,38.87667887667888,13.870573870573873,72.08791208791209,0.0,61.92918192918193,4.884004884004884,0.0,6.837606837606837,58.41269841269841,-21.68498168498169,-23.63858363858364,0.0,58.41269841269841,21.68498168498169,-12.307692307692308,-49.03540903540904,0.0,-31.062271062271066,-8.791208791208792,38.87667887667888,-0.1953601953601953,-12.307692307692308
-40.43956043956044,65.05494505494505,39.65811965811966,0.5860805860805861,0.0,-73.65079365079364,43.17460317460318,12.307692307692308,82.24664224664225,0.0,65.83638583638583,4.884004884004884,0.0,1.3675213675213675,61.14774114774115,-22.857142857142858,-21.68498168498169,0.0,56.06837606837607,18.55921855921856,-10.354090354090356,-47.081807081807085,0.0,-39.26739926739927,-89.27960927960928,117.8021978021978,1.3675213675213675,-10.354090354090356
-36.92307692307692,68.18070818070818,45.12820512820513,0.1953601953601953,0.0,-74.04151404151405,47.081807081807085,16.214896214896214,86.15384615384616,0.0,69.35286935286935,7.228327228327228,0.0,1.3675213675213675,63.10134310134311,-21.294261294261293,-24.42002442002442,0.0,58.41269841269841,14.652014652014651,-6.056166056166056,-49.42612942612943,0.0,-44.737484737484735,-96.7032967032967,122.4908424908425,0.5860805860805861,-6.056166056166056
-35.75091575091575,69.35286935286935,46.69108669108669,6.837606837606837,0.0,-75.995115995116,49.03540903540904,19.73137973137973,93.57753357753356,0.0,70.91575091575092,7.228327228327228,0.0,1.3675213675213675,61.14774114774115,-21.294261294261293,-20.903540903540904,0.0,58.41269841269841,11.526251526251526,-4.493284493284493,-46.69108669108669,0.0,-46.3003663003663,-81.85592185592185,105.68986568986568,0.9768009768009768,-4.493284493284493
-40.43956043956044,67.00854700854701,45.12820512820513,23.247863247863247,0.0,-85.37240537240537,47.472527472527474,24.42002442002442,107.25274725274726,0.0,67.00854700854701,8.00976800976801,0.0,-3.3211233211233213,56.06837606837607,-22.857142857142858,-7.228327228327228,0.0,53.724053724053725,6.837606837606837,-2.148962148962149,-36.92307692307692,0.0,-44.737484737484735,-113.11355311355312,135.77533577533578,0.5860805860805861,-2.148962148962149
-45.90964590964591,65.05494505494505,47.472527472527474,32.62515262515262,0.0,-93.18681318681318,49.81684981684982,28.32722832722833,113.89499389499387,0.0,59.975579975579976,8.00976800976801,0.0,-3.3211233211233213,47.472527472527474,-24.81074481074481,4.102564102564102,0.0,49.42612942612943,5.274725274725275,-2.5396825396825395,-29.89010989010989,0.0,-47.081807081807085,-136.16605616605617,164.2979242979243,-1.3675213675213675,-2.5396825396825395
-50.5982905982906,61.53846153846154,52.94261294261294,32.234432234432234,0.0,-94.74969474969475,50.989010989010985,32.62515262515262,106.86202686202688,0.0,53.724053724053725,2.93040293040293,0.0,-3.3211233211233213,40.83028083028083,-22.075702075702075,2.5396825396825395,0.0,43.56532356532357,7.619047619047619,0.1953601953601953,-33.7973137973138,0.0,-52.55189255189255,-44.346764346764346,81.07448107448107,-4.102564102564102,0.1953601953601953
-54.5054945054945,52.16117216117216,54.114774114774114,35.36019536019536,0.0,-94.35897435897436,45.12820512820513,31.843711843711844,103.73626373626374,0.0,47.86324786324786,0.5860805860805861,0.0,-6.837606837606837,31.45299145299145,-21.68498168498169,7.228327228327228,0.0,32.62515262515262,6.446886446886447,2.148962148962149,-32.62515262515262,0.0,-53.724053724053725,9.963369963369964,29.10866910866911,-4.884004884004884,2.148962148962149
-56.84981684981685,46.3003663003663,54.114774114774114,29.499389499389498,0.0,-92.7960927960928,40.04884004884005,30.671550671550676,94.74969474969475,0.0,46.69108669108669,0.9768009768009768,0.0,-6.837606837606837,25.592185592185597,-19.73137973137973,4.493284493284493,0.0,24.81074481074481,7.228327228327228,5.274725274725275,-35.75091575091575,0.0,-53.724053724053725,34.57875457875458,6.446886446886447,-6.837606837606837,5.274725274725275
-54.5054945054945,45.12820512820513,50.989010989010985,18.168498168498168,0.0,-88.88888888888889,36.14163614163614,33.7973137973138,78.33943833943835,0.0,46.69108669108669,8.00976800976801,0.0,-6.446886446886447,24.02930402930403,-17.387057387057386,-4.884004884004884,0.0,21.68498168498169,6.446886446886447,6.837606837606837,-42.39316239316239,0.0,-50.5982905982906,66.61782661782662,-27.936507936507937,-8.4004884004884,6.837606837606837
-52.55189255189255,44.737484737484735,45.12820512820513,11.916971916971915,0.0,-92.7960927960928,35.75091575091575,36.53235653235653,69.35286935286935,0.0,46.3003663003663,15.042735042735044,0.0,-12.307692307692308,27.155067155067155,-15.824175824175825,-11.135531135531137,0.0,19.34065934065934,4.102564102564102,7.619047619047619,-45.51892551892552,0.0,-44.737484737484735,67.3992673992674,-30.671550671550676,-11.526251526251526,7.619047619047619
-53.724053724053725,46.69108669108669,39.65811965811966,8.00976800976801,0.0,-101.001221001221,36.92307692307692,38.48595848595848,65.44566544566544,0.0,43.17460317460318,23.247863247863247,0.0,-18.168498168498168,27.155067155067155,-15.042735042735044,-13.870573870573873,0.0,16.214896214896214,1.3675213675213675,5.274725274725275,-45.12820512820513,0.0,-39.26739926739927,40.83028083028083,-8.791208791208792,-11.916971916971915,5.274725274725275
-52.16117216117216,51.37973137973138,42.78388278388278,-4.493284493284493,0.0,-101.3919413919414,41.22100122100122,45.51892551892552,50.20757020757021,0.0,40.04884004884005,30.671550671550676,0.0,-15.824175824175825,27.155067155067155,-10.744810744810744,-27.936507936507937,0.0,16.996336996336996,-0.1953601953601953,5.665445665445666,-52.94261294261294,0.0,-42.39316239316239,43.95604395604396,-12.307692307692308,-12.698412698412698,5.665445665445666
-51.77045177045177,54.89621489621489,49.81684981684982,-16.605616605616607,0.0,-101.78266178266178,44.346764346764346,51.37973137973138,40.43956043956044,0.0,36.14163614163614,34.18803418803419,0.0,-13.089133089133089,24.81074481074481,-4.884004884004884,-38.87667887667888,0.0,16.605616605616607,-1.3675213675213675,11.916971916971915,-60.757020757020754,0.0,-49.42612942612943,37.31379731379732,-7.619047619047619,-14.652014652014651,11.916971916971915
-56.45909645909646,52.94261294261294,54.114774114774114,-13.870573870573873,0.0,-103.73626373626374,41.61172161172161,50.989010989010985,46.69108669108669,0.0,29.499389499389498,36.14163614163614,0.0,-15.824175824175825,19.34065934065934,-5.665445665445666,-28.32722832722833,0.0,8.00976800976801,-4.884004884004884,16.605616605616607,-52.16117216117216,0.0,-53.724053724053725,-42.78388278388278,68.57142857142857,-16.214896214896214,16.605616605616607
-56.06837606837607,48.25396825396825,61.92918192918193,-15.824175824175825,0.0,-98.26617826617829,37.704517704517706,51.37973137973138,45.12820512820513,0.0,27.155067155067155,35.75091575091575,0.0,-15.433455433455434,17.77777777777778,-4.102564102564102,-22.857142857142858,0.0,2.5396825396825395,-4.493284493284493,25.592185592185597,-51.37973137973138,0.0,-61.53846153846154,-51.77045177045177,81.46520146520146,-18.94993894993895,25.592185592185597
-56.06837606837607,45.90964590964591,65.05494505494505,-23.247863247863247,0.0,-96.7032967032967,37.704517704517706,50.989010989010985,38.48595848595848,0.0,26.37362637362637,33.40659340659341,0.0,-18.94993894993895,22.466422466422465,-2.148962148962149,-24.02930402930403,0.0,-0.5860805860805861,-0.5860805860805861,34.969474969474966,-57.24053724053724,0.0,-64.66422466422466,-5.274725274725275,34.18803418803419,-18.55921855921856,34.969474969474966
-55.67765567765568,40.04884004884005,58.8034188034188,-22.075702075702075,0.0,-95.92185592185592,35.36019536019536,43.95604395604396,36.14163614163614,0.0,27.155067155067155,30.28083028083028,0.0,-27.155067155067155,26.764346764346765,-3.711843711843712,-21.294261294261293,0.0,-5.274725274725275,0.9768009768009768,36.53235653235653,-59.58485958485959,0.0,-58.41269841269841,-19.73137973137973,47.86324786324786,-16.996336996336996,36.53235653235653
-52.16117216117216,35.75091575091575,51.77045177045177,-25.2014652014652,0.0,-93.57753357753356,35.75091575091575,39.26739926739927,26.37362637362637,0.0,32.234432234432234,27.545787545787547,0.0,-31.843711843711844,30.28083028083028,-5.665445665445666,-24.42002442002442,0.0,-7.228327228327228,3.3211233211233213,34.969474969474966,-63.88278388278388,0.0,-51.37973137973138,-58.41269841269841,85.37240537240537,-13.870573870573873,34.969474969474966
-48.25396825396825,37.704517704517706,48.64468864468864,-33.7973137973138,0.0,-88.88888888888889,38.48595848595848,39.26739926739927,14.652014652014651,0.0,37.31379731379732,24.02930402930403,0.0,-30.671550671550676,31.843711843711844,-2.5396825396825395,-36.14163614163614,0.0,-6.446886446886447,5.665445665445666,36.53235653235653,-74.82295482295483,0.0,-48.25396825396825,-25.982905982905983,46.3003663003663,-9.963369963369964,36.53235653235653
-45.90964590964591,38.48595848595848,47.86324786324786,-37.704517704517706,0.0,-83.02808302808303,36.53235653235653,38.095238095238095,8.791208791208792,0.0,38.48595848595848,21.68498168498169,0.0,-31.062271062271066,30.671550671550676,-2.5396825396825395,-36.14163614163614,0.0,-8.791208791208792,7.228327228327228,34.969474969474966,-74.04151404151405,0.0,-47.472527472527474,-0.1953601953601953,16.605616605616607,-10.354090354090356,34.969474969474966
-49.03540903540904,38.095238095238095,45.90964590964591,-34.57875457875458,0.0,-81.46520146520146,32.62515262515262,34.18803418803419,11.916971916971915,0.0,36.92307692307692,15.042735042735044,0.0,-29.89010989010989,24.42002442002442,-3.3211233211233213,-27.155067155067155,0.0,-12.698412698412698,6.446886446886447,31.062271062271066,-62.71062271062271,0.0,-45.51892551892552,-42.002442002442,52.94261294261294,-9.572649572649572,31.062271062271066
-49.03540903540904,39.26739926739927,46.3003663003663,-38.48595848595848,0.0,-74.82295482295483,31.843711843711844,32.234432234432234,7.228327228327228,0.0,34.969474969474966,11.916971916971915,0.0,-26.764346764346765,20.12210012210012,-3.3211233211233213,-23.63858363858364,0.0,-14.652014652014651,9.18192918192918,29.10866910866911,-59.58485958485959,0.0,-45.90964590964591,-57.63125763125763,70.52503052503053,-9.18192918192918,29.10866910866911
-49.03540903540904,40.04884004884005,47.86324786324786,-43.95604395604396,0.0,-70.52503052503053,31.062271062271066,31.843711843711844,0.5860805860805861,0.0,33.7973137973138,11.526251526251526,0.0,-27.155067155067155,20.903540903540904,-0.9768009768009768,-20.512820512820515,0.0,-11.526251526251526,12.307692307692308,28.32722832722833,-59.1941391941392,0.0,-47.472527472527474,-50.989010989010985,70.13431013431014,-9.18192918192918,28.32722832722833
-47.081807081807085,39.26739926739927,43.56532356532357,-45.51892551892552,0.0,-65.44566544566544,27.936507936507937,25.982905982905983,-0.1953601953601953,0.0,37.704517704517706,13.47985347985348,0.0,-26.764346764346765,20.12210012210012,-2.93040293040293,-13.089133089133089,0.0,-4.493284493284493,10.744810744810744,25.2014652014652,-56.84981684981685,0.0,-43.17460317460318,-63.10134310134311,89.67032967032966,-9.963369963369964,25.2014652014652
-42.002442002442,36.14163614163614,43.95604395604396,-53.333333333333336,0.0,-59.975579975579976,25.592185592185597,23.63858363858364,-5.274725274725275,0.0,44.737484737484735,15.433455433455434,0.0,-26.764346764346765,23.247863247863247,-2.93040293040293,-12.698412698412698,0.0,1.7582417582417582,12.307692307692308,23.63858363858364,-60.366300366300365,0.0,-43.56532356532357,-56.84981684981685,93.57753357753356,-8.4004884004884,23.63858363858364
-35.36019536019536,33.40659340659341,50.20757020757021,-65.05494505494505,0.0,-52.55189255189255,20.903540903540904,25.2014652014652,-10.744810744810744,0.0,48.25396825396825,16.605616605616607,0.0,-22.857142857142858,28.32722832722833,-0.1953601953601953,-20.512820512820515,0.0,11.916971916971915,14.261294261294262,24.42002442002442,-68.18070818070818,0.0,-49.81684981684982,-29.499389499389498,77.94871794871794,-9.572649572649572,24.42002442002442
-33.7973137973138,28.32722832722833,52.16117216117216,-63.49206349206349,0.0,-49.81684981684982,11.135531135531137,22.466422466422465,-2.5396825396825395,0.0,47.86324786324786,16.996336996336996,0.0,-20.12210012210012,27.155067155067155,0.9768009768009768,-15.824175824175825,0.0,16.214896214896214,12.698412698412698,18.55921855921856,-58.41269841269841,0.0,-51.77045177045177,-56.06837606837607,108.03418803418803,-9.572649572649572,18.55921855921856
-36.53235653235653,22.466422466422465,53.333333333333336,-58.8034188034188,0.0,-49.42612942612943,2.93040293040293,21.294261294261293,3.3211233211233213,0.0,42.39316239316239,14.261294261294262,0.0,-15.433455433455434,22.857142857142858,1.3675213675213675,-12.307692307692308,0.0,15.042735042735044,10.744810744810744,13.089133089133089,-44.346764346764346,0.0,-52.94261294261294,-60.757020757020754,115.45787545787546,-10.354090354090356,13.089133089133089
-38.48595848595848,22.466422466422465,54.89621489621489,-62.71062271062271,0.0,-45.12820512820513,1.3675213675213675,22.075702075702075,-3.3211233211233213,0.0,38.095238095238095,15.042735042735044,0.0,-6.056166056166056,22.857142857142858,2.5396825396825395,-21.68498168498169,0.0,18.55921855921856,11.135531135531137,8.4004884004884,-41.61172161172161,0.0,-54.5054945054945,-27.155067155067155,84.59096459096459,-10.744810744810744,8.4004884004884
-41.61172161172161,24.42002442002442,51.37973137973138,-59.975579975579976,0.0,-42.39316239316239,2.93040293040293,20.903540903540904,-8.4004884004884,0.0,37.704517704517706,16.605616605616607,0.0,0.5860805860805861,24.42002442002442,2.5396825396825395,-26.37362637362637,0.0,20.512820512820515,10.354090354090356,4.493284493284493,-34.57875457875458,0.0,-50.989010989010985,-31.062271062271066,84.2002442002442,-8.00976800976801,4.493284493284493
-46.3003663003663,24.02930402930403,40.43956043956044,-52.94261294261294,0.0,-41.61172161172161,1.3675213675213675,14.261294261294262,-9.18192918192918,0.0,36.14163614163614,14.652014652014651,0.0,3.711843711843712,24.02930402930403,-3.3211233211233213,-24.02930402930403,0.0,17.77777777777778,7.619047619047619,-1.3675213675213675,-24.02930402930403,0.0,-40.04884004884005,-88.88888888888889,132.64957264957266,-4.102564102564102,-1.3675213675213675
-45.51892551892552,24.81074481074481,34.969474969474966,-58.02197802197802,0.0,-37.31379731379732,0.9768009768009768,11.135531135531137,-18.168498168498168,0.0,33.7973137973138,15.042735042735044,0.0,10.744810744810744,25.982905982905983,-8.00976800976801,-32.234432234432234,0.0,19.73137973137973,7.228327228327228,-7.228327228327228,-24.81074481074481,0.0,-34.57875457875458,-113.11355311355312,149.45054945054946,-0.9768009768009768,-7.228327228327228
-43.95604395604396,24.81074481074481,32.234432234432234,-60.366300366300365,0.0,-31.45299145299145,-4.102564102564102,11.916971916971915,-22.466422466422465,0.0,29.10866910866911,15.042735042735044,0.0,15.433455433455434,24.02930402930403,-7.228327228327228,-40.04884004884005,0.0,19.34065934065934,7.619047619047619,-11.916971916971915,-23.247863247863247,0.0,-31.843711843711844,-103.34554334554336,131.08669108669108,2.93040293040293,-11.916971916971915
-46.3003663003663,22.075702075702075,31.843711843711844,-56.45909645909646,0.0,-29.499389499389498,-13.47985347985348,13.089133089133089,-18.168498168498168,0.0,20.12210012210012,15.433455433455434,0.0,16.996336996336996,18.94993894993895,-6.056166056166056,-37.31379731379732,0.0,12.307692307692308,5.665445665445666,-15.824175824175825,-11.135531135531137,0.0,-31.45299145299145,-147.88766788766787,165.0793650793651,6.056166056166056,-15.824175824175825
-47.081807081807085,19.73137973137973,35.36019536019536,-55.28693528693529,0.0,-26.37362637362637,-19.34065934065934,16.996336996336996,-17.387057387057386,0.0,14.261294261294262,17.387057387057386,0.0,19.73137973137973,15.824175824175825,-6.056166056166056,-39.65811965811966,0.0,8.00976800976801,5.274725274725275,-18.55921855921856,-5.274725274725275,0.0,-34.969474969474966,-215.0915750915751,226.4224664224664,8.00976800976801,-18.55921855921856
-46.3003663003663,19.73137973137973,40.43956043956044,-54.5054945054945,0.0,-21.68498168498169,-18.94993894993895,21.294261294261293,-20.512820512820515,0.0,13.870573870573873,22.466422466422465,0.0,24.42002442002442,17.387057387057386,-0.1953601953601953,-47.86324786324786,0.0,7.619047619047619,5.665445665445666,-16.214896214896214,-4.102564102564102,0.0,-40.04884004884005,-185.006105006105,194.7741147741148,7.619047619047619,-16.214896214896214
-45.90964590964591,21.68498168498169,42.78388278388278,-49.42612942612943,0.0,-18.168498168498168,-15.042735042735044,24.42002442002442,-21.294261294261293,0.0,15.824175824175825,27.155067155067155,0.0,28.71794871794872,22.857142857142858,2.148962148962149,-50.5982905982906,0.0,6.837606837606837,6.446886446886447,-13.870573870573873,2.93040293040293,0.0,-42.39316239316239,-156.0927960927961,162.34432234432234,6.837606837606837,-13.870573870573873
-47.472527472527474,20.512820512820515,37.704517704517706,-40.04884004884005,0.0,-15.433455433455434,-14.652014652014651,18.55921855921856,-16.605616605616607,0.0,16.605616605616607,27.936507936507937,0.0,32.234432234432234,22.857142857142858,-0.5860805860805861,-48.64468864468864,0.0,5.665445665445666,3.711843711843712,-16.996336996336996,12.307692307692308,0.0,-37.31379731379732,-218.6080586080586,220.95238095238096,8.00976800976801,-16.996336996336996
-44.737484737484735,20.12210012210012,34.18803418803419,-43.17460317460318,0.0,-10.744810744810744,-12.307692307692308,13.47985347985348,-22.857142857142858,0.0,18.55921855921856,27.155067155067155,0.0,40.43956043956044,23.247863247863247,-2.148962148962149,-55.28693528693529,0.0,8.791208791208792,4.884004884004884,-19.73137973137973,10.354090354090356,0.0,-33.7973137973138,-283.8583638583639,285.42124542124543,11.135531135531137,-19.73137973137973
-43.17460317460318,22.075702075702075,29.499389499389498,-46.69108669108669,0.0,-6.837606837606837,-14.261294261294262,9.963369963369964,-25.592185592185597,0.0,17.387057387057386,23.63858363858364,0.0,45.51892551892552,19.73137973137973,-1.7582417582417582,-56.45909645909646,0.0,9.18192918192918,5.274725274725275,-20.512820512820515,10.744810744810744,0.0,-29.10866910866911,-310.03663003663,306.9108669108669,12.307692307692308,-20.512820512820515
-42.002442002442,19.73137973137973,24.81074481074481,-49.81684981684982,0.0,-3.711843711843712,-20.903540903540904,5.274725274725275,-26.764346764346765,0.0,16.214896214896214,15.433455433455434,0.0,45.51892551892552,11.135531135531137,-6.446886446886447,-49.81684981684982,0.0,6.837606837606837,4.493284493284493,-24.02930402930403,11.916971916971915,0.0,-24.42002442002442,-344.81074481074484,339.34065934065933,13.47985347985348,-24.02930402930403
-40.04884004884005,18.94993894993895,27.545787545787547,-59.975579975579976,0.0,-2.93040293040293,-22.075702075702075,6.446886446886447,-34.18803418803419,0.0,16.214896214896214,9.18192918192918,0.0,48.64468864468864,4.493284493284493,-6.837606837606837,-49.03540903540904,0.0,6.446886446886447,6.446886446886447,-21.294261294261293,4.102564102564102,0.0,-27.155067155067155,-338.94993894993894,330.7448107448108,15.824175824175825,-21.294261294261293
-37.704517704517706,22.075702075702075,33.7973137973138,-65.83638583638583,0.0,0.1953601953601953,-18.55921855921856,13.870573870573873,-42.39316239316239,0.0,18.168498168498168,5.274725274725275,0.0,52.55189255189255,4.102564102564102,-3.3211233211233213,-50.5982905982906,0.0,7.228327228327228,11.135531135531137,-10.744810744810744,-5.665445665445666,0.0,-33.40659340659341,-295.57997557997555,288.93772893772893,17.387057387057386,-10.744810744810744
-37.31379731379732,20.12210012210012,34.57875457875458,-55.28693528693529,0.0,0.5860805860805861,-16.996336996336996,15.042735042735044,-36.53235653235653,0.0,20.12210012210012,3.3211233211233213,0.0,54.5054945054945,5.274725274725275,-4.102564102564102,-40.04884004884005,0.0,6.837606837606837,15.042735042735044,-4.102564102564102,-2.5396825396825395,0.0,-34.18803418803419,-301.83150183150184,295.57997557997555,21.294261294261293,-4.102564102564102
-39.26739926739927,18.168498168498168,34.18803418803419,-43.56532356532357,0.0,1.3675213675213675,-15.433455433455434,16.605616605616607,-32.62515262515262,0.0,21.68498168498169,4.884004884004884,0.0,61.53846153846154,7.619047619047619,-5.665445665445666,-36.14163614163614,0.0,7.228327228327228,19.34065934065934,0.1953601953601953,-0.5860805860805861,0.0,-33.7973137973138,-297.92429792429795,293.6263736263736,28.32722832722833,0.1953601953601953
-38.095238095238095,16.605616605616607,35.36019536019536,-41.22100122100122,0.0,3.711843711843712,-13.47985347985348,19.73137973137973,-36.92307692307692,0.0,23.63858363858364,7.228327228327228,0.0,66.61782661782662,12.698412698412698,-1.3675213675213675,-42.39316239316239,0.0,6.446886446886447,23.63858363858364,8.4004884004884,-4.493284493284493,0.0,-34.969474969474966,-223.6874236874237,220.95238095238096,31.843711843711844,8.4004884004884
-39.65811965811966,12.698412698412698,31.843711843711844,-34.57875457875458,0.0,1.7582417582417582,-13.870573870573873,16.996336996336996,-34.969474969474966,0.0,25.2014652014652,6.837606837606837,0.0,65.44566544566544,13.47985347985348,1.3675213675213675,-41.22100122100122,0.0,2.5396825396825395,23.63858363858364,15.433455433455434,-3.711843711843712,0.0,-31.45299145299145,-184.22466422466425,180.31746031746036,31.843711843711844,15.433455433455434
-41.22100122100122,6.446886446886447,27.545787545787547,-31.45299145299145,0.0,0.1953601953601953,-15.042735042735044,10.744810744810744,-33.7973137973138,0.0,25.2014652014652,4.102564102564102,0.0,58.41269841269841,9.963369963369964,1.3675213675213675,-33.40659340659341,0.0,-3.711843711843712,22.466422466422465,16.214896214896214,0.5860805860805861,0.0,-27.155067155067155,-189.3040293040293,182.27106227106228,32.234432234432234,16.214896214896214
-38.095238095238095,4.884004884004884,27.155067155067155,-34.969474969474966,0.0,3.711843711843712,-13.870573870573873,8.791208791208792,-39.65811965811966,0.0,25.982905982905983,2.5396825396825395,0.0,52.94261294261294,10.744810744810744,6.446886446886447,-33.01587301587302,0.0,-6.056166056166056,22.857142857142858,23.247863247863247,-2.93040293040293,0.0,-26.764346764346765,-131.4774114774115,120.92796092796092,31.843711843711844,23.247863247863247
-34.969474969474966,3.711843711843712,27.545787545787547,-30.671550671550676,0.0,11.916971916971915,-13.089133089133089,9.572649572649572,-42.39316239316239,0.0,27.155067155067155,0.9768009768009768,0.0,47.081807081807085,12.698412698412698,10.744810744810744,-27.155067155067155,0.0,-4.493284493284493,23.247863247863247,31.062271062271066,-6.056166056166056,0.0,-27.155067155067155,-52.94261294261294,42.002442002442,32.234432234432234,31.062271062271066
-34.969474969474966,4.493284493284493,23.247863247863247,-18.55921855921856,0.0,17.387057387057386,-11.526251526251526,7.619047619047619,-38.87667887667888,0.0,27.155067155067155,-1.7582417582417582,0.0,39.65811965811966,14.261294261294262,9.572649572649572,-13.870573870573873,0.0,-2.93040293040293,21.68498168498169,31.45299145299145,0.1953601953601953,0.0,-22.857142857142858,-67.78998778998779,54.89621489621489,34.969474969474966,31.45299145299145
-34.18803418803419,7.619047619047619,17.387057387057386,-9.963369963369964,0.0,21.68498168498169,-8.00976800976801,7.228327228327228,-39.65811965811966,0.0,28.32722832722833,-4.102564102564102,0.0,36.14163614163614,15.042735042735044,9.572649572649572,-10.354090354090356,0.0,0.5860805860805861,17.387057387057386,29.10866910866911,2.5396825396825395,0.0,-16.996336996336996,-84.2002442002442,70.13431013431014,35.75091575091575,29.10866910866911
-35.75091575091575,11.916971916971915,13.47985347985348,-4.493284493284493,0.0,23.247863247863247,-2.93040293040293,9.572649572649572,-44.346764346764346,0.0,27.936507936507937,-5.665445665445666,0.0,33.01587301587302,18.55921855921856,13.47985347985348,-15.433455433455434,0.0,5.274725274725275,13.870573870573873,26.764346764346765,2.93040293040293,0.0,-13.089133089133089,-19.34065934065934,6.837606837606837,33.01587301587302,26.764346764346765
-38.095238095238095,11.135531135531137,9.18192918192918,-0.5860805860805861,0.0,21.294261294261293,-0.1953601953601953,4.102564102564102,-42.78388278388278,0.0,26.764346764346765,-8.00976800976801,0.0,27.545787545787547,15.824175824175825,12.698412698412698,-11.135531135531137,0.0,3.3211233211233213,10.354090354090356,16.214896214896214,13.089133089133089,0.0,-8.791208791208792,14.652014652014651,-22.075702075702075,28.71794871794872,16.214896214896214
-41.22100122100122,4.102564102564102,6.056166056166056,3.3211233211233213,0.0,16.214896214896214,-2.5396825396825395,0.5860805860805861,-40.43956043956044,0.0,20.12210012210012,-6.056166056166056,0.0,22.466422466422465,10.354090354090356,10.744810744810744,-7.619047619047619,0.0,-0.1953601953601953,8.00976800976801,6.837606837606837,20.12210012210012,0.0,-5.665445665445666,-17.77777777777778,17.387057387057386,24.42002442002442,6.837606837606837
-38.87667887667888,-4.884004884004884,8.4004884004884,1.7582417582417582,0.0,15.433455433455434,-2.5396825396825395,0.1953601953601953,-45.90964590964591,0.0,13.47985347985348,-2.5396825396825395,0.0,22.075702075702075,8.791208791208792,10.354090354090356,-9.963369963369964,0.0,-0.9768009768009768,10.744810744810744,3.3211233211233213,18.55921855921856,0.0,-8.00976800976801,-23.63858363858364,35.75091575091575,20.12210012210012,3.3211233211233213
-34.18803418803419,-18.168498168498168,7.619047619047619,8.791208791208792,0.0,14.652014652014651,-5.665445665445666,-0.5860805860805861,-43.95604395604396,0.0,8.791208791208792,-1.7582417582417582,0.0,16.996336996336996,6.056166056166056,12.307692307692308,-4.884004884004884,0.0,-4.493284493284493,12.307692307692308,2.93040293040293,18.94993894993895,0.0,-7.228327228327228,-61.14774114774115,86.15384615384616,16.605616605616607,2.93040293040293
-32.62515262515262,-24.42002442002442,1.7582417582417582,21.294261294261293,0.0,11.916971916971915,-3.3211233211233213,-5.274725274725275,-36.92307692307692,0.0,7.619047619047619,-1.7582417582417582,0.0,12.698412698412698,2.5396825396825395,11.135531135531137,2.5396825396825395,0.0,-6.446886446886447,9.963369963369964,2.148962148962149,23.63858363858364,0.0,-1.3675213675213675,-120.14652014652016,145.93406593406593,18.168498168498168,2.148962148962149
-27.545787545787547,-19.73137973137973,-1.3675213675213675,20.512820512820515,0.0,14.652014652014651,3.711843711843712,-4.884004884004884,-42.78388278388278,0.0,11.526251526251526,-2.148962148962149,0.0,12.307692307692308,6.446886446886447,11.916971916971915,-1.7582417582417582,0.0,-1.7582417582417582,7.619047619047619,4.102564102564102,18.94993894993895,0.0,1.7582417582417582,-149.05982905982907,168.2051282051282,20.903540903540904,4.102564102564102
-24.02930402930403,-8.00976800976801,-6.056166056166056,19.73137973137973,0.0,21.294261294261293,10.744810744810744,-5.665445665445666,-45.51892551892552,0.0,16.214896214896214,-3.711843711843712,0.0,13.089133089133089,10.744810744810744,13.089133089133089,-6.837606837606837,0.0,3.3211233211233213,4.884004884004884,6.056166056166056,14.652014652014651,0.0,6.446886446886447,-183.44322344322345,190.47619047619048,27.155067155067155,6.056166056166056
-24.42002442002442,0.1953601953601953,-10.354090354090356,25.592185592185597,0.0,20.903540903540904,15.042735042735044,-8.00976800976801,-36.92307692307692,0.0,18.55921855921856,-6.056166056166056,0.0,9.963369963369964,12.307692307692308,7.619047619047619,-0.9768009768009768,0.0,3.3211233211233213,0.1953601953601953,3.711843711843712,21.294261294261293,0.0,10.744810744810744,-259.6336996336996,244.004884004884,40.83028083028083,3.711843711843712
-21.68498168498169,3.711843711843712,-12.307692307692308,26.37362637362637,0.0,19.34065934065934,19.73137973137973,-7.228327228327228,-34.969474969474966,0.0,17.387057387057386,-6.446886446886447,0.0,8.791208791208792,14.652014652014651,3.3211233211233213,2.93040293040293,0.0,3.3211233211233213,-0.1953601953601953,3.3211233211233213,23.63858363858364,0.0,12.698412698412698,-286.984126984127,259.24297924297923,45.12820512820513,3.3211233211233213
-15.824175824175825,1.7582417582417582,-11.135531135531137,23.63858363858364,0.0,19.73137973137973,22.075702075702075,-2.93040293040293,-40.04884004884005,0.0,15.824175824175825,-5.665445665445666,0.0,9.572649572649572,18.94993894993895,4.884004884004884,-1.3675213675213675,0.0,4.884004884004884,0.9768009768009768,6.837606837606837,18.168498168498168,0.0,11.526251526251526,-231.11111111111111,202.1978021978022,44.737484737484735,6.837606837606837
-11.135531135531137,-5.665445665445666,-13.870573870573873,30.671550671550676,0.0,18.94993894993895,20.903540903540904,-2.93040293040293,-37.31379731379732,0.0,13.47985347985348,-7.619047619047619,0.0,7.619047619047619,18.55921855921856,3.3211233211233213,2.148962148962149,0.0,2.5396825396825395,1.7582417582417582,2.93040293040293,24.02930402930403,0.0,14.261294261294262,-238.5347985347985,212.7472527472528,42.002442002442,2.93040293040293
-7.619047619047619,-10.744810744810744,-20.12210012210012,36.14163614163614,0.0,18.168498168498168,22.466422466422465,-6.056166056166056,-38.095238095238095,0.0,13.089133089133089,-7.619047619047619,0.0,7.228327228327228,17.77777777777778,0.9768009768009768,4.102564102564102,0.0,4.493284493284493,0.1953601953601953,-3.711843711843712,30.671550671550676,0.0,20.512820512820515,-285.8119658119658,263.1501831501831,37.31379731379732,-3.711843711843712
-2.148962148962149,-9.572649572649572,-24.02930402930403,33.01587301587302,0.0,21.68498168498169,26.37362637362637,-5.665445665445666,-46.3003663003663,0.0,15.042735042735044,-5.274725274725275,0.0,9.18192918192918,18.55921855921856,2.5396825396825395,-4.884004884004884,0.0,8.00976800976801,-1.7582417582417582,-9.18192918192918,29.89010989010989,0.0,24.42002442002442,-273.3089133089133,252.6007326007326,32.62515262515262,-9.18192918192918
0.5860805860805861,-5.274725274725275,-28.32722832722833,33.40659340659341,0.0,24.42002442002442,30.28083028083028,-7.619047619047619,-45.51892551892552,0.0,16.214896214896214,-2.5396825396825395,0.0,11.916971916971915,19.34065934065934,1.3675213675213675,-9.963369963369964,0.0,11.526251526251526,-4.102564102564102,-15.824175824175825,31.843711843711844,0.0,28.71794871794872,-224.85958485958488,202.58852258852255,30.28083028083028,-15.824175824175825
0.9768009768009768,-0.5860805860805861,-33.7973137973138,38.87667887667888,0.0,18.94993894993895,32.62515262515262,-8.791208791208792,-36.14163614163614,0.0,13.870573870573873,0.9768009768009768,0.0,11.135531135531137,15.824175824175825,-0.1953601953601953,-7.228327228327228,0.0,14.261294261294262,-12.307692307692308,-21.68498168498169,39.26739926739927,0.0,34.18803418803419,-229.1575091575092,197.50915750915752,25.982905982905983,-21.68498168498169
2.93040293040293,3.711843711843712,-36.53235653235653,39.65811965811966,0.0,14.261294261294262,33.01587301587302,-7.228327228327228,-28.32722832722833,0.0,9.572649572649572,4.102564102564102,0.0,9.963369963369964,15.042735042735044,-0.1953601953601953,-10.354090354090356,0.0,14.261294261294262,-15.042735042735044,-24.42002442002442,39.26739926739927,0.0,36.92307692307692,-252.21001221001225,214.31013431013432,22.466422466422465,-24.42002442002442
6.056166056166056,6.446886446886447,-40.83028083028083,37.31379731379732,0.0,15.433455433455434,28.32722832722833,-4.102564102564102,-28.32722832722833,0.0,4.493284493284493,7.228327228327228,0.0,12.307692307692308,14.652014652014651,0.1953601953601953,-18.168498168498168,0.0,18.55921855921856,-16.214896214896214,-27.545787545787547,33.7973137973138,0.0,41.22100122100122,-168.98656898656898,132.25885225885227,15.433455433455434,-27.545787545787547
9.572649572649572,1.3675213675213675,-49.81684981684982,43.95604395604396,0.0,15.824175824175825,17.387057387057386,-4.884004884004884,-22.075702075702075,0.0,-1.3675213675213675,8.791208791208792,0.0,8.00976800976801,12.307692307692308,-1.3675213675213675,-16.605616605616607,0.0,17.77777777777778,-22.857142857142858,-30.671550671550676,36.92307692307692,0.0,50.20757020757021,-135.77533577533578,97.87545787545788,10.354090354090356,-30.671550671550676
12.307692307692308,-1.3675213675213675,-55.28693528693529,43.56532356532357,0.0,16.214896214896214,14.261294261294262,-5.665445665445666,-25.592185592185597,0.0,-4.884004884004884,13.47985347985348,0.0,4.493284493284493,13.089133089133089,-4.493284493284493,-21.68498168498169,0.0,15.042735042735044,-25.2014652014652,-33.40659340659341,34.969474969474966,0.0,55.67765567765568,-139.29181929181928,101.001221001221,7.619047619047619,-33.40659340659341
17.77777777777778,0.1953601953601953,-56.84981684981685,35.75091575091575,0.0,19.73137973137973,18.168498168498168,-3.3211233211233213,-36.92307692307692,0.0,-2.5396825396825395,20.12210012210012,0.0,3.3211233211233213,16.996336996336996,-6.056166056166056,-31.843711843711844,0.0,15.433455433455434,-26.764346764346765,-33.01587301587302,27.155067155067155,0.0,57.24053724053724,-121.7094017094017,84.59096459096459,4.884004884004884,-33.01587301587302
20.12210012210012,1.3675213675213675,-56.84981684981685,35.75091575091575,0.0,16.605616605616607,24.02930402930403,-4.884004884004884,-33.7973137973138,0.0,-0.5860805860805861,25.982905982905983,0.0,1.3675213675213675,17.77777777777778,-8.4004884004884,-30.671550671550676,0.0,15.433455433455434,-30.28083028083028,-34.57875457875458,27.936507936507937,0.0,57.24053724053724,-129.13308913308913,92.014652014652,-0.1953601953601953,-34.57875457875458
20.512820512820515,8.00976800976801,-54.114774114774114,34.969474969474966,0.0,13.47985347985348,31.45299145299145,-2.5396825396825395,-31.062271062271066,0.0,2.148962148962149,31.843711843711844,0.0,1.7582417582417582,18.94993894993895,-10.354090354090356,-30.671550671550676,0.0,15.433455433455434,-29.89010989010989,-36.92307692307692,29.89010989010989,0.0,54.5054945054945,-154.13919413919413,113.5042735042735,-1.3675213675213675,-36.92307692307692
22.466422466422465,16.605616605616607,-47.081807081807085,27.545787545787547,0.0,14.652014652014651,38.48595848595848,1.7582417582417582,-34.57875457875458,0.0,7.228327228327228,37.704517704517706,0.0,6.446886446886447,20.903540903540904,-8.791208791208792,-44.346764346764346,0.0,17.77777777777778,-26.764346764346765,-37.31379731379732,20.12210012210012,0.0,47.472527472527474,-153.74847374847374,118.1929181929182,-5.274725274725275,-37.31379731379732
22.075702075702075,15.824175824175825,-40.83028083028083,27.155067155067155,0.0,16.605616605616607,36.53235653235653,6.056166056166056,-34.18803418803419,0.0,9.572649572649572,41.22100122100122,0.0,10.354090354090356,22.075702075702075,-4.102564102564102,-55.28693528693529,0.0,21.294261294261293,-25.2014652014652,-34.969474969474966,11.526251526251526,0.0,41.22100122100122,-158.04639804639805,134.21245421245422,-8.4004884004884,-34.969474969474966
18.168498168498168,7.228327228327228,-37.31379731379732,38.095238095238095,0.0,18.55921855921856,25.982905982905983,7.228327228327228,-25.2014652014652,0.0,7.228327228327228,42.78388278388278,0.0,10.354090354090356,17.77777777777778,-3.3211233211233213,-52.94261294261294,0.0,20.12210012210012,-29.499389499389498,-32.234432234432234,13.870573870573873,0.0,37.704517704517706,-218.6080586080586,205.7142857142857,-8.00976800976801,-32.234432234432234
13.870573870573873,-3.3211233211233213,-32.234432234432234,43.56532356532357,0.0,23.63858363858364,14.261294261294262,6.446886446886447,-23.247863247863247,0.0,2.148962148962149,40.83028083028083,0.0,11.135531135531137,10.744810744810744,-2.93040293040293,-55.28693528693529,0.0,17.387057387057386,-33.01587301587302,-32.234432234432234,11.526251526251526,0.0,32.62515262515262,-236.5811965811966,239.7069597069597,-7.619047619047619,-32.234432234432234
11.526251526251526,-13.47985347985348,-25.2014652014652,43.56532356532357,0.0,31.843711843711844,0.9768009768009768,6.056166056166056,-23.247863247863247,0.0,-4.884004884004884,38.48595848595848,0.0,14.652014652014651,1.3675213675213675,0.5860805860805861,-58.02197802197802,0.0,17.387057387057386,-34.969474969474966,-29.499389499389498,5.665445665445666,0.0,25.592185592185597,-181.0989010989011,197.8998778998779,-6.837606837606837,-29.499389499389498
8.4004884004884,-20.903540903540904,-21.68498168498169,50.989010989010985,0.0,35.36019536019536,-10.354090354090356,4.493284493284493,-11.526251526251526,0.0,-13.47985347985348,36.14163614163614,0.0,16.214896214896214,-9.572649572649572,0.1953601953601953,-47.86324786324786,0.0,14.652014652014651,-38.095238095238095,-28.71794871794872,11.526251526251526,0.0,22.075702075702075,-181.4896214896215,204.93284493284492,-6.837606837606837,-28.71794871794872
6.446886446886447,-24.02930402930403,-17.77777777777778,53.333333333333336,0.0,34.18803418803419,-17.77777777777778,5.274725274725275,-3.3211233211233213,0.0,-20.512820512820515,34.969474969474966,0.0,15.433455433455434,-16.996336996336996,2.5396825396825395,-45.12820512820513,0.0,11.526251526251526,-39.65811965811966,-29.10866910866911,12.698412698412698,0.0,18.168498168498168,-220.56166056166057,249.47496947496947,-7.228327228327228,-29.10866910866911
8.00976800976801,-22.466422466422465,-13.089133089133089,49.42612942612943,0.0,31.45299145299145,-20.903540903540904,11.526251526251526,-0.1953601953601953,0.0,-21.294261294261293,39.26739926739927,0.0,13.47985347985348,-16.996336996336996,9.572649572649572,-50.20757020757021,0.0,10.744810744810744,-38.095238095238095,-22.466422466422465,6.056166056166056,0.0,13.47985347985348,-200.24420024420024,234.62759462759465,-10.744810744810744,-22.466422466422465
7.619047619047619,-22.466422466422465,-9.963369963369964,50.5982905982906,0.0,25.2014652014652,-26.37362637362637,16.605616605616607,9.18192918192918,0.0,-22.857142857142858,42.39316239316239,0.0,10.354090354090356,-16.605616605616607,15.433455433455434,-47.472527472527474,0.0,10.354090354090356,-39.65811965811966,-15.433455433455434,6.446886446886447,0.0,10.354090354090356,-178.36385836385836,218.6080586080586,-16.605616605616607,-15.433455433455434
4.493284493284493,-25.592185592185597,-11.916971916971915,54.5054945054945,0.0,13.47985347985348,-31.45299145299145,16.214896214896214,22.075702075702075,0.0,-27.155067155067155,42.78388278388278,0.0,1.3675213675213675,-19.34065934065934,16.996336996336996,-39.26739926739927,0.0,3.711843711843712,-43.17460317460318,-15.433455433455434,14.261294261294262,0.0,12.307692307692308,-242.44200244200243,285.42124542124543,-19.73137973137973,-15.433455433455434
3.711843711843712,-23.63858363858364,-11.526251526251526,46.69108669108669,0.0,10.744810744810744,-34.18803418803419,16.214896214896214,20.12210012210012,0.0,-29.10866910866911,43.17460317460318,0.0,-1.3675213675213675,-20.12210012210012,17.387057387057386,-41.22100122100122,0.0,-0.5860805860805861,-41.22100122100122,-15.433455433455434,12.307692307692308,0.0,11.916971916971915,-286.5934065934066,330.3540903540904,-22.857142857142858,-15.433455433455434
4.102564102564102,-22.075702075702075,-10.744810744810744,40.04884004884005,0.0,9.572649572649572,-36.53235653235653,14.261294261294262,22.857142857142858,0.0,-34.18803418803419,39.26739926739927,0.0,-2.148962148962149,-22.857142857142858,19.34065934065934,-38.48595848595848,0.0,-2.5396825396825395,-39.26739926739927,-14.652014652014651,11.916971916971915,0.0,11.135531135531137,-282.6862026862027,322.53968253968253,-22.857142857142858,-14.652014652014651
7.619047619047619,-23.247863247863247,-14.652014652014651,39.26739926739927,0.0,9.963369963369964,-40.43956043956044,11.916971916971915,26.37362637362637,0.0,-39.26739926739927,36.53235653235653,0.0,-3.711843711843712,-25.982905982905983,17.387057387057386,-29.89010989010989,0.0,-4.102564102564102,-36.53235653235653,-17.77777777777778,16.214896214896214,0.0,15.042735042735044,-266.2759462759463,299.0964590964591,-20.903540903540904,-17.77777777777778
11.916971916971915,-27.545787545787547,-15.042735042735044,36.92307692307692,0.0,9.18192918192918,-41.22100122100122,12.698412698412698,24.81074481074481,0.0,-42.39316239316239,34.57875457875458,0.0,-4.102564102564102,-27.155067155067155,18.94993894993895,-26.37362637362637,0.0,-6.837606837606837,-29.499389499389498,-15.433455433455434,12.698412698412698,0.0,15.433455433455434,-227.5946275946276,256.1172161172161,-17.387057387057386,-15.433455433455434
18.168498168498168,-33.7973137973138,-10.744810744810744,31.45299145299145,0.0,9.963369963369964,-42.39316239316239,15.042735042735044,21.294261294261293,0.0,-43.95604395604396,36.53235653235653,0.0,-2.93040293040293,-28.71794871794872,26.37362637362637,-25.592185592185597,0.0,-7.619047619047619,-23.63858363858364,-6.446886446886447,6.837606837606837,0.0,11.135531135531137,-161.56288156288156,186.17826617826617,-13.47985347985348,-6.446886446886447
22.075702075702075,-42.78388278388278,-10.354090354090356,34.969474969474966,0.0,7.228327228327228,-44.346764346764346,15.042735042735044,25.2014652014652,0.0,-47.472527472527474,37.704517704517706,0.0,-3.3211233211233213,-32.62515262515262,29.10866910866911,-14.652014652014651,0.0,-10.354090354090356,-21.294261294261293,0.1953601953601953,9.572649572649572,0.0,10.744810744810744,-113.5042735042735,136.94749694749694,-12.307692307692308,0.1953601953601953
20.903540903540904,-48.64468864468864,-8.4004884004884,35.75091575091575,0.0,2.93040293040293,-43.95604395604396,11.135531135531137,28.32722832722833,0.0,-50.20757020757021,40.43956043956044,0.0,-2.93040293040293,-37.31379731379732,29.89010989010989,-7.619047619047619,0.0,-17.387057387057386,-20.12210012210012,6.446886446886447,13.089133089133089,0.0,8.791208791208792,-64.27350427350427,84.2002442002442,-11.135531135531137,6.446886446886447
21.68498168498169,-45.90964590964591,-3.711843711843712,25.2014652014652,0.0,4.493284493284493,-37.31379731379732,9.572649572649572,19.73137973137973,0.0,-45.12820512820513,42.002442002442,0.0,0.1953601953601953,-34.969474969474966,31.843711843711844,-13.870573870573873,0.0,-18.55921855921856,-17.387057387057386,16.996336996336996,2.148962148962149,0.0,4.102564102564102,6.446886446886447,14.652014652014651,-11.916971916971915,16.996336996336996
20.12210012210012,-39.65811965811966,-0.5860805860805861,17.77777777777778,0.0,1.7582417582417582,-30.28083028083028,9.18192918192918,15.824175824175825,0.0,-39.26739926739927,42.002442002442,0.0,2.5396825396825395,-27.936507936507937,31.45299145299145,-17.387057387057386,0.0,-15.824175824175825,-15.433455433455434,25.982905982905983,-5.665445665445666,0.0,0.9768009768009768,33.40659340659341,-8.4004884004884,-13.870573870573873,25.982905982905983
15.824175824175825,-35.75091575091575,1.3675213675213675,16.996336996336996,0.0,-3.3211233211233213,-23.247863247863247,7.619047619047619,18.55921855921856,0.0,-29.10866910866911,39.65811965811966,0.0,2.5396825396825395,-22.075702075702075,24.42002442002442,-13.870573870573873,0.0,-13.870573870573873,-16.996336996336996,31.062271062271066,-8.4004884004884,0.0,-0.9768009768009768,-8.791208791208792,34.18803418803419,-13.47985347985348,31.062271062271066
15.824175824175825,-30.28083028083028,7.619047619047619,10.354090354090356,0.0,-4.493284493284493,-15.042735042735044,11.135531135531137,13.089133089133089,0.0,-15.824175824175825,39.26739926739927,0.0,6.446886446886447,-14.652014652014651,20.512820512820515,-19.34065934065934,0.0,-11.526251526251526,-15.824175824175825,39.65811965811966,-17.77777777777778,0.0,-7.228327228327228,-40.83028083028083,67.3992673992674,-12.307692307692308,39.65811965811966
16.996336996336996,-26.764346764346765,17.387057387057386,3.711843711843712,0.0,-4.493284493284493,-8.00976800976801,17.77777777777778,6.837606837606837,0.0,-4.493284493284493,38.48595848595848,0.0,13.089133089133089,-11.916971916971915,20.903540903540904,-21.68498168498169,0.0,-9.572649572649572,-12.698412698412698,47.86324786324786,-23.63858363858364,0.0,-16.996336996336996,-15.433455433455434,45.12820512820513,-11.526251526251526,47.86324786324786
17.77777777777778,-28.71794871794872,23.247863247863247,3.711843711843712,0.0,-5.665445665445666,-5.274725274725275,18.168498168498168,9.572649572649572,0.0,2.5396825396825395,33.40659340659341,0.0,16.996336996336996,-16.214896214896214,15.824175824175825,-14.652014652014651,0.0,-11.526251526251526,-12.698412698412698,47.472527472527474,-20.512820512820515,0.0,-22.857142857142858,-48.64468864468864,77.16727716727716,-9.963369963369964,47.472527472527474
18.94993894993895,-28.71794871794872,28.71794871794872,-0.9768009768009768,0.0,-1.3675213675213675,-3.711843711843712,18.55921855921856,4.493284493284493,0.0,9.18192918192918,28.32722832722833,0.0,17.77777777777778,-21.294261294261293,16.996336996336996,-14.261294261294262,0.0,-16.996336996336996,-8.4004884004884,48.64468864468864,-22.466422466422465,0.0,-28.32722832722833,-79.51159951159951,105.68986568986568,-6.056166056166056,48.64468864468864
19.73137973137973,-25.982905982905983,33.40659340659341,-8.4004884004884,0.0,4.493284493284493,-1.3675213675213675,18.94993894993895,-3.711843711843712,0.0,10.354090354090356,22.466422466422465,0.0,17.77777777777778,-24.02930402930403,23.247863247863247,-17.387057387057386,0.0,-18.55921855921856,-2.5396825396825395,47.081807081807085,-25.2014652014652,0.0,-33.01587301587302,-13.47985347985348,41.22100122100122,-4.102564102564102,47.081807081807085
12.698412698412698,-20.903540903540904,34.57875457875458,-9.963369963369964,0.0,6.446886446886447,0.1953601953601953,17.77777777777778,-8.791208791208792,0.0,9.18192918192918,15.824175824175825,0.0,15.824175824175825,-26.37362637362637,26.764346764346765,-20.512820512820515,0.0,-20.12210012210012,0.9768009768009768,43.17460317460318,-27.936507936507937,0.0,-34.18803418803419,75.21367521367522,-48.25396825396825,-1.7582417582417582,43.17460317460318
2.148962148962149,-13.870573870573873,29.89010989010989,-8.00976800976801,0.0,8.791208791208792,-0.1953601953601953,14.652014652014651,-12.698412698412698,0.0,7.619047619047619,11.135531135531137,0.0,13.47985347985348,-26.37362637362637,24.02930402930403,-20.903540903540904,0.0,-22.466422466422465,3.3211233211233213,36.14163614163614,-25.982905982905983,0.0,-29.499389499389498,65.44566544566544,-46.69108669108669,4.884004884004884,36.14163614163614
1.7582417582417582,-3.3211233211233213,27.545787545787547,-15.824175824175825,0.0,18.168498168498168,4.102564102564102,14.261294261294262,-26.764346764346765,0.0,8.4004884004884,12.307692307692308,0.0,18.55921855921856,-22.075702075702075,23.63858363858364,-30.671550671550676,0.0,-20.12210012210012,9.963369963369964,30.671550671550676,-30.28083028083028,0.0,-27.155067155067155,43.95604395604396,-31.062271062271066,11.526251526251526,30.671550671550676
3.3211233211233213,1.7582417582417582,25.592185592185597,-18.94993894993895,0.0,22.466422466422465,7.619047619047619,14.652014652014651,-33.40659340659341,0.0,11.135531135531137,11.916971916971915,0.0,22.857142857142858,-16.214896214896214,19.34065934065934,-35.36019536019536,0.0,-18.168498168498168,17.387057387057386,25.2014652014652,-33.7973137973138,0.0,-25.2014652014652,33.40659340659341,-23.63858363858364,13.870573870573873,25.2014652014652
8.791208791208792,2.93040293040293,20.512820512820515,-19.73137973137973,0.0,28.32722832722833,7.228327228327228,9.572649572649572,-32.62515262515262,0.0,12.307692307692308,11.526251526251526,0.0,22.075702075702075,-13.47985347985348,13.089133089133089,-34.57875457875458,0.0,-18.94993894993895,22.857142857142858,17.77777777777778,-33.7973137973138,0.0,-20.12210012210012,6.446886446886447,-2.148962148962149,18.168498168498168,17.77777777777778
15.042735042735044,4.102564102564102,20.512820512820515,-30.28083028083028,0.0,32.62515262515262,6.837606837606837,6.837606837606837,-37.31379731379732,0.0,10.354090354090356,11.916971916971915,0.0,19.73137973137973,-11.135531135531137,13.089133089133089,-37.704517704517706,0.0,-23.247863247863247,30.28083028083028,15.042735042735044,-38.095238095238095,0.0,-20.12210012210012,15.433455433455434,-17.387057387057386,22.075702075702075,15.042735042735044
16.605616605616607,4.884004884004884,21.294261294261293,-40.04884004884005,0.0,34.969474969474966,2.148962148962149,6.446886446886447,-41.22100122100122,0.0,3.711843711843712,10.744810744810744,0.0,16.996336996336996,-10.744810744810744,17.387057387057386,-44.737484737484735,0.0,-28.32722832722833,36.53235653235653,16.996336996336996,-45.51892551892552,0.0,-20.903540903540904,62.31990231990232,-65.05494505494505,21.294261294261293,16.996336996336996
9.18192918192918,0.1953601953601953,18.168498168498168,-39.65811965811966,0.0,30.671550671550676,-8.00976800976801,0.5860805860805861,-34.18803418803419,0.0,-6.837606837606837,9.18192918192918,0.0,10.354090354090356,-14.261294261294262,17.387057387057386,-43.56532356532357,0.0,-36.14163614163614,35.36019536019536,10.354090354090356,-39.26739926739927,0.0,-17.77777777777778,67.3992673992674,-73.65079365079364,20.512820512820515,10.354090354090356
3.711843711843712,-3.711843711843712,14.652014652014651,-42.39316239316239,0.0,30.671550671550676,-18.55921855921856,-3.3211233211233213,-35.36019536019536,0.0,-15.433455433455434,9.18192918192918,0.0,4.884004884004884,-13.870573870573873,16.605616605616607,-46.69108669108669,0.0,-44.737484737484735,36.53235653235653,-0.5860805860805861,-29.10866910866911,0.0,-14.261294261294262,78.33943833943835,-88.4981684981685,21.68498168498169,-0.5860805860805861
3.711843711843712,-6.056166056166056,13.47985347985348,-51.37973137973138,0.0,33.01587301587302,-22.857142857142858,-0.9768009768009768,-47.86324786324786,0.0,-20.512820512820515,14.652014652014651,0.0,3.3211233211233213,-9.963369963369964,17.387057387057386,-59.1941391941392,0.0,-45.12820512820513,40.83028083028083,-15.042735042735044,-27.936507936507937,0.0,-13.089133089133089,143.1990231990232,-147.1062271062271,18.94993894993895,-15.042735042735044
3.711843711843712,-13.089133089133089,7.228327228327228,-49.81684981684982,0.0,28.32722832722833,-27.155067155067155,-2.93040293040293,-49.03540903540904,0.0,-28.32722832722833,15.824175824175825,0.0,-6.056166056166056,-8.00976800976801,15.824175824175825,-62.31990231990232,0.0,-44.346764346764346,40.83028083028083,-33.7973137973138,-22.466422466422465,0.0,-6.837606837606837,174.45665445665446,-171.33089133089132,15.433455433455434,-33.7973137973138
4.102564102564102,-16.214896214896214,-0.5860805860805861,-48.25396825396825,0.0,21.68498168498169,-29.89010989010989,-4.493284493284493,-48.25396825396825,0.0,-34.969474969474966,16.214896214896214,0.0,-18.168498168498168,-8.791208791208792,11.526251526251526,-61.53846153846154,0.0,-43.56532356532357,39.26739926739927,-52.94261294261294,-19.73137973137973,0.0,0.9768009768009768,131.4774114774115,-124.83516483516485,13.089133089133089,-52.94261294261294
6.446886446886447,-14.261294261294262,-2.93040293040293,-55.28693528693529,0.0,16.996336996336996,-28.71794871794872,-2.5396825396825395,-50.989010989010985,0.0,-39.65811965811966,18.94993894993895,0.0,-24.81074481074481,-9.963369963369964,10.744810744810744,-66.61782661782662,0.0,-37.704517704517706,38.095238095238095,-63.88278388278388,-26.764346764346765,0.0,3.3211233211233213,123.27228327228327,-109.98778998778998,8.791208791208792,-63.88278388278388
4.102564102564102,-14.652014652014651,-2.5396825396825395,-56.84981684981685,0.0,8.4004884004884,-31.062271062271066,-0.5860805860805861,-46.3003663003663,0.0,-46.69108669108669,19.34065934065934,0.0,-34.57875457875458,-10.744810744810744,13.47985347985348,-68.18070818070818,0.0,-34.969474969474966,33.7973137973138,-67.00854700854701,-31.45299145299145,0.0,2.93040293040293,147.88766788766787,-126.7887667887668,1.7582417582417582,-67.00854700854701
0.1953601953601953,-18.94993894993895,-3.711843711843712,-51.37973137973138,0.0,-0.1953601953601953,-34.18803418803419,-4.102564102564102,-34.57875457875458,0.0,-49.81684981684982,16.996336996336996,0.0,-43.95604395604396,-10.744810744810744,9.572649572649572,-64.27350427350427,0.0,-36.14163614163614,28.32722832722833,-74.04151404151405,-27.155067155067155,0.0,4.102564102564102,86.54456654456655,-59.1941391941392,-1.3675213675213675,-74.04151404151405
-3.711843711843712,-20.512820512820515,-1.7582417582417582,-52.55189255189255,0.0,-6.837606837606837,-34.57875457875458,-6.056166056166056,-29.89010989010989,0.0,-49.42612942612943,15.042735042735044,0.0,-49.42612942612943,-8.00976800976801,8.4004884004884,-63.49206349206349,0.0,-36.53235653235653,25.2014652014652,-78.33943833943835,-22.075702075702075,0.0,2.148962148962149,37.31379731379732,-6.056166056166056,-1.3675213675213675,-78.33943833943835
-2.93040293040293,-23.63858363858364,-5.274725274725275,-49.81684981684982,0.0,-12.698412698412698,-33.7973137973138,-7.619047619047619,-27.545787545787547,0.0,-49.03540903540904,10.744810744810744,0.0,-57.24053724053724,-6.056166056166056,11.526251526251526,-65.44566544566544,0.0,-38.87667887667888,23.247863247863247,-81.07448107448107,-19.73137973137973,0.0,5.665445665445666,99.43833943833944,-66.61782661782662,-1.7582417582417582,-81.07448107448107
-3.3211233211233213,-28.71794871794872,-13.870573870573873,-43.17460317460318,0.0,-19.34065934065934,-31.843711843711844,-11.526251526251526,-25.2014652014652,0.0,-45.51892551892552,4.102564102564102,0.0,-64.66422466422466,-7.619047619047619,9.963369963369964,-63.49206349206349,0.0,-42.002442002442,20.12210012210012,-88.4981684981685,-16.214896214896214,0.0,14.261294261294262,138.9010989010989,-106.08058608058607,-0.5860805860805861,-88.4981684981685
-4.493284493284493,-31.843711843711844,-22.075702075702075,-35.36019536019536,0.0,-25.982905982905983,-27.545787545787547,-13.47985347985348,-26.37362637362637,0.0,-39.65811965811966,0.5860805860805861,0.0,-67.00854700854701,-13.47985347985348,8.00976800976801,-62.71062271062271,0.0,-44.346764346764346,16.996336996336996,-96.31257631257633,-11.135531135531137,0.0,22.466422466422465,108.8156288156288,-81.46520146520146,3.711843711843712,-96.31257631257633
-3.3211233211233213,-29.89010989010989,-23.247863247863247,-34.57875457875458,0.0,-25.982905982905983,-20.512820512820515,-6.446886446886447,-38.095238095238095,0.0,-28.32722832722833,4.102564102564102,0.0,-65.05494505494505,-13.870573870573873,12.698412698412698,-69.35286935286935,0.0,-42.78388278388278,17.387057387057386,-94.35897435897436,-15.433455433455434,0.0,23.63858363858364,118.5836385836386,-92.7960927960928,5.274725274725275,-94.35897435897436
-2.5396825396825395,-27.545787545787547,-23.247863247863247,-28.71794871794872,0.0,-24.42002442002442,-12.307692307692308,-2.5396825396825395,-43.17460317460318,0.0,-15.824175824175825,9.572649572649572,0.0,-62.71062271062271,-8.791208791208792,13.47985347985348,-67.78998778998779,0.0,-36.14163614163614,18.55921855921856,-92.4053724053724,-15.433455433455434,0.0,23.63858363858364,124.05372405372404,-93.18681318681318,7.619047619047619,-92.4053724053724
-4.884004884004884,-20.903540903540904,-22.857142857142858,-18.168498168498168,0.0,-22.075702075702075,-6.446886446886447,2.148962148962149,-40.43956043956044,0.0,-1.3675213675213675,12.307692307692308,0.0,-60.757020757020754,-0.9768009768009768,11.916971916971915,-60.366300366300365,0.0,-28.71794871794872,20.12210012210012,-92.4053724053724,-8.00976800976801,0.0,23.247863247863247,122.88156288156289,-89.27960927960928,11.526251526251526,-92.4053724053724
-4.884004884004884,-11.135531135531137,-20.903540903540904,-17.387057387057386,0.0,-18.94993894993895,-1.3675213675213675,9.572649572649572,-44.346764346764346,0.0,8.4004884004884,18.168498168498168,0.0,-56.45909645909646,7.619047619047619,15.042735042735044,-61.53846153846154,0.0,-19.73137973137973,24.02930402930403,-90.06105006105007,-8.4004884004884,0.0,21.294261294261293,193.6019536019536,-156.0927960927961,14.261294261294262,-90.06105006105007
-0.9768009768009768,-3.3211233211233213,-23.63858363858364,-16.605616605616607,0.0,-14.652014652014651,-0.1953601953601953,13.47985347985348,-43.17460317460318,0.0,13.870573870573873,18.94993894993895,0.0,-54.89621489621489,14.652014652014651,16.214896214896214,-63.49206349206349,0.0,-14.261294261294262,29.10866910866911,-92.014652014652,-8.791208791208792,0.0,24.02930402930403,242.05128205128204,-202.97924297924297,17.77777777777778,-92.014652014652
-0.1953601953601953,-1.3675213675213675,-33.01587301587302,-6.446886446886447,0.0,-15.042735042735044,-4.102564102564102,8.4004884004884,-30.671550671550676,0.0,10.354090354090356,18.55921855921856,0.0,-56.06837606837607,11.916971916971915,12.698412698412698,-55.28693528693529,0.0,-14.652014652014651,27.155067155067155,-98.65689865689866,0.1953601953601953,0.0,33.40659340659341,217.04517704517704,-186.56898656898656,21.68498168498169,-98.65689865689866
-2.93040293040293,0.5860805860805861,-40.83028083028083,-2.93040293040293,0.0,-18.55921855921856,-7.228327228327228,4.102564102564102,-24.42002442002442,0.0,0.1953601953601953,22.075702075702075,0.0,-57.24053724053724,8.00976800976801,13.870573870573873,-50.989010989010985,0.0,-19.34065934065934,24.42002442002442,-99.43833943833944,7.619047619047619,0.0,41.22100122100122,220.17094017094016,-199.07203907203908,22.075702075702075,-99.43833943833944
-0.5860805860805861,6.446886446886447,-38.87667887667888,-11.135531135531137,0.0,-14.652014652014651,-3.3211233211233213,6.837606837606837,-32.234432234432234,0.0,-4.493284493284493,29.499389499389498,0.0,-56.06837606837607,11.526251526251526,18.94993894993895,-54.89621489621489,0.0,-19.34065934065934,25.982905982905983,-93.18681318681318,6.446886446886447,0.0,39.26739926739927,272.5274725274725,-256.8986568986569,21.294261294261293,-93.18681318681318
0.9768009768009768,11.135531135531137,-38.48595848595848,-8.791208791208792,0.0,-13.870573870573873,0.9768009768009768,7.228327228327228,-29.499389499389498,0.0,-5.274725274725275,36.53235653235653,0.0,-55.67765567765568,17.77777777777778,19.73137973137973,-47.081807081807085,0.0,-16.214896214896214,24.81074481074481,-87.71672771672772,14.652014652014651,0.0,38.87667887667888,257.6800976800977,-249.08424908424908,22.857142857142858,-87.71672771672772
2.148962148962149,16.605616605616607,-35.75091575091575,-8.4004884004884,0.0,-15.042735042735044,7.619047619047619,9.18192918192918,-27.545787545787547,0.0,-2.5396825396825395,42.78388278388278,0.0,-53.724053724053725,25.2014652014652,20.512820512820515,-40.43956043956044,0.0,-12.307692307692308,25.2014652014652,-80.29304029304029,19.34065934065934,0.0,36.14163614163614,216.65445665445665,-213.91941391941396,24.81074481074481,-80.29304029304029
6.056166056166056,19.73137973137973,-32.62515262515262,-9.18192918192918,0.0,-11.916971916971915,9.572649572649572,15.824175824175825,-28.32722832722833,0.0,0.5860805860805861,46.69108669108669,0.0,-49.81684981684982,33.7973137973138,25.982905982905983,-43.17460317460318,0.0,-7.228327228327228,27.936507936507937,-68.96214896214896,15.433455433455434,0.0,33.01587301587302,249.08424908424908,-250.25641025641025,27.936507936507937,-68.96214896214896
9.18192918192918,17.387057387057386,-31.45299145299145,-1.3675213675213675,0.0,-12.307692307692308,6.837606837606837,17.387057387057386,-17.387057387057386,0.0,-0.5860805860805861,47.86324786324786,0.0,-46.3003663003663,36.14163614163614,28.32722832722833,-38.095238095238095,0.0,-4.493284493284493,29.89010989010989,-58.41269841269841,14.261294261294262,0.0,31.843711843711844,308.86446886446885,-312.3809523809524,29.89010989010989,-58.41269841269841
6.446886446886447,12.307692307692308,-38.87667887667888,11.135531135531137,0.0,-20.512820512820515,0.5860805860805861,12.698412698412698,-0.5860805860805861,0.0,-7.619047619047619,46.3003663003663,0.0,-47.081807081807085,31.843711843711844,25.982905982905983,-28.32722832722833,0.0,-9.18192918192918,26.37362637362637,-50.989010989010985,16.214896214896214,0.0,39.26739926739927,313.5531135531136,-321.7582417582417,29.10866910866911,-50.989010989010985
-2.148962148962149,10.354090354090356,-39.26739926739927,16.996336996336996,0.0,-31.062271062271066,-1.3675213675213675,13.870573870573873,4.884004884004884,0.0,-18.94993894993895,45.12820512820513,0.0,-51.77045177045177,27.936507936507937,29.10866910866911,-26.37362637362637,0.0,-17.77777777777778,25.592185592185597,-41.61172161172161,13.47985347985348,0.0,39.65811965811966,320.976800976801,-328.009768009768,27.155067155067155,-41.61172161172161
0.1953601953601953,13.089133089133089,-38.87667887667888,11.526251526251526,0.0,-28.32722832722833,0.1953601953601953,14.652014652014651,-0.5860805860805861,0.0,-18.55921855921856,49.81684981684982,0.0,-48.25396825396825,25.982905982905983,24.81074481074481,-23.63858363858364,0.0,-18.168498168498168,23.63858363858364,-39.26739926739927,12.698412698412698,0.0,39.26739926739927,364.7374847374848,-368.25396825396825,20.12210012210012,-39.26739926739927
-2.93040293040293,15.824175824175825,-36.92307692307692,10.744810744810744,0.0,-31.062271062271066,2.5396825396825395,15.433455433455434,-0.1953601953601953,0.0,-19.73137973137973,51.77045177045177,0.0,-49.42612942612943,26.37362637362637,21.68498168498169,-17.77777777777778,0.0,-20.12210012210012,22.857142857142858,-36.92307692307692,15.042735042735044,0.0,37.31379731379732,369.8168498168498,-371.77045177045176,16.214896214896214,-36.92307692307692
0.5860805860805861,20.903540903540904,-38.48595848595848,9.18192918192918,0.0,-25.592185592185597,6.056166056166056,15.042735042735044,-2.148962148962149,0.0,-16.996336996336996,57.63125763125763,0.0,-48.25396825396825,27.936507936507937,17.77777777777778,-10.744810744810744,0.0,-18.168498168498168,23.247863247863247,-36.92307692307692,18.55921855921856,0.0,38.87667887667888,329.96336996337,-336.6056166056166,16.605616605616607,-36.92307692307692
5.274725274725275,27.936507936507937,-33.40659340659341,2.93040293040293,0.0,-18.94993894993895,10.744810744810744,17.77777777777778,-6.446886446886447,0.0,-13.870573870573873,61.53846153846154,0.0,-43.17460317460318,31.062271062271066,18.94993894993895,-8.00976800976801,0.0,-13.870573870573873,26.764346764346765,-32.234432234432234,18.55921855921856,0.0,33.7973137973138,304.56654456654456,-316.6788766788767,17.77777777777778,-32.234432234432234
4.102564102564102,31.843711843711844,-34.57875457875458,5.665445665445666,0.0,-18.55921855921856,10.354090354090356,15.042735042735044,0.5860805860805861,0.0,-20.512820512820515,61.53846153846154,0.0,-42.002442002442,27.936507936507937,18.55921855921856,0.1953601953601953,0.0,-15.433455433455434,27.155067155067155,-28.32722832722833,22.466422466422465,0.0,34.969474969474966,276.8253968253968,-294.4078144078144,16.605616605616607,-28.32722832722833
0.5860805860805861,28.71794871794872,-36.92307692307692,8.791208791208792,0.0,-21.68498168498169,4.884004884004884,8.791208791208792,9.18192918192918,0.0,-30.28083028083028,56.45909645909646,0.0,-42.002442002442,16.605616605616607,13.870573870573873,9.963369963369964,0.0,-20.512820512820515,22.075702075702075,-31.062271062271066,29.499389499389498,0.0,37.31379731379732,242.05128205128204,-259.6336996336996,12.307692307692308,-31.062271062271066
-1.3675213675213675,27.155067155067155,-33.7973137973138,-0.9768009768009768,0.0,-20.12210012210012,3.3211233211233213,6.837606837606837,0.1953601953601953,0.0,-40.43956043956044,54.89621489621489,0.0,-36.53235653235653,5.274725274725275,13.089133089133089,1.3675213675213675,0.0,-24.42002442002442,19.73137973137973,-33.40659340659341,22.857142857142858,0.0,34.18803418803419,249.08424908424908,-258.07081807081806,4.493284493284493,-33.40659340659341
-2.5396825396825395,16.996336996336996,-32.234432234432234,-5.665445665445666,0.0,-19.73137973137973,-1.7582417582417582,4.493284493284493,-7.619047619047619,0.0,-52.94261294261294,51.77045177045177,0.0,-32.234432234432234,-5.665445665445666,10.354090354090356,-6.056166056166056,0.0,-25.592185592185597,12.307692307692308,-35.75091575091575,14.652014652014651,0.0,32.62515262515262,231.8925518925519,-226.8131868131868,-3.3211233211233213,-35.75091575091575
-6.837606837606837,3.3211233211233213,-30.671550671550676,0.5860805860805861,0.0,-24.81074481074481,-9.572649572649572,2.93040293040293,-1.7582417582417582,0.0,-61.53846153846154,48.25396825396825,0.0,-36.53235653235653,-11.916971916971915,6.056166056166056,-4.102564102564102,0.0,-27.936507936507937,5.665445665445666,-38.48595848595848,14.261294261294262,0.0,31.062271062271066,164.6886446886447,-145.15262515262515,-9.963369963369964,-38.48595848595848
-8.00976800976801,-0.9768009768009768,-24.42002442002442,0.1953601953601953,0.0,-24.42002442002442,-10.744810744810744,4.493284493284493,-3.711843711843712,0.0,-61.92918192918193,48.25396825396825,0.0,-38.48595848595848,-9.963369963369964,6.837606837606837,-8.00976800976801,0.0,-25.982905982905983,2.93040293040293,-34.969474969474966,7.228327228327228,0.0,24.81074481074481,145.93406593406593,-118.1929181929182,-11.526251526251526,-34.969474969474966
-9.572649572649572,-0.5860805860805861,-15.433455433455434,-2.5396825396825395,0.0,-22.075702075702075,-11.135531135531137,10.744810744810744,-5.665445665445666,0.0,-59.58485958485959,46.69108669108669,0.0,-38.095238095238095,-4.884004884004884,9.18192918192918,-17.387057387057386,0.0,-22.075702075702075,3.3211233211233213,-27.545787545787547,-4.102564102564102,0.0,15.824175824175825,173.2844932844933,-140.46398046398048,-13.870573870573873,-27.545787545787547
-13.089133089133089,0.1953601953601953,-9.572649572649572,-2.5396825396825395,0.0,-20.512820512820515,-16.214896214896214,8.4004884004884,2.5396825396825395,0.0,-58.02197802197802,43.17460317460318,0.0,-41.61172161172161,-2.148962148962149,4.884004884004884,-16.996336996336996,0.0,-22.857142857142858,-0.1953601953601953,-26.764346764346765,-5.274725274725275,0.0,9.963369963369964,138.5103785103785,-110.37851037851038,-13.870573870573873,-26.764346764346765
-17.387057387057386,0.5860805860805861,-0.5860805860805861,-8.00976800976801,0.0,-18.94993894993895,-19.73137973137973,8.00976800976801,3.711843711843712,0.0,-56.84981684981685,38.87667887667888,0.0,-43.95604395604396,-1.7582417582417582,4.102564102564102,-22.466422466422465,0.0,-26.764346764346765,-2.5396825396825395,-24.02930402930403,-9.18192918192918,0.0,0.9768009768009768,71.30647130647131,-51.37973137973138,-10.744810744810744,-24.02930402930403
-15.433455433455434,0.5860805860805861,3.711843711843712,-14.652014652014651,0.0,-13.870573870573873,-19.73137973137973,11.135531135531137,-2.5396825396825395,0.0,-58.02197802197802,38.48595848595848,0.0,-40.83028083028083,-0.9768009768009768,8.4004884004884,-33.40659340659341,0.0,-27.155067155067155,-4.493284493284493,-16.605616605616607,-16.996336996336996,0.0,-3.3211233211233213,57.63125763125763,-44.737484737484735,-10.744810744810744,-16.605616605616607
-14.261294261294262,-4.884004884004884,7.619047619047619,-13.089133089133089,0.0,-9.18192918192918,-24.02930402930403,10.354090354090356,-2.5396825396825395,0.0,-58.8034188034188,36.14163614163614,0.0,-40.83028083028083,0.1953601953601953,11.526251526251526,-34.969474969474966,0.0,-27.936507936507937,-4.493284493284493,-10.744810744810744,-18.55921855921856,0.0,-7.228327228327228,36.53235653235653,-28.71794871794872,-8.4004884004884,-10.744810744810744
-16.996336996336996,-12.698412698412698,13.089133089133089,-3.711843711843712,0.0,-11.916971916971915,-24.81074481074481,11.526251526251526,4.102564102564102,0.0,-60.757020757020754,33.40659340659341,0.0,-47.86324786324786,1.7582417582417582,16.996336996336996,-27.545787545787547,0.0,-34.18803418803419,-3.3211233211233213,-2.93040293040293,-13.089133089133089,0.0,-12.698412698412698,-29.499389499389498,35.36019536019536,-5.665445665445666,-2.93040293040293
-12.307692307692308,-12.307692307692308,13.089133089133089,-3.711843711843712,0.0,-7.619047619047619,-18.94993894993895,11.135531135531137,-0.5860805860805861,0.0,-57.24053724053724,36.92307692307692,0.0,-40.04884004884005,1.7582417582417582,16.605616605616607,-27.936507936507937,0.0,-27.936507936507937,-1.3675213675213675,-0.5860805860805861,-16.605616605616607,0.0,-12.698412698412698,-75.995115995116,80.68376068376068,-3.711843711843712,-0.5860805860805861
-8.00976800976801,-9.963369963369964,16.605616605616607,-7.619047619047619,0.0,-2.5396825396825395,-16.996336996336996,12.307692307692308,-2.5396825396825395,0.0,-53.724053724053725,39.26739926739927,0.0,-38.095238095238095,5.274725274725275,17.77777777777778,-29.499389499389498,0.0,-24.42002442002442,1.3675213675213675,3.3211233211233213,-23.63858363858364,0.0,-16.214896214896214,-66.61782661782662,72.86935286935287,-4.493284493284493,3.3211233211233213
-8.791208791208792,-6.837606837606837,20.12210012210012,-7.228327228327228,0.0,-2.148962148962149,-18.168498168498168,13.47985347985348,2.5396825396825395,0.0,-50.5982905982906,38.48595848595848,0.0,-36.14163614163614,6.837606837606837,16.214896214896214,-26.37362637362637,0.0,-21.68498168498169,1.3675213675213675,6.837606837606837,-25.2014652014652,0.0,-19.73137973137973,-60.366300366300365,66.61782661782662,-3.711843711843712,6.837606837606837
-2.93040293040293,-0.5860805860805861,22.466422466422465,-14.652014652014651,0.0,5.274725274725275,-19.34065934065934,16.996336996336996,-0.1953601953601953,0.0,-44.737484737484735,42.002442002442,0.0,-25.982905982905983,9.572649572649572,14.261294261294262,-27.155067155067155,0.0,-14.652014652014651,2.93040293040293,11.526251526251526,-28.71794871794872,0.0,-22.075702075702075,-80.29304029304029,80.68376068376068,-2.5396825396825395,11.526251526251526
0.5860805860805861,2.5396825396825395,29.10866910866911,-19.73137973137973,0.0,15.042735042735044,-23.63858363858364,23.63858363858364,-2.148962148962149,0.0,-40.04884004884005,41.61172161172161,0.0,-15.042735042735044,13.870573870573873,18.168498168498168,-32.234432234432234,0.0,-8.00976800976801,6.446886446886447,22.857142857142858,-36.53235653235653,0.0,-28.71794871794872,-73.65079365079364,72.86935286935287,-3.3211233211233213,22.857142857142858
1.7582417582417582,0.9768009768009768,33.01587301587302,-13.870573870573873,0.0,20.512820512820515,-27.936507936507937,26.37362637362637,2.148962148962149,0.0,-36.53235653235653,36.14163614163614,0.0,-6.446886446886447,11.916971916971915,18.55921855921856,-27.936507936507937,0.0,-3.711843711843712,5.274725274725275,27.545787545787547,-33.01587301587302,0.0,-32.62515262515262,-86.54456654456655,81.85592185592185,-0.9768009768009768,27.545787545787547
0.1953601953601953,-0.5860805860805861,37.704517704517706,-5.274725274725275,0.0,23.247863247863247,-27.936507936507937,30.28083028083028,5.274725274725275,0.0,-33.01587301587302,31.45299145299145,0.0,0.1953601953601953,7.619047619047619,16.605616605616607,-22.857142857142858,0.0,-1.3675213675213675,3.711843711843712,27.155067155067155,-27.155067155067155,0.0,-37.31379731379732,-113.5042735042735,107.64346764346764,1.7582417582417582,27.155067155067155
-1.3675213675213675,-0.1953601953601953,44.346764346764346,-4.884004884004884,0.0,25.982905982905983,-21.294261294261293,35.36019536019536,-2.5396825396825395,0.0,-27.545787545787547,28.71794871794872,0.0,8.791208791208792,5.274725274725275,18.168498168498168,-32.62515262515262,0.0,3.711843711843712,3.711843711843712,25.2014652014652,-32.62515262515262,0.0,-43.95604395604396,-81.07448107448107,85.37240537240537,1.7582417582417582,25.2014652014652
-6.446886446886447,-1.3675213675213675,52.16117216117216,-0.5860805860805861,0.0,23.63858363858364,-15.433455433455434,38.87667887667888,-3.711843711843712,0.0,-20.903540903540904,25.982905982905983,0.0,12.698412698412698,4.102564102564102,17.387057387057386,-38.095238095238095,0.0,11.135531135531137,-0.1953601953601953,19.34065934065934,-32.62515262515262,0.0,-51.77045177045177,-79.12087912087912,99.04761904761904,-0.5860805860805861,19.34065934065934
-11.135531135531137,-2.148962148962149,58.02197802197802,6.056166056166056,0.0,20.12210012210012,-12.307692307692308,37.704517704517706,2.5396825396825395,0.0,-15.433455433455434,24.42002442002442,0.0,15.433455433455434,3.711843711843712,11.526251526251526,-34.18803418803419,0.0,16.996336996336996,-4.102564102564102,8.00976800976801,-22.857142857142858,0.0,-57.63125763125763,-158.43711843711844,188.5225885225885,0.1953601953601953,8.00976800976801
-10.744810744810744,-0.9768009768009768,61.92918192918193,2.5396825396825395,0.0,22.857142857142858,-10.744810744810744,36.92307692307692,2.5396825396825395,0.0,-13.47985347985348,27.155067155067155,0.0,24.42002442002442,0.5860805860805861,7.619047619047619,-37.31379731379732,0.0,26.37362637362637,-6.837606837606837,1.3675213675213675,-23.247863247863247,0.0,-61.53846153846154,-177.97313797313797,221.7338217338217,-3.3211233211233213,1.3675213675213675
-8.00976800976801,0.5860805860805861,60.757020757020754,1.3675213675213675,0.0,24.81074481074481,-13.089133089133089,36.14163614163614,5.665445665445666,0.0,-15.433455433455434,26.37362637362637,0.0,33.01587301587302,-4.493284493284493,6.837606837606837,-38.095238095238095,0.0,31.45299145299145,-9.18192918192918,-0.1953601953601953,-24.02930402930403,0.0,-60.366300366300365,-132.25885225885227,179.9267399267399,-5.274725274725275,-0.1953601953601953
-7.228327228327228,-2.148962148962149,58.41269841269841,8.00976800976801,0.0,25.592185592185597,-18.55921855921856,36.14163614163614,12.307692307692308,0.0,-22.075702075702075,25.592185592185597,0.0,38.095238095238095,-14.261294261294262,7.619047619047619,-32.234432234432234,0.0,30.28083028083028,-9.963369963369964,-1.7582417582417582,-17.77777777777778,0.0,-58.02197802197802,-143.1990231990232,189.6947496947497,-1.7582417582417582,-1.7582417582417582
-8.4004884004884,-5.274725274725275,53.333333333333336,15.433455433455434,0.0,26.37362637362637,-23.247863247863247,37.31379731379732,13.870573870573873,0.0,-29.89010989010989,27.155067155067155,0.0,43.95604395604396,-22.075702075702075,8.4004884004884,-30.671550671550676,0.0,28.32722832722833,-8.791208791208792,-4.493284493284493,-14.261294261294262,0.0,-52.94261294261294,-165.0793650793651,213.52869352869357,0.9768009768009768,-4.493284493284493
-7.619047619047619,-6.837606837606837,47.86324786324786,20.12210012210012,0.0,30.28083028083028,-26.764346764346765,40.04884004884005,9.18192918192918,0.0,-32.234432234432234,28.32722832722833,0.0,50.20757020757021,-22.075702075702075,9.572649572649572,-36.14163614163614,0.0,29.10866910866911,-2.93040293040293,-7.619047619047619,-15.824175824175825,0.0,-47.472527472527474,-87.71672771672772,140.0732600732601,4.884004884004884,-7.619047619047619
-11.135531135531137,-11.526251526251526,48.25396825396825,26.764346764346765,0.0,30.671550671550676,-33.01587301587302,42.78388278388278,10.354090354090356,0.0,-33.01587301587302,25.982905982905983,0.0,52.16117216117216,-18.55921855921856,11.916971916971915,-40.83028083028083,0.0,32.62515262515262,-0.5860805860805861,-9.572649572649572,-15.824175824175825,0.0,-47.86324786324786,11.526251526251526,49.81684981684982,7.228327228327228,-9.572649572649572
-12.698412698412698,-12.307692307692308,40.83028083028083,33.40659340659341,0.0,30.28083028083028,-36.14163614163614,33.7973137973138,19.34065934065934,0.0,-33.40659340659341,25.982905982905983,0.0,54.5054945054945,-19.34065934065934,0.1953601953601953,-33.40659340659341,0.0,37.704517704517706,-4.493284493284493,-21.294261294261293,-8.4004884004884,0.0,-40.43956043956044,-22.857142857142858,90.45177045177046,6.446886446886447,-21.294261294261293
-10.744810744810744,-10.744810744810744,36.53235653235653,27.936507936507937,0.0,25.982905982905983,-38.48595848595848,32.234432234432234,21.294261294261293,0.0,-31.843711843711844,24.81074481074481,0.0,58.02197802197802,-20.12210012210012,-6.056166056166056,-37.31379731379732,0.0,43.56532356532357,-8.00976800976801,-25.982905982905983,-13.47985347985348,0.0,-36.14163614163614,-32.234432234432234,104.12698412698413,4.493284493284493,-25.982905982905983
-9.18192918192918,-11.916971916971915,31.062271062271066,25.982905982905983,0.0,20.903540903540904,-42.002442002442,29.499389499389498,25.2014652014652,0.0,-34.969474969474966,22.857142857142858,0.0,60.757020757020754,-26.764346764346765,-7.228327228327228,-42.002442002442,0.0,46.69108669108669,-13.089133089133089,-27.936507936507937,-19.73137973137973,0.0,-30.671550671550676,-24.81074481074481,100.21978021978022,1.7582417582417582,-27.936507936507937
-8.4004884004884,-14.652014652014651,23.247863247863247,27.545787545787547,0.0,13.870573870573873,-45.12820512820513,26.37362637362637,30.671550671550676,0.0,-37.704517704517706,25.2014652014652,0.0,61.14774114774115,-34.18803418803419,-12.307692307692308,-35.75091575091575,0.0,46.69108669108669,-16.214896214896214,-33.7973137973138,-17.77777777777778,0.0,-22.857142857142858,-53.724053724053725,134.21245421245422,0.5860805860805861,-33.7973137973138
-8.791208791208792,-15.042735042735044,17.77777777777778,23.247863247863247,0.0,4.884004884004884,-45.90964590964591,30.28083028083028,25.982905982905983,0.0,-40.43956043956044,29.10866910866911,0.0,61.14774114774115,-36.14163614163614,-10.354090354090356,-39.65811965811966,0.0,43.56532356532357,-10.354090354090356,-33.01587301587302,-24.42002442002442,0.0,-17.387057387057386,-40.83028083028083,122.4908424908425,2.93040293040293,-33.01587301587302
-9.963369963369964,-12.698412698412698,9.963369963369964,16.214896214896214,0.0,0.5860805860805861,-46.69108669108669,31.843711843711844,15.433455433455434,0.0,-44.346764346764346,29.89010989010989,0.0,58.8034188034188,-34.57875457875458,-7.619047619047619,-46.69108669108669,0.0,40.43956043956044,-2.148962148962149,-29.89010989010989,-38.095238095238095,0.0,-9.572649572649572,0.5860805860805861,83.02808302808303,4.493284493284493,-29.89010989010989
-15.433455433455434,-14.261294261294262,0.1953601953601953,21.294261294261293,0.0,-6.446886446886447,-51.77045177045177,28.71794871794872,19.34065934065934,0.0,-47.081807081807085,27.936507936507937,0.0,49.03540903540904,-31.45299145299145,-9.18192918192918,-39.65811965811966,0.0,36.92307692307692,1.7582417582417582,-29.10866910866911,-40.83028083028083,0.0,0.1953601953601953,0.1953601953601953,88.4981684981685,4.493284493284493,-29.10866910866911
-18.168498168498168,-13.089133089133089,-9.963369963369964,20.512820512820515,0.0,-11.916971916971915,-57.63125763125763,24.81074481074481,22.075702075702075,0.0,-49.81684981684982,29.10866910866911,0.0,40.83028083028083,-29.10866910866911,-12.698412698412698,-34.18803418803419,0.0,34.57875457875458,2.5396825396825395,-28.32722832722833,-43.95604395604396,0.0,10.354090354090356,-24.81074481074481,114.28571428571428,3.3211233211233213,-28.32722832722833
-18.94993894993895,-9.18192918192918,-15.824175824175825,13.47985347985348,0.0,-15.042735042735044,-60.366300366300365,26.37362637362637,16.605616605616607,0.0,-51.37973137973138,30.671550671550676,0.0,38.48595848595848,-25.2014652014652,-10.354090354090356,-41.22100122100122,0.0,37.704517704517706,4.884004884004884,-23.247863247863247,-58.41269841269841,0.0,16.214896214896214,13.870573870573873,77.94871794871794,4.493284493284493,-23.247863247863247
-20.12210012210012,-11.135531135531137,-17.77777777777778,14.652014652014651,0.0,-18.94993894993895,-64.66422466422466,26.764346764346765,20.12210012210012,0.0,-52.16117216117216,33.01587301587302,0.0,34.18803418803419,-21.68498168498169,-8.00976800976801,-36.53235653235653,0.0,41.22100122100122,5.665445665445666,-19.34065934065934,-60.757020757020754,0.0,18.168498168498168,14.261294261294262,80.68376068376068,6.446886446886447,-19.34065934065934
-20.903540903540904,-15.824175824175825,-18.168498168498168,19.34065934065934,0.0,-24.42002442002442,-66.61782661782662,24.02930402930403,30.28083028083028,0.0,-52.16117216117216,34.969474969474966,0.0,29.89010989010989,-24.81074481074481,-7.228327228327228,-23.247863247863247,0.0,42.002442002442,6.446886446886447,-20.903540903540904,-54.5054945054945,0.0,18.55921855921856,-45.90964590964591,143.1990231990232,8.791208791208792,-20.903540903540904
-19.73137973137973,-17.77777777777778,-16.996336996336996,14.261294261294262,0.0,-26.764346764346765,-64.27350427350427,22.857142857142858,25.592185592185597,0.0,-53.724053724053725,37.31379731379732,0.0,29.89010989010989,-24.42002442002442,-0.5860805860805861,-24.02930402930403,0.0,43.95604395604396,11.916971916971915,-16.605616605616607,-59.58485958485959,0.0,17.387057387057386,-25.2014652014652,121.31868131868131,13.47985347985348,-16.605616605616607
-22.075702075702075,-22.857142857142858,-16.996336996336996,13.089133089133089,0.0,-27.936507936507937,-65.44566544566544,18.94993894993895,23.247863247863247,0.0,-56.84981684981685,33.40659340659341,0.0,24.02930402930403,-22.857142857142858,3.711843711843712,-20.512820512820515,0.0,39.65811965811966,18.55921855921856,-11.526251526251526,-62.31990231990232,0.0,17.387057387057386,61.14774114774115,35.75091575091575,15.042735042735044,-11.526251526251526
-26.37362637362637,-27.155067155067155,-19.73137973137973,16.214896214896214,0.0,-27.545787545787547,-69.35286935286935,10.354090354090356,27.545787545787547,0.0,-60.757020757020754,27.936507936507937,0.0,16.605616605616607,-23.247863247863247,3.711843711843712,-10.744810744810744,0.0,34.57875457875458,18.94993894993895,-11.916971916971915,-55.28693528693529,0.0,20.12210012210012,52.16117216117216,42.78388278388278,15.824175824175825,-11.916971916971915
-27.545787545787547,-24.42002442002442,-22.075702075702075,11.526251526251526,0.0,-23.247863247863247,-67.78998778998779,6.837606837606837,19.73137973137973,0.0,-63.10134310134311,24.02930402930403,0.0,13.47985347985348,-18.55921855921856,2.148962148962149,-11.135531135531137,0.0,33.01587301587302,18.94993894993895,-8.791208791208792,-56.84981684981685,0.0,22.466422466422465,12.307692307692308,77.94871794871794,16.605616605616607,-8.791208791208792
-26.764346764346765,-21.294261294261293,-22.466422466422465,6.056166056166056,0.0,-17.387057387057386,-65.83638583638583,8.00976800976801,8.4004884004884,0.0,-62.71062271062271,17.77777777777778,0.0,8.791208791208792,-9.18192918192918,4.884004884004884,-14.261294261294262,0.0,31.062271062271066,20.512820512820515,-3.3211233211233213,-58.02197802197802,0.0,22.857142857142858,47.472527472527474,36.92307692307692,18.168498168498168,-3.3211233211233213
-23.247863247863247,-18.168498168498168,-24.81074481074481,3.711843711843712,0.0,-11.526251526251526,-61.92918192918193,4.493284493284493,4.493284493284493,0.0,-58.8034188034188,13.089133089133089,0.0,8.00976800976801,-2.93040293040293,2.5396825396825395,-11.135531135531137,0.0,33.01587301587302,22.075702075702075,-6.837606837606837,-51.77045177045177,0.0,25.2014652014652,54.114774114774114,23.247863247863247,20.12210012210012,-6.837606837606837
-18.55921855921856,-17.387057387057386,-29.499389499389498,5.274725274725275,0.0,-10.744810744810744,-54.114774114774114,1.7582417582417582,1.3675213675213675,0.0,-53.724053724053725,9.572649572649572,0.0,6.837606837606837,0.1953601953601953,4.884004884004884,-8.4004884004884,0.0,32.62515262515262,22.857142857142858,-5.274725274725275,-45.90964590964591,0.0,29.89010989010989,7.228327228327228,55.67765567765568,25.2014652014652,-5.274725274725275
-13.870573870573873,-16.214896214896214,-32.234432234432234,1.7582417582417582,0.0,-8.00976800976801,-44.346764346764346,-0.5860805860805861,-9.18192918192918,0.0,-50.5982905982906,9.18192918192918,0.0,8.00976800976801,2.93040293040293,6.837606837606837,-8.4004884004884,0.0,29.89010989010989,27.936507936507937,-3.3211233211233213,-44.346764346764346,0.0,32.62515262515262,21.68498168498169,33.40659340659341,28.71794871794872,-3.3211233211233213
-10.744810744810744,-17.77777777777778,-33.7973137973138,2.5396825396825395,0.0,-4.884004884004884,-39.65811965811966,-6.056166056166056,-8.4004884004884,0.0,-48.64468864468864,4.493284493284493,0.0,8.4004884004884,1.3675213675213675,8.00976800976801,-0.5860805860805861,0.0,28.32722832722833,30.671550671550676,0.1953601953601953,-40.43956043956044,0.0,34.18803418803419,36.92307692307692,11.135531135531137,29.10866910866911,0.1953601953601953
-11.916971916971915,-17.387057387057386,-35.75091575091575,6.056166056166056,0.0,-2.93040293040293,-38.48595848595848,-12.307692307692308,-4.884004884004884,0.0,-51.37973137973138,-0.1953601953601953,0.0,5.274725274725275,-0.1953601953601953,3.3211233211233213,14.261294261294262,0.0,23.63858363858364,27.936507936507937,5.665445665445666,-34.18803418803419,0.0,36.14163614163614,9.18192918192918,32.62515262515262,27.155067155067155,5.665445665445666
-9.963369963369964,-15.042735042735044,-31.062271062271066,-1.7582417582417582,0.0,2.148962148962149,-35.75091575091575,-16.605616605616607,-8.4004884004884,0.0,-52.16117216117216,-4.493284493284493,0.0,4.884004884004884,-0.5860805860805861,1.3675213675213675,18.55921855921856,0.0,20.512820512820515,25.982905982905983,9.963369963369964,-31.843711843711844,0.0,31.45299145299145,14.261294261294262,19.34065934065934,25.982905982905983,9.963369963369964
-6.056166056166056,-9.963369963369964,-26.764346764346765,-13.870573870573873,0.0,8.791208791208792,-35.75091575091575,-20.512820512820515,-11.135531135531137,0.0,-51.77045177045177,-11.526251526251526,0.0,4.493284493284493,-0.5860805860805861,1.3675213675213675,22.075702075702075,0.0,16.996336996336996,24.42002442002442,13.089133089133089,-26.37362637362637,0.0,27.155067155067155,16.996336996336996,3.711843711843712,24.02930402930403,13.089133089133089
-4.102564102564102,-8.4004884004884,-26.37362637362637,-16.214896214896214,0.0,14.261294261294262,-38.095238095238095,-29.89010989010989,-3.3211233211233213,0.0,-54.89621489621489,-17.387057387057386,0.0,0.1953601953601953,-3.3211233211233213,-0.1953601953601953,34.57875457875458,0.0,8.791208791208792,19.34065934065934,10.354090354090356,-9.572649572649572,0.0,26.764346764346765,-20.12210012210012,25.982905982905983,21.294261294261293,10.354090354090356
-1.7582417582417582,-4.493284493284493,-22.466422466422465,-22.857142857142858,0.0,15.433455433455434,-33.01587301587302,-34.969474969474966,-1.7582417582417582,0.0,-53.333333333333336,-21.68498168498169,0.0,0.5860805860805861,-6.837606837606837,0.1953601953601953,40.04884004884005,0.0,3.3211233211233213,19.34065934065934,5.274725274725275,4.102564102564102,0.0,22.857142857142858,-11.135531135531137,1.7582417582417582,21.294261294261293,5.274725274725275
0.9768009768009768,4.884004884004884,-15.433455433455434,-36.53235653235653,0.0,20.903540903540904,-24.42002442002442,-33.01587301587302,-9.572649572649572,0.0,-50.989010989010985,-23.247863247863247,0.0,5.274725274725275,-6.446886446886447,4.884004884004884,36.14163614163614,0.0,3.3211233211233213,24.02930402930403,5.274725274725275,6.056166056166056,0.0,15.824175824175825,69.35286935286935,-91.23321123321124,22.857142857142858,5.274725274725275
0.1953601953601953,13.870573870573873,-10.744810744810744,-39.26739926739927,0.0,22.857142857142858,-18.94993894993895,-33.40659340659341,-7.228327228327228,0.0,-49.81684981684982,-23.63858363858364,0.0,6.837606837606837,-8.00976800976801,6.446886446886447,43.56532356532357,0.0,2.148962148962149,25.2014652014652,6.056166056166056,14.261294261294262,0.0,11.135531135531137,68.18070818070818,-97.09401709401708,22.075702075702075,6.056166056166056
-1.7582417582417582,24.42002442002442,-8.00976800976801,-41.22100122100122,0.0,18.94993894993895,-9.963369963369964,-33.01587301587302,-3.3211233211233213,0.0,-46.3003663003663,-24.02930402930403,0.0,7.619047619047619,-8.791208791208792,4.493284493284493,51.77045177045177,0.0,0.9768009768009768,23.247863247863247,7.619047619047619,21.294261294261293,0.0,8.4004884004884,-9.572649572649572,-27.155067155067155,18.168498168498168,7.619047619047619
-0.9768009768009768,35.36019536019536,-4.884004884004884,-47.86324786324786,0.0,11.916971916971915,-0.9768009768009768,-27.545787545787547,-3.3211233211233213,0.0,-42.002442002442,-19.73137973137973,0.0,5.274725274725275,-5.274725274725275,11.135531135531137,48.25396825396825,0.0,3.711843711843712,21.68498168498169,11.916971916971915,21.294261294261293,0.0,5.274725274725275,-18.94993894993895,-27.936507936507937,16.605616605616607,11.916971916971915
0.5860805860805861,40.83028083028083,-5.665445665445666,-45.90964590964591,0.0,8.00976800976801,2.93040293040293,-25.982905982905983,2.148962148962149,0.0,-37.31379731379732,-14.652014652014651,0.0,-3.711843711843712,-3.711843711843712,14.652014652014651,54.114774114774114,0.0,1.7582417582417582,16.996336996336996,11.135531135531137,29.499389499389498,0.0,6.056166056166056,-5.665445665445666,-47.081807081807085,12.307692307692308,11.135531135531137
1.7582417582417582,40.43956043956044,-8.791208791208792,-39.65811965811966,0.0,-0.5860805860805861,8.00976800976801,-27.155067155067155,11.526251526251526,0.0,-32.62515262515262,-15.433455433455434,0.0,-16.996336996336996,-3.3211233211233213,16.214896214896214,62.71062271062271,0.0,-3.3211233211233213,9.963369963369964,6.056166056166056,43.95604395604396,0.0,9.18192918192918,-29.499389499389498,-33.40659340659341,7.228327228327228,6.056166056166056
2.148962148962149,43.17460317460318,-9.572649572649572,-34.969474969474966,0.0,-13.089133089133089,19.34065934065934,-24.42002442002442,16.605616605616607,0.0,-24.81074481074481,-19.34065934065934,0.0,-29.89010989010989,0.5860805860805861,22.466422466422465,62.31990231990232,0.0,-7.619047619047619,9.18192918192918,3.3211233211233213,49.03540903540904,0.0,9.963369963369964,-51.77045177045177,-28.32722832722833,11.526251526251526,3.3211233211233213
12.307692307692308,49.81684981684982,-13.089133089133089,-44.346764346764346,0.0,-4.884004884004884,27.545787545787547,-25.2014652014652,5.665445665445666,0.0,-8.791208791208792,-18.168498168498168,0.0,-32.62515262515262,3.3211233211233213,21.68498168498169,59.1941391941392,0.0,-8.4004884004884,11.526251526251526,1.7582417582417582,47.86324786324786,0.0,13.47985347985348,-3.3211233211233213,-89.27960927960928,13.089133089133089,1.7582417582417582
16.214896214896214,55.67765567765568,-19.73137973137973,-45.12820512820513,0.0,-8.00976800976801,35.75091575091575,-30.28083028083028,8.791208791208792,0.0,0.5860805860805861,-23.63858363858364,0.0,-40.04884004884005,8.4004884004884,20.512820512820515,60.757020757020754,0.0,-12.307692307692308,9.963369963369964,3.3211233211233213,48.25396825396825,0.0,20.12210012210012,-13.089133089133089,-95.14041514041514,8.791208791208792,3.3211233211233213
22.466422466422465,64.66422466422466,-24.42002442002442,-51.77045177045177,0.0,-12.307692307692308,45.12820512820513,-33.01587301587302,10.354090354090356,0.0,12.307692307692308,-22.075702075702075,0.0,-42.78388278388278,12.698412698412698,17.77777777777778,59.975579975579976,0.0,-13.089133089133089,10.744810744810744,6.056166056166056,44.346764346764346,0.0,24.81074481074481,-90.06105006105007,-31.45299145299145,6.446886446886447,6.056166056166056
32.234432234432234,73.26007326007326,-24.02930402930403,-61.92918192918193,0.0,-9.963369963369964,50.20757020757021,-31.45299145299145,10.354090354090356,0.0,25.2014652014652,-17.77777777777778,0.0,-42.39316239316239,20.12210012210012,19.34065934065934,54.114774114774114,0.0,-10.744810744810744,15.433455433455434,9.18192918192918,37.704517704517706,0.0,24.42002442002442,-122.1001221001221,-10.744810744810744,6.056166056166056,9.18192918192918
36.14163614163614,74.82295482295483,-20.903540903540904,-60.757020757020754,0.0,-14.261294261294262,50.989010989010985,-30.671550671550676,22.857142857142858,0.0,30.671550671550676,-17.77777777777778,0.0,-51.37973137973138,25.982905982905983,21.68498168498169,56.45909645909646,0.0,-13.870573870573873,15.042735042735044,11.526251526251526,38.87667887667888,0.0,21.294261294261293,-138.5103785103785,2.5396825396825395,0.1953601953601953,11.526251526251526
36.53235653235653,75.995115995116,-17.387057387057386,-54.5054945054945,0.0,-17.77777777777778,50.20757020757021,-26.764346764346765,33.7973137973138,0.0,34.969474969474966,-18.168498168498168,0.0,-58.02197802197802,28.32722832722833,22.075702075702075,60.366300366300365,0.0,-20.903540903540904,16.214896214896214,10.354090354090356,46.69108669108669,0.0,17.77777777777778,-143.1990231990232,-1.3675213675213675,0.9768009768009768,10.354090354090356
39.65811965811966,77.94871794871794,-9.18192918192918,-63.10134310134311,0.0,-12.307692307692308,51.37973137973138,-18.94993894993895,24.42002442002442,0.0,42.78388278388278,-17.77777777777778,0.0,-56.84981684981685,31.45299145299145,25.2014652014652,49.42612942612943,0.0,-24.42002442002442,20.512820512820515,10.744810744810744,43.17460317460318,0.0,9.572649572649572,-100.6105006105006,-46.69108669108669,0.9768009768009768,10.744810744810744
41.61172161172161,78.33943833943835,-8.791208791208792,-67.00854700854701,0.0,-6.056166056166056,52.55189255189255,-16.996336996336996,13.870573870573873,0.0,46.3003663003663,-21.294261294261293,0.0,-54.89621489621489,29.499389499389498,23.63858363858364,42.78388278388278,0.0,-27.936507936507937,22.075702075702075,6.837606837606837,39.26739926739927,0.0,9.18192918192918,-58.02197802197802,-90.45177045177046,1.3675213675213675,6.837606837606837
39.65811965811966,75.6043956043956,-14.652014652014651,-62.31990231990232,0.0,-7.619047619047619,51.77045177045177,-19.34065934065934,12.307692307692308,0.0,47.472527472527474,-26.37362637362637,0.0,-54.89621489621489,23.247863247863247,17.387057387057386,47.081807081807085,0.0,-33.40659340659341,20.903540903540904,0.5860805860805861,45.51892551892552,0.0,15.042735042735044,-110.37851037851038,-40.43956043956044,-0.1953601953601953,0.5860805860805861
41.22100122100122,77.55799755799755,-19.34065934065934,-65.44566544566544,0.0,-5.274725274725275,54.5054945054945,-22.857142857142858,6.837606837606837,0.0,49.81684981684982,-31.843711843711844,0.0,-45.12820512820513,16.605616605616607,9.963369963369964,48.25396825396825,0.0,-28.71794871794872,23.247863247863247,-8.791208791208792,45.12820512820513,0.0,19.73137973137973,-136.94749694749694,-12.698412698412698,0.5860805860805861,-8.791208791208792
44.346764346764346,79.51159951159951,-27.155067155067155,-70.13431013431014,0.0,-3.3211233211233213,50.5982905982906,-24.81074481074481,3.3211233211233213,0.0,47.472527472527474,-40.83028083028083,0.0,-37.704517704517706,6.837606837606837,6.446886446886447,43.17460317460318,0.0,-21.68498168498169,20.903540903540904,-15.824175824175825,36.14163614163614,0.0,27.545787545787547,-97.48473748473748,-51.77045177045177,-0.9768009768009768,-15.824175824175825
45.51892551892552,74.82295482295483,-35.36019536019536,-65.83638583638583,0.0,-1.3675213675213675,40.43956043956044,-31.843711843711844,10.744810744810744,0.0,39.65811965811966,-48.64468864468864,0.0,-33.7973137973138,-4.102564102564102,-1.7582417582417582,47.472527472527474,0.0,-19.34065934065934,14.652014652014651,-23.247863247863247,35.36019536019536,0.0,35.75091575091575,-129.9145299145299,-16.214896214896214,-6.446886446886447,-23.247863247863247
46.69108669108669,68.96214896214896,-35.36019536019536,-66.61782661782662,0.0,2.148962148962149,32.62515262515262,-35.36019536019536,12.698412698412698,0.0,33.7973137973138,-55.67765567765568,0.0,-32.234432234432234,-12.307692307692308,-6.446886446886447,47.081807081807085,0.0,-17.77777777777778,6.446886446886447,-25.592185592185597,32.62515262515262,0.0,35.75091575091575,-193.992673992674,49.81684981684982,-9.572649572649572,-25.592185592185597
51.77045177045177,62.31990231990232,-36.14163614163614,-70.91575091575092,0.0,9.963369963369964,29.10866910866911,-37.704517704517706,2.93040293040293,0.0,30.671550671550676,-59.1941391941392,0.0,-30.28083028083028,-15.042735042735044,-7.228327228327228,34.969474969474966,0.0,-15.433455433455434,-1.3675213675213675,-21.68498168498169,20.903540903540904,0.0,36.53235653235653,-148.66910866910868,7.228327228327228,-15.042735042735044,-21.68498168498169
52.94261294261294,50.989010989010985,-36.14163614163614,-67.00854700854701,0.0,15.824175824175825,25.592185592185597,-42.002442002442,0.1953601953601953,0.0,28.71794871794872,-61.92918192918193,0.0,-31.843711843711844,-16.214896214896214,-7.619047619047619,29.89010989010989,0.0,-19.34065934065934,-8.791208791208792,-16.214896214896214,18.168498168498168,0.0,36.53235653235653,-88.4981684981685,-50.989010989010985,-19.34065934065934,-16.214896214896214
50.5982905982906,40.04884004884005,-33.7973137973138,-58.02197802197802,0.0,17.387057387057386,24.02930402930403,-46.69108669108669,2.148962148962149,0.0,27.936507936507937,-67.3992673992674,0.0,-38.48595848595848,-15.042735042735044,-4.102564102564102,32.234432234432234,0.0,-27.545787545787547,-12.307692307692308,-8.00976800976801,22.857142857142858,0.0,34.18803418803419,-94.35897435897436,-38.48595848595848,-25.982905982905983,-8.00976800976801
52.94261294261294,39.26739926739927,-38.87667887667888,-62.71062271062271,0.0,20.12210012210012,25.592185592185597,-51.77045177045177,-3.711843711843712,0.0,25.982905982905983,-68.18070818070818,0.0,-30.671550671550676,-16.996336996336996,-6.056166056166056,27.155067155067155,0.0,-23.63858363858364,-13.089133089133089,-6.837606837606837,17.387057387057386,0.0,39.26739926739927,-92.014652014652,-41.22100122100122,-29.10866910866911,-6.837606837606837
51.77045177045177,36.14163614163614,-40.43956043956044,-67.78998778998779,0.0,21.294261294261293,18.94993894993895,-52.16117216117216,-8.00976800976801,0.0,20.903540903540904,-70.91575091575092,0.0,-27.936507936507937,-18.168498168498168,-6.056166056166056,24.02930402930403,0.0,-25.2014652014652,-8.791208791208792,-4.884004884004884,10.744810744810744,0.0,40.83028083028083,-79.12087912087912,-51.77045177045177,-29.89010989010989,-4.884004884004884
50.20757020757021,32.234432234432234,-41.61172161172161,-71.6971916971917,0.0,22.075702075702075,10.354090354090356,-54.5054945054945,-9.18192918192918,0.0,14.652014652014651,-70.13431013431014,0.0,-24.81074481074481,-22.075702075702075,-9.18192918192918,29.499389499389498,0.0,-25.2014652014652,-5.274725274725275,-2.93040293040293,7.228327228327228,0.0,42.002442002442,-84.98168498168498,-38.87667887667888,-33.01587301587302,-2.93040293040293
49.42612942612943,27.936507936507937,-38.87667887667888,-79.51159951159951,0.0,19.73137973137973,4.884004884004884,-50.5982905982906,-16.214896214896214,0.0,10.354090354090356,-65.83638583638583,0.0,-22.466422466422465,-22.857142857142858,-8.791208791208792,29.89010989010989,0.0,-21.294261294261293,-2.148962148962149,1.7582417582417582,-2.5396825396825395,0.0,39.26739926739927,-85.37240537240537,-32.234432234432234,-30.28083028083028,1.7582417582417582
51.37973137973138,25.982905982905983,-32.62515262515262,-84.98168498168498,0.0,24.42002442002442,3.711843711843712,-42.78388278388278,-26.37362637362637,0.0,10.744810744810744,-59.1941391941392,0.0,-17.387057387057386,-18.55921855921856,-4.493284493284493,25.982905982905983,0.0,-14.652014652014651,-0.5860805860805861,11.526251526251526,-11.526251526251526,0.0,33.01587301587302,-70.13431013431014,-43.95604395604396,-24.81074481074481,11.526251526251526
49.81684981684982,22.075702075702075,-28.71794871794872,-75.995115995116,0.0,27.155067155067155,1.3675213675213675,-41.22100122100122,-21.294261294261293,0.0,10.354090354090356,-55.67765567765568,0.0,-18.168498168498168,-18.55921855921856,0.1953601953601953,31.062271062271066,0.0,-11.526251526251526,-3.3211233211233213,19.34065934065934,-9.963369963369964,0.0,29.10866910866911,-78.33943833943835,-29.10866910866911,-27.155067155067155,19.34065934065934
49.03540903540904,17.77777777777778,-30.28083028083028,-67.00854700854701,0.0,26.37362637362637,1.7582417582417582,-42.39316239316239,-16.605616605616607,0.0,8.00976800976801,-55.28693528693529,0.0,-21.294261294261293,-21.68498168498169,2.5396825396825395,35.36019536019536,0.0,-9.18192918192918,-8.791208791208792,23.247863247863247,-9.18192918192918,0.0,30.671550671550676,-71.6971916971917,-31.062271062271066,-27.936507936507937,23.247863247863247
50.20757020757021,19.34065934065934,-32.234432234432234,-69.35286935286935,0.0,29.10866910866911,2.93040293040293,-40.43956043956044,-25.2014652014652,0.0,7.228327228327228,-55.67765567765568,0.0,-20.903540903540904,-22.075702075702075,6.056166056166056,25.592185592185597,0.0,-6.446886446886447,-8.00976800976801,24.81074481074481,-20.12210012210012,0.0,32.62515262515262,3.711843711843712,-100.21978021978022,-31.062271062271066,24.81074481074481
47.081807081807085,17.387057387057386,-34.969474969474966,-68.57142857142857,0.0,28.71794871794872,0.5860805860805861,-41.22100122100122,-27.545787545787547,0.0,4.493284493284493,-58.41269841269841,0.0,-24.81074481074481,-22.857142857142858,9.572649572649572,18.55921855921856,0.0,-9.18192918192918,-4.102564102564102,25.982905982905983,-31.062271062271066,0.0,35.36019536019536,51.37973137973138,-143.1990231990232,-32.234432234432234,25.982905982905983
41.22100122100122,14.261294261294262,-35.36019536019536,-61.92918192918193,0.0,27.155067155067155,-3.711843711843712,-43.56532356532357,-22.075702075702075,0.0,2.148962148962149,-61.14774114774115,0.0,-31.062271062271066,-20.903540903540904,6.056166056166056,25.2014652014652,0.0,-14.652014652014651,2.148962148962149,25.2014652014652,-33.01587301587302,0.0,35.75091575091575,45.90964590964591,-131.86813186813183,-28.32722832722833,25.2014652014652
34.969474969474966,19.34065934065934,-29.499389499389498,-61.92918192918193,0.0,28.71794871794872,-3.3211233211233213,-39.65811965811966,-22.466422466422465,0.0,4.493284493284493,-58.02197802197802,0.0,-31.062271062271066,-12.307692307692308,4.493284493284493,25.592185592185597,0.0,-11.135531135531137,10.744810744810744,27.545787545787547,-39.65811965811966,0.0,29.89010989010989,48.25396825396825,-126.007326007326,-22.857142857142858,27.545787545787547
30.28083028083028,23.63858363858364,-13.870573870573873,-62.71062271062271,0.0,29.499389499389498,-1.3675213675213675,-29.89010989010989,-20.512820512820515,0.0,6.446886446886447,-52.94261294261294,0.0,-27.155067155067155,-2.93040293040293,6.837606837606837,25.2014652014652,0.0,-4.493284493284493,17.77777777777778,36.14163614163614,-47.081807081807085,0.0,14.261294261294262,56.84981684981685,-127.96092796092796,-16.996336996336996,36.14163614163614
24.02930402930403,22.466422466422465,-2.148962148962149,-52.55189255189255,0.0,24.42002442002442,-0.9768009768009768,-23.63858363858364,-7.228327228327228,0.0,3.3211233211233213,-46.3003663003663,0.0,-27.155067155067155,-0.9768009768009768,5.665445665445666,37.31379731379732,0.0,-1.3675213675213675,22.075702075702075,40.43956043956044,-45.51892551892552,0.0,2.5396825396825395,5.665445665445666,-62.31990231990232,-13.870573870573873,40.43956043956044
21.294261294261293,18.94993894993895,4.884004884004884,-46.69108669108669,0.0,18.168498168498168,-1.7582417582417582,-17.387057387057386,0.1953601953601953,0.0,-2.5396825396825395,-40.43956043956044,0.0,-26.37362637362637,-3.711843711843712,9.18192918192918,43.95604395604396,0.0,1.3675213675213675,22.857142857142858,48.25396825396825,-49.03540903540904,0.0,-4.493284493284493,-58.8034188034188,14.261294261294262,-11.135531135531137,48.25396825396825
21.294261294261293,17.387057387057386,12.698412698412698,-51.37973137973138,0.0,14.261294261294262,-1.7582417582417582,-9.963369963369964,-1.7582417582417582,0.0,-10.354090354090356,-32.234432234432234,0.0,-22.466422466422465,-5.274725274725275,17.77777777777778,40.43956043956044,0.0,5.274725274725275,26.764346764346765,60.757020757020754,-62.71062271062271,0.0,-12.307692307692308,-31.062271062271066,-3.3211233211233213,-9.963369963369964,60.757020757020754
18.168498168498168,11.916971916971915,16.605616605616607,-44.737484737484735,0.0,11.135531135531137,-10.744810744810744,-5.665445665445666,7.619047619047619,0.0,-20.512820512820515,-27.545787545787547,0.0,-26.764346764346765,-3.711843711843712,24.42002442002442,45.90964590964591,0.0,4.493284493284493,31.843711843711844,69.74358974358974,-66.61782661782662,0.0,-16.214896214896214,60.366300366300365,-84.98168498168498,-6.837606837606837,69.74358974358974
13.089133089133089,13.089133089133089,17.387057387057386,-38.095238095238095,0.0,9.572649572649572,-15.042735042735044,-8.00976800976801,19.73137973137973,0.0,-25.2014652014652,-24.02930402930403,0.0,-31.062271062271066,0.1953601953601953,22.857142857142858,58.02197802197802,0.0,4.884004884004884,33.40659340659341,70.91575091575092,-59.1941391941392,0.0,-16.996336996336996,15.042735042735044,-37.31379731379732,-5.274725274725275,70.91575091575092
13.870573870573873,16.214896214896214,24.42002442002442,-43.56532356532357,0.0,10.354090354090356,-13.870573870573873,-3.711843711843712,18.94993894993895,0.0,-22.466422466422465,-18.168498168498168,0.0,-31.843711843711844,10.354090354090356,23.247863247863247,58.02197802197802,0.0,9.572649572649572,33.7973137973138,75.6043956043956,-58.8034188034188,0.0,-24.02930402930403,-1.3675213675213675,-19.34065934065934,-7.228327228327228,75.6043956043956
15.042735042735044,13.089133089133089,30.671550671550676,-36.14163614163614,0.0,8.791208791208792,-14.261294261294262,2.93040293040293,25.982905982905983,0.0,-18.168498168498168,-15.433455433455434,0.0,-34.18803418803419,18.55921855921856,24.81074481074481,63.10134310134311,0.0,14.261294261294262,32.234432234432234,81.07448107448107,-54.89621489621489,0.0,-30.28083028083028,9.18192918192918,-23.247863247863247,-11.526251526251526,81.07448107448107
18.168498168498168,10.744810744810744,34.57875457875458,-28.32722832722833,0.0,8.00976800976801,-11.916971916971915,5.665445665445666,33.7973137973138,0.0,-12.307692307692308,-13.870573870573873,0.0,-30.671550671550676,16.605616605616607,24.42002442002442,74.04151404151405,0.0,16.605616605616607,29.499389499389498,84.98168498168498,-46.3003663003663,0.0,-34.18803418803419,-26.37362637362637,13.089133089133089,-13.47985347985348,84.98168498168498
23.63858363858364,7.228327228327228,34.57875457875458,-25.592185592185597,0.0,8.791208791208792,-7.228327228327228,9.963369963369964,28.32722832722833,0.0,-5.665445665445666,-13.089133089133089,0.0,-23.63858363858364,13.47985347985348,25.2014652014652,77.55799755799755,0.0,19.34065934065934,27.936507936507937,92.4053724053724,-47.472527472527474,0.0,-34.18803418803419,-23.63858363858364,15.042735042735044,-16.214896214896214,92.4053724053724
26.764346764346765,3.3211233211233213,33.40659340659341,-24.81074481074481,0.0,8.00976800976801,-5.274725274725275,9.963369963369964,26.764346764346765,0.0,-2.93040293040293,-15.824175824175825,0.0,-22.075702075702075,9.572649572649572,28.32722832722833,80.68376068376068,0.0,23.247863247863247,25.982905982905983,99.82905982905984,-52.16117216117216,0.0,-33.01587301587302,2.148962148962149,-3.3211233211233213,-18.55921855921856,99.82905982905984
24.42002442002442,0.5860805860805861,31.45299145299145,-16.214896214896214,0.0,5.665445665445666,-8.00976800976801,2.93040293040293,39.26739926739927,0.0,-3.3211233211233213,-20.12210012210012,0.0,-27.155067155067155,4.493284493284493,26.764346764346765,97.09401709401708,0.0,22.857142857142858,22.075702075702075,101.3919413919414,-43.95604395604396,0.0,-31.062271062271066,-23.63858363858364,27.545787545787547,-18.55921855921856,101.3919413919414
21.294261294261293,-0.5860805860805861,28.71794871794872,-11.526251526251526,0.0,3.3211233211233213,-11.135531135531137,-0.5860805860805861,45.90964590964591,0.0,-2.5396825396825395,-23.63858363858364,0.0,-35.75091575091575,3.711843711843712,22.857142857142858,107.64346764346764,0.0,22.857142857142858,15.433455433455434,97.87545787545788,-37.31379731379732,0.0,-28.32722832722833,-27.545787545787547,38.87667887667888,-20.903540903540904,97.87545787545788
21.294261294261293,-0.9768009768009768,29.10866910866911,-12.307692307692308,0.0,1.3675213675213675,-14.261294261294262,0.5860805860805861,48.25396825396825,0.0,-0.1953601953601953,-22.857142857142858,0.0,-41.61172161172161,8.4004884004884,25.2014652014652,104.51770451770452,0.0,26.37362637362637,8.00976800976801,100.6105006105006,-37.704517704517706,0.0,-28.71794871794872,35.36019536019536,-17.77777777777778,-26.764346764346765,100.6105006105006
20.512820512820515,-0.1953601953601953,33.01587301587302,-7.619047619047619,0.0,2.5396825396825395,-18.55921855921856,3.711843711843712,56.45909645909646,0.0,2.5396825396825395,-22.466422466422465,0.0,-42.78388278388278,10.744810744810744,28.71794871794872,106.47130647130648,0.0,29.499389499389498,1.7582417582417582,102.17338217338218,-29.499389499389498,0.0,-32.62515262515262,37.31379731379732,-18.94993894993895,-28.71794871794872,102.17338217338218
18.168498168498168,-0.9768009768009768,30.28083028083028,3.711843711843712,0.0,2.5396825396825395,-19.73137973137973,3.711843711843712,64.66422466422466,0.0,5.665445665445666,-21.68498168498169,0.0,-41.61172161172161,8.4004884004884,26.764346764346765,111.15995115995116,0.0,27.155067155067155,-2.148962148962149,100.6105006105006,-18.94993894993895,0.0,-29.89010989010989,-13.870573870573873,33.7973137973138,-33.7973137973138,100.6105006105006
16.605616605616607,1.7582417582417582,29.89010989010989,6.446886446886447,0.0,5.665445665445666,-17.77777777777778,5.274725274725275,62.71062271062271,0.0,8.791208791208792,-22.857142857142858,0.0,-36.14163614163614,7.619047619047619,29.499389499389498,106.08058608058607,0.0,28.71794871794872,-5.274725274725275,106.08058608058607,-21.294261294261293,0.0,-29.499389499389498,-16.605616605616607,39.65811965811966,-38.48595848595848,106.08058608058607
14.652014652014651,4.493284493284493,28.71794871794872,10.354090354090356,0.0,4.884004884004884,-14.652014652014651,4.884004884004884,63.49206349206349,0.0,8.791208791208792,-23.63858363858364,0.0,-34.57875457875458,4.493284493284493,31.843711843711844,108.42490842490842,0.0,27.936507936507937,-5.274725274725275,112.33211233211232,-22.466422466422465,0.0,-28.32722832722833,9.18192918192918,15.824175824175825,-38.87667887667888,112.33211233211232
9.963369963369964,1.7582417582417582,23.247863247863247,23.247863247863247,0.0,-2.93040293040293,-13.089133089133089,2.93040293040293,73.65079365079364,0.0,4.884004884004884,-24.81074481074481,0.0,-38.87667887667888,-0.1953601953601953,27.545787545787547,122.1001221001221,0.0,23.63858363858364,-8.00976800976801,115.06715506715508,-18.94993894993895,0.0,-22.857142857142858,-15.433455433455434,46.69108669108669,-38.87667887667888,115.06715506715508
3.3211233211233213,2.148962148962149,16.996336996336996,30.28083028083028,0.0,-13.089133089133089,-11.526251526251526,5.665445665445666,74.04151404151405,0.0,0.1953601953601953,-24.02930402930403,0.0,-42.39316239316239,-0.9768009768009768,25.592185592185597,124.83516483516485,0.0,24.42002442002442,-12.698412698412698,115.84859584859583,-19.34065934065934,0.0,-16.605616605616607,-33.40659340659341,71.30647130647131,-38.095238095238095,115.84859584859583
0.1953601953601953,2.5396825396825395,16.996336996336996,34.18803418803419,0.0,-17.387057387057386,-10.354090354090356,12.307692307692308,69.74358974358974,0.0,-2.148962148962149,-20.903540903540904,0.0,-38.095238095238095,1.3675213675213675,28.71794871794872,118.5836385836386,0.0,27.936507936507937,-9.18192918192918,118.97435897435898,-25.982905982905983,0.0,-16.605616605616607,29.10866910866911,16.214896214896214,-31.45299145299145,118.97435897435898
-4.102564102564102,0.9768009768009768,14.652014652014651,43.56532356532357,0.0,-17.77777777777778,-11.916971916971915,15.433455433455434,70.91575091575092,0.0,-3.711843711843712,-17.77777777777778,0.0,-32.62515262515262,1.3675213675213675,25.982905982905983,119.36507936507935,0.0,28.71794871794872,-5.274725274725275,112.33211233211232,-19.73137973137973,0.0,-14.261294261294262,58.41269841269841,-6.446886446886447,-25.592185592185597,112.33211233211232
-9.963369963369964,0.5860805860805861,12.307692307692308,49.42612942612943,0.0,-16.214896214896214,-13.47985347985348,15.824175824175825,67.78998778998779,0.0,-4.884004884004884,-14.261294261294262,0.0,-24.42002442002442,-0.9768009768009768,26.764346764346765,111.94139194139194,0.0,27.545787545787547,-4.884004884004884,107.64346764346764,-15.824175824175825,0.0,-11.916971916971915,17.387057387057386,33.01587301587302,-18.55921855921856,107.64346764346764
-7.619047619047619,4.102564102564102,16.214896214896214,46.69108669108669,0.0,-8.4004884004884,-8.4004884004884,18.94993894993895,58.8034188034188,0.0,-1.3675213675213675,-6.837606837606837,0.0,-11.135531135531137,0.1953601953601953,32.62515262515262,102.17338217338218,0.0,27.936507936507937,1.3675213675213675,111.15995115995116,-16.605616605616607,0.0,-15.824175824175825,0.9768009768009768,47.472527472527474,-10.744810744810744,111.15995115995116
-4.884004884004884,4.493284493284493,13.089133089133089,46.69108669108669,0.0,-7.619047619047619,-6.837606837606837,15.824175824175825,58.8034188034188,0.0,-2.148962148962149,0.9768009768009768,0.0,-6.446886446886447,-4.493284493284493,34.969474969474966,104.51770451770452,0.0,28.32722832722833,0.1953601953601953,110.37851037851038,-9.963369963369964,0.0,-12.698412698412698,-29.89010989010989,79.12087912087912,-11.916971916971915,110.37851037851038
-3.711843711843712,4.102564102564102,8.791208791208792,50.20757020757021,0.0,-12.307692307692308,-5.274725274725275,13.47985347985348,64.66422466422466,0.0,-2.148962148962149,5.665445665445666,0.0,-10.354090354090356,-7.228327228327228,35.75091575091575,113.89499389499387,0.0,30.28083028083028,-6.056166056166056,107.64346764346764,-0.1953601953601953,0.0,-8.4004884004884,-60.366300366300365,110.76923076923076,-15.433455433455434,107.64346764346764
1.3675213675213675,5.274725274725275,9.18192918192918,47.081807081807085,0.0,-14.652014652014651,0.5860805860805861,16.214896214896214,61.92918192918193,0.0,0.1953601953601953,10.744810744810744,0.0,-8.791208791208792,-3.711843711843712,37.704517704517706,112.72283272283272,0.0,34.969474969474966,-2.93040293040293,102.56410256410255,1.7582417582417582,0.0,-8.791208791208792,-42.39316239316239,98.65689865689866,-16.214896214896214,102.56410256410255
5.665445665445666,7.619047619047619,8.00976800976801,43.17460317460318,0.0,-15.824175824175825,2.93040293040293,19.34065934065934,60.366300366300365,0.0,2.93040293040293,13.47985347985348,0.0,-6.837606837606837,-2.148962148962149,36.14163614163614,111.55067155067157,0.0,39.65811965811966,2.148962148962149,91.62393162393164,3.711843711843712,0.0,-7.619047619047619,-37.31379731379732,92.7960927960928,-10.354090354090356,91.62393162393164
5.665445665445666,4.884004884004884,4.102564102564102,49.42612942612943,0.0,-18.94993894993895,-0.1953601953601953,18.55921855921856,66.61782661782662,0.0,1.7582417582417582,13.089133089133089,0.0,-8.791208791208792,-4.493284493284493,30.671550671550676,117.8021978021978,0.0,38.095238095238095,4.102564102564102,73.65079365079364,17.387057387057386,0.0,-3.711843711843712,-88.88888888888889,142.02686202686203,-6.446886446886447,73.65079365079364
7.619047619047619,4.102564102564102,3.3211233211233213,49.81684981684982,0.0,-16.214896214896214,-0.9768009768009768,19.34065934065934,65.83638583638583,0.0,4.493284493284493,15.433455433455434,0.0,-6.446886446886447,-1.3675213675213675,27.545787545787547,116.23931623931624,0.0,33.7973137973138,8.00976800976801,63.88278388278388,28.32722832722833,0.0,-2.93040293040293,-106.08058608058607,152.96703296703296,-1.3675213675213675,63.88278388278388
9.18192918192918,4.884004884004884,5.274725274725275,38.48595848595848,0.0,-11.916971916971915,-3.711843711843712,21.68498168498169,54.89621489621489,0.0,6.056166056166056,16.605616605616607,0.0,-1.7582417582417582,1.3675213675213675,28.32722832722833,101.001221001221,0.0,32.62515262515262,8.791208791208792,57.24053724053724,29.10866910866911,0.0,-4.884004884004884,-57.24053724053724,104.9084249084249,-2.93040293040293,57.24053724053724
9.963369963369964,0.1953601953601953,3.711843711843712,33.7973137973138,0.0,-10.744810744810744,-11.916971916971915,16.605616605616607,55.67765567765568,0.0,4.884004884004884,13.870573870573873,0.0,-4.493284493284493,0.1953601953601953,27.936507936507937,92.7960927960928,0.0,28.71794871794872,1.3675213675213675,50.989010989010985,34.18803418803419,0.0,-3.3211233211233213,-43.56532356532357,89.27960927960928,-7.228327228327228,50.989010989010985
9.572649572649572,-5.274725274725275,5.665445665445666,31.843711843711844,0.0,-9.963369963369964,-16.214896214896214,11.526251526251526,59.1941391941392,0.0,7.619047619047619,10.744810744810744,0.0,-1.7582417582417582,-0.5860805860805861,24.42002442002442,86.54456654456655,0.0,29.10866910866911,-1.7582417582417582,42.78388278388278,37.704517704517706,0.0,-5.274725274725275,-70.91575091575092,123.66300366300366,-10.744810744810744,42.78388278388278
9.572649572649572,-4.493284493284493,8.791208791208792,25.592185592185597,0.0,-8.4004884004884,-17.77777777777778,9.18192918192918,58.8034188034188,0.0,9.963369963369964,6.837606837606837,0.0,1.7582417582417582,-2.148962148962149,21.68498168498169,75.995115995116,0.0,31.843711843711844,-3.3211233211233213,34.57875457875458,33.7973137973138,0.0,-8.4004884004884,-45.12820512820513,101.78266178266178,-9.963369963369964,34.57875457875458
10.354090354090356,-1.7582417582417582,9.18192918192918,27.155067155067155,0.0,-7.228327228327228,-16.996336996336996,6.056166056166056,65.05494505494505,0.0,12.307692307692308,3.3211233211233213,0.0,5.665445665445666,-6.056166056166056,17.77777777777778,77.55799755799755,0.0,34.57875457875458,-2.5396825396825395,26.764346764346765,36.14163614163614,0.0,-8.791208791208792,-11.135531135531137,67.00854700854701,-6.837606837606837,26.764346764346765
8.00976800976801,0.9768009768009768,6.446886446886447,37.31379731379732,0.0,-8.4004884004884,-14.652014652014651,3.711843711843712,74.82295482295483,0.0,15.824175824175825,0.1953601953601953,0.0,6.056166056166056,-9.18192918192918,12.698412698412698,88.88888888888889,0.0,29.499389499389498,-0.5860805860805861,20.512820512820515,48.25396825396825,0.0,-6.056166056166056,-70.52503052503053,118.97435897435898,-2.93040293040293,20.512820512820515
7.619047619047619,8.4004884004884,5.274725274725275,41.22100122100122,0.0,-7.619047619047619,-8.791208791208792,4.884004884004884,77.16727716727716,0.0,19.34065934065934,0.1953601953601953,0.0,6.837606837606837,-8.791208791208792,10.744810744810744,93.57753357753356,0.0,25.2014652014652,-0.5860805860805861,18.94993894993895,58.02197802197802,0.0,-4.884004884004884,-135.77533577533578,171.7216117216117,-0.1953601953601953,18.94993894993895
8.4004884004884,18.168498168498168,4.102564102564102,36.92307692307692,0.0,-3.711843711843712,-3.711843711843712,7.228327228327228,70.91575091575092,0.0,22.466422466422465,1.7582417582417582,0.0,9.572649572649572,-8.4004884004884,15.824175824175825,86.54456654456655,0.0,22.075702075702075,-0.5860805860805861,20.903540903540904,61.14774114774115,0.0,-3.711843711843712,-106.08058608058607,131.08669108669108,-2.93040293040293,20.903540903540904
7.619047619047619,21.68498168498169,2.148962148962149,39.65811965811966,0.0,-2.148962148962149,-1.3675213675213675,4.884004884004884,73.26007326007326,0.0,24.02930402930403,2.5396825396825395,0.0,11.135531135531137,-10.354090354090356,15.824175824175825,82.63736263736264,0.0,19.73137973137973,-3.3211233211233213,13.089133089133089,68.57142857142857,0.0,-1.7582417582417582,-99.82905982905984,122.4908424908425,-9.963369963369964,13.089133089133089
7.228327228327228,21.68498168498169,3.3211233211233213,36.92307692307692,0.0,0.1953601953601953,0.1953601953601953,1.3675213675213675,70.52503052503053,0.0,25.982905982905983,5.665445665445666,0.0,13.47985347985348,-11.135531135531137,11.135531135531137,75.995115995116,0.0,18.55921855921856,-4.102564102564102,1.7582417582417582,73.26007326007326,0.0,-2.93040293040293,-131.86813186813183,149.84126984126985,-10.354090354090356,1.7582417582417582
10.354090354090356,23.63858363858364,6.837606837606837,28.32722832722833,0.0,6.446886446886447,3.3211233211233213,1.7582417582417582,58.02197802197802,0.0,29.10866910866911,7.228327228327228,0.0,16.996336996336996,-9.963369963369964,9.18192918192918,64.27350427350427,0.0,20.512820512820515,-2.148962148962149,-6.446886446886447,69.35286935286935,0.0,-6.446886446886447,-122.4908424908425,144.76190476190476,-13.870573870573873,-6.446886446886447
10.354090354090356,20.12210012210012,8.00976800976801,31.45299145299145,0.0,7.228327228327228,5.274725274725275,2.148962148962149,56.45909645909646,0.0,31.062271062271066,4.102564102564102,0.0,17.77777777777778,-11.526251526251526,1.3675213675213675,65.44566544566544,0.0,18.168498168498168,0.5860805860805861,-17.77777777777778,71.6971916971917,0.0,-7.619047619047619,-142.02686202686203,163.9072039072039,-10.354090354090356,-17.77777777777778
8.00976800976801,16.996336996336996,7.619047619047619,34.18803418803419,0.0,7.619047619047619,0.9768009768009768,2.5396825396825395,56.84981684981685,0.0,30.28083028083028,1.7582417582417582,0.0,16.996336996336996,-13.870573870573873,-3.711843711843712,68.96214896214896,0.0,11.526251526251526,2.93040293040293,-22.857142857142858,77.16727716727716,0.0,-7.228327228327228,-178.36385836385836,192.42979242979243,-4.884004884004884,-22.857142857142858
8.791208791208792,20.903540903540904,8.00976800976801,25.592185592185597,0.0,11.916971916971915,-0.9768009768009768,4.884004884004884,48.64468864468864,0.0,29.499389499389498,2.148962148962149,0.0,23.247863247863247,-13.47985347985348,-4.493284493284493,63.10134310134311,0.0,8.00976800976801,5.274725274725275,-18.55921855921856,72.86935286935287,0.0,-7.619047619047619,-164.2979242979243,169.76800976800976,-4.493284493284493,-18.55921855921856
8.4004884004884,25.2014652014652,10.354090354090356,18.55921855921856,0.0,13.47985347985348,-1.7582417582417582,6.056166056166056,47.081807081807085,0.0,27.545787545787547,1.3675213675213675,0.0,27.155067155067155,-15.042735042735044,-1.3675213675213675,58.41269841269841,0.0,6.056166056166056,5.274725274725275,-13.47985347985348,70.13431013431014,0.0,-9.963369963369964,-161.56288156288156,160.78144078144078,-7.228327228327228,-13.47985347985348
7.228327228327228,25.982905982905983,5.274725274725275,21.68498168498169,0.0,13.089133089133089,-6.056166056166056,0.5860805860805861,56.06837606837607,0.0,25.2014652014652,-1.3675213675213675,0.0,25.982905982905983,-18.94993894993895,-2.5396825396825395,62.31990231990232,0.0,0.9768009768009768,-1.3675213675213675,-12.307692307692308,79.51159951159951,0.0,-4.884004884004884,-239.3162393162393,222.12454212454213,-8.00976800976801,-12.307692307692308
8.00976800976801,23.63858363858364,13.089133089133089,21.294261294261293,0.0,19.34065934065934,-5.665445665445666,1.3675213675213675,54.5054945054945,0.0,27.545787545787547,-1.7582417582417582,0.0,28.71794871794872,-17.77777777777778,-2.148962148962149,58.41269841269841,0.0,2.93040293040293,-6.446886446886447,-10.744810744810744,81.46520146520146,0.0,-12.698412698412698,-254.16361416361417,245.1770451770452,-16.214896214896214,-10.744810744810744
8.00976800976801,22.075702075702075,20.512820512820515,26.37362637362637,0.0,23.247863247863247,-1.3675213675213675,6.837606837606837,50.5982905982906,0.0,30.28083028083028,-4.102564102564102,0.0,31.062271062271066,-16.605616605616607,1.3675213675213675,50.5982905982906,0.0,6.446886446886447,-10.354090354090356,-10.354090354090356,82.24664224664225,0.0,-20.12210012210012,-192.03907203907204,192.8205128205128,-19.34065934065934,-10.354090354090356
3.711843711843712,17.387057387057386,20.903540903540904,42.78388278388278,0.0,23.247863247863247,-2.5396825396825395,9.572649572649572,57.24053724053724,0.0,28.71794871794872,-4.884004884004884,0.0,31.45299145299145,-19.73137973137973,-1.3675213675213675,51.77045177045177,0.0,6.056166056166056,-15.824175824175825,-15.824175824175825,89.27960927960928,0.0,-20.512820512820515,-222.5152625152625,233.45543345543345,-21.68498168498169,-15.824175824175825
-0.5860805860805861,14.261294261294262,21.294261294261293,52.94261294261294,0.0,24.02930402930403,-3.711843711843712,13.089133089133089,56.06837606837607,0.0,25.982905982905983,-5.665445665445666,0.0,35.36019536019536,-22.075702075702075,-3.3211233211233213,47.472527472527474,0.0,3.711843711843712,-16.214896214896214,-21.294261294261293,91.23321123321124,0.0,-20.903540903540904,-280.7326007326008,294.4078144078144,-16.214896214896214,-21.294261294261293
-2.5396825396825395,15.433455433455434,16.996336996336996,54.5054945054945,0.0,25.982905982905983,-3.3211233211233213,13.870573870573873,49.03540903540904,0.0,22.857142857142858,-6.056166056166056,0.0,41.22100122100122,-25.592185592185597,-2.93040293040293,33.7973137973138,0.0,2.148962148962149,-14.652014652014651,-24.81074481074481,84.59096459096459,0.0,-16.605616605616607,-252.6007326007326,261.5873015873016,-11.916971916971915,-24.81074481074481
-4.102564102564102,13.870573870573873,6.056166056166056,59.58485958485959,0.0,25.982905982905983,-6.837606837606837,9.963369963369964,47.081807081807085,0.0,19.34065934065934,-9.572649572649572,0.0,44.346764346764346,-32.62515262515262,-4.884004884004884,27.155067155067155,0.0,-2.148962148962149,-15.433455433455434,-31.062271062271066,83.02808302808303,0.0,-5.665445665445666,-229.93894993894995,227.985347985348,-7.619047619047619,-31.062271062271066
-9.963369963369964,4.493284493284493,2.93040293040293,67.3992673992674,0.0,21.68498168498169,-9.963369963369964,4.493284493284493,49.81684981684982,0.0,14.652014652014651,-17.387057387057386,0.0,41.61172161172161,-39.65811965811966,-7.228327228327228,27.545787545787547,0.0,-10.354090354090356,-16.996336996336996,-37.704517704517706,88.1074481074481,0.0,-2.5396825396825395,-261.978021978022,253.77289377289375,-2.5396825396825395,-37.704517704517706
-10.744810744810744,-0.1953601953601953,4.884004884004884,68.57142857142857,0.0,22.466422466422465,-10.744810744810744,4.102564102564102,46.3003663003663,0.0,12.698412698412698,-20.512820512820515,0.0,43.17460317460318,-43.56532356532357,-7.228327228327228,22.466422466422465,0.0,-13.47985347985348,-16.996336996336996,-40.43956043956044,87.32600732600733,0.0,-4.493284493284493,-258.07081807081806,249.86568986568983,-0.1953601953601953,-40.43956043956044
-12.698412698412698,-5.665445665445666,4.884004884004884,71.6971916971917,0.0,17.387057387057386,-9.572649572649572,4.102564102564102,46.3003663003663,0.0,12.698412698412698,-24.42002442002442,0.0,42.002442002442,-44.737484737484735,-7.228327228327228,22.075702075702075,0.0,-17.387057387057386,-17.77777777777778,-42.39316239316239,90.84249084249085,0.0,-4.493284493284493,-249.08424908424908,242.44200244200243,-1.3675213675213675,-42.39316239316239
-18.55921855921856,-9.963369963369964,8.00976800976801,77.55799755799755,0.0,11.135531135531137,-7.619047619047619,5.665445665445666,47.86324786324786,0.0,12.307692307692308,-27.936507936507937,0.0,35.36019536019536,-44.346764346764346,-5.665445665445666,23.247863247863247,0.0,-23.247863247863247,-19.34065934065934,-40.43956043956044,93.57753357753356,0.0,-7.619047619047619,-267.83882783882785,264.32234432234435,-2.148962148962149,-40.43956043956044
-17.387057387057386,-4.884004884004884,5.665445665445666,74.04151404151405,0.0,15.433455433455434,-3.711843711843712,4.493284493284493,40.83028083028083,0.0,15.824175824175825,-25.592185592185597,0.0,39.26739926739927,-42.78388278388278,-4.884004884004884,17.387057387057386,0.0,-23.63858363858364,-19.34065934065934,-38.87667887667888,92.4053724053724,0.0,-5.274725274725275,-304.9572649572649,292.8449328449328,0.1953601953601953,-38.87667887667888
-16.996336996336996,-3.711843711843712,3.3211233211233213,70.91575091575092,0.0,17.387057387057386,-0.5860805860805861,3.3211233211233213,33.40659340659341,0.0,19.73137973137973,-26.37362637362637,0.0,44.737484737484735,-43.95604395604396,-2.148962148962149,6.056166056166056,0.0,-20.12210012210012,-20.512820512820515,-38.48595848595848,85.37240537240537,0.0,-2.93040293040293,-319.8046398046398,316.2881562881563,-4.493284493284493,-38.48595848595848
-20.512820512820515,-5.274725274725275,0.9768009768009768,78.33943833943835,0.0,18.55921855921856,-0.5860805860805861,-0.9768009768009768,36.14163614163614,0.0,20.12210012210012,-29.499389499389498,0.0,46.3003663003663,-47.86324786324786,-4.102564102564102,6.837606837606837,0.0,-18.94993894993895,-24.81074481074481,-39.65811965811966,86.15384615384616,0.0,-0.5860805860805861,-344.029304029304,351.84371184371184,-9.963369963369964,-39.65811965811966
-21.68498168498169,-6.837606837606837,-3.3211233211233213,87.32600732600733,0.0,22.857142857142858,-3.3211233211233213,-4.102564102564102,39.26739926739927,0.0,18.94993894993895,-29.10866910866911,0.0,49.42612942612943,-50.20757020757021,-9.18192918192918,8.00976800976801,0.0,-15.824175824175825,-30.28083028083028,-42.39316239316239,87.71672771672772,0.0,3.711843711843712,-345.982905982906,360.04884004884,-11.135531135531137,-42.39316239316239
-15.824175824175825,-6.446886446886447,-4.493284493284493,84.59096459096459,0.0,27.936507936507937,-0.1953601953601953,-0.5860805860805861,28.32722832722833,0.0,19.73137973137973,-27.155067155067155,0.0,53.333333333333336,-45.90964590964591,-9.18192918192918,-4.102564102564102,0.0,-13.870573870573873,-31.45299145299145,-38.095238095238095,77.94871794871794,0.0,4.884004884004884,-281.12332112332115,292.8449328449328,-10.354090354090356,-38.095238095238095
-13.870573870573873,-3.711843711843712,-6.056166056166056,86.15384615384616,0.0,30.671550671550676,5.274725274725275,2.93040293040293,20.512820512820515,0.0,22.075702075702075,-25.2014652014652,0.0,52.16117216117216,-36.53235653235653,-6.056166056166056,-11.916971916971915,0.0,-13.47985347985348,-31.843711843711844,-28.71794871794872,71.30647130647131,0.0,6.446886446886447,-233.06471306471303,237.75335775335776,-7.619047619047619,-28.71794871794872
-10.354090354090356,-4.884004884004884,-11.526251526251526,91.23321123321124,0.0,31.45299145299145,11.135531135531137,2.5396825396825395,15.824175824175825,0.0,28.32722832722833,-21.68498168498169,0.0,48.64468864468864,-31.843711843711844,-6.056166056166056,-12.698412698412698,0.0,-13.47985347985348,-35.75091575091575,-22.857142857142858,70.13431013431014,0.0,11.916971916971915,-240.0976800976801,233.84615384615384,-5.665445665445666,-22.857142857142858
-6.446886446886447,-1.3675213675213675,-13.870573870573873,83.80952380952381,0.0,32.62515262515262,20.512820512820515,2.93040293040293,2.148962148962149,0.0,32.62515262515262,-18.94993894993895,0.0,47.472527472527474,-27.155067155067155,-3.3211233211233213,-22.075702075702075,0.0,-13.089133089133089,-34.969474969474966,-16.214896214896214,59.1941391941392,0.0,14.261294261294262,-201.02564102564105,183.05250305250303,-3.3211233211233213,-16.214896214896214
-8.00976800976801,-0.9768009768009768,-5.665445665445666,75.995115995116,0.0,34.969474969474966,25.592185592185597,3.711843711843712,-6.056166056166056,0.0,35.36019536019536,-18.55921855921856,0.0,46.3003663003663,-26.764346764346765,1.7582417582417582,-27.155067155067155,0.0,-11.916971916971915,-29.499389499389498,-8.4004884004884,45.51892551892552,0.0,6.056166056166056,-97.09401709401708,85.37240537240537,-2.5396825396825395,-8.4004884004884
-11.135531135531137,-1.7582417582417582,-4.493284493284493,75.6043956043956,0.0,34.969474969474966,24.42002442002442,0.9768009768009768,-4.493284493284493,0.0,33.01587301587302,-18.168498168498168,0.0,40.83028083028083,-31.062271062271066,2.148962148962149,-20.512820512820515,0.0,-15.433455433455434,-29.10866910866911,-4.493284493284493,40.83028083028083,0.0,4.884004884004884,-66.61782661782662,51.77045177045177,-0.5860805860805861,-4.493284493284493
-14.261294261294262,4.493284493284493,-0.9768009768009768,66.22710622710623,0.0,33.7973137973138,26.764346764346765,2.93040293040293,-9.18192918192918,0.0,30.671550671550676,-17.77777777777778,0.0,32.234432234432234,-27.545787545787547,4.493284493284493,-21.294261294261293,0.0,-18.94993894993895,-25.2014652014652,2.5396825396825395,30.28083028083028,0.0,1.3675213675213675,-83.80952380952381,59.975579975579976,5.274725274725275,2.5396825396825395
-11.916971916971915,12.307692307692308,3.711843711843712,53.724053724053725,0.0,37.704517704517706,28.32722832722833,7.619047619047619,-15.824175824175825,0.0,30.28083028083028,-14.261294261294262,0.0,25.982905982905983,-16.605616605616607,11.526251526251526,-27.545787545787547,0.0,-19.34065934065934,-15.824175824175825,14.652014652014651,14.652014652014651,0.0,-3.3211233211233213,-62.31990231990232,34.18803418803419,9.572649572649572,14.652014652014651
-10.744810744810744,21.294261294261293,2.148962148962149,52.16117216117216,0.0,36.92307692307692,30.671550671550676,9.963369963369964,-12.307692307692308,0.0,32.234432234432234,-9.572649572649572,0.0,15.042735042735044,-3.711843711843712,17.387057387057386,-24.42002442002442,0.0,-19.73137973137973,-10.744810744810744,25.982905982905983,9.572649572649572,0.0,-1.7582417582417582,-42.002442002442,7.619047619047619,9.18192918192918,25.982905982905983
-8.4004884004884,26.764346764346765,0.9768009768009768,51.37973137973138,0.0,34.57875457875458,33.7973137973138,9.572649572649572,-7.228327228327228,0.0,32.62515262515262,-6.446886446886447,0.0,7.619047619047619,2.5396825396825395,18.168498168498168,-18.168498168498168,0.0,-22.466422466422465,-6.446886446886447,33.01587301587302,8.4004884004884,0.0,-0.5860805860805861,-118.97435897435898,72.86935286935287,12.698412698412698,33.01587301587302
-0.5860805860805861,29.499389499389498,3.3211233211233213,43.17460317460318,0.0,36.14163614163614,36.14163614163614,11.526251526251526,-9.18192918192918,0.0,32.234432234432234,-1.7582417582417582,0.0,8.791208791208792,9.963369963369964,19.34065934065934,-18.94993894993895,0.0,-22.466422466422465,4.884004884004884,38.095238095238095,0.1953601953601953,0.0,-2.93040293040293,-177.97313797313797,124.44444444444444,18.94993894993895,38.095238095238095
4.102564102564102,28.71794871794872,4.102564102564102,42.39316239316239,0.0,40.04884004884005,31.843711843711844,11.135531135531137,-4.102564102564102,0.0,29.89010989010989,0.1953601953601953,0.0,11.135531135531137,8.4004884004884,20.903540903540904,-16.605616605616607,0.0,-19.73137973137973,10.354090354090356,40.04884004884005,-4.884004884004884,0.0,-3.711843711843712,-146.7155067155067,93.96825396825396,20.903540903540904,40.04884004884005
8.00976800976801,24.02930402930403,2.5396825396825395,45.51892551892552,0.0,38.87667887667888,27.545787545787547,9.572649572649572,4.493284493284493,0.0,25.982905982905983,0.1953601953601953,0.0,12.698412698412698,3.711843711843712,20.12210012210012,-9.963369963369964,0.0,-18.55921855921856,13.870573870573873,38.87667887667888,-6.056166056166056,0.0,-2.148962148962149,-148.66910866910868,93.96825396825396,26.764346764346765,38.87667887667888
9.963369963369964,21.68498168498169,3.3211233211233213,40.04884004884005,0.0,40.83028083028083,20.512820512820515,9.572649572649572,4.102564102564102,0.0,23.247863247863247,0.1953601953601953,0.0,12.698412698412698,2.93040293040293,22.075702075702075,-11.526251526251526,0.0,-13.47985347985348,15.042735042735044,38.48595848595848,-13.089133089133089,0.0,-2.93040293040293,-128.74236874236874,78.73015873015873,27.545787545787547,38.48595848595848
12.307692307692308,21.294261294261293,4.102564102564102,33.01587301587302,0.0,43.56532356532357,16.605616605616607,7.228327228327228,4.493284493284493,0.0,20.903540903540904,0.1953601953601953,0.0,7.228327228327228,2.93040293040293,25.982905982905983,-13.47985347985348,0.0,-9.572649572649572,10.744810744810744,40.43956043956044,-17.387057387057386,0.0,-3.711843711843712,-76.77655677655677,33.40659340659341,21.294261294261293,40.43956043956044
8.791208791208792,15.824175824175825,6.056166056166056,33.40659340659341,0.0,42.002442002442,12.698412698412698,1.3675213675213675,9.572649572649572,0.0,16.605616605616607,-2.148962148962149,0.0,0.5860805860805861,-0.5860805860805861,25.2014652014652,-2.93040293040293,0.0,-10.354090354090356,2.93040293040293,39.65811965811966,-9.572649572649572,0.0,-5.665445665445666,-76.38583638583638,36.92307692307692,16.214896214896214,39.65811965811966
4.102564102564102,12.698412698412698,8.791208791208792,28.71794871794872,0.0,39.65811965811966,9.572649572649572,-0.5860805860805861,7.228327228327228,0.0,13.47985347985348,-6.837606837606837,0.0,-4.493284493284493,-6.837606837606837,23.247863247863247,4.493284493284493,0.0,-14.652014652014651,-1.3675213675213675,36.53235653235653,-2.93040293040293,0.0,-8.4004884004884,-76.77655677655677,36.92307692307692,14.652014652014651,36.53235653235653
4.493284493284493,11.135531135531137,13.089133089133089,17.387057387057386,0.0,38.48595848595848,11.526251526251526,0.1953601953601953,-2.148962148962149,0.0,10.354090354090356,-9.18192918192918,0.0,-4.493284493284493,-8.00976800976801,24.42002442002442,0.1953601953601953,0.0,-14.261294261294262,-3.711843711843712,32.62515262515262,-2.5396825396825395,0.0,-12.698412698412698,-11.916971916971915,-18.168498168498168,6.837606837606837,32.62515262515262
0.9768009768009768,9.18192918192918,17.77777777777778,17.387057387057386,0.0,31.843711843711844,14.261294261294262,3.3211233211233213,-4.102564102564102,0.0,9.18192918192918,-10.354090354090356,0.0,-2.93040293040293,-8.791208791208792,24.42002442002442,-1.3675213675213675,0.0,-16.214896214896214,-1.3675213675213675,29.10866910866911,0.1953601953601953,0.0,-17.387057387057386,9.963369963369964,-33.40659340659341,4.884004884004884,29.10866910866911
0.9768009768009768,6.446886446886447,18.55921855921856,19.34065934065934,0.0,26.764346764346765,15.824175824175825,5.274725274725275,-2.93040293040293,0.0,11.526251526251526,-8.791208791208792,0.0,-0.9768009768009768,-10.354090354090356,24.81074481074481,-4.102564102564102,0.0,-17.77777777777778,1.3675213675213675,23.63858363858364,0.9768009768009768,0.0,-18.168498168498168,-35.75091575091575,18.168498168498168,5.665445665445666,23.63858363858364
4.884004884004884,5.665445665445666,16.996336996336996,13.47985347985348,0.0,29.10866910866911,14.652014652014651,8.00976800976801,-9.572649572649572,0.0,14.261294261294262,-4.493284493284493,0.0,-0.5860805860805861,-8.00976800976801,26.37362637362637,-15.824175824175825,0.0,-18.55921855921856,6.056166056166056,18.94993894993895,-4.884004884004884,0.0,-16.605616605616607,-18.55921855921856,9.963369963369964,2.148962148962149,18.94993894993895
4.884004884004884,0.9768009768009768,14.652014652014651,13.089133089133089,0.0,30.28083028083028,6.837606837606837,9.963369963369964,-12.307692307692308,0.0,14.652014652014651,-0.9768009768009768,0.0,-3.711843711843712,-6.446886446886447,31.062271062271066,-22.075702075702075,0.0,-24.02930402930403,11.135531135531137,20.12210012210012,-9.572649572649572,0.0,-14.261294261294262,66.22710622710623,-70.52503052503053,3.711843711843712,20.12210012210012
2.148962148962149,-4.493284493284493,8.00976800976801,20.903540903540904,0.0,29.89010989010989,-2.93040293040293,5.665445665445666,-4.493284493284493,0.0,12.698412698412698,-0.9768009768009768,0.0,-10.354090354090356,-6.446886446886447,31.843711843711844,-18.94993894993895,0.0,-31.062271062271066,13.870573870573873,18.94993894993895,-6.446886446886447,0.0,-7.619047619047619,79.12087912087912,-85.37240537240537,8.4004884004884,18.94993894993895
0.9768009768009768,-9.963369963369964,3.3211233211233213,25.2014652014652,0.0,28.71794871794872,-9.963369963369964,5.665445665445666,-3.711843711843712,0.0,12.307692307692308,-1.3675213675213675,0.0,-16.605616605616607,-0.9768009768009768,32.62515262515262,-17.387057387057386,0.0,-34.57875457875458,14.652014652014651,20.12210012210012,-3.711843711843712,0.0,-2.93040293040293,81.85592185592185,-84.98168498168498,8.791208791208792,20.12210012210012
-2.93040293040293,-12.698412698412698,3.3211233211233213,32.234432234432234,0.0,22.466422466422465,-9.572649572649572,6.837606837606837,-0.5860805860805861,0.0,10.744810744810744,-4.493284493284493,0.0,-26.764346764346765,10.744810744810744,34.969474969474966,-16.996336996336996,0.0,-38.48595848595848,14.652014652014651,26.37362637362637,-0.9768009768009768,0.0,-2.93040293040293,168.2051282051282,-168.98656898656898,7.228327228327228,26.37362637362637
-4.102564102564102,-12.698412698412698,4.102564102564102,35.75091575091575,0.0,22.075702075702075,-5.665445665445666,5.665445665445666,-0.1953601953601953,0.0,13.089133089133089,-5.665445665445666,0.0,-29.89010989010989,19.34065934065934,30.28083028083028,-13.47985347985348,0.0,-36.14163614163614,10.354090354090356,27.155067155067155,4.102564102564102,0.0,-3.711843711843712,186.17826617826617,-187.74114774114773,6.446886446886447,27.155067155067155
-4.493284493284493,-12.698412698412698,-0.5860805860805861,38.095238095238095,0.0,22.857142857142858,-2.148962148962149,2.148962148962149,-3.711843711843712,0.0,17.77777777777778,-8.4004884004884,0.0,-33.7973137973138,20.512820512820515,20.903540903540904,-7.619047619047619,0.0,-39.26739926739927,1.7582417582417582,24.81074481074481,12.307692307692308,0.0,0.9768009768009768,123.66300366300366,-131.08669108669108,2.5396825396825395,24.81074481074481
-4.102564102564102,-15.042735042735044,-2.5396825396825395,28.32722832722833,0.0,24.02930402930403,-0.9768009768009768,0.5860805860805861,-18.55921855921856,0.0,19.73137973137973,-12.307692307692308,0.0,-32.234432234432234,20.512820512820515,14.261294261294262,-14.261294261294262,0.0,-41.22100122100122,-2.148962148962149,22.075702075702075,9.572649572649572,0.0,2.93040293040293,111.15995115995116,-120.14652014652016,-0.9768009768009768,22.075702075702075
-3.3211233211233213,-13.870573870573873,-10.744810744810744,20.903540903540904,0.0,25.982905982905983,-4.884004884004884,-1.7582417582417582,-26.37362637362637,0.0,18.168498168498168,-14.652014652014651,0.0,-29.499389499389498,14.261294261294262,8.4004884004884,-15.433455433455434,0.0,-44.346764346764346,-7.619047619047619,17.77777777777778,12.307692307692308,0.0,11.135531135531137,103.34554334554336,-124.83516483516485,-1.7582417582417582,17.77777777777778
-4.493284493284493,-13.870573870573873,-17.77777777777778,21.294261294261293,0.0,25.2014652014652,-13.47985347985348,-4.884004884004884,-21.68498168498169,0.0,13.089133089133089,-16.214896214896214,0.0,-27.936507936507937,9.18192918192918,4.493284493284493,-11.135531135531137,0.0,-48.64468864468864,-9.572649572649572,13.47985347985348,18.94993894993895,0.0,18.168498168498168,101.78266178266178,-130.3052503052503,-4.102564102564102,13.47985347985348
-5.274725274725275,-9.963369963369964,-19.73137973137973,19.34065934065934,0.0,28.71794871794872,-18.55921855921856,-4.102564102564102,-22.466422466422465,0.0,9.963369963369964,-16.605616605616607,0.0,-23.247863247863247,14.261294261294262,4.884004884004884,-15.824175824175825,0.0,-46.3003663003663,-4.884004884004884,12.307692307692308,18.55921855921856,0.0,20.12210012210012,147.88766788766787,-179.53601953601952,-2.93040293040293,12.307692307692308
-3.3211233211233213,-4.884004884004884,-18.168498168498168,20.903540903540904,0.0,34.969474969474966,-21.68498168498169,-3.3211233211233213,-16.214896214896214,0.0,7.228327228327228,-16.605616605616607,0.0,-22.466422466422465,21.68498168498169,4.102564102564102,-11.526251526251526,0.0,-41.22100122100122,-3.3211233211233213,13.089133089133089,23.63858363858364,0.0,18.55921855921856,171.33089133089132,-208.44932844932845,-2.148962148962149,13.089133089133089
-4.102564102564102,-4.493284493284493,-20.12210012210012,33.40659340659341,0.0,38.48595848595848,-23.247863247863247,-8.791208791208792,-3.3211233211233213,0.0,7.619047619047619,-20.903540903540904,0.0,-26.764346764346765,24.42002442002442,-0.9768009768009768,0.9768009768009768,0.0,-37.704517704517706,-6.837606837606837,6.056166056166056,37.31379731379732,0.0,20.512820512820515,110.76923076923076,-148.2783882783883,-4.493284493284493,6.056166056166056
-3.3211233211233213,-9.572649572649572,-17.77777777777778,38.48595848595848,0.0,39.26739926739927,-23.247863247863247,-10.744810744810744,0.1953601953601953,0.0,13.089133089133089,-27.155067155067155,0.0,-27.936507936507937,25.592185592185597,-8.00976800976801,10.354090354090356,0.0,-34.57875457875458,-10.354090354090356,-3.711843711843712,49.81684981684982,0.0,18.168498168498168,93.96825396825396,-128.35164835164835,-6.056166056166056,-3.711843711843712
-1.7582417582417582,-12.307692307692308,-8.00976800976801,33.01587301587302,0.0,39.26739926739927,-19.73137973137973,-7.228327228327228,-2.148962148962149,0.0,16.996336996336996,-30.28083028083028,0.0,-24.02930402930403,24.42002442002442,-9.18192918192918,6.446886446886447,0.0,-32.234432234432234,-9.572649572649572,-10.354090354090356,51.77045177045177,0.0,8.4004884004884,154.9206349206349,-182.27106227106228,-7.619047619047619,-10.354090354090356
-2.5396825396825395,-14.652014652014651,-3.711843711843712,35.75091575091575,0.0,33.01587301587302,-18.55921855921856,-6.056166056166056,5.665445665445666,0.0,18.94993894993895,-29.89010989010989,0.0,-19.34065934065934,19.73137973137973,-9.963369963369964,6.446886446886447,0.0,-33.01587301587302,-9.18192918192918,-18.55921855921856,58.8034188034188,0.0,4.102564102564102,172.50305250305252,-192.42979242979243,-10.354090354090356,-18.55921855921856
-5.665445665445666,-15.824175824175825,0.1953601953601953,38.095238095238095,0.0,27.155067155067155,-18.94993894993895,-1.7582417582417582,9.572649572649572,0.0,18.94993894993895,-24.81074481074481,0.0,-9.963369963369964,18.94993894993895,-11.526251526251526,0.9768009768009768,0.0,-34.57875457875458,-5.665445665445666,-22.857142857142858,63.10134310134311,0.0,0.1953601953601953,140.46398046398048,-158.04639804639805,-8.4004884004884,-22.857142857142858
-8.4004884004884,-12.307692307692308,1.3675213675213675,42.78388278388278,0.0,27.545787545787547,-18.94993894993895,3.711843711843712,9.18192918192918,0.0,20.903540903540904,-19.34065934065934,0.0,-0.1953601953601953,20.512820512820515,-9.963369963369964,-6.837606837606837,0.0,-34.57875457875458,-0.9768009768009768,-20.903540903540904,60.366300366300365,0.0,-0.9768009768009768,172.8937728937729,-191.2576312576313,-2.93040293040293,-20.903540903540904
-10.744810744810744,-8.791208791208792,-0.1953601953601953,50.20757020757021,0.0,25.982905982905983,-15.433455433455434,9.18192918192918,8.4004884004884,0.0,24.81074481074481,-17.77777777777778,0.0,2.93040293040293,26.764346764346765,-10.744810744810744,-8.00976800976801,0.0,-31.45299145299145,2.5396825396825395,-20.512820512820515,61.14774114774115,0.0,0.5860805860805861,235.018315018315,-251.03785103785103,-0.9768009768009768,-20.512820512820515
-13.47985347985348,-9.18192918192918,-5.274725274725275,63.49206349206349,0.0,19.34065934065934,-11.526251526251526,13.870573870573873,9.963369963369964,0.0,32.62515262515262,-18.55921855921856,0.0,1.7582417582417582,32.234432234432234,-15.433455433455434,-1.3675213675213675,0.0,-29.499389499389498,0.5860805860805861,-22.857142857142858,68.57142857142857,0.0,5.665445665445666,208.0586080586081,-224.85958485958488,1.7582417582417582,-22.857142857142858
-12.307692307692308,-11.135531135531137,-10.354090354090356,72.08791208791209,0.0,11.916971916971915,-3.3211233211233213,18.55921855921856,6.446886446886447,0.0,40.83028083028083,-18.55921855921856,0.0,-0.9768009768009768,38.095238095238095,-17.387057387057386,0.5860805860805861,0.0,-28.71794871794872,0.9768009768009768,-22.466422466422465,70.52503052503053,0.0,10.744810744810744,169.37728937728937,-186.95970695970692,5.274725274725275,-22.466422466422465
-7.228327228327228,-9.18192918192918,-9.572649572649572,67.00854700854701,0.0,6.837606837606837,6.446886446886447,22.466422466422465,0.5860805860805861,0.0,46.3003663003663,-16.605616605616607,0.0,0.1953601953601953,42.78388278388278,-13.870573870573873,-3.711843711843712,0.0,-25.2014652014652,4.102564102564102,-19.34065934065934,65.44566544566544,0.0,9.963369963369964,201.02564102564105,-213.91941391941396,2.93040293040293,-19.34065934065934
-5.274725274725275,-13.089133089133089,-13.870573870573873,67.00854700854701,0.0,0.5860805860805861,5.665445665445666,21.294261294261293,2.5396825396825395,0.0,42.002442002442,-13.870573870573873,0.0,1.7582417582417582,39.26739926739927,-12.698412698412698,-2.93040293040293,0.0,-27.545787545787547,3.711843711843712,-15.433455433455434,65.44566544566544,0.0,14.261294261294262,185.78754578754575,-198.2905982905983,1.7582417582417582,-15.433455433455434
-4.884004884004884,-18.55921855921856,-19.73137973137973,63.88278388278388,0.0,-0.5860805860805861,-1.7582417582417582,18.94993894993895,0.1953601953601953,0.0,33.7973137973138,-9.963369963369964,0.0,6.056166056166056,29.499389499389498,-13.47985347985348,-4.884004884004884,0.0,-34.18803418803419,2.93040293040293,-11.916971916971915,60.366300366300365,0.0,20.12210012210012,147.1062271062271,-161.17216117216117,2.148962148962149,-11.916971916971915
-6.837606837606837,-22.075702075702075,-20.12210012210012,55.28693528693529,0.0,0.5860805860805861,-9.18192918192918,18.168498168498168,-5.274725274725275,0.0,26.764346764346765,-9.18192918192918,0.0,15.433455433455434,21.68498168498169,-14.261294261294262,-11.526251526251526,0.0,-34.57875457875458,5.665445665445666,-9.18192918192918,49.42612942612943,0.0,20.512820512820515,165.0793650793651,-176.01953601953602,5.274725274725275,-9.18192918192918
-9.963369963369964,-27.545787545787547,-24.42002442002442,57.24053724053724,0.0,1.3675213675213675,-19.34065934065934,15.824175824175825,-4.884004884004884,0.0,21.68498168498169,-11.916971916971915,0.0,20.512820512820515,15.433455433455434,-21.68498168498169,-6.446886446886447,0.0,-33.40659340659341,5.665445665445666,-12.307692307692308,48.64468864468864,0.0,24.81074481074481,181.0989010989011,-189.3040293040293,9.18192918192918,-12.307692307692308
-12.698412698412698,-29.10866910866911,-29.89010989010989,59.58485958485959,0.0,-0.1953601953601953,-21.68498168498169,14.652014652014651,-6.056166056166056,0.0,21.68498168498169,-13.47985347985348,0.0,19.73137973137973,13.870573870573873,-29.499389499389498,-2.148962148962149,0.0,-32.234432234432234,4.102564102564102,-17.77777777777778,48.25396825396825,0.0,30.28083028083028,161.95360195360195,-170.15873015873015,12.698412698412698,-17.77777777777778
-7.619047619047619,-24.81074481074481,-28.71794871794872,52.16117216117216,0.0,1.7582417582417582,-15.042735042735044,18.168498168498168,-15.824175824175825,0.0,27.545787545787547,-12.698412698412698,0.0,18.168498168498168,20.512820512820515,-27.545787545787547,-5.665445665445666,0.0,-26.37362637362637,7.228327228327228,-17.77777777777778,42.39316239316239,0.0,29.10866910866911,173.2844932844933,-179.53601953601952,13.870573870573873,-17.77777777777778
-2.5396825396825395,-19.73137973137973,-31.45299145299145,47.86324786324786,0.0,1.3675213675213675,-6.056166056166056,17.77777777777778,-21.68498168498169,0.0,30.28083028083028,-9.572649572649572,0.0,13.47985347985348,26.37362637362637,-23.63858363858364,-8.00976800976801,0.0,-23.63858363858364,9.963369963369964,-16.605616605616607,38.87667887667888,0.0,31.843711843711844,152.18559218559218,-158.04639804639805,13.089133089133089,-16.605616605616607
-1.3675213675213675,-19.34065934065934,-38.48595848595848,50.989010989010985,0.0,-4.884004884004884,0.1953601953601953,15.433455433455434,-20.903540903540904,0.0,27.936507936507937,-5.665445665445666,0.0,8.4004884004884,24.81074481074481,-20.512820512820515,-4.493284493284493,0.0,-26.37362637362637,9.18192918192918,-16.996336996336996,42.78388278388278,0.0,38.87667887667888,56.84981684981685,-63.88278388278388,10.354090354090356,-16.996336996336996
-0.9768009768009768,-18.94993894993895,-43.56532356532357,53.724053724053725,0.0,-9.963369963369964,3.711843711843712,15.433455433455434,-20.903540903540904,0.0,25.2014652014652,-0.5860805860805861,0.0,7.228327228327228,24.42002442002442,-15.433455433455434,-7.619047619047619,0.0,-25.592185592185597,8.00976800976801,-15.042735042735044,40.83028083028083,0.0,43.95604395604396,34.18803418803419,-35.75091575091575,7.228327228327228,-15.042735042735044
-2.5396825396825395,-18.55921855921856,-46.69108669108669,52.94261294261294,0.0,-14.261294261294262,6.446886446886447,15.824175824175825,-25.2014652014652,0.0,21.68498168498169,6.056166056166056,0.0,14.261294261294262,25.2014652014652,-13.870573870573873,-19.34065934065934,0.0,-18.55921855921856,10.354090354090356,-16.996336996336996,32.234432234432234,0.0,47.081807081807085,93.57753357753356,-86.93528693528694,8.00976800976801,-16.996336996336996
-5.274725274725275,-22.857142857142858,-53.724053724053725,57.63125763125763,0.0,-20.903540903540904,3.3211233211233213,15.824175824175825,-25.2014652014652,0.0,15.433455433455434,7.228327228327228,0.0,16.214896214896214,22.857142857142858,-16.214896214896214,-21.294261294261293,0.0,-13.089133089133089,6.446886446886447,-22.075702075702075,31.062271062271066,0.0,54.114774114774114,86.15384615384616,-74.82295482295483,6.837606837606837,-22.075702075702075
-4.884004884004884,-24.81074481074481,-57.24053724053724,57.24053724053724,0.0,-23.247863247863247,1.7582417582417582,16.996336996336996,-27.936507936507937,0.0,12.307692307692308,7.228327228327228,0.0,16.996336996336996,23.247863247863247,-18.55921855921856,-21.68498168498169,0.0,-8.791208791208792,7.228327228327228,-27.936507936507937,29.10866910866911,0.0,57.63125763125763,57.63125763125763,-43.95604395604396,8.4004884004884,-27.936507936507937
-0.9768009768009768,-24.02930402930403,-56.06837606837607,46.69108669108669,0.0,-25.2014652014652,5.665445665445666,19.73137973137973,-36.53235653235653,0.0,9.963369963369964,6.056166056166056,0.0,18.55921855921856,24.02930402930403,-16.605616605616607,-27.936507936507937,0.0,-6.446886446886447,13.47985347985348,-29.499389499389498,20.512820512820515,0.0,56.45909645909646,113.5042735042735,-97.48473748473748,9.572649572649572,-29.499389499389498
2.93040293040293,-23.63858363858364,-56.45909645909646,40.04884004884005,0.0,-28.32722832722833,6.837606837606837,19.73137973137973,-36.92307692307692,0.0,5.274725274725275,4.102564102564102,0.0,17.387057387057386,19.34065934065934,-14.652014652014651,-27.155067155067155,0.0,-9.18192918192918,17.387057387057386,-29.89010989010989,16.605616605616607,0.0,56.84981684981685,155.3113553113553,-139.29181929181928,9.18192918192918,-29.89010989010989
2.148962148962149,-22.857142857142858,-61.53846153846154,37.31379731379732,0.0,-38.48595848595848,3.3211233211233213,15.042735042735044,-24.81074481074481,0.0,0.1953601953601953,0.1953601953601953,0.0,13.47985347985348,8.4004884004884,-12.698412698412698,-20.12210012210012,0.0,-16.996336996336996,16.996336996336996,-28.32722832722833,18.168498168498168,0.0,61.92918192918193,124.83516483516485,-113.5042735042735,8.00976800976801,-28.32722832722833
2.93040293040293,-17.77777777777778,-61.92918192918193,23.247863247863247,0.0,-43.17460317460318,1.7582417582417582,12.698412698412698,-24.81074481074481,0.0,-1.7582417582417582,1.3675213675213675,0.0,13.089133089133089,4.493284493284493,-8.00976800976801,-27.936507936507937,0.0,-20.12210012210012,16.214896214896214,-22.075702075702075,7.619047619047619,0.0,62.31990231990232,112.72283272283272,-101.001221001221,2.93040293040293,-22.075702075702075
4.884004884004884,-16.996336996336996,-61.92918192918193,12.307692307692308,0.0,-41.61172161172161,-5.665445665445666,7.619047619047619,-22.075702075702075,0.0,-1.3675213675213675,1.7582417582417582,0.0,11.526251526251526,2.148962148962149,-3.3211233211233213,-31.843711843711844,0.0,-18.55921855921856,10.744810744810744,-14.261294261294262,0.9768009768009768,0.0,62.31990231990232,110.37851037851038,-98.65689865689866,-0.5860805860805861,-14.261294261294262
4.884004884004884,-18.55921855921856,-64.27350427350427,7.228327228327228,0.0,-41.61172161172161,-13.089133089133089,3.3211233211233213,-19.73137973137973,0.0,-1.3675213675213675,0.1953601953601953,0.0,6.837606837606837,3.711843711843712,-2.5396825396825395,-30.28083028083028,0.0,-16.605616605616607,4.493284493284493,-9.572649572649572,0.1953601953601953,0.0,64.66422466422466,76.77655677655677,-66.61782661782662,-6.446886446886447,-9.572649572649572
8.00976800976801,-18.94993894993895,-60.366300366300365,-1.7582417582417582,0.0,-32.234432234432234,-12.698412698412698,2.93040293040293,-31.45299145299145,0.0,2.93040293040293,0.9768009768009768,0.0,8.00976800976801,8.4004884004884,-4.884004884004884,-33.7973137973138,0.0,-13.47985347985348,2.148962148962149,-4.493284493284493,-5.665445665445666,0.0,60.757020757020754,53.333333333333336,-45.12820512820513,-6.446886446886447,-4.493284493284493
12.307692307692308,-19.73137973137973,-55.28693528693529,-8.791208791208792,0.0,-24.42002442002442,-8.791208791208792,4.102564102564102,-43.17460317460318,0.0,3.711843711843712,-0.9768009768009768,0.0,11.526251526251526,11.916971916971915,-8.791208791208792,-35.36019536019536,0.0,-9.18192918192918,2.93040293040293,-1.3675213675213675,-12.307692307692308,0.0,55.67765567765568,58.8034188034188,-49.42612942612943,-5.665445665445666,-1.3675213675213675
12.698412698412698,-21.68498168498169,-53.724053724053725,-6.446886446886447,0.0,-22.466422466422465,-6.837606837606837,0.5860805860805861,-40.43956043956044,0.0,1.3675213675213675,-8.00976800976801,0.0,10.744810744810744,6.837606837606837,-14.261294261294262,-22.857142857142858,0.0,-10.744810744810744,2.148962148962149,-0.9768009768009768,-8.791208791208792,0.0,54.114774114774114,54.114774114774114,-48.25396825396825,-4.493284493284493,-0.9768009768009768
12.698412698412698,-19.34065934065934,-52.55189255189255,-7.228327228327228,0.0,-23.63858363858364,-1.7582417582417582,-4.102564102564102,-36.53235653235653,0.0,-1.3675213675213675,-14.652014652014651,0.0,8.4004884004884,-0.1953601953601953,-18.168498168498168,-8.00976800976801,0.0,-15.824175824175825,0.9768009768009768,0.9768009768009768,-4.493284493284493,0.0,52.94261294261294,79.9023199023199,-81.07448107448107,-6.056166056166056,0.9768009768009768
14.652014652014651,-11.526251526251526,-44.737484737484735,-21.294261294261293,0.0,-22.857142857142858,4.493284493284493,-5.274725274725275,-39.65811965811966,0.0,0.1953601953601953,-18.168498168498168,0.0,7.228327228327228,-3.3211233211233213,-13.870573870573873,-5.274725274725275,0.0,-16.214896214896214,4.102564102564102,5.665445665445666,-9.963369963369964,0.0,45.12820512820513,153.74847374847374,-158.43711843711844,-6.446886446886447,5.665445665445666
16.605616605616607,-6.056166056166056,-38.48595848595848,-27.545787545787547,0.0,-21.68498168498169,6.446886446886447,-7.228327228327228,-33.01587301587302,0.0,0.9768009768009768,-21.294261294261293,0.0,2.93040293040293,-4.884004884004884,-8.4004884004884,2.5396825396825395,0.0,-16.214896214896214,4.102564102564102,10.354090354090356,-7.228327228327228,0.0,38.87667887667888,180.31746031746036,-190.86691086691087,-9.572649572649572,10.354090354090356
16.996336996336996,-2.5396825396825395,-31.843711843711844,-26.37362637362637,0.0,-16.996336996336996,6.837606837606837,-9.572649572649572,-24.42002442002442,0.0,6.056166056166056,-23.247863247863247,0.0,-1.7582417582417582,-4.884004884004884,-6.446886446886447,11.526251526251526,0.0,-16.605616605616607,2.148962148962149,10.354090354090356,0.1953601953601953,0.0,32.234432234432234,127.96092796092796,-143.1990231990232,-12.307692307692308,10.354090354090356
17.77777777777778,-0.5860805860805861,-20.903540903540904,-29.89010989010989,0.0,-9.18192918192918,8.00976800976801,-6.837606837606837,-26.37362637362637,0.0,12.698412698412698,-24.02930402930403,0.0,0.1953601953601953,-4.493284493284493,-7.228327228327228,12.698412698412698,0.0,-13.089133089133089,1.3675213675213675,8.791208791208792,2.93040293040293,0.0,21.294261294261293,119.75579975579976,-133.43101343101344,-14.261294261294262,8.791208791208792
21.294261294261293,-3.711843711843712,-7.619047619047619,-32.62515262515262,0.0,-2.5396825396825395,9.572649572649572,-3.3211233211233213,-27.155067155067155,0.0,18.55921855921856,-25.982905982905983,0.0,4.102564102564102,-3.711843711843712,-8.00976800976801,15.433455433455434,0.0,-7.228327228327228,0.1953601953601953,7.619047619047619,6.446886446886447,0.0,8.00976800976801,174.84737484737485,-181.4896214896215,-17.387057387057386,7.619047619047619
20.903540903540904,-8.791208791208792,2.5396825396825395,-26.764346764346765,0.0,-0.1953601953601953,8.791208791208792,-4.884004884004884,-16.214896214896214,0.0,19.34065934065934,-28.71794871794872,0.0,2.93040293040293,-7.619047619047619,-11.135531135531137,28.71794871794872,0.0,-4.102564102564102,-2.5396825396825395,2.93040293040293,16.996336996336996,0.0,-2.148962148962149,183.83394383394383,-179.53601953601952,-21.68498168498169,2.93040293040293
20.512820512820515,-11.135531135531137,15.824175824175825,-30.671550671550676,0.0,0.1953601953601953,11.916971916971915,-6.446886446886447,-11.135531135531137,0.0,19.73137973137973,-33.01587301587302,0.0,7.228327228327228,-9.963369963369964,-15.824175824175825,38.095238095238095,0.0,0.5860805860805861,-1.7582417582417582,1.3675213675213675,18.55921855921856,0.0,-15.433455433455434,193.992673992674,-181.0989010989011,-23.247863247863247,1.3675213675213675
22.466422466422465,-8.791208791208792,25.982905982905983,-38.87667887667888,0.0,1.3675213675213675,15.042735042735044,-9.963369963369964,-5.665445665445666,0.0,17.77777777777778,-36.53235653235653,0.0,9.572649572649572,-14.261294261294262,-14.652014652014651,40.43956043956044,0.0,2.148962148962149,-0.1953601953601953,4.884004884004884,13.870573870573873,0.0,-25.592185592185597,251.03785103785103,-233.84615384615384,-25.2014652014652,4.884004884004884
20.12210012210012,-5.665445665445666,28.71794871794872,-35.75091575091575,0.0,3.711843711843712,9.963369963369964,-15.433455433455434,7.228327228327228,0.0,10.354090354090356,-41.61172161172161,0.0,10.354090354090356,-20.12210012210012,-11.526251526251526,43.95604395604396,0.0,1.3675213675213675,-2.5396825396825395,9.18192918192918,12.307692307692308,0.0,-28.32722832722833,315.11599511599513,-297.92429792429795,-27.545787545787547,9.18192918192918
15.042735042735044,-4.102564102564102,24.02930402930403,-27.936507936507937,0.0,4.493284493284493,4.884004884004884,-22.857142857142858,19.34065934065934,0.0,3.711843711843712,-44.346764346764346,0.0,13.47985347985348,-30.28083028083028,-13.870573870573873,51.37973137973138,0.0,-0.5860805860805861,-7.228327228327228,9.572649572649572,18.55921855921856,0.0,-23.63858363858364,260.02442002442,-249.86568986568983,-27.545787545787547,9.572649572649572
17.387057387057386,-0.9768009768009768,19.73137973137973,-27.155067155067155,0.0,7.619047619047619,1.3675213675213675,-24.42002442002442,22.075702075702075,0.0,-0.1953601953601953,-43.95604395604396,0.0,18.94993894993895,-39.65811965811966,-9.572649572649572,49.03540903540904,0.0,-2.93040293040293,-14.261294261294262,12.307692307692308,23.63858363858364,0.0,-19.34065934065934,205.32356532356533,-209.23076923076923,-27.936507936507937,12.307692307692308
21.294261294261293,-4.102564102564102,16.996336996336996,-23.63858363858364,0.0,11.526251526251526,-5.274725274725275,-22.857142857142858,26.37362637362637,0.0,-4.493284493284493,-39.26739926739927,0.0,20.12210012210012,-43.17460317460318,-0.5860805860805861,45.90964590964591,0.0,-2.93040293040293,-18.55921855921856,13.089133089133089,31.062271062271066,0.0,-16.605616605616607,205.32356532356533,-215.87301587301587,-30.671550671550676,13.089133089133089
24.02930402930403,-8.00976800976801,12.698412698412698,-17.77777777777778,0.0,13.47985347985348,-12.698412698412698,-22.857142857142858,32.234432234432234,0.0,-8.4004884004884,-32.62515262515262,0.0,21.68498168498169,-46.3003663003663,2.148962148962149,47.86324786324786,0.0,-1.7582417582417582,-19.34065934065934,7.619047619047619,40.04884004884005,0.0,-12.307692307692308,173.2844932844933,-185.006105006105,-32.62515262515262,7.619047619047619
28.32722832722833,-8.791208791208792,10.354090354090356,-22.075702075702075,0.0,16.996336996336996,-16.605616605616607,-19.73137973137973,25.982905982905983,0.0,-11.916971916971915,-28.71794871794872,0.0,19.73137973137973,-44.346764346764346,2.93040293040293,42.002442002442,0.0,-4.493284493284493,-15.433455433455434,2.5396825396825395,38.48595848595848,0.0,-9.963369963369964,168.98656898656898,-179.14529914529913,-34.57875457875458,2.5396825396825395
32.234432234432234,-10.354090354090356,9.963369963369964,-27.936507936507937,0.0,20.903540903540904,-19.34065934065934,-16.605616605616607,18.55921855921856,0.0,-15.042735042735044,-26.764346764346765,0.0,13.870573870573873,-40.83028083028083,3.711843711843712,33.7973137973138,0.0,-4.884004884004884,-8.00976800976801,-3.3211233211233213,29.499389499389498,0.0,-9.572649572649572,189.3040293040293,-187.3504273504273,-37.704517704517706,-3.3211233211233213
28.32722832722833,-9.963369963369964,2.5396825396825395,-22.075702075702075,0.0,18.168498168498168,-24.02930402930403,-16.996336996336996,20.903540903540904,0.0,-21.294261294261293,-28.32722832722833,0.0,6.056166056166056,-41.22100122100122,-0.9768009768009768,38.48595848595848,0.0,-3.3211233211233213,-7.228327228327228,-13.47985347985348,27.936507936507937,0.0,-2.148962148962149,142.41758241758242,-127.57020757020756,-40.43956043956044,-13.47985347985348
24.42002442002442,-11.135531135531137,-1.7582417582417582,-16.996336996336996,0.0,13.870573870573873,-25.592185592185597,-15.042735042735044,19.34065934065934,0.0,-24.02930402930403,-29.10866910866911,0.0,0.5860805860805861,-41.22100122100122,-4.493284493284493,41.61172161172161,0.0,-0.5860805860805861,-8.00976800976801,-22.075702075702075,28.32722832722833,0.0,2.148962148962149,91.23321123321124,-67.00854700854701,-40.04884004884005,-22.075702075702075
23.63858363858364,-10.744810744810744,2.5396825396825395,-19.34065934065934,0.0,11.916971916971915,-22.075702075702075,-4.884004884004884,9.963369963369964,0.0,-20.903540903540904,-24.02930402930403,0.0,-0.5860805860805861,-34.18803418803419,2.93040293040293,27.545787545787547,0.0,6.837606837606837,-7.228327228327228,-20.12210012210012,17.77777777777778,0.0,-2.148962148962149,126.7887667887668,-90.84249084249085,-40.83028083028083,-20.12210012210012
22.075702075702075,-13.47985347985348,4.102564102564102,-10.354090354090356,0.0,8.00976800976801,-20.903540903540904,0.1953601953601953,15.042735042735044,0.0,-16.605616605616607,-19.34065934065934,0.0,-1.3675213675213675,-29.89010989010989,12.307692307692308,23.63858363858364,0.0,10.744810744810744,-8.00976800976801,-15.042735042735044,17.77777777777778,0.0,-3.711843711843712,105.68986568986568,-65.44566544566544,-38.87667887667888,-15.042735042735044
22.857142857142858,-17.77777777777778,4.884004884004884,-2.5396825396825395,0.0,10.744810744810744,-20.903540903540904,0.1953601953601953,15.824175824175825,0.0,-11.526251526251526,-15.824175824175825,0.0,2.148962148962149,-27.936507936507937,14.652014652014651,24.02930402930403,0.0,14.652014652014651,-8.4004884004884,-10.354090354090356,18.168498168498168,0.0,-4.493284493284493,24.02930402930403,18.94993894993895,-36.14163614163614,-10.354090354090356
27.545787545787547,-17.77777777777778,8.00976800976801,-7.228327228327228,0.0,18.55921855921856,-16.605616605616607,0.5860805860805861,7.619047619047619,0.0,-4.884004884004884,-12.307692307692308,0.0,3.711843711843712,-21.68498168498169,18.55921855921856,19.34065934065934,0.0,15.042735042735044,-3.3211233211233213,-2.148962148962149,11.526251526251526,0.0,-7.619047619047619,22.466422466422465,22.857142857142858,-35.36019536019536,-2.148962148962149
29.499389499389498,-15.042735042735044,6.446886446886447,-10.354090354090356,0.0,21.68498168498169,-13.089133089133089,-4.884004884004884,5.665445665445666,0.0,-4.102564102564102,-12.307692307692308,0.0,5.274725274725275,-18.94993894993895,18.168498168498168,20.12210012210012,0.0,14.261294261294262,1.7582417582417582,1.3675213675213675,6.446886446886447,0.0,-6.056166056166056,22.075702075702075,21.68498168498169,-33.40659340659341,1.3675213675213675
25.982905982905983,-13.870573870573873,0.1953601953601953,-6.446886446886447,0.0,22.075702075702075,-14.652014652014651,-12.698412698412698,10.744810744810744,0.0,-6.837606837606837,-15.042735042735044,0.0,3.711843711843712,-20.903540903540904,11.526251526251526,28.71794871794872,0.0,7.228327228327228,8.00976800976801,1.3675213675213675,6.446886446886447,0.0,0.1953601953601953,-52.94261294261294,90.06105006105007,-23.63858363858364,1.3675213675213675
19.73137973137973,-13.47985347985348,-0.1953601953601953,-6.446886446886447,0.0,16.214896214896214,-15.433455433455434,-12.698412698412698,9.572649572649572,0.0,-10.744810744810744,-15.042735042735044,0.0,1.7582417582417582,-18.55921855921856,10.354090354090356,25.982905982905983,0.0,0.9768009768009768,14.261294261294262,4.102564102564102,0.1953601953601953,0.0,0.5860805860805861,-105.68986568986568,138.9010989010989,-14.652014652014651,4.102564102564102
15.824175824175825,-14.261294261294262,1.7582417582417582,-5.274725274725275,0.0,10.354090354090356,-16.996336996336996,-5.274725274725275,8.791208791208792,0.0,-16.996336996336996,-10.744810744810744,0.0,0.5860805860805861,-15.042735042735044,17.387057387057386,13.870573870573873,0.0,-1.7582417582417582,20.12210012210012,11.135531135531137,-11.526251526251526,0.0,-1.3675213675213675,-81.07448107448107,115.06715506715508,-8.4004884004884,11.135531135531137
11.916971916971915,-19.73137973137973,2.5396825396825395,3.3211233211233213,0.0,5.274725274725275,-22.466422466422465,0.9768009768009768,13.47985347985348,0.0,-19.73137973137973,-3.3211233211233213,0.0,1.7582417582417582,-11.916971916971915,21.294261294261293,10.354090354090356,0.0,-3.711843711843712,23.247863247863247,16.214896214896214,-13.089133089133089,0.0,-2.148962148962149,-83.41880341880342,116.23931623931624,-0.9768009768009768,16.214896214896214
10.744810744810744,-22.466422466422465,2.93040293040293,10.354090354090356,0.0,5.274725274725275,-22.857142857142858,8.00976800976801,10.354090354090356,0.0,-18.94993894993895,5.274725274725275,0.0,3.711843711843712,-6.837606837606837,23.63858363858364,7.619047619047619,0.0,-2.93040293040293,22.075702075702075,23.247863247863247,-12.698412698412698,0.0,-2.5396825396825395,-130.6959706959707,164.2979242979243,0.1953601953601953,23.247863247863247
15.824175824175825,-22.075702075702075,4.884004884004884,10.744810744810744,0.0,10.354090354090356,-17.77777777777778,13.870573870573873,2.93040293040293,0.0,-14.652014652014651,15.824175824175825,0.0,4.884004884004884,0.1953601953601953,29.499389499389498,2.5396825396825395,0.0,-0.1953601953601953,20.512820512820515,33.40659340659341,-15.824175824175825,0.0,-4.493284493284493,-158.04639804639805,187.74114774114773,-1.3675213675213675,33.40659340659341
19.34065934065934,-19.34065934065934,2.5396825396825395,19.73137973137973,0.0,13.47985347985348,-13.47985347985348,15.042735042735044,6.837606837606837,0.0,-9.963369963369964,21.294261294261293,0.0,3.711843711843712,5.274725274725275,31.843711843711844,6.837606837606837,0.0,-0.1953601953601953,18.94993894993895,42.002442002442,-11.135531135531137,0.0,-2.148962148962149,-192.03907203907204,210.4029304029304,-0.1953601953601953,42.002442002442
20.512820512820515,-20.12210012210012,1.3675213675213675,32.234432234432234,0.0,16.214896214896214,-12.307692307692308,16.214896214896214,12.698412698412698,0.0,-6.837606837606837,22.857142857142858,0.0,3.711843711843712,7.619047619047619,30.28083028083028,13.47985347985348,0.0,-1.7582417582417582,17.387057387057386,44.737484737484735,-4.102564102564102,0.0,-0.9768009768009768,-205.7142857142857,217.82661782661785,1.3675213675213675,44.737484737484735
24.81074481074481,-21.294261294261293,6.446886446886447,34.969474969474966,0.0,21.294261294261293,-10.744810744810744,23.63858363858364,9.572649572649572,0.0,-5.665445665445666,27.155067155067155,0.0,8.4004884004884,11.526251526251526,32.62515262515262,5.274725274725275,0.0,0.5860805860805861,19.73137973137973,48.64468864468864,-9.572649572649572,0.0,-6.056166056166056,-173.67521367521368,185.78754578754575,5.665445665445666,48.64468864468864
24.81074481074481,-23.63858363858364,14.261294261294262,38.095238095238095,0.0,21.294261294261293,-11.526251526251526,32.62515262515262,10.354090354090356,0.0,-7.228327228327228,33.40659340659341,0.0,12.698412698412698,16.605616605616607,33.40659340659341,-2.93040293040293,0.0,5.274725274725275,22.075702075702075,49.42612942612943,-15.824175824175825,0.0,-13.870573870573873,-152.18559218559218,169.76800976800976,10.744810744810744,49.42612942612943
18.94993894993895,-26.37362637362637,18.94993894993895,44.737484737484735,0.0,19.73137973137973,-16.996336996336996,33.40659340659341,18.94993894993895,0.0,-11.135531135531137,36.92307692307692,0.0,16.996336996336996,15.433455433455434,27.936507936507937,-1.3675213675213675,0.0,8.00976800976801,21.294261294261293,46.3003663003663,-15.824175824175825,0.0,-18.55921855921856,-194.3833943833944,217.43589743589743,16.605616605616607,46.3003663003663
15.433455433455434,-28.71794871794872,20.512820512820515,46.3003663003663,0.0,16.214896214896214,-17.77777777777778,32.62515262515262,22.075702075702075,0.0,-15.824175824175825,42.002442002442,0.0,17.77777777777778,14.261294261294262,24.81074481074481,-2.148962148962149,0.0,7.619047619047619,19.34065934065934,47.86324786324786,-18.94993894993895,0.0,-20.12210012210012,-202.1978021978022,227.5946275946276,19.34065934065934,47.86324786324786
12.698412698412698,-25.982905982905983,26.37362637362637,41.61172161172161,0.0,9.963369963369964,-11.526251526251526,34.969474969474966,20.12210012210012,0.0,-15.433455433455434,44.737484737484735,0.0,15.433455433455434,15.042735042735044,27.545787545787547,-3.711843711843712,0.0,9.18192918192918,17.77777777777778,53.724053724053725,-25.592185592185597,0.0,-25.982905982905983,-140.0732600732601,166.64224664224665,19.34065934065934,53.724053724053725
10.354090354090356,-25.2014652014652,30.28083028083028,41.61172161172161,0.0,3.711843711843712,-7.228327228327228,34.18803418803419,25.982905982905983,0.0,-13.089133089133089,42.78388278388278,0.0,11.916971916971915,13.870573870573873,28.32722832722833,5.274725274725275,0.0,11.135531135531137,14.652014652014651,55.67765567765568,-21.294261294261293,0.0,-29.89010989010989,-124.83516483516485,147.1062271062271,20.512820512820515,55.67765567765568
14.652014652014651,-25.2014652014652,32.234432234432234,43.56532356532357,0.0,0.9768009768009768,-2.93040293040293,37.704517704517706,28.71794871794872,0.0,-9.572649572649572,43.17460317460318,0.0,9.963369963369964,11.916971916971915,29.499389499389498,13.870573870573873,0.0,14.652014652014651,10.744810744810744,54.114774114774114,-13.47985347985348,0.0,-31.843711843711844,-148.66910866910868,167.03296703296704,21.294261294261293,54.114774114774114
21.68498168498169,-24.81074481074481,40.04884004884005,39.26739926739927,0.0,3.711843711843712,-0.1953601953601953,45.12820512820513,26.764346764346765,0.0,-7.228327228327228,44.737484737484735,0.0,11.526251526251526,10.744810744810744,34.18803418803419,15.433455433455434,0.0,19.34065934065934,8.00976800976801,53.333333333333336,-7.619047619047619,0.0,-39.65811965811966,-115.06715506715508,131.08669108669108,19.34065934065934,53.333333333333336
22.857142857142858,-23.63858363858364,44.737484737484735,37.704517704517706,0.0,5.274725274725275,-1.3675213675213675,46.69108669108669,30.28083028083028,0.0,-10.744810744810744,44.346764346764346,0.0,13.089133089133089,4.493284493284493,38.095238095238095,18.55921855921856,0.0,21.68498168498169,2.93040293040293,50.5982905982906,0.5860805860805861,0.0,-44.346764346764346,-67.78998778998779,82.63736263736264,13.089133089133089,50.5982905982906
21.294261294261293,-21.68498168498169,42.002442002442,38.87667887667888,0.0,1.7582417582417582,-2.93040293040293,41.22100122100122,40.04884004884005,0.0,-17.387057387057386,41.61172161172161,0.0,10.744810744810744,-5.274725274725275,39.65811965811966,27.545787545787547,0.0,16.605616605616607,-2.93040293040293,47.081807081807085,13.089133089133089,0.0,-41.61172161172161,-106.86202686202688,114.28571428571428,7.619047619047619,47.081807081807085
15.824175824175825,-17.77777777777778,40.83028083028083,36.14163614163614,0.0,-5.665445665445666,0.1953601953601953,33.7973137973138,46.69108669108669,0.0,-25.592185592185597,36.14163614163614,0.0,3.711843711843712,-16.605616605616607,46.3003663003663,33.40659340659341,0.0,5.665445665445666,-6.837606837606837,46.69108669108669,22.857142857142858,0.0,-40.43956043956044,-161.17216117216117,160.78144078144078,0.9768009768009768,46.69108669108669
11.135531135531137,-10.744810744810744,42.78388278388278,24.02930402930403,0.0,-7.228327228327228,4.102564102564102,28.71794871794872,41.22100122100122,0.0,-29.89010989010989,31.45299145299145,0.0,2.5396825396825395,-22.466422466422465,53.724053724053725,29.89010989010989,0.0,2.93040293040293,-8.00976800976801,49.03540903540904,20.12210012210012,0.0,-42.39316239316239,-111.94139194139194,111.55067155067157,-5.665445665445666,49.03540903540904
9.572649572649572,-8.4004884004884,42.002442002442,16.605616605616607,0.0,-6.837606837606837,3.3211233211233213,20.903540903540904,40.83028083028083,0.0,-32.234432234432234,26.37362637362637,0.0,-2.148962148962149,-27.155067155067155,54.114774114774114,36.53235653235653,0.0,1.3675213675213675,-12.307692307692308,45.90964590964591,26.764346764346765,0.0,-41.61172161172161,-115.84859584859583,112.33211233211232,-8.00976800976801,45.90964590964591
8.791208791208792,-8.4004884004884,43.95604395604396,8.4004884004884,0.0,-3.711843711843712,0.9768009768009768,20.512820512820515,34.18803418803419,0.0,-31.843711843711844,24.42002442002442,0.0,-1.7582417582417582,-24.42002442002442,48.25396825396825,38.095238095238095,0.0,2.93040293040293,-13.870573870573873,42.78388278388278,27.936507936507937,0.0,-43.56532356532357,-126.007326007326,127.17948717948718,-13.089133089133089,42.78388278388278
13.47985347985348,-6.837606837606837,46.69108669108669,-5.665445665445666,0.0,4.493284493284493,-2.5396825396825395,24.02930402930403,20.903540903540904,0.0,-30.28083028083028,25.982905982905983,0.0,1.3675213675213675,-21.294261294261293,43.17460317460318,29.10866910866911,0.0,6.056166056166056,-12.698412698412698,40.43956043956044,19.34065934065934,0.0,-46.3003663003663,-100.6105006105006,102.56410256410255,-13.089133089133089,40.43956043956044
15.042735042735044,-5.665445665445666,45.12820512820513,-11.526251526251526,0.0,4.102564102564102,-6.446886446886447,25.2014652014652,18.94993894993895,0.0,-31.45299145299145,25.592185592185597,0.0,0.9768009768009768,-20.903540903540904,37.704517704517706,29.89010989010989,0.0,4.493284493284493,-14.652014652014651,38.095238095238095,20.12210012210012,0.0,-44.737484737484735,-113.5042735042735,112.33211233211232,-17.387057387057386,38.095238095238095
15.433455433455434,-5.274725274725275,40.04884004884005,-9.18192918192918,0.0,0.9768009768009768,-9.963369963369964,25.2014652014652,23.247863247863247,0.0,-34.18803418803419,25.2014652014652,0.0,-2.93040293040293,-20.903540903540904,33.7973137973138,33.40659340659341,0.0,0.5860805860805861,-13.089133089133089,31.45299145299145,24.02930402930403,0.0,-39.65811965811966,-132.64957264957266,126.3980463980464,-18.55921855921856,31.45299145299145
20.512820512820515,0.1953601953601953,36.92307692307692,-15.433455433455434,0.0,0.5860805860805861,-4.102564102564102,28.71794871794872,15.433455433455434,0.0,-31.062271062271066,26.764346764346765,0.0,-1.3675213675213675,-20.12210012210012,38.095238095238095,23.247863247863247,0.0,1.3675213675213675,-6.837606837606837,26.764346764346765,17.77777777777778,0.0,-36.53235653235653,-90.84249084249085,78.73015873015873,-15.433455433455434,26.764346764346765
23.63858363858364,3.3211233211233213,31.45299145299145,-14.652014652014651,0.0,-2.5396825396825395,1.3675213675213675,30.671550671550676,13.089133089133089,0.0,-28.32722832722833,28.32722832722833,0.0,-0.9768009768009768,-16.996336996336996,41.61172161172161,18.168498168498168,0.0,7.228327228327228,-3.3211233211233213,20.12210012210012,16.996336996336996,0.0,-31.062271062271066,-81.85592185592185,67.00854700854701,-13.089133089133089,20.12210012210012
24.81074481074481,1.3675213675213675,26.37362637362637,-2.5396825396825395,0.0,-8.00976800976801,6.837606837606837,29.89010989010989,20.512820512820515,0.0,-22.075702075702075,26.764346764346765,0.0,-0.9768009768009768,-16.214896214896214,39.26739926739927,24.81074481074481,0.0,11.135531135531137,-1.7582417582417582,9.963369963369964,27.155067155067155,0.0,-25.982905982905983,-137.33821733821733,121.31868131868131,-10.354090354090356,9.963369963369964
29.499389499389498,2.93040293040293,22.466422466422465,2.148962148962149,0.0,-6.056166056166056,12.307692307692308,33.01587301587302,18.168498168498168,0.0,-13.089133089133089,28.32722832722833,0.0,2.93040293040293,-15.042735042735044,38.87667887667888,20.903540903540904,0.0,11.526251526251526,0.9768009768009768,5.274725274725275,29.499389499389498,0.0,-22.075702075702075,-135.3846153846154,112.33211233211232,-5.665445665445666,5.274725274725275
34.969474969474966,5.274725274725275,20.903540903540904,0.1953601953601953,0.0,-3.711843711843712,15.042735042735044,35.36019536019536,14.261294261294262,0.0,-5.665445665445666,26.764346764346765,0.0,9.572649572649572,-13.089133089133089,38.095238095238095,11.526251526251526,0.0,10.744810744810744,2.148962148962149,6.056166056166056,26.764346764346765,0.0,-20.512820512820515,-79.12087912087912,50.5982905982906,-8.4004884004884,6.056166056166056
34.18803418803419,4.884004884004884,14.261294261294262,0.1953601953601953,0.0,-5.274725274725275,11.135531135531137,31.45299145299145,16.214896214896214,0.0,-1.3675213675213675,21.294261294261293,0.0,8.00976800976801,-17.387057387057386,35.36019536019536,12.307692307692308,0.0,2.5396825396825395,-2.5396825396825395,5.665445665445666,33.40659340659341,0.0,-13.870573870573873,-103.34554334554336,63.88278388278388,-12.698412698412698,5.665445665445666
34.969474969474966,7.619047619047619,4.884004884004884,-3.711843711843712,0.0,-3.3211233211233213,6.446886446886447,28.32722832722833,12.307692307692308,0.0,-0.1953601953601953,17.77777777777778,0.0,5.665445665445666,-20.12210012210012,31.843711843711844,7.619047619047619,0.0,-2.93040293040293,-7.228327228327228,1.7582417582417582,34.18803418803419,0.0,-4.493284493284493,-142.02686202686203,92.7960927960928,-17.77777777777778,1.7582417582417582
36.53235653235653,6.837606837606837,0.1953601953601953,-13.870573870573873,0.0,-2.93040293040293,3.711843711843712,26.764346764346765,1.3675213675213675,0.0,-0.1953601953601953,13.089133089133089,0.0,4.102564102564102,-20.903540903540904,30.28083028083028,-0.1953601953601953,0.0,-1.7582417582417582,-12.698412698412698,-0.1953601953601953,29.89010989010989,0.0,0.1953601953601953,-118.97435897435898,67.78998778998779,-23.63858363858364,-0.1953601953601953
31.062271062271066,3.711843711843712,-2.148962148962149,-14.652014652014651,0.0,-9.572649572649572,1.7582417582417582,24.81074481074481,0.5860805860805861,0.0,-0.9768009768009768,7.619047619047619,0.0,-0.5860805860805861,-24.81074481074481,27.936507936507937,0.9768009768009768,0.0,-1.7582417582417582,-20.12210012210012,-5.665445665445666,32.62515262515262,0.0,2.5396825396825395,-95.92185592185592,46.3003663003663,-27.155067155067155,-5.665445665445666
27.936507936507937,-1.3675213675213675,-0.9768009768009768,-3.3211233211233213,0.0,-10.354090354090356,0.1953601953601953,24.02930402930403,8.4004884004884,0.0,-2.5396825396825395,6.056166056166056,0.0,-6.056166056166056,-25.982905982905983,25.982905982905983,5.665445665445666,0.0,-1.3675213675213675,-25.592185592185597,-10.744810744810744,38.87667887667888,0.0,1.3675213675213675,-145.54334554334554,102.56410256410255,-27.936507936507937,-10.744810744810744
29.89010989010989,-4.884004884004884,4.493284493284493,0.5860805860805861,0.0,-6.837606837606837,0.5860805860805861,27.545787545787547,8.791208791208792,0.0,-0.1953601953601953,7.619047619047619,0.0,-3.3211233211233213,-23.63858363858364,27.545787545787547,3.3211233211233213,0.0,0.5860805860805861,-24.81074481074481,-8.00976800976801,36.53235653235653,0.0,-4.102564102564102,-152.96703296703296,116.63003663003664,-26.37362637362637,-8.00976800976801
28.71794871794872,-5.665445665445666,8.4004884004884,4.102564102564102,0.0,-7.619047619047619,1.3675213675213675,31.45299145299145,9.572649572649572,0.0,0.9768009768009768,11.135531135531137,0.0,-4.493284493284493,-16.214896214896214,31.062271062271066,0.9768009768009768,0.0,0.5860805860805861,-19.73137973137973,-0.1953601953601953,31.45299145299145,0.0,-8.00976800976801,-144.76190476190476,115.84859584859583,-24.81074481074481,-0.1953601953601953
30.28083028083028,-8.00976800976801,6.446886446886447,11.135531135531137,0.0,-3.3211233211233213,-4.102564102564102,35.36019536019536,12.698412698412698,0.0,3.3211233211233213,16.996336996336996,0.0,-8.00976800976801,-9.572649572649572,35.36019536019536,3.3211233211233213,0.0,-0.9768009768009768,-17.387057387057386,8.4004884004884,31.45299145299145,0.0,-6.056166056166056,-170.15873015873015,142.02686202686203,-23.63858363858364,8.4004884004884
32.62515262515262,-6.056166056166056,1.3675213675213675,8.791208791208792,0.0,-1.3675213675213675,-5.665445665445666,38.87667887667888,5.665445665445666,0.0,6.056166056166056,21.294261294261293,0.0,-8.791208791208792,-0.9768009768009768,38.48595848595848,0.9768009768009768,0.0,-2.148962148962149,-13.47985347985348,19.73137973137973,25.2014652014652,0.0,-0.9768009768009768,-170.94017094017093,139.68253968253967,-22.075702075702075,19.73137973137973
33.7973137973138,-6.446886446886447,-0.5860805860805861,6.837606837606837,0.0,-1.7582417582417582,-2.93040293040293,40.43956043956044,-0.9768009768009768,0.0,9.18192918192918,24.42002442002442,0.0,-5.665445665445666,6.056166056166056,44.346764346764346,-4.493284493284493,0.0,1.3675213675213675,-11.526251526251526,31.062271062271066,18.55921855921856,0.0,0.9768009768009768,-150.62271062271063,120.14652014652016,-21.294261294261293,31.062271062271066
30.28083028083028,-10.354090354090356,-2.93040293040293,14.261294261294262,0.0,-0.5860805860805861,-7.228327228327228,37.704517704517706,1.7582417582417582,0.0,12.307692307692308,19.73137973137973,0.0,-4.493284493284493,6.056166056166056,45.51892551892552,0.1953601953601953,0.0,2.93040293040293,-14.261294261294262,35.36019536019536,23.63858363858364,0.0,3.3211233211233213,-159.6092796092796,133.04029304029305,-19.73137973137973,35.36019536019536
24.42002442002442,-14.652014652014651,-3.3211233211233213,23.63858363858364,0.0,2.93040293040293,-12.307692307692308,31.45299145299145,7.228327228327228,0.0,12.307692307692308,15.042735042735044,0.0,0.5860805860805861,3.711843711843712,42.78388278388278,6.837606837606837,0.0,4.102564102564102,-14.652014652014651,34.969474969474966,29.89010989010989,0.0,3.711843711843712,-148.2783882783883,126.007326007326,-16.214896214896214,34.969474969474966
20.12210012210012,-16.214896214896214,1.3675213675213675,22.857142857142858,0.0,11.916971916971915,-11.135531135531137,29.89010989010989,-1.3675213675213675,0.0,16.996336996336996,9.572649572649572,0.0,6.837606837606837,7.619047619047619,40.83028083028083,0.9768009768009768,0.0,6.446886446886447,-11.135531135531137,39.65811965811966,22.466422466422465,0.0,-0.9768009768009768,-91.23321123321124,76.77655677655677,-9.963369963369964,39.65811965811966
15.042735042735044,-17.387057387057386,7.228327228327228,26.37362637362637,0.0,20.12210012210012,-9.18192918192918,28.71794871794872,-7.228327228327228,0.0,19.34065934065934,3.711843711843712,0.0,8.4004884004884,11.526251526251526,37.704517704517706,1.7582417582417582,0.0,3.3211233211233213,-6.837606837606837,45.51892551892552,18.94993894993895,0.0,-6.837606837606837,-77.94871794871794,69.35286935286935,-4.102564102564102,45.51892551892552
10.744810744810744,-18.94993894993895,11.916971916971915,34.57875457875458,0.0,25.592185592185597,-6.837606837606837,26.37362637362637,-6.056166056166056,0.0,24.02930402930403,-0.1953601953601953,0.0,15.042735042735044,15.042735042735044,30.28083028083028,7.619047619047619,0.0,2.93040293040293,-6.837606837606837,51.77045177045177,20.903540903540904,0.0,-11.526251526251526,-116.23931623931624,106.86202686202688,0.5860805860805861,51.77045177045177
11.526251526251526,-16.996336996336996,18.94993894993895,34.57875457875458,0.0,34.18803418803419,-0.1953601953601953,25.592185592185597,-9.963369963369964,0.0,32.234432234432234,-2.93040293040293,0.0,31.843711843711844,22.466422466422465,24.42002442002442,3.3211233211233213,0.0,10.354090354090356,-2.5396825396825395,61.14774114774115,14.652014652014651,0.0,-18.55921855921856,-90.45177045177046,81.46520146520146,5.665445665445666,61.14774114774115
12.307692307692308,-15.824175824175825,27.936507936507937,32.62515262515262,0.0,39.26739926739927,1.7582417582417582,25.2014652014652,-9.572649572649572,0.0,34.969474969474966,-5.665445665445666,0.0,43.17460317460318,26.37362637362637,24.42002442002442,-2.148962148962149,0.0,14.261294261294262,2.148962148962149,69.74358974358974,4.884004884004884,0.0,-27.545787545787547,-24.81074481074481,23.63858363858364,8.4004884004884,69.74358974358974
8.00976800976801,-17.387057387057386,33.40659340659341,37.31379731379732,0.0,41.61172161172161,-0.9768009768009768,19.34065934065934,0.9768009768009768,0.0,33.40659340659341,-12.307692307692308,0.0,49.03540903540904,20.512820512820515,21.294261294261293,0.5860805860805861,0.0,16.214896214896214,3.711843711843712,68.57142857142857,3.711843711843712,0.0,-33.01587301587302,-33.40659340659341,40.04884004884005,11.526251526251526,68.57142857142857
4.884004884004884,-17.77777777777778,35.75091575091575,33.40659340659341,0.0,44.346764346764346,-3.3211233211233213,14.261294261294262,0.1953601953601953,0.0,28.32722832722833,-20.903540903540904,0.0,55.67765567765568,14.261294261294262,17.77777777777778,-2.148962148962149,0.0,18.94993894993895,8.4004884004884,61.92918192918193,-4.102564102564102,0.0,-35.36019536019536,-74.04151404151405,91.62393162393164,13.089133089133089,61.92918192918193
0.5860805860805861,-16.996336996336996,34.969474969474966,27.545787545787547,0.0,47.472527472527474,-2.93040293040293,11.526251526251526,-8.791208791208792,0.0,20.12210012210012,-29.10866910866911,0.0,43.95604395604396,6.056166056166056,15.042735042735044,-9.963369963369964,0.0,4.884004884004884,11.135531135531137,52.94261294261294,-13.47985347985348,0.0,-34.57875457875458,-49.42612942612943,74.04151404151405,15.824175824175825,52.94261294261294
-5.665445665445666,-17.387057387057386,36.14163614163614,25.592185592185597,0.0,47.472527472527474,-2.5396825396825395,9.572649572649572,-16.605616605616607,0.0,13.47985347985348,-40.43956043956044,0.0,40.43956043956044,-0.9768009768009768,11.135531135531137,-13.870573870573873,0.0,0.5860805860805861,9.572649572649572,40.43956043956044,-14.261294261294262,0.0,-35.75091575091575,2.148962148962149,27.155067155067155,14.652014652014651,40.43956043956044
-9.572649572649572,-15.042735042735044,32.234432234432234,23.247863247863247,0.0,47.472527472527474,-0.1953601953601953,2.5396825396825395,-19.34065934065934,0.0,11.916971916971915,-48.64468864468864,0.0,47.472527472527474,-8.00976800976801,2.148962148962149,-12.307692307692308,0.0,0.1953601953601953,7.619047619047619,27.545787545787547,-6.056166056166056,0.0,-31.843711843711844,-50.5982905982906,73.26007326007326,14.652014652014651,27.545787545787547
-8.00976800976801,-10.354090354090356,32.62515262515262,11.916971916971915,0.0,53.333333333333336,-1.3675213675213675,-0.5860805860805861,-24.81074481074481,0.0,12.698412698412698,-51.37973137973138,0.0,58.41269841269841,-9.963369963369964,-0.5860805860805861,-18.168498168498168,0.0,0.1953601953601953,7.228327228327228,23.63858363858364,-3.3211233211233213,0.0,-32.234432234432234,-43.95604395604396,52.94261294261294,18.168498168498168,23.63858363858364
-8.4004884004884,-8.00976800976801,36.14163614163614,4.493284493284493,0.0,53.724053724053725,-4.102564102564102,-4.102564102564102,-20.903540903540904,0.0,11.135531135531137,-54.5054945054945,0.0,62.31990231990232,-11.526251526251526,-0.1953601953601953,-19.34065934065934,0.0,-0.5860805860805861,6.446886446886447,23.247863247863247,0.1953601953601953,0.0,-35.75091575091575,-12.307692307692308,14.261294261294262,18.55921855921856,23.247863247863247
-8.4004884004884,-7.228327228327228,33.7973137973138,1.7582417582417582,0.0,54.5054945054945,-10.744810744810744,-10.744810744810744,-12.698412698412698,0.0,9.963369963369964,-56.84981684981685,0.0,65.05494505494505,-18.55921855921856,-2.148962148962149,-10.744810744810744,0.0,-3.3211233211233213,4.102564102564102,21.68498168498169,9.18192918192918,0.0,-33.40659340659341,-23.63858363858364,17.77777777777778,20.12210012210012,21.68498168498169
-6.056166056166056,-3.3211233211233213,28.32722832722833,-3.3211233211233213,0.0,58.02197802197802,-13.870573870573873,-10.744810744810744,-17.387057387057386,0.0,9.18192918192918,-58.02197802197802,0.0,67.78998778998779,-20.12210012210012,-2.5396825396825395,-11.526251526251526,0.0,-2.93040293040293,5.665445665445666,22.466422466422465,6.446886446886447,0.0,-27.936507936507937,13.47985347985348,-24.81074481074481,21.68498168498169,22.466422466422465
-8.4004884004884,-0.9768009768009768,22.075702075702075,-9.18192918192918,0.0,56.06837606837607,-15.433455433455434,-9.963369963369964,-26.37362637362637,0.0,5.665445665445666,-58.8034188034188,0.0,59.1941391941392,-24.02930402930403,-2.148962148962149,-15.042735042735044,0.0,-10.354090354090356,6.837606837606837,18.55921855921856,2.148962148962149,0.0,-21.68498168498169,60.366300366300365,-67.3992673992674,18.55921855921856,18.55921855921856
-9.963369963369964,-1.3675213675213675,9.18192918192918,-4.102564102564102,0.0,55.67765567765568,-22.075702075702075,-15.042735042735044,-25.2014652014652,0.0,0.5860805860805861,-60.366300366300365,0.0,51.77045177045177,-31.062271062271066,-5.665445665445666,-8.00976800976801,0.0,-15.042735042735044,1.3675213675213675,13.089133089133089,6.056166056166056,0.0,-8.791208791208792,44.346764346764346,-52.55189255189255,16.214896214896214,13.089133089133089
-8.791208791208792,0.1953601953601953,-2.93040293040293,-0.9768009768009768,0.0,58.8034188034188,-22.857142857142858,-18.168498168498168,-30.28083028083028,0.0,0.9768009768009768,-58.41269841269841,0.0,52.55189255189255,-33.40659340659341,-7.228327228327228,-5.665445665445666,0.0,-10.354090354090356,-2.93040293040293,8.791208791208792,9.572649572649572,0.0,3.3211233211233213,25.2014652014652,-39.65811965811966,15.824175824175825,8.791208791208792
-8.791208791208792,7.619047619047619,-8.4004884004884,-4.884004884004884,0.0,64.27350427350427,-20.12210012210012,-16.214896214896214,-42.002442002442,0.0,6.056166056166056,-55.67765567765568,0.0,53.724053724053725,-32.234432234432234,-2.5396825396825395,-13.47985347985348,0.0,-5.665445665445666,-8.4004884004884,7.619047619047619,10.744810744810744,0.0,8.791208791208792,75.6043956043956,-94.74969474969475,11.916971916971915,7.619047619047619
-4.102564102564102,2.148962148962149,-14.652014652014651,-1.7582417582417582,0.0,63.10134310134311,-21.68498168498169,-15.433455433455434,-44.346764346764346,0.0,10.354090354090356,-54.5054945054945,0.0,48.64468864468864,-31.843711843711844,-0.9768009768009768,-16.214896214896214,0.0,-9.18192918192918,-16.996336996336996,6.837606837606837,18.94993894993895,0.0,15.042735042735044,74.04151404151405,-100.6105006105006,9.572649572649572,6.837606837606837
-3.711843711843712,1.3675213675213675,-22.466422466422465,2.5396825396825395,0.0,61.14774114774115,-22.075702075702075,-17.387057387057386,-43.95604395604396,0.0,15.042735042735044,-55.28693528693529,0.0,49.03540903540904,-31.45299145299145,-2.5396825396825395,-13.870573870573873,0.0,-11.916971916971915,-21.294261294261293,1.3675213675213675,32.234432234432234,0.0,22.857142857142858,20.512820512820515,-56.06837606837607,10.354090354090356,1.3675213675213675
-7.228327228327228,8.791208791208792,-27.936507936507937,-5.274725274725275,0.0,59.1941391941392,-20.903540903540904,-15.824175824175825,-53.724053724053725,0.0,16.214896214896214,-55.28693528693529,0.0,45.90964590964591,-28.71794871794872,-3.3211233211233213,-23.63858363858364,0.0,-18.168498168498168,-21.68498168498169,-2.93040293040293,33.40659340659341,0.0,28.32722832722833,41.61172161172161,-81.46520146520146,9.18192918192918,-2.93040293040293
1.7582417582417582,-1.7582417582417582,-35.75091575091575,-9.963369963369964,0.0,57.63125763125763,-29.10866910866911,-21.68498168498169,-52.94261294261294,0.0,8.4004884004884,-56.45909645909646,0.0,41.61172161172161,-29.10866910866911,-5.665445665445666,-25.982905982905983,0.0,-23.247863247863247,-22.466422466422465,-10.354090354090356,36.53235653235653,0.0,36.14163614163614,98.65689865689866,-143.5897435897436,10.354090354090356,-10.354090354090356
0.5860805860805861,-3.3211233211233213,-47.081807081807085,-6.837606837606837,0.0,54.5054945054945,-35.75091575091575,-29.89010989010989,-46.3003663003663,0.0,-1.3675213675213675,-56.06837606837607,0.0,35.75091575091575,-29.499389499389498,-8.00976800976801,-20.12210012210012,0.0,-29.499389499389498,-20.12210012210012,-16.996336996336996,44.346764346764346,0.0,47.472527472527474,75.6043956043956,-133.43101343101344,16.996336996336996,-16.996336996336996
2.148962148962149,0.1953601953601953,-55.28693528693529,-8.00976800976801,0.0,61.53846153846154,-38.095238095238095,-35.75091575091575,-47.472527472527474,0.0,-8.00976800976801,-54.114774114774114,0.0,31.45299145299145,-27.545787545787547,-5.665445665445666,-20.512820512820515,0.0,-27.936507936507937,-18.55921855921856,-20.512820512820515,43.95604395604396,0.0,55.67765567765568,38.87667887667888,-101.3919413919414,18.168498168498168,-20.512820512820515
10.744810744810744,-9.572649572649572,-58.8034188034188,-6.837606837606837,0.0,65.83638583638583,-41.61172161172161,-37.31379731379732,-51.77045177045177,0.0,-11.135531135531137,-54.5054945054945,0.0,30.28083028083028,-26.37362637362637,0.1953601953601953,-23.247863247863247,0.0,-24.81074481074481,-15.824175824175825,-20.903540903540904,42.002442002442,0.0,59.1941391941392,91.62393162393164,-156.4835164835165,22.466422466422465,-20.903540903540904
6.837606837606837,-9.572649572649572,-63.88278388278388,-0.9768009768009768,0.0,67.78998778998779,-42.78388278388278,-39.26739926739927,-54.114774114774114,0.0,-14.261294261294262,-52.55189255189255,0.0,28.71794871794872,-27.936507936507937,-0.1953601953601953,-18.168498168498168,0.0,-29.10866910866911,-11.135531135531137,-21.294261294261293,43.95604395604396,0.0,64.27350427350427,111.94139194139194,-174.06593406593407,22.075702075702075,-21.294261294261293
4.884004884004884,-9.18192918192918,-64.27350427350427,0.5860805860805861,0.0,70.13431013431014,-37.31379731379732,-40.83028083028083,-58.8034188034188,0.0,-15.824175824175825,-51.37973137973138,0.0,26.37362637362637,-31.843711843711844,-2.148962148962149,-14.261294261294262,0.0,-33.40659340659341,-9.18192918192918,-22.857142857142858,44.346764346764346,0.0,64.66422466422466,63.49206349206349,-124.44444444444444,27.936507936507937,-22.857142857142858
10.354090354090356,-10.744810744810744,-62.71062271062271,-1.3675213675213675,0.0,75.995115995116,-33.7973137973138,-38.87667887667888,-67.3992673992674,0.0,-16.605616605616607,-48.25396825396825,0.0,37.31379731379732,-34.969474969474966,-5.274725274725275,-16.214896214896214,0.0,-27.155067155067155,-7.619047619047619,-25.982905982905983,41.22100122100122,0.0,63.10134310134311,60.757020757020754,-124.44444444444444,34.18803418803419,-25.982905982905983
10.744810744810744,-13.089133089133089,-63.49206349206349,4.102564102564102,0.0,74.82295482295483,-31.45299145299145,-39.65811965811966,-64.66422466422466,0.0,-18.94993894993895,-46.3003663003663,0.0,39.26739926739927,-38.095238095238095,-8.00976800976801,-12.307692307692308,0.0,-25.2014652014652,-9.963369963369964,-29.89010989010989,46.69108669108669,0.0,63.88278388278388,41.22100122100122,-106.47130647130648,35.75091575091575,-29.89010989010989
10.744810744810744,-15.824175824175825,-67.3992673992674,13.089133089133089,0.0,74.04151404151405,-31.062271062271066,-41.22100122100122,-59.975579975579976,0.0,-20.903540903540904,-43.95604395604396,0.0,33.40659340659341,-39.65811965811966,-9.572649572649572,-8.00976800976801,0.0,-26.37362637362637,-15.433455433455434,-33.40659340659341,51.77045177045177,0.0,67.78998778998779,8.00976800976801,-76.38583638583638,35.75091575091575,-33.40659340659341
13.47985347985348,-16.996336996336996,-69.74358974358974,13.870573870573873,0.0,77.16727716727716,-31.843711843711844,-38.095238095238095,-65.05494505494505,0.0,-18.94993894993895,-39.26739926739927,0.0,34.57875457875458,-35.75091575091575,-4.493284493284493,-15.824175824175825,0.0,-18.168498168498168,-20.12210012210012,-32.234432234432234,48.64468864468864,0.0,70.13431013431014,38.095238095238095,-102.95482295482296,31.843711843711844,-32.234432234432234
12.307692307692308,-19.34065934065934,-70.91575091575092,16.214896214896214,0.0,74.43223443223444,-29.10866910866911,-35.75091575091575,-70.13431013431014,0.0,-16.605616605616607,-30.671550671550676,0.0,25.982905982905983,-34.18803418803419,2.93040293040293,-23.63858363858364,0.0,-23.247863247863247,-22.466422466422465,-24.42002442002442,42.39316239316239,0.0,71.30647130647131,58.41269841269841,-115.84859584859583,26.37362637362637,-24.42002442002442
9.18192918192918,-20.512820512820515,-72.08791208791209,23.63858363858364,0.0,67.78998778998779,-22.466422466422465,-36.53235653235653,-67.3992673992674,0.0,-10.744810744810744,-23.247863247863247,0.0,17.77777777777778,-33.01587301587302,10.354090354090356,-23.247863247863247,0.0,-27.936507936507937,-25.982905982905983,-16.996336996336996,43.56532356532357,0.0,72.47863247863248,14.261294261294262,-67.00854700854701,23.247863247863247,-16.996336996336996
7.619047619047619,-18.94993894993895,-67.00854700854701,25.592185592185597,0.0,64.27350427350427,-13.089133089133089,-34.969474969474966,-67.78998778998779,0.0,0.9768009768009768,-18.55921855921856,0.0,17.387057387057386,-32.234432234432234,15.824175824175825,-27.936507936507937,0.0,-28.32722832722833,-26.37362637362637,-12.698412698412698,43.17460317460318,0.0,67.3992673992674,17.387057387057386,-63.49206349206349,22.075702075702075,-12.698412698412698
3.711843711843712,-15.042735042735044,-58.02197802197802,23.247863247863247,0.0,59.975579975579976,-3.711843711843712,-30.28083028083028,-71.6971916971917,0.0,14.652014652014651,-18.55921855921856,0.0,20.512820512820515,-30.671550671550676,20.903540903540904,-39.65811965811966,0.0,-29.10866910866911,-23.247863247863247,-10.744810744810744,36.92307692307692,0.0,58.41269841269841,75.21367521367522,-116.63003663003664,20.903540903540904,-10.744810744810744
-2.5396825396825395,-12.698412698412698,-54.5054945054945,29.89010989010989,0.0,57.24053724053724,0.1953601953601953,-29.10866910866911,-68.57142857142857,0.0,26.764346764346765,-25.592185592185597,0.0,24.02930402930403,-30.671550671550676,16.605616605616607,-44.737484737484735,0.0,-27.155067155067155,-23.63858363858364,-20.903540903540904,38.095238095238095,0.0,54.89621489621489,80.29304029304029,-115.06715506715508,18.94993894993895,-20.903540903540904
-8.4004884004884,-9.572649572649572,-53.724053724053725,33.40659340659341,0.0,56.84981684981685,0.5860805860805861,-27.155067155067155,-69.35286935286935,0.0,35.75091575091575,-34.969474969474966,0.0,23.63858363858364,-30.28083028083028,8.00976800976801,-54.114774114774114,0.0,-26.764346764346765,-23.63858363858364,-35.36019536019536,34.57875457875458,0.0,54.114774114774114,49.42612942612943,-77.94871794871794,19.73137973137973,-35.36019536019536
-9.963369963369964,-6.446886446886447,-52.16117216117216,28.32722832722833,0.0,59.975579975579976,-0.5860805860805861,-23.63858363858364,-75.995115995116,0.0,40.04884004884005,-40.04884004884005,0.0,26.764346764346765,-28.32722832722833,0.9768009768009768,-67.00854700854701,0.0,-22.857142857142858,-21.294261294261293,-45.12820512820513,22.075702075702075,0.0,52.55189255189255,60.757020757020754,-83.41880341880342,21.68498168498169,-45.12820512820513
-9.18192918192918,-9.963369963369964,-50.989010989010985,28.71794871794872,0.0,59.975579975579976,-4.102564102564102,-23.247863247863247,-73.26007326007326,0.0,39.26739926739927,-42.39316239316239,0.0,21.294261294261293,-25.982905982905983,-2.93040293040293,-73.65079365079364,0.0,-23.247863247863247,-20.512820512820515,-46.3003663003663,9.18192918192918,0.0,51.37973137973138,101.78266178266178,-121.7094017094017,25.592185592185597,-46.3003663003663
-8.791208791208792,-16.996336996336996,-47.86324786324786,30.28083028083028,0.0,56.45909645909646,-7.619047619047619,-23.63858363858364,-67.78998778998779,0.0,38.87667887667888,-44.737484737484735,0.0,15.433455433455434,-21.68498168498169,-6.837606837606837,-75.21367521367522,0.0,-25.2014652014652,-18.168498168498168,-42.78388278388278,-0.5860805860805861,0.0,48.25396825396825,75.995115995116,-91.62393162393164,31.062271062271066,-42.78388278388278
-8.4004884004884,-22.075702075702075,-39.65811965811966,25.592185592185597,0.0,49.42612942612943,-8.00976800976801,-24.02930402930403,-61.92918192918193,0.0,40.04884004884005,-47.86324786324786,0.0,12.307692307692308,-17.387057387057386,-6.837606837606837,-73.65079365079364,0.0,-25.592185592185597,-14.261294261294262,-32.62515262515262,-11.916971916971915,0.0,40.04884004884005,36.92307692307692,-51.77045177045177,35.75091575091575,-32.62515262515262
-8.791208791208792,-23.247863247863247,-29.89010989010989,15.824175824175825,0.0,46.3003663003663,-5.665445665445666,-22.857142857142858,-63.49206349206349,0.0,43.17460317460318,-51.37973137973138,0.0,11.526251526251526,-11.135531135531137,-6.446886446886447,-78.73015873015873,0.0,-23.63858363858364,-9.572649572649572,-24.02930402930403,-26.37362637362637,0.0,30.28083028083028,98.65689865689866,-107.64346764346764,36.14163614163614,-24.02930402930403
-8.791208791208792,-24.42002442002442,-29.10866910866911,15.433455433455434,0.0,45.90964590964591,-6.446886446886447,-27.545787545787547,-58.41269841269841,0.0,45.12820512820513,-56.84981684981685,0.0,16.214896214896214,-10.744810744810744,-12.698412698412698,-73.26007326007326,0.0,-16.605616605616607,-9.963369963369964,-22.075702075702075,-29.499389499389498,0.0,29.499389499389498,102.56410256410255,-106.86202686202688,34.18803418803419,-22.075702075702075
-13.47985347985348,-22.466422466422465,-28.32722832722833,12.698412698412698,0.0,42.39316239316239,-6.837606837606837,-29.89010989010989,-57.63125763125763,0.0,43.17460317460318,-57.63125763125763,0.0,17.387057387057386,-10.744810744810744,-17.77777777777778,-71.6971916971917,0.0,-15.042735042735044,-11.135531135531137,-22.075702075702075,-33.01587301587302,0.0,28.71794871794872,77.16727716727716,-78.33943833943835,31.843711843711844,-22.075702075702075
-13.089133089133089,-22.075702075702075,-31.45299145299145,5.665445665445666,0.0,44.737484737484735,-9.963369963369964,-31.843711843711844,-63.10134310134311,0.0,38.87667887667888,-57.63125763125763,0.0,19.73137973137973,-11.526251526251526,-23.63858363858364,-73.26007326007326,0.0,-13.870573870573873,-13.47985347985348,-18.94993894993895,-40.83028083028083,0.0,31.843711843711844,79.9023199023199,-80.29304029304029,26.764346764346765,-18.94993894993895
-13.089133089133089,-24.81074481074481,-34.969474969474966,9.18192918192918,0.0,40.83028083028083,-12.698412698412698,-33.7973137973138,-57.63125763125763,0.0,34.57875457875458,-58.41269841269841,0.0,11.916971916971915,-8.791208791208792,-28.32722832722833,-64.27350427350427,0.0,-14.652014652014651,-18.55921855921856,-13.47985347985348,-40.83028083028083,0.0,35.36019536019536,72.08791208791209,-75.21367521367522,22.857142857142858,-13.47985347985348
-12.698412698412698,-25.982905982905983,-34.969474969474966,8.4004884004884,0.0,35.36019536019536,-13.47985347985348,-32.62515262515262,-54.89621489621489,0.0,36.53235653235653,-57.63125763125763,0.0,4.884004884004884,-3.711843711843712,-28.71794871794872,-58.41269841269841,0.0,-16.605616605616607,-18.168498168498168,-6.837606837606837,-42.78388278388278,0.0,35.36019536019536,42.78388278388278,-47.081807081807085,20.12210012210012,-6.837606837606837
-5.274725274725275,-21.68498168498169,-31.45299145299145,-4.493284493284493,0.0,33.7973137973138,-5.665445665445666,-27.936507936507937,-64.66422466422466,0.0,46.3003663003663,-58.41269841269841,0.0,2.93040293040293,4.493284493284493,-24.42002442002442,-61.92918192918193,0.0,-15.824175824175825,-9.572649572649572,1.7582417582417582,-54.114774114774114,0.0,31.843711843711844,63.88278388278388,-74.43223443223444,20.903540903540904,1.7582417582417582
0.9768009768009768,-17.77777777777778,-25.982905982905983,-15.824175824175825,0.0,34.18803418803419,3.711843711843712,-25.2014652014652,-72.08791208791209,0.0,60.757020757020754,-62.31990231990232,0.0,6.056166056166056,12.307692307692308,-18.94993894993895,-63.88278388278388,0.0,-11.135531135531137,0.1953601953601953,8.00976800976801,-59.975579975579976,0.0,26.37362637362637,61.53846153846154,-74.43223443223444,23.247863247863247,8.00976800976801
2.93040293040293,-18.55921855921856,-24.81074481074481,-17.77777777777778,0.0,32.234432234432234,4.884004884004884,-28.32722832722833,-68.96214896214896,0.0,70.91575091575092,-68.18070818070818,0.0,6.446886446886447,13.089133089133089,-18.55921855921856,-58.41269841269841,0.0,-12.698412698412698,5.665445665445666,8.00976800976801,-58.02197802197802,0.0,25.2014652014652,-14.652014652014651,0.9768009768009768,24.42002442002442,8.00976800976801
1.7582417582417582,-18.55921855921856,-25.592185592185597,-25.2014652014652,0.0,34.57875457875458,0.9768009768009768,-29.89010989010989,-73.65079365079364,0.0,74.82295482295483,-74.43223443223444,0.0,8.791208791208792,12.307692307692308,-19.34065934065934,-61.14774114774115,0.0,-15.433455433455434,9.572649572649572,5.274725274725275,-58.02197802197802,0.0,25.982905982905983,-29.10866910866911,17.77777777777778,24.02930402930403,5.274725274725275
-0.9768009768009768,-17.387057387057386,-24.81074481074481,-31.843711843711844,0.0,38.095238095238095,-7.228327228327228,-31.45299145299145,-75.21367521367522,0.0,71.6971916971917,-78.33943833943835,0.0,8.00976800976801,11.135531135531137,-19.73137973137973,-63.88278388278388,0.0,-16.605616605616607,9.18192918192918,2.5396825396825395,-58.8034188034188,0.0,25.2014652014652,26.764346764346765,-29.499389499389498,17.77777777777778,2.5396825396825395
-3.711843711843712,-19.34065934065934,-29.10866910866911,-27.545787545787547,0.0,38.095238095238095,-17.77777777777778,-32.62515262515262,-68.57142857142857,0.0,66.61782661782662,-79.12087912087912,0.0,4.884004884004884,10.354090354090356,-23.63858363858364,-61.92918192918193,0.0,-16.214896214896214,4.493284493284493,-2.93040293040293,-54.5054945054945,0.0,29.499389499389498,10.744810744810744,-9.572649572649572,13.870573870573873,-2.93040293040293
-6.837606837606837,-18.94993894993895,-33.40659340659341,-25.982905982905983,0.0,35.75091575091575,-24.81074481074481,-30.671550671550676,-67.00854700854701,0.0,58.41269841269841,-72.47863247863248,0.0,2.148962148962149,10.354090354090356,-26.37362637362637,-65.44566544566544,0.0,-15.042735042735044,2.148962148962149,-8.4004884004884,-56.06837606837607,0.0,33.7973137973138,-32.62515262515262,35.36019536019536,11.135531135531137,-8.4004884004884
-4.493284493284493,-18.55921855921856,-30.28083028083028,-31.45299145299145,0.0,35.75091575091575,-25.982905982905983,-24.42002442002442,-70.91575091575092,0.0,56.06837606837607,-64.66422466422466,0.0,4.102564102564102,12.698412698412698,-24.02930402930403,-75.6043956043956,0.0,-13.089133089133089,3.711843711843712,-8.4004884004884,-63.88278388278388,0.0,30.671550671550676,-11.135531135531137,14.261294261294262,8.4004884004884,-8.4004884004884
-2.148962148962149,-20.512820512820515,-25.592185592185597,-29.10866910866911,0.0,33.01587301587302,-25.592185592185597,-18.94993894993895,-67.00854700854701,0.0,54.89621489621489,-59.1941391941392,0.0,2.93040293040293,11.135531135531137,-24.02930402930403,-79.51159951159951,0.0,-16.996336996336996,1.7582417582417582,-9.572649572649572,-62.71062271062271,0.0,25.982905982905983,23.63858363858364,-25.982905982905983,8.791208791208792,-9.572649572649572
-2.93040293040293,-24.02930402930403,-18.94993894993895,-24.42002442002442,0.0,28.71794871794872,-24.42002442002442,-16.996336996336996,-58.41269841269841,0.0,52.94261294261294,-56.45909645909646,0.0,3.711843711843712,7.619047619047619,-27.155067155067155,-79.12087912087912,0.0,-19.34065934065934,-0.9768009768009768,-11.916971916971915,-59.975579975579976,0.0,19.34065934065934,-13.870573870573873,8.00976800976801,8.4004884004884,-11.916971916971915
-1.7582417582417582,-23.63858363858364,-8.791208791208792,-28.32722832722833,0.0,29.89010989010989,-22.075702075702075,-13.089133089133089,-58.41269841269841,0.0,52.16117216117216,-53.333333333333336,0.0,7.228327228327228,6.446886446886447,-30.28083028083028,-84.98168498168498,0.0,-19.73137973137973,-1.3675213675213675,-15.042735042735044,-61.92918192918193,0.0,9.18192918192918,-11.916971916971915,8.791208791208792,7.619047619047619,-15.042735042735044
-0.1953601953601953,-21.68498168498169,-2.148962148962149,-31.45299145299145,0.0,28.32722832722833,-18.168498168498168,-9.572649572649572,-58.02197802197802,0.0,49.81684981684982,-48.25396825396825,0.0,11.135531135531137,8.4004884004884,-33.01587301587302,-90.84249084249085,0.0,-12.698412698412698,-2.93040293040293,-21.294261294261293,-63.88278388278388,0.0,2.5396825396825395,11.916971916971915,-11.135531135531137,6.446886446886447,-21.294261294261293
0.1953601953601953,-19.34065934065934,-2.148962148962149,-33.01587301587302,0.0,25.592185592185597,-13.870573870573873,-6.056166056166056,-60.757020757020754,0.0,47.86324786324786,-37.704517704517706,0.0,13.47985347985348,9.963369963369964,-36.14163614163614,-93.18681318681318,0.0,-1.7582417582417582,-6.446886446886447,-32.62515262515262,-61.14774114774115,0.0,2.5396825396825395,1.3675213675213675,2.148962148962149,6.837606837606837,-32.62515262515262
2.5396825396825395,-15.433455433455434,-2.5396825396825395,-41.22100122100122,0.0,21.68498168498169,-7.228327228327228,-1.3675213675213675,-70.91575091575092,0.0,46.3003663003663,-22.466422466422465,0.0,15.433455433455434,16.996336996336996,-38.87667887667888,-102.17338217338218,0.0,5.665445665445666,-6.056166056166056,-42.002442002442,-63.10134310134311,0.0,2.93040293040293,2.5396825396825395,4.884004884004884,4.102564102564102,-42.002442002442
6.446886446886447,-10.354090354090356,-2.93040293040293,-48.64468864468864,0.0,19.34065934065934,1.3675213675213675,4.884004884004884,-82.63736263736264,0.0,48.64468864468864,-9.572649572649572,0.0,18.55921855921856,25.2014652014652,-36.92307692307692,-112.33211233211232,0.0,12.307692307692308,-6.446886446886447,-44.346764346764346,-64.27350427350427,0.0,3.3211233211233213,14.261294261294262,-8.791208791208792,3.711843711843712,-44.346764346764346
7.619047619047619,-11.916971916971915,-3.3211233211233213,-43.17460317460318,0.0,17.77777777777778,3.711843711843712,5.274725274725275,-79.9023199023199,0.0,49.42612942612943,-1.3675213675213675,0.0,17.387057387057386,27.545787545787547,-36.53235653235653,-110.37851037851038,0.0,10.744810744810744,-10.354090354090356,-47.472527472527474,-52.55189255189255,0.0,3.711843711843712,-8.00976800976801,10.354090354090356,0.9768009768009768,-47.472527472527474
9.18192918192918,-13.870573870573873,-2.148962148962149,-39.26739926739927,0.0,17.387057387057386,4.493284493284493,5.274725274725275,-75.21367521367522,0.0,50.5982905982906,4.102564102564102,0.0,17.77777777777778,30.28083028083028,-37.704517704517706,-110.37851037851038,0.0,10.354090354090356,-15.042735042735044,-48.64468864468864,-44.346764346764346,0.0,2.5396825396825395,-2.148962148962149,3.3211233211233213,-0.9768009768009768,-48.64468864468864
9.572649572649572,-13.870573870573873,6.056166056166056,-43.17460317460318,0.0,17.77777777777778,4.884004884004884,11.135531135531137,-76.38583638583638,0.0,47.86324786324786,9.572649572649572,0.0,21.68498168498169,31.062271062271066,-32.234432234432234,-115.06715506715508,0.0,13.47985347985348,-16.996336996336996,-42.39316239316239,-46.3003663003663,0.0,-5.665445665445666,52.55189255189255,-46.69108669108669,-3.3211233211233213,-42.39316239316239
8.00976800976801,-16.605616605616607,9.963369963369964,-42.39316239316239,0.0,15.433455433455434,0.1953601953601953,13.47985347985348,-71.6971916971917,0.0,37.704517704517706,14.652014652014651,0.0,18.168498168498168,29.89010989010989,-26.37362637362637,-113.89499389499387,0.0,15.824175824175825,-18.55921855921856,-40.04884004884005,-47.081807081807085,0.0,-9.572649572649572,70.13431013431014,-57.63125763125763,-5.665445665445666,-40.04884004884005
6.056166056166056,-18.94993894993895,8.4004884004884,-40.43956043956044,0.0,10.354090354090356,-4.102564102564102,12.307692307692308,-64.27350427350427,0.0,24.81074481074481,19.73137973137973,0.0,11.916971916971915,27.155067155067155,-25.982905982905983,-108.42490842490842,0.0,15.824175824175825,-21.68498168498169,-41.22100122100122,-46.3003663003663,0.0,-8.00976800976801,32.62515262515262,-16.605616605616607,-7.619047619047619,-41.22100122100122
5.274725274725275,-16.996336996336996,4.102564102564102,-45.51892551892552,0.0,6.837606837606837,-7.228327228327228,11.135531135531137,-64.27350427350427,0.0,9.18192918192918,24.81074481074481,0.0,5.665445665445666,23.63858363858364,-23.63858363858364,-108.42490842490842,0.0,13.870573870573873,-21.68498168498169,-42.39316239316239,-49.81684981684982,0.0,-3.711843711843712,38.48595848595848,-23.247863247863247,-10.354090354090356,-42.39316239316239
7.619047619047619,-16.605616605616607,0.1953601953601953,-49.03540903540904,0.0,5.274725274725275,-10.744810744810744,11.135531135531137,-64.27350427350427,0.0,-5.274725274725275,29.499389499389498,0.0,0.1953601953601953,21.68498168498169,-19.73137973137973,-112.33211233211232,0.0,9.963369963369964,-21.294261294261293,-44.737484737484735,-51.77045177045177,0.0,0.1953601953601953,52.16117216117216,-42.002442002442,-13.089133089133089,-44.737484737484735
7.619047619047619,-15.824175824175825,-4.102564102564102,-48.25396825396825,0.0,0.9768009768009768,-16.214896214896214,10.744810744810744,-57.63125763125763,0.0,-20.512820512820515,33.7973137973138,0.0,-5.665445665445666,15.042735042735044,-20.512820512820515,-110.37851037851038,0.0,3.3211233211233213,-26.764346764346765,-52.55189255189255,-44.346764346764346,0.0,4.493284493284493,6.837606837606837,-6.446886446886447,-17.387057387057386,-52.55189255189255
7.619047619047619,-13.47985347985348,-4.102564102564102,-51.37973137973138,0.0,-0.5860805860805861,-20.12210012210012,14.652014652014651,-56.06837606837607,0.0,-31.45299145299145,38.87667887667888,0.0,-7.619047619047619,10.354090354090356,-18.168498168498168,-114.28571428571428,0.0,1.7582417582417582,-31.843711843711844,-57.63125763125763,-39.26739926739927,0.0,4.493284493284493,-62.71062271062271,55.67765567765568,-21.68498168498169,-57.63125763125763
10.744810744810744,-12.698412698412698,0.1953601953601953,-58.02197802197802,0.0,0.1953601953601953,-24.42002442002442,19.34065934065934,-54.89621489621489,0.0,-41.22100122100122,45.12820512820513,0.0,-6.837606837606837,11.526251526251526,-14.652014652014651,-117.8021978021978,0.0,5.274725274725275,-32.62515262515262,-58.41269841269841,-40.04884004884005,0.0,0.1953601953601953,-72.47863247863248,65.44566544566544,-26.37362637362637,-58.41269841269841
11.526251526251526,-14.261294261294262,3.711843711843712,-59.975579975579976,0.0,-0.1953601953601953,-28.32722832722833,21.68498168498169,-50.989010989010985,0.0,-50.989010989010985,50.989010989010985,0.0,-9.963369963369964,11.526251526251526,-10.744810744810744,-119.75579975579976,0.0,9.18192918192918,-38.48595848595848,-57.63125763125763,-40.43956043956044,0.0,-3.3211233211233213,-34.18803418803419,26.764346764346765,-28.71794871794872,-57.63125763125763
9.963369963369964,-16.996336996336996,2.148962148962149,-55.28693528693529,0.0,-4.102564102564102,-25.982905982905983,16.605616605616607,-46.3003663003663,0.0,-56.84981684981685,55.67765567765568,0.0,-13.47985347985348,11.526251526251526,-11.916971916971915,-111.94139194139194,0.0,9.963369963369964,-40.83028083028083,-60.366300366300365,-33.01587301587302,0.0,-1.7582417582417582,-76.38583638583638,67.00854700854701,-28.71794871794872,-60.366300366300365
13.870573870573873,-15.824175824175825,0.1953601953601953,-58.8034188034188,0.0,-2.148962148962149,-18.55921855921856,14.652014652014651,-52.94261294261294,0.0,-60.366300366300365,62.31990231990232,0.0,-11.526251526251526,12.307692307692308,-8.4004884004884,-111.15995115995116,0.0,12.307692307692308,-36.92307692307692,-57.63125763125763,-35.36019536019536,0.0,0.1953601953601953,-84.98168498168498,70.52503052503053,-24.81074481074481,-57.63125763125763
16.214896214896214,-14.261294261294262,-1.3675213675213675,-54.5054945054945,0.0,-1.7582417582417582,-11.135531135531137,14.652014652014651,-55.67765567765568,0.0,-62.31990231990232,66.22710622710623,0.0,-12.307692307692308,10.744810744810744,-2.5396825396825395,-105.2991452991453,0.0,12.698412698412698,-33.40659340659341,-53.724053724053725,-34.57875457875458,0.0,1.7582417582417582,-72.86935286935287,52.16117216117216,-20.903540903540904,-53.724053724053725
19.73137973137973,-11.916971916971915,-1.3675213675213675,-48.25396825396825,0.0,0.1953601953601953,-1.7582417582417582,15.433455433455434,-55.67765567765568,0.0,-59.58485958485959,67.78998778998779,0.0,-9.18192918192918,8.00976800976801,2.93040293040293,-96.7032967032967,0.0,15.824175824175825,-27.155067155067155,-47.86324786324786,-33.7973137973138,0.0,1.7582417582417582,-101.78266178266178,75.6043956043956,-16.214896214896214,-47.86324786324786
24.42002442002442,-6.837606837606837,2.93040293040293,-46.69108669108669,0.0,1.7582417582417582,9.18192918192918,20.12210012210012,-58.02197802197802,0.0,-55.67765567765568,70.13431013431014,0.0,-4.884004884004884,8.4004884004884,12.307692307692308,-93.96825396825396,0.0,18.94993894993895,-15.824175824175825,-36.53235653235653,-43.56532356532357,0.0,-2.5396825396825395,-113.89499389499387,86.54456654456655,-9.963369963369964,-36.53235653235653
30.28083028083028,-4.493284493284493,11.526251526251526,-47.86324786324786,0.0,4.493284493284493,16.605616605616607,24.81074481074481,-57.24053724053724,0.0,-55.28693528693529,71.30647130647131,0.0,-2.148962148962149,10.354090354090356,22.075702075702075,-97.09401709401708,0.0,24.42002442002442,-5.274725274725275,-24.42002442002442,-58.41269841269841,0.0,-11.135531135531137,-106.47130647130648,84.2002442002442,-6.837606837606837,-24.42002442002442
29.10866910866911,-8.791208791208792,15.824175824175825,-38.48595848595848,0.0,1.3675213675213675,17.387057387057386,23.247863247863247,-44.737484737484735,0.0,-58.41269841269841,70.91575091575092,0.0,-2.148962148962149,9.18192918192918,24.81074481074481,-93.57753357753356,0.0,25.592185592185597,-2.148962148962149,-20.12210012210012,-62.31990231990232,0.0,-15.433455433455434,-134.993894993895,120.14652014652016,-5.274725274725275,-20.12210012210012
26.764346764346765,-13.089133089133089,13.870573870573873,-33.01587301587302,0.0,-2.148962148962149,17.77777777777778,18.55921855921856,-40.83028083028083,0.0,-64.27350427350427,71.6971916971917,0.0,2.5396825396825395,6.446886446886447,22.466422466422465,-93.96825396825396,0.0,25.592185592185597,-0.5860805860805861,-23.247863247863247,-61.92918192918193,0.0,-13.47985347985348,-135.77533577533578,122.88156288156289,-2.148962148962149,-23.247863247863247
28.71794871794872,-12.698412698412698,11.916971916971915,-39.65811965811966,0.0,2.5396825396825395,15.433455433455434,16.996336996336996,-47.472527472527474,0.0,-70.52503052503053,72.47863247863248,0.0,13.089133089133089,7.228327228327228,21.294261294261293,-107.64346764346764,0.0,29.10866910866911,2.93040293040293,-25.592185592185597,-69.35286935286935,0.0,-11.526251526251526,-63.10134310134311,49.42612942612943,1.3675213675213675,-25.592185592185597
27.155067155067155,-14.261294261294262,7.619047619047619,-37.704517704517706,0.0,6.837606837606837,8.00976800976801,13.089133089133089,-46.69108669108669,0.0,-78.33943833943835,72.86935286935287,0.0,24.42002442002442,4.884004884004884,20.12210012210012,-113.89499389499387,0.0,31.062271062271066,5.665445665445666,-27.545787545787547,-71.30647130647131,0.0,-7.228327228327228,-37.31379731379732,18.94993894993895,6.837606837606837,-27.545787545787547
25.2014652014652,-11.526251526251526,0.5860805860805861,-34.969474969474966,0.0,6.837606837606837,6.446886446886447,7.619047619047619,-43.56532356532357,0.0,-83.80952380952381,73.65079365079364,0.0,30.671550671550676,4.102564102564102,12.307692307692308,-112.33211233211232,0.0,28.71794871794872,9.18192918192918,-30.671550671550676,-70.13431013431014,0.0,-0.1953601953601953,-84.98168498168498,57.24053724053724,16.605616605616607,-30.671550671550676
28.71794871794872,-8.00976800976801,2.148962148962149,-42.002442002442,0.0,12.307692307692308,5.274725274725275,6.446886446886447,-44.737484737484735,0.0,-89.67032967032966,75.21367521367522,0.0,29.10866910866911,7.619047619047619,10.354090354090356,-114.28571428571428,0.0,25.2014652014652,17.77777777777778,-28.32722832722833,-78.33943833943835,0.0,-1.7582417582417582,-63.10134310134311,35.75091575091575,24.02930402930403,-28.32722832722833
28.71794871794872,-6.446886446886447,5.665445665445666,-41.61172161172161,0.0,12.307692307692308,6.056166056166056,4.884004884004884,-38.48595848595848,0.0,-95.92185592185592,75.21367521367522,0.0,30.671550671550676,8.4004884004884,12.307692307692308,-108.42490842490842,0.0,28.71794871794872,24.02930402930403,-24.02930402930403,-83.02808302808303,0.0,-5.274725274725275,-20.903540903540904,-2.148962148962149,30.28083028083028,-24.02930402930403
22.857142857142858,-8.00976800976801,4.884004884004884,-35.36019536019536,0.0,5.665445665445666,6.446886446886447,-0.1953601953601953,-28.32722832722833,0.0,-103.73626373626374,70.52503052503053,0.0,39.26739926739927,0.1953601953601953,7.619047619047619,-92.4053724053724,0.0,33.7973137973138,26.764346764346765,-27.155067155067155,-76.77655677655677,0.0,-4.493284493284493,-52.94261294261294,33.01587301587302,33.7973137973138,-27.155067155067155
22.466422466422465,-8.4004884004884,6.837606837606837,-36.53235653235653,0.0,2.93040293040293,8.791208791208792,0.1953601953601953,-28.71794871794872,0.0,-108.42490842490842,68.96214896214896,0.0,36.14163614163614,-4.102564102564102,7.228327228327228,-85.37240537240537,0.0,30.28083028083028,28.71794871794872,-30.28083028083028,-73.26007326007326,0.0,-6.446886446886447,-76.38583638583638,61.14774114774115,33.7973137973138,-30.28083028083028
21.294261294261293,-9.18192918192918,5.274725274725275,-37.31379731379732,0.0,-0.1953601953601953,11.135531135531137,1.7582417582417582,-32.234432234432234,0.0,-113.89499389499387,67.00854700854701,0.0,14.652014652014651,-7.619047619047619,11.526251526251526,-81.85592185592185,0.0,11.916971916971915,29.10866910866911,-32.62515262515262,-69.74358974358974,0.0,-4.884004884004884,-43.56532356532357,30.28083028083028,31.45299145299145,-32.62515262515262
18.168498168498168,-6.837606837606837,0.1953601953601953,-34.969474969474966,0.0,-5.274725274725275,11.526251526251526,0.9768009768009768,-31.45299145299145,0.0,-116.23931623931624,67.00854700854701,0.0,-0.5860805860805861,-9.963369963369964,8.4004884004884,-74.43223443223444,0.0,2.148962148962149,24.81074481074481,-42.39316239316239,-61.14774114774115,0.0,0.1953601953601953,-24.81074481074481,10.744810744810744,28.71794871794872,-42.39316239316239
18.94993894993895,-8.00976800976801,0.1953601953601953,-38.48595848595848,0.0,-11.135531135531137,17.387057387057386,3.3211233211233213,-37.31379731379732,0.0,-116.63003663003664,69.74358974358974,0.0,-31.45299145299145,-4.884004884004884,4.493284493284493,-73.65079365079364,0.0,-12.698412698412698,16.214896214896214,-49.03540903540904,-58.8034188034188,0.0,0.1953601953601953,-51.37973137973138,38.48595848595848,27.155067155067155,-49.03540903540904
20.903540903540904,-7.619047619047619,4.884004884004884,-47.86324786324786,0.0,-13.870573870573873,27.155067155067155,6.446886446886447,-50.20757020757021,0.0,-112.72283272283272,72.47863247863248,0.0,-59.1941391941392,0.5860805860805861,3.711843711843712,-79.12087912087912,0.0,-34.57875457875458,17.387057387057386,-49.42612942612943,-64.66422466422466,0.0,-4.493284493284493,-56.06837606837607,42.78388278388278,29.10866910866911,-49.42612942612943
16.214896214896214,-5.665445665445666,8.791208791208792,-50.20757020757021,0.0,-20.903540903540904,36.92307692307692,6.446886446886447,-53.333333333333336,0.0,-107.25274725274726,72.08791208791209,0.0,-39.26739926739927,2.5396825396825395,2.148962148962149,-77.16727716727716,0.0,-11.526251526251526,16.605616605616607,-49.42612942612943,-66.22710622710623,0.0,-8.4004884004884,-59.1941391941392,46.69108669108669,28.71794871794872,-49.42612942612943
13.47985347985348,-4.884004884004884,11.526251526251526,-55.28693528693529,0.0,-25.982905982905983,42.002442002442,6.837606837606837,-59.1941391941392,0.0,-101.78266178266178,69.74358974358974,0.0,0.1953601953601953,-8.791208791208792,-0.1953601953601953,-77.16727716727716,0.0,15.433455433455434,17.387057387057386,-47.472527472527474,-70.91575091575092,0.0,-11.135531135531137,-53.333333333333336,42.39316239316239,29.499389499389498,-47.472527472527474
9.572649572649572,-0.9768009768009768,12.307692307692308,-65.05494505494505,0.0,-27.545787545787547,45.12820512820513,6.446886446886447,-68.18070818070818,0.0,-96.31257631257633,69.74358974358974,0.0,-15.824175824175825,-9.963369963369964,-1.3675213675213675,-82.63736263736264,0.0,-16.996336996336996,29.499389499389498,-44.737484737484735,-77.94871794871794,0.0,-11.916971916971915,-26.37362637362637,12.307692307692308,33.7973137973138,-44.737484737484735
6.446886446886447,3.711843711843712,9.963369963369964,-70.13431013431014,0.0,-27.155067155067155,39.26739926739927,6.446886446886447,-68.18070818070818,0.0,-92.4053724053724,67.3992673992674,0.0,-13.870573870573873,-6.056166056166056,0.1953601953601953,-86.15384615384616,0.0,-6.837606837606837,26.764346764346765,-42.39316239316239,-82.63736263736264,0.0,-9.572649572649572,-8.00976800976801,-3.3211233211233213,32.234432234432234,-42.39316239316239
6.056166056166056,1.7582417582417582,3.3211233211233213,-63.49206349206349,0.0,-26.37362637362637,27.545787545787547,2.5396825396825395,-55.67765567765568,0.0,-92.014652014652,64.66422466422466,0.0,16.214896214896214,-18.168498168498168,-1.7582417582417582,-82.24664224664225,0.0,26.37362637362637,14.652014652014651,-48.25396825396825,-78.73015873015873,0.0,-2.93040293040293,-36.14163614163614,24.42002442002442,36.14163614163614,-48.25396825396825
4.884004884004884,-0.9768009768009768,-2.148962148962149,-57.63125763125763,0.0,-26.37362637362637,18.55921855921856,0.1953601953601953,-48.64468864468864,0.0,-91.62393162393164,62.31990231990232,0.0,-3.3211233211233213,-22.466422466422465,-2.93040293040293,-78.33943833943835,0.0,3.3211233211233213,15.824175824175825,-52.16117216117216,-74.43223443223444,0.0,2.5396825396825395,-45.51892551892552,32.62515262515262,39.65811965811966,-52.16117216117216
6.056166056166056,-3.3211233211233213,-4.493284493284493,-54.89621489621489,0.0,-24.02930402930403,13.870573870573873,0.9768009768009768,-48.64468864468864,0.0,-90.84249084249085,58.41269841269841,0.0,21.68498168498169,-29.499389499389498,0.9768009768009768,-81.46520146520146,0.0,27.545787545787547,12.698412698412698,-50.989010989010985,-76.77655677655677,0.0,4.884004884004884,15.824175824175825,-20.903540903540904,35.36019536019536,-50.989010989010985
5.274725274725275,-8.00976800976801,-9.18192918192918,-45.51892551892552,0.0,-24.42002442002442,10.744810744810744,-1.3675213675213675,-42.78388278388278,0.0,-91.23321123321124,54.89621489621489,0.0,53.724053724053725,-50.20757020757021,2.93040293040293,-74.82295482295483,0.0,48.25396825396825,8.4004884004884,-53.333333333333336,-70.91575091575092,0.0,9.572649572649572,24.02930402930403,-24.42002442002442,31.843711843711844,-53.333333333333336
3.711843711843712,-8.791208791208792,-14.261294261294262,-40.83028083028083,0.0,-23.247863247863247,9.963369963369964,-4.884004884004884,-43.56532356532357,0.0,-90.06105006105007,54.114774114774114,0.0,62.71062271062271,-67.78998778998779,1.3675213675213675,-68.96214896214896,0.0,36.14163614163614,11.916971916971915,-54.89621489621489,-64.66422466422466,0.0,14.652014652014651,-29.89010989010989,34.57875457875458,25.982905982905983,-54.89621489621489
2.93040293040293,-5.665445665445666,-13.870573870573873,-44.346764346764346,0.0,-20.903540903540904,10.354090354090356,-1.3675213675213675,-49.42612942612943,0.0,-86.15384615384616,56.06837606837607,0.0,49.81684981684982,-65.83638583638583,2.5396825396825395,-71.6971916971917,0.0,25.982905982905983,10.354090354090356,-53.724053724053725,-67.00854700854701,0.0,14.261294261294262,-23.63858363858364,41.22100122100122,16.214896214896214,-53.724053724053725
0.1953601953601953,-2.148962148962149,-11.916971916971915,-41.22100122100122,0.0,-23.63858363858364,9.18192918192918,0.1953601953601953,-43.17460317460318,0.0,-85.76312576312576,59.1941391941392,0.0,38.095238095238095,-64.27350427350427,2.93040293040293,-67.00854700854701,0.0,25.2014652014652,3.711843711843712,-52.16117216117216,-65.83638583638583,0.0,12.307692307692308,-4.102564102564102,29.89010989010989,9.572649572649572,-52.16117216117216
-1.7582417582417582,-0.5860805860805861,-11.526251526251526,-36.14163614163614,0.0,-30.28083028083028,9.572649572649572,0.5860805860805861,-32.234432234432234,0.0,-83.80952380952381,62.31990231990232,0.0,18.94993894993895,-59.1941391941392,-0.1953601953601953,-57.24053724053724,0.0,14.652014652014651,0.1953601953601953,-52.16117216117216,-59.975579975579976,0.0,11.916971916971915,-51.77045177045177,81.07448107448107,6.446886446886447,-52.16117216117216
-6.056166056166056,-1.7582417582417582,-5.665445665445666,-31.843711843711844,0.0,-40.43956043956044,11.916971916971915,5.274725274725275,-24.81074481074481,0.0,-82.63736263736264,65.83638583638583,0.0,-3.3211233211233213,-47.472527472527474,0.5860805860805861,-52.94261294261294,0.0,0.5860805860805861,1.3675213675213675,-47.86324786324786,-57.63125763125763,0.0,6.056166056166056,-93.18681318681318,124.83516483516485,7.619047619047619,-47.86324786324786
-4.884004884004884,-2.148962148962149,0.1953601953601953,-31.45299145299145,0.0,-42.002442002442,18.55921855921856,9.18192918192918,-25.982905982905983,0.0,-82.24664224664225,71.30647130647131,0.0,-8.00976800976801,-40.83028083028083,5.274725274725275,-53.724053724053725,0.0,-0.9768009768009768,2.93040293040293,-40.04884004884005,-58.8034188034188,0.0,0.1953601953601953,-28.71794871794872,62.71062271062271,7.228327228327228,-40.04884004884005
-4.102564102564102,-5.274725274725275,0.9768009768009768,-27.155067155067155,0.0,-40.43956043956044,22.857142857142858,6.837606837606837,-26.37362637362637,0.0,-75.6043956043956,73.26007326007326,0.0,-8.4004884004884,-37.704517704517706,6.837606837606837,-47.472527472527474,0.0,-4.102564102564102,2.93040293040293,-34.57875457875458,-50.20757020757021,0.0,-0.5860805860805861,-28.32722832722833,59.58485958485959,7.228327228327228,-34.57875457875458
-4.884004884004884,-5.274725274725275,-0.5860805860805861,-25.592185592185597,0.0,-39.26739926739927,31.45299145299145,6.446886446886447,-37.31379731379732,0.0,-67.78998778998779,75.995115995116,0.0,-7.619047619047619,-31.843711843711844,10.354090354090356,-47.86324786324786,0.0,-6.446886446886447,3.711843711843712,-29.499389499389498,-44.346764346764346,0.0,0.9768009768009768,-39.26739926739927,68.96214896214896,8.4004884004884,-29.499389499389498
-2.5396825396825395,-1.3675213675213675,-4.493284493284493,-31.45299145299145,0.0,-33.01587301587302,38.87667887667888,7.228327228327228,-55.28693528693529,0.0,-58.8034188034188,80.29304029304029,0.0,-6.446886446886447,-25.982905982905983,18.168498168498168,-56.45909645909646,0.0,-3.711843711843712,3.711843711843712,-22.075702075702075,-48.25396825396825,0.0,4.884004884004884,-24.81074481074481,55.28693528693529,6.837606837606837,-22.075702075702075
-5.665445665445666,0.5860805860805861,-11.135531135531137,-27.545787545787547,0.0,-35.75091575091575,37.704517704517706,5.665445665445666,-54.5054945054945,0.0,-51.77045177045177,77.94871794871794,0.0,-14.652014652014651,-22.075702075702075,20.12210012210012,-48.25396825396825,0.0,-6.056166056166056,3.3211233211233213,-16.996336996336996,-43.56532356532357,0.0,11.526251526251526,-40.04884004884005,69.35286935286935,6.446886446886447,-16.996336996336996
-9.18192918192918,-0.9768009768009768,-18.168498168498168,-24.81074481074481,0.0,-36.92307692307692,27.545787545787547,3.711843711843712,-50.5982905982906,0.0,-50.20757020757021,77.55799755799755,0.0,-20.12210012210012,-20.12210012210012,22.466422466422465,-41.22100122100122,0.0,-6.446886446886447,2.93040293040293,-12.698412698412698,-41.61172161172161,0.0,18.55921855921856,-42.002442002442,73.65079365079364,4.884004884004884,-12.698412698412698
-9.18192918192918,-3.3211233211233213,-19.34065934065934,-30.28083028083028,0.0,-34.18803418803419,15.042735042735044,5.274725274725275,-50.989010989010985,0.0,-52.16117216117216,77.94871794871794,0.0,-20.903540903540904,-16.605616605616607,25.982905982905983,-40.83028083028083,0.0,-4.493284493284493,9.572649572649572,-4.493284493284493,-52.94261294261294,0.0,19.73137973137973,16.605616605616607,21.68498168498169,3.711843711843712,-4.493284493284493
-9.18192918192918,-9.572649572649572,-17.387057387057386,-30.671550671550676,0.0,-31.45299145299145,1.7582417582417582,4.493284493284493,-43.95604395604396,0.0,-52.94261294261294,75.6043956043956,0.0,-25.592185592185597,-9.963369963369964,26.37362637362637,-34.18803418803419,0.0,-6.446886446886447,17.387057387057386,4.493284493284493,-60.366300366300365,0.0,17.77777777777778,43.17460317460318,1.3675213675213675,5.665445665445666,4.493284493284493
-11.526251526251526,-16.605616605616607,-17.77777777777778,-25.2014652014652,0.0,-31.843711843711844,-8.4004884004884,0.1953601953601953,-32.62515262515262,0.0,-51.77045177045177,72.08791208791209,0.0,-36.53235653235653,-4.493284493284493,21.294261294261293,-21.294261294261293,0.0,-15.433455433455434,22.466422466422465,8.4004884004884,-56.84981684981685,0.0,18.168498168498168,-10.354090354090356,55.28693528693529,10.354090354090356,8.4004884004884
-9.963369963369964,-20.12210012210012,-18.55921855921856,-24.42002442002442,0.0,-29.499389499389498,-12.698412698412698,-1.7582417582417582,-30.28083028083028,0.0,-47.081807081807085,67.78998778998779,0.0,-38.48595848595848,-1.3675213675213675,16.214896214896214,-15.042735042735044,0.0,-14.652014652014651,25.592185592185597,7.619047619047619,-57.63125763125763,0.0,18.94993894993895,-6.446886446886447,51.77045177045177,15.433455433455434,7.619047619047619
-9.18192918192918,-18.55921855921856,-15.433455433455434,-24.81074481074481,0.0,-28.32722832722833,-12.698412698412698,1.7582417582417582,-29.499389499389498,0.0,-42.78388278388278,64.66422466422466,0.0,-41.61172161172161,1.7582417582417582,12.307692307692308,-11.916971916971915,0.0,-14.261294261294262,26.764346764346765,6.837606837606837,-57.63125763125763,0.0,15.824175824175825,35.36019536019536,8.00976800976801,17.387057387057386,6.837606837606837
-10.744810744810744,-18.94993894993895,-15.824175824175825,-14.652014652014651,0.0,-31.062271062271066,-15.042735042735044,2.5396825396825395,-17.77777777777778,0.0,-41.22100122100122,62.31990231990232,0.0,-51.37973137973138,-0.5860805860805861,5.665445665445666,1.7582417582417582,0.0,-19.34065934065934,20.512820512820515,0.9768009768009768,-46.3003663003663,0.0,16.214896214896214,11.916971916971915,26.37362637362637,16.996336996336996,0.9768009768009768
-10.744810744810744,-17.387057387057386,-14.261294261294262,-9.18192918192918,0.0,-32.234432234432234,-16.996336996336996,5.665445665445666,-9.572649572649572,0.0,-43.56532356532357,61.53846153846154,0.0,-35.75091575091575,-6.446886446886447,1.7582417582417582,8.791208791208792,0.0,-0.5860805860805861,11.526251526251526,0.9768009768009768,-42.78388278388278,0.0,14.652014652014651,-28.71794871794872,63.88278388278388,13.870573870573873,0.9768009768009768
-11.916971916971915,-12.307692307692308,-8.791208791208792,-8.4004884004884,0.0,-34.18803418803419,-13.47985347985348,9.963369963369964,-5.274725274725275,0.0,-46.69108669108669,62.31990231990232,0.0,-31.062271062271066,-8.00976800976801,0.9768009768009768,9.963369963369964,0.0,4.493284493284493,8.00976800976801,4.884004884004884,-46.69108669108669,0.0,9.18192918192918,-14.652014652014651,47.86324786324786,10.354090354090356,4.884004884004884
-16.214896214896214,-8.00976800976801,-1.3675213675213675,-4.102564102564102,0.0,-38.87667887667888,-9.963369963369964,12.307692307692308,4.102564102564102,0.0,-46.69108669108669,59.58485958485959,0.0,-35.75091575091575,-4.884004884004884,-0.5860805860805861,13.870573870573873,0.0,0.1953601953601953,7.228327228327228,10.354090354090356,-47.081807081807085,0.0,1.7582417582417582,4.493284493284493,24.81074481074481,10.744810744810744,10.354090354090356
-21.294261294261293,-4.884004884004884,0.5860805860805861,2.148962148962149,0.0,-45.51892551892552,-4.884004884004884,9.18192918192918,16.214896214896214,0.0,-42.002442002442,52.55189255189255,0.0,-38.87667887667888,-3.711843711843712,-2.93040293040293,19.73137973137973,0.0,-3.711843711843712,6.837606837606837,13.089133089133089,-42.39316239316239,0.0,-0.1953601953601953,-33.01587301587302,55.28693528693529,15.433455433455434,13.089133089133089
-18.94993894993895,-3.3211233211233213,4.493284493284493,-1.7582417582417582,0.0,-42.78388278388278,-2.148962148962149,8.791208791208792,14.261294261294262,0.0,-34.57875457875458,46.3003663003663,0.0,-37.31379731379732,-1.7582417582417582,-4.884004884004884,18.94993894993895,0.0,-7.619047619047619,10.354090354090356,15.042735042735044,-43.17460317460318,0.0,-4.102564102564102,-21.68498168498169,38.48595848595848,19.73137973137973,15.042735042735044
-13.089133089133089,-8.00976800976801,6.446886446886447,-2.93040293040293,0.0,-38.095238095238095,-3.711843711843712,7.228327228327228,15.433455433455434,0.0,-28.71794871794872,39.26739926739927,0.0,-36.14163614163614,-0.1953601953601953,-4.493284493284493,18.94993894993895,0.0,-10.744810744810744,12.307692307692308,18.55921855921856,-42.78388278388278,0.0,-6.056166056166056,18.55921855921856,-2.93040293040293,18.94993894993895,18.55921855921856
-6.837606837606837,-15.824175824175825,1.3675213675213675,2.148962148962149,0.0,-33.40659340659341,-9.18192918192918,1.7582417582417582,20.512820512820515,0.0,-25.2014652014652,33.01587301587302,0.0,-30.671550671550676,-2.5396825396825395,-6.837606837606837,25.2014652014652,0.0,-6.446886446886447,9.18192918192918,20.512820512820515,-38.48595848595848,0.0,-0.9768009768009768,25.2014652014652,-13.47985347985348,20.512820512820515,20.512820512820515
-0.9768009768009768,-22.857142857142858,-0.9768009768009768,-1.7582417582417582,0.0,-28.32722832722833,-13.47985347985348,-1.7582417582417582,15.433455433455434,0.0,-24.42002442002442,28.71794871794872,0.0,-20.903540903540904,-2.93040293040293,-10.744810744810744,27.545787545787547,0.0,-0.5860805860805861,8.4004884004884,24.42002442002442,-40.43956043956044,0.0,1.3675213675213675,31.062271062271066,-18.94993894993895,21.68498168498169,24.42002442002442
0.9768009768009768,-26.764346764346765,0.1953601953601953,-9.963369963369964,0.0,-22.857142857142858,-18.55921855921856,-3.3211233211233213,8.791208791208792,0.0,-27.936507936507937,25.592185592185597,0.0,-17.77777777777778,-3.3211233211233213,-10.744810744810744,25.592185592185597,0.0,0.1953601953601953,6.837606837606837,32.234432234432234,-46.69108669108669,0.0,0.1953601953601953,30.671550671550676,-15.433455433455434,21.294261294261293,32.234432234432234
-3.3211233211233213,-30.28083028083028,0.9768009768009768,-6.446886446886447,0.0,-25.592185592185597,-24.42002442002442,-6.837606837606837,16.605616605616607,0.0,-35.36019536019536,22.466422466422465,0.0,-21.294261294261293,-7.228327228327228,-11.526251526251526,36.53235653235653,0.0,-3.711843711843712,3.3211233211233213,36.92307692307692,-41.61172161172161,0.0,-0.5860805860805861,-4.493284493284493,22.857142857142858,22.466422466422465,36.92307692307692
-7.228327228327228,-32.234432234432234,5.665445665445666,-4.493284493284493,0.0,-27.155067155067155,-28.71794871794872,-5.665445665445666,22.857142857142858,0.0,-41.22100122100122,21.294261294261293,0.0,-19.73137973137973,-13.47985347985348,-10.354090354090356,49.42612942612943,0.0,-4.884004884004884,2.148962148962149,38.87667887667888,-31.843711843711844,0.0,-5.274725274725275,-40.43956043956044,61.14774114774115,24.02930402930403,38.87667887667888
-4.493284493284493,-29.10866910866911,13.870573870573873,-8.00976800976801,0.0,-20.512820512820515,-29.499389499389498,0.5860805860805861,20.903540903540904,0.0,-42.002442002442,20.903540903540904,0.0,-13.870573870573873,-14.261294261294262,-6.446886446886447,53.333333333333336,0.0,-1.3675213675213675,2.93040293040293,43.56532356532357,-28.71794871794872,0.0,-13.47985347985348,-4.493284493284493,30.28083028083028,21.294261294261293,43.56532356532357
-2.148962148962149,-28.32722832722833,16.996336996336996,0.1953601953601953,0.0,-16.214896214896214,-29.499389499389498,5.274725274725275,25.592185592185597,0.0,-39.26739926739927,18.168498168498168,0.0,-7.619047619047619,-13.089133089133089,-4.493284493284493,59.58485958485959,0.0,1.7582417582417582,5.665445665445666,45.12820512820513,-20.512820512820515,0.0,-16.605616605616607,3.711843711843712,24.42002442002442,22.466422466422465,45.12820512820513
2.148962148962149,-31.45299145299145,15.824175824175825,9.572649572649572,0.0,-10.354090354090356,-28.32722832722833,2.93040293040293,31.45299145299145,0.0,-34.57875457875458,13.089133089133089,0.0,0.9768009768009768,-10.744810744810744,-11.135531135531137,69.74358974358974,0.0,3.711843711843712,7.619047619047619,42.39316239316239,-6.446886446886447,0.0,-15.433455433455434,-46.69108669108669,69.35286935286935,26.37362637362637,42.39316239316239
7.228327228327228,-31.062271062271066,17.387057387057386,8.4004884004884,0.0,0.9768009768009768,-26.764346764346765,1.3675213675213675,25.982905982905983,0.0,-29.10866910866911,8.791208791208792,0.0,11.916971916971915,-4.102564102564102,-16.996336996336996,69.35286935286935,0.0,6.446886446886447,10.354090354090356,44.346764346764346,-3.3211233211233213,0.0,-16.996336996336996,-34.57875457875458,57.63125763125763,25.982905982905983,44.346764346764346
7.619047619047619,-33.7973137973138,21.294261294261293,5.665445665445666,0.0,11.916971916971915,-31.062271062271066,0.1953601953601953,19.73137973137973,0.0,-28.32722832722833,6.446886446886447,0.0,20.903540903540904,-1.7582417582417582,-18.168498168498168,67.78998778998779,0.0,6.446886446886447,13.47985347985348,49.81684981684982,-2.5396825396825395,0.0,-20.903540903540904,24.42002442002442,-2.93040293040293,29.10866910866911,49.81684981684982
5.665445665445666,-34.969474969474966,24.02930402930403,7.619047619047619,0.0,15.824175824175825,-35.36019536019536,-1.3675213675213675,23.63858363858364,0.0,-30.28083028083028,4.102564102564102,0.0,21.68498168498169,-3.711843711843712,-22.075702075702075,77.94871794871794,0.0,2.5396825396825395,12.698412698412698,51.37973137973138,4.884004884004884,0.0,-23.63858363858364,5.665445665445666,11.526251526251526,30.28083028083028,51.37973137973138
3.3211233211233213,-31.843711843711844,28.32722832722833,8.4004884004884,0.0,14.652014652014651,-29.89010989010989,0.9768009768009768,22.075702075702075,0.0,-29.499389499389498,6.056166056166056,0.0,20.512820512820515,-4.884004884004884,-18.55921855921856,80.68376068376068,0.0,0.1953601953601953,11.916971916971915,54.114774114774114,8.4004884004884,0.0,-27.936507936507937,-32.62515262515262,49.42612942612943,27.155067155067155,54.114774114774114
4.493284493284493,-26.764346764346765,33.01587301587302,9.18192918192918,0.0,13.47985347985348,-18.55921855921856,7.228327228327228,17.77777777777778,0.0,-27.155067155067155,10.354090354090356,0.0,18.94993894993895,-5.665445665445666,-10.354090354090356,80.68376068376068,0.0,0.1953601953601953,13.870573870573873,58.41269841269841,8.791208791208792,0.0,-32.62515262515262,-0.5860805860805861,18.94993894993895,22.857142857142858,58.41269841269841
6.837606837606837,-21.68498168498169,31.843711843711844,18.94993894993895,0.0,8.791208791208792,-6.056166056166056,8.791208791208792,23.63858363858364,0.0,-24.81074481074481,11.916971916971915,0.0,14.652014652014651,-3.711843711843712,-4.884004884004884,88.88888888888889,0.0,-1.3675213675213675,17.77777777777778,63.49206349206349,13.089133089133089,0.0,-31.45299145299145,32.62515262515262,-15.042735042735044,17.77777777777778,63.49206349206349
10.744810744810744,-18.55921855921856,28.32722832722833,25.592185592185597,0.0,6.056166056166056,1.7582417582417582,8.4004884004884,28.71794871794872,0.0,-22.075702075702075,13.870573870573873,0.0,10.354090354090356,-1.7582417582417582,-2.93040293040293,97.09401709401708,0.0,-1.3675213675213675,18.168498168498168,64.66422466422466,19.34065934065934,0.0,-27.936507936507937,-19.34065934065934,37.704517704517706,9.963369963369964,64.66422466422466
14.652014652014651,-16.605616605616607,28.32722832722833,22.466422466422465,0.0,11.916971916971915,0.1953601953601953,8.791208791208792,27.155067155067155,0.0,-20.512820512820515,15.824175824175825,0.0,9.18192918192918,-0.9768009768009768,-1.3675213675213675,99.82905982905984,0.0,-0.1953601953601953,16.214896214896214,69.35286935286935,19.34065934065934,0.0,-27.936507936507937,-39.26739926739927,57.24053724053724,2.5396825396825395,69.35286935286935
14.652014652014651,-16.605616605616607,27.936507936507937,17.387057387057386,0.0,16.605616605616607,-10.354090354090356,9.18192918192918,27.155067155067155,0.0,-22.857142857142858,13.089133089133089,0.0,2.93040293040293,0.1953601953601953,0.1953601953601953,101.3919413919414,0.0,-2.5396825396825395,11.916971916971915,73.26007326007326,20.512820512820515,0.0,-27.545787545787547,-15.042735042735044,30.28083028083028,-1.7582417582417582,73.26007326007326
13.47985347985348,-21.294261294261293,28.71794871794872,14.261294261294262,0.0,18.55921855921856,-22.466422466422465,7.228327228327228,31.45299145299145,0.0,-24.42002442002442,11.916971916971915,0.0,-3.3211233211233213,0.1953601953601953,-2.5396825396825395,106.08058608058607,0.0,-6.837606837606837,4.102564102564102,68.96214896214896,31.062271062271066,0.0,-28.32722832722833,-34.969474969474966,42.39316239316239,-3.711843711843712,68.96214896214896
10.354090354090356,-24.42002442002442,33.7973137973138,8.791208791208792,0.0,18.94993894993895,-24.81074481074481,9.18192918192918,25.2014652014652,0.0,-22.857142857142858,13.47985347985348,0.0,-4.493284493284493,1.7582417582417582,-0.9768009768009768,97.09401709401708,0.0,-8.791208791208792,0.1953601953601953,67.3992673992674,33.40659340659341,0.0,-33.40659340659341,-18.55921855921856,23.247863247863247,-4.884004884004884,67.3992673992674
8.4004884004884,-24.02930402930403,38.48595848595848,7.228327228327228,0.0,18.55921855921856,-20.903540903540904,12.698412698412698,18.168498168498168,0.0,-19.73137973137973,13.870573870573873,0.0,-4.493284493284493,8.4004884004884,4.102564102564102,88.4981684981685,0.0,-8.791208791208792,0.1953601953601953,68.18070818070818,36.14163614163614,0.0,-38.095238095238095,11.135531135531137,-6.837606837606837,-3.711843711843712,68.18070818070818
8.00976800976801,-27.155067155067155,39.65811965811966,16.605616605616607,0.0,18.168498168498168,-18.94993894993895,10.744810744810744,26.764346764346765,0.0,-13.47985347985348,14.652014652014651,0.0,-6.837606837606837,15.042735042735044,6.446886446886447,90.84249084249085,0.0,-8.791208791208792,0.1953601953601953,65.05494505494505,49.42612942612943,0.0,-39.26739926739927,-29.499389499389498,31.843711843711844,-3.3211233211233213,65.05494505494505
7.619047619047619,-27.155067155067155,38.87667887667888,23.63858363858364,0.0,18.55921855921856,-14.261294261294262,8.791208791208792,28.32722832722833,0.0,-2.93040293040293,14.652014652014651,0.0,-9.572649572649572,18.94993894993895,8.791208791208792,88.1074481074481,0.0,-10.354090354090356,-2.93040293040293,63.88278388278388,56.45909645909646,0.0,-38.48595848595848,-48.64468864468864,51.37973137973138,-6.837606837606837,63.88278388278388
10.744810744810744,-24.42002442002442,39.65811965811966,15.824175824175825,0.0,24.81074481074481,-10.354090354090356,11.135531135531137,15.042735042735044,0.0,5.665445665445666,12.307692307692308,0.0,-10.354090354090356,25.592185592185597,14.261294261294262,73.26007326007326,0.0,-10.354090354090356,-1.7582417582417582,65.83638583638583,49.81684981684982,0.0,-39.26739926739927,11.916971916971915,-4.102564102564102,-11.916971916971915,65.83638583638583
10.744810744810744,-25.982905982905983,38.095238095238095,13.870573870573873,0.0,27.545787545787547,-11.916971916971915,8.00976800976801,12.698412698412698,0.0,11.135531135531137,7.228327228327228,0.0,-16.214896214896214,29.89010989010989,13.47985347985348,69.35286935286935,0.0,-13.47985347985348,-2.93040293040293,64.66422466422466,47.86324786324786,0.0,-37.704517704517706,15.433455433455434,-9.572649572649572,-11.916971916971915,64.66422466422466
9.963369963369964,-25.982905982905983,34.969474969474966,13.089133089133089,0.0,28.32722832722833,-8.4004884004884,1.7582417582417582,10.354090354090356,0.0,16.996336996336996,2.93040293040293,0.0,-17.387057387057386,33.7973137973138,5.274725274725275,66.22710622710623,0.0,-15.042735042735044,0.1953601953601953,56.06837606837607,46.3003663003663,0.0,-34.57875457875458,-33.7973137973138,37.704517704517706,-7.619047619047619,56.06837606837607
13.089133089133089,-20.903540903540904,36.53235653235653,0.5860805860805861,0.0,32.62515262515262,-0.5860805860805861,-0.5860805860805861,-1.7582417582417582,0.0,23.63858363858364,0.5860805860805861,0.0,-11.916971916971915,40.04884004884005,0.1953601953601953,56.06837606837607,0.0,-9.963369963369964,5.274725274725275,49.81684981684982,37.31379731379732,0.0,-36.14163614163614,-20.12210012210012,24.42002442002442,-4.884004884004884,49.81684981684982
13.47985347985348,-16.605616605616607,37.31379731379732,-2.93040293040293,0.0,34.18803418803419,4.102564102564102,-4.102564102564102,-2.93040293040293,0.0,30.28083028083028,-1.3675213675213675,0.0,-6.446886446886447,44.737484737484735,-3.711843711843712,49.81684981684982,0.0,-4.884004884004884,8.00976800976801,43.17460317460318,36.92307692307692,0.0,-36.92307692307692,15.042735042735044,-16.214896214896214,-0.9768009768009768,43.17460317460318
12.307692307692308,-15.042735042735044,34.57875457875458,0.1953601953601953,0.0,30.671550671550676,9.963369963369964,-10.744810744810744,1.7582417582417582,0.0,40.43956043956044,-5.665445665445666,0.0,-2.93040293040293,45.90964590964591,-9.572649572649572,46.69108669108669,0.0,-4.884004884004884,8.00976800976801,28.32722832722833,47.081807081807085,0.0,-34.18803418803419,-25.592185592185597,18.168498168498168,0.1953601953601953,28.32722832722833
11.526251526251526,-13.089133089133089,33.01587301587302,-0.5860805860805861,0.0,29.89010989010989,19.34065934065934,-10.354090354090356,-8.4004884004884,0.0,52.94261294261294,-10.354090354090356,0.0,0.5860805860805861,45.51892551892552,-11.526251526251526,31.843711843711844,0.0,-7.228327228327228,4.493284493284493,16.605616605616607,51.77045177045177,0.0,-32.62515262515262,-51.77045177045177,41.22100122100122,-1.7582417582417582,16.605616605616607
8.00976800976801,-14.261294261294262,33.40659340659341,1.7582417582417582,0.0,29.89010989010989,25.2014652014652,-7.228327228327228,-18.94993894993895,0.0,64.66422466422466,-15.824175824175825,0.0,3.711843711843712,44.737484737484735,-9.572649572649572,16.605616605616607,0.0,-6.446886446886447,-0.1953601953601953,10.744810744810744,51.77045177045177,0.0,-33.01587301587302,-0.5860805860805861,-7.228327228327228,-4.493284493284493,10.744810744810744
6.056166056166056,-16.214896214896214,30.28083028083028,8.00976800976801,0.0,31.062271062271066,30.28083028083028,-7.228327228327228,-24.81074481074481,0.0,73.26007326007326,-21.294261294261293,0.0,1.3675213675213675,43.17460317460318,-12.698412698412698,9.18192918192918,0.0,-8.791208791208792,-6.446886446886447,4.102564102564102,51.77045177045177,0.0,-29.89010989010989,34.18803418803419,-40.43956043956044,-7.619047619047619,4.102564102564102
4.884004884004884,-15.433455433455434,29.89010989010989,9.963369963369964,0.0,31.843711843711844,36.53235653235653,-7.228327228327228,-31.843711843711844,0.0,81.46520146520146,-22.466422466422465,0.0,2.148962148962149,42.39316239316239,-15.824175824175825,1.7582417582417582,0.0,-4.884004884004884,-13.089133089133089,1.7582417582417582,45.90964590964591,0.0,-29.499389499389498,5.274725274725275,-8.791208791208792,-9.18192918192918,1.7582417582417582
6.056166056166056,-8.791208791208792,30.671550671550676,2.5396825396825395,0.0,36.14163614163614,36.92307692307692,-4.102564102564102,-38.48595848595848,0.0,86.93528693528694,-18.55921855921856,0.0,4.102564102564102,46.3003663003663,-14.652014652014651,-9.963369963369964,0.0,2.93040293040293,-17.77777777777778,4.102564102564102,34.969474969474966,0.0,-30.28083028083028,-2.148962148962149,-0.1953601953601953,-11.916971916971915,4.102564102564102
6.446886446886447,-2.93040293040293,26.764346764346765,0.9768009768009768,0.0,35.75091575091575,33.7973137973138,-4.884004884004884,-32.62515262515262,0.0,88.88888888888889,-15.433455433455434,0.0,0.1953601953601953,49.81684981684982,-12.698412698412698,-13.47985347985348,0.0,6.837606837606837,-20.903540903540904,3.711843711843712,31.843711843711844,0.0,-26.37362637362637,-28.32722832722833,22.075702075702075,-12.698412698412698,3.711843711843712
6.837606837606837,0.1953601953601953,23.63858363858364,1.3675213675213675,0.0,32.62515262515262,29.10866910866911,-4.493284493284493,-24.02930402930403,0.0,90.06105006105007,-12.698412698412698,0.0,-1.7582417582417582,52.55189255189255,-13.47985347985348,-14.652014652014651,0.0,8.00976800976801,-19.34065934065934,0.1953601953601953,31.843711843711844,0.0,-23.247863247863247,-49.03540903540904,37.31379731379732,-8.4004884004884,0.1953601953601953
10.354090354090356,3.711843711843712,23.63858363858364,-5.665445665445666,0.0,34.969474969474966,25.2014652014652,-1.7582417582417582,-26.37362637362637,0.0,91.62393162393164,-11.916971916971915,0.0,0.1953601953601953,54.89621489621489,-13.870573870573873,-25.592185592185597,0.0,7.619047619047619,-11.526251526251526,-4.493284493284493,23.247863247863247,0.0,-23.247863247863247,-7.619047619047619,-6.056166056166056,-2.93040293040293,-4.493284493284493
14.652014652014651,1.7582417582417582,23.63858363858364,-10.744810744810744,0.0,36.92307692307692,22.857142857142858,-2.5396825396825395,-25.982905982905983,0.0,88.88888888888889,-13.870573870573873,0.0,4.102564102564102,52.55189255189255,-17.387057387057386,-33.40659340659341,0.0,7.619047619047619,-3.3211233211233213,-12.307692307692308,13.870573870573873,0.0,-23.247863247863247,15.042735042735044,-29.499389499389498,3.711843711843712,-12.307692307692308
15.042735042735044,-3.3211233211233213,24.02930402930403,-6.056166056166056,0.0,34.969474969474966,18.168498168498168,-6.837606837606837,-16.605616605616607,0.0,83.41880341880342,-16.605616605616607,0.0,3.711843711843712,44.346764346764346,-25.2014652014652,-30.28083028083028,0.0,2.148962148962149,-1.3675213675213675,-20.903540903540904,12.307692307692308,0.0,-23.63858363858364,-21.68498168498169,7.228327228327228,9.572649572649572,-20.903540903540904
13.47985347985348,-7.228327228327228,22.857142857142858,-4.493284493284493,0.0,33.7973137973138,12.307692307692308,-11.135531135531137,-9.572649572649572,0.0,75.6043956043956,-17.387057387057386,0.0,4.102564102564102,36.53235653235653,-31.45299145299145,-29.10866910866911,0.0,0.1953601953601953,-4.493284493284493,-25.592185592185597,9.572649572649572,0.0,-22.466422466422465,-43.56532356532357,26.764346764346765,10.354090354090356,-25.592185592185597
14.261294261294262,-5.274725274725275,20.903540903540904,-8.4004884004884,0.0,37.31379731379732,6.056166056166056,-12.307692307692308,-9.963369963369964,0.0,67.78998778998779,-17.387057387057386,0.0,2.93040293040293,34.969474969474966,-31.45299145299145,-38.48595848595848,0.0,-0.5860805860805861,-7.228327228327228,-24.81074481074481,1.7582417582417582,0.0,-20.512820512820515,-24.02930402930403,0.9768009768009768,10.744810744810744,-24.81074481074481
13.089133089133089,-4.102564102564102,15.042735042735044,-6.837606837606837,0.0,37.31379731379732,0.9768009768009768,-17.77777777777778,-3.3211233211233213,0.0,61.53846153846154,-17.387057387057386,0.0,-2.93040293040293,31.843711843711844,-31.062271062271066,-37.31379731379732,0.0,-4.102564102564102,-15.042735042735044,-22.466422466422465,2.93040293040293,0.0,-14.652014652014651,-54.114774114774114,23.247863247863247,8.791208791208792,-22.466422466422465
14.652014652014651,-1.3675213675213675,13.089133089133089,-13.089133089133089,0.0,36.14163614163614,1.7582417582417582,-20.512820512820515,-4.102564102564102,0.0,59.58485958485959,-17.387057387057386,0.0,-2.93040293040293,31.45299145299145,-31.45299145299145,-38.095238095238095,0.0,-5.665445665445666,-17.387057387057386,-17.387057387057386,0.1953601953601953,0.0,-12.698412698412698,-107.64346764346764,67.00854700854701,10.744810744810744,-17.387057387057386
18.55921855921856,2.5396825396825395,15.433455433455434,-22.857142857142858,0.0,38.095238095238095,6.837606837606837,-20.903540903540904,-8.791208791208792,0.0,57.24053724053724,-15.042735042735044,0.0,-1.3675213675213675,34.969474969474966,-28.32722832722833,-46.3003663003663,0.0,-2.148962148962149,-13.47985347985348,-11.916971916971915,-11.526251526251526,0.0,-15.042735042735044,-95.53113553113552,54.5054945054945,12.698412698412698,-11.916971916971915
20.12210012210012,2.93040293040293,20.903540903540904,-27.545787545787547,0.0,35.36019536019536,9.963369963369964,-21.294261294261293,-5.665445665445666,0.0,52.94261294261294,-13.47985347985348,0.0,-2.5396825396825395,34.969474969474966,-26.37362637362637,-43.95604395604396,0.0,-1.3675213675213675,-8.4004884004884,-10.354090354090356,-16.996336996336996,0.0,-20.512820512820515,-70.52503052503053,32.234432234432234,16.605616605616607,-10.354090354090356
18.55921855921856,0.1953601953601953,24.42002442002442,-23.247863247863247,0.0,29.499389499389498,9.572649572649572,-22.466422466422465,4.493284493284493,0.0,45.12820512820513,-14.261294261294262,0.0,-4.493284493284493,30.671550671550676,-29.499389499389498,-30.28083028083028,0.0,-1.3675213675213675,-6.056166056166056,-9.18192918192918,-16.214896214896214,0.0,-24.02930402930403,-107.25274725274726,70.13431013431014,21.68498168498169,-9.18192918192918
11.135531135531137,0.1953601953601953,24.81074481074481,-16.996336996336996,0.0,20.12210012210012,5.665445665445666,-20.12210012210012,13.089133089133089,0.0,33.01587301587302,-18.94993894993895,0.0,-9.572649572649572,28.71794871794872,-26.764346764346765,-24.81074481074481,0.0,-4.102564102564102,0.5860805860805861,-8.791208791208792,-20.12210012210012,0.0,-24.42002442002442,-144.37118437118437,110.76923076923076,26.764346764346765,-8.791208791208792
12.698412698412698,0.9768009768009768,17.77777777777778,-20.512820512820515,0.0,22.075702075702075,-0.9768009768009768,-18.55921855921856,9.572649572649572,0.0,27.545787545787547,-20.12210012210012,0.0,-12.307692307692308,25.982905982905983,-26.764346764346765,-24.02930402930403,0.0,-4.102564102564102,3.711843711843712,-10.354090354090356,-25.982905982905983,0.0,-17.387057387057386,-81.85592185592185,54.114774114774114,27.545787545787547,-10.354090354090356
8.00976800976801,0.1953601953601953,8.791208791208792,-18.55921855921856,0.0,16.605616605616607,-8.791208791208792,-21.68498168498169,12.698412698412698,0.0,18.55921855921856,-22.857142857142858,0.0,-15.042735042735044,18.168498168498168,-26.37362637362637,-20.12210012210012,0.0,-5.274725274725275,0.5860805860805861,-11.526251526251526,-26.37362637362637,0.0,-8.4004884004884,-70.52503052503053,45.12820512820513,28.71794871794872,-11.526251526251526
4.884004884004884,3.3211233211233213,2.148962148962149,-22.466422466422465,0.0,15.042735042735044,-10.354090354090356,-22.466422466422465,7.228327228327228,0.0,10.354090354090356,-21.68498168498169,0.0,-14.652014652014651,14.261294261294262,-27.936507936507937,-22.466422466422465,0.0,-5.274725274725275,-0.9768009768009768,-16.605616605616607,-27.155067155067155,0.0,-1.7582417582417582,-77.94871794871794,58.8034188034188,25.592185592185597,-16.605616605616607
6.446886446886447,6.837606837606837,2.93040293040293,-30.28083028083028,0.0,14.652014652014651,-8.791208791208792,-20.903540903540904,3.3211233211233213,0.0,5.665445665445666,-16.996336996336996,0.0,-12.698412698412698,13.47985347985348,-27.155067155067155,-25.592185592185597,0.0,0.9768009768009768,-2.93040293040293,-20.12210012210012,-29.10866910866911,0.0,-2.5396825396825395,-72.47863247863248,62.31990231990232,21.294261294261293,-20.12210012210012
4.493284493284493,8.791208791208792,6.056166056166056,-27.545787545787547,0.0,13.089133089133089,-9.963369963369964,-22.075702075702075,12.698412698412698,0.0,0.9768009768009768,-19.34065934065934,0.0,-15.824175824175825,9.18192918192918,-31.062271062271066,-13.47985347985348,0.0,3.711843711843712,-8.00976800976801,-25.2014652014652,-20.903540903540904,0.0,-5.665445665445666,-97.09401709401708,92.014652014652,18.94993894993895,-25.2014652014652
1.3675213675213675,9.572649572649572,8.4004884004884,-23.247863247863247,0.0,13.47985347985348,-13.089133089133089,-24.02930402930403,21.68498168498169,0.0,-4.884004884004884,-25.982905982905983,0.0,-16.996336996336996,2.5396825396825395,-39.26739926739927,0.1953601953601953,0.0,4.102564102564102,-13.47985347985348,-33.40659340659341,-11.135531135531137,0.0,-8.00976800976801,-101.001221001221,100.6105006105006,15.824175824175825,-33.40659340659341
2.5396825396825395,11.916971916971915,11.916971916971915,-33.01587301587302,0.0,17.387057387057386,-15.042735042735044,-21.68498168498169,13.47985347985348,0.0,-6.446886446886447,-31.062271062271066,0.0,-14.261294261294262,0.1953601953601953,-43.95604395604396,-0.9768009768009768,0.0,8.00976800976801,-13.47985347985348,-38.48595848595848,-16.214896214896214,0.0,-11.526251526251526,-56.84981684981685,64.66422466422466,13.870573870573873,-38.48595848595848
4.493284493284493,11.526251526251526,8.4004884004884,-39.65811965811966,0.0,20.512820512820515,-18.168498168498168,-23.247863247863247,7.228327228327228,0.0,-9.18192918192918,-34.57875457875458,0.0,-9.963369963369964,-6.056166056166056,-50.989010989010985,0.1953601953601953,0.0,11.526251526251526,-17.387057387057386,-44.346764346764346,-16.996336996336996,0.0,-8.00976800976801,-24.02930402930403,33.40659340659341,12.698412698412698,-44.346764346764346
2.148962148962149,7.619047619047619,2.5396825396825395,-38.87667887667888,0.0,16.214896214896214,-21.68498168498169,-27.936507936507937,9.18192918192918,0.0,-17.387057387057386,-38.095238095238095,0.0,-12.307692307692308,-15.824175824175825,-58.8034188034188,7.228327228327228,0.0,8.791208791208792,-26.37362637362637,-53.724053724053725,-8.791208791208792,0.0,-2.148962148962149,-59.58485958485959,72.08791208791209,7.228327228327228,-53.724053724053725
3.3211233211233213,9.18192918192918,1.7582417582417582,-47.081807081807085,0.0,12.698412698412698,-17.77777777777778,-27.545787545787547,1.3675213675213675,0.0,-21.68498168498169,-36.53235653235653,0.0,-11.526251526251526,-20.512820512820515,-60.757020757020754,10.354090354090356,0.0,9.963369963369964,-29.10866910866911,-59.1941391941392,-4.493284493284493,0.0,-1.3675213675213675,-61.53846153846154,74.43223443223444,4.493284493284493,-59.1941391941392
6.446886446886447,15.433455433455434,2.5396825396825395,-53.724053724053725,0.0,9.572649572649572,-10.744810744810744,-22.857142857142858,-1.7582417582417582,0.0,-27.545787545787547,-34.57875457875458,0.0,-12.307692307692308,-24.02930402930403,-58.02197802197802,14.261294261294262,0.0,11.916971916971915,-31.45299145299145,-59.58485958485959,-1.7582417582417582,0.0,-2.148962148962149,-8.791208791208792,20.12210012210012,-0.9768009768009768,-59.58485958485959
7.228327228327228,20.903540903540904,4.102564102564102,-50.5982905982906,0.0,2.148962148962149,-4.102564102564102,-19.73137973137973,4.884004884004884,0.0,-33.40659340659341,-33.40659340659341,0.0,-18.94993894993895,-29.89010989010989,-58.41269841269841,28.71794871794872,0.0,9.963369963369964,-35.36019536019536,-64.66422466422466,10.354090354090356,0.0,-3.711843711843712,-44.346764346764346,51.37973137973138,-7.228327228327228,-64.66422466422466
6.056166056166056,30.28083028083028,4.884004884004884,-51.37973137973138,0.0,-4.884004884004884,4.884004884004884,-13.47985347985348,5.665445665445666,0.0,-36.14163614163614,-31.843711843711844,0.0,-25.982905982905983,-31.843711843711844,-56.06837606837607,36.53235653235653,0.0,8.791208791208792,-36.14163614163614,-69.35286935286935,17.77777777777778,0.0,-4.493284493284493,-106.86202686202688,109.2063492063492,-13.089133089133089,-69.35286935286935
6.837606837606837,42.39316239316239,2.148962148962149,-55.67765567765568,0.0,-9.572649572649572,13.089133089133089,-5.665445665445666,0.1953601953601953,0.0,-36.14163614163614,-25.592185592185597,0.0,-26.764346764346765,-30.28083028083028,-54.5054945054945,33.01587301587302,0.0,12.698412698412698,-35.36019536019536,-73.26007326007326,16.214896214896214,0.0,-1.7582417582417582,-90.84249084249085,90.06105006105007,-17.387057387057386,-73.26007326007326
6.446886446886447,49.03540903540904,-2.5396825396825395,-52.16117216117216,0.0,-16.214896214896214,15.824175824175825,-2.148962148962149,4.493284493284493,0.0,-37.704517704517706,-23.247863247863247,0.0,-30.28083028083028,-28.71794871794872,-54.114774114774114,34.969474969474966,0.0,14.652014652014651,-36.14163614163614,-80.29304029304029,22.075702075702075,0.0,2.93040293040293,-79.12087912087912,75.6043956043956,-22.857142857142858,-80.29304029304029
1.7582417582417582,49.03540903540904,-9.572649572649572,-40.83028083028083,0.0,-25.592185592185597,11.526251526251526,-2.5396825396825395,17.387057387057386,0.0,-42.002442002442,-25.982905982905983,0.0,-40.43956043956044,-29.499389499389498,-55.28693528693529,43.56532356532357,0.0,5.665445665445666,-35.36019536019536,-89.27960927960928,34.969474969474966,0.0,9.963369963369964,-107.64346764346764,97.48473748473748,-24.02930402930403,-89.27960927960928
4.493284493284493,50.20757020757021,-14.652014652014651,-42.78388278388278,0.0,-22.466422466422465,9.572649572649572,-4.102564102564102,15.042735042735044,0.0,-44.737484737484735,-22.857142857142858,0.0,-36.92307692307692,-32.234432234432234,-59.975579975579976,39.26739926739927,0.0,3.711843711843712,-36.14163614163614,-95.92185592185592,36.92307692307692,0.0,15.042735042735044,-115.45787545787546,101.001221001221,-27.936507936507937,-95.92185592185592
7.228327228327228,47.081807081807085,-15.433455433455434,-43.56532356532357,0.0,-22.466422466422465,5.665445665445666,-6.056166056166056,18.94993894993895,0.0,-50.989010989010985,-23.63858363858364,0.0,-39.65811965811966,-33.40659340659341,-62.71062271062271,37.704517704517706,0.0,-1.3675213675213675,-35.36019536019536,-101.001221001221,39.65811965811966,0.0,15.824175824175825,-115.84859584859583,98.26617826617829,-33.01587301587302,-101.001221001221
8.4004884004884,39.65811965811966,-18.94993894993895,-43.17460317460318,0.0,-23.63858363858364,-0.1953601953601953,-11.526251526251526,23.247863247863247,0.0,-54.114774114774114,-23.247863247863247,0.0,-43.17460317460318,-37.31379731379732,-68.57142857142857,43.17460317460318,0.0,-8.00976800976801,-38.48595848595848,-108.03418803418803,47.86324786324786,0.0,19.34065934065934,-117.4114774114774,99.04761904761904,-38.87667887667888,-108.03418803418803
11.916971916971915,37.31379731379732,-21.294261294261293,-56.45909645909646,0.0,-20.512820512820515,-4.493284493284493,-15.433455433455434,13.47985347985348,0.0,-52.94261294261294,-18.94993894993895,0.0,-40.04884004884005,-36.92307692307692,-74.43223443223444,33.7973137973138,0.0,-4.884004884004884,-41.22100122100122,-113.5042735042735,42.002442002442,0.0,21.68498168498169,-125.6166056166056,111.15995115995116,-44.737484737484735,-113.5042735042735
15.042735042735044,34.57875457875458,-22.466422466422465,-66.22710622710623,0.0,-22.857142857142858,-9.18192918192918,-16.605616605616607,11.135531135531137,0.0,-52.55189255189255,-21.294261294261293,0.0,-37.31379731379732,-35.75091575091575,-75.21367521367522,23.63858363858364,0.0,-0.5860805860805861,-41.22100122100122,-116.63003663003664,33.40659340659341,0.0,22.857142857142858,-103.73626373626374,92.7960927960928,-45.51892551892552,-116.63003663003664
15.042735042735044,29.89010989010989,-28.32722832722833,-62.71062271062271,0.0,-29.499389499389498,-15.824175824175825,-18.94993894993895,19.73137973137973,0.0,-55.67765567765568,-26.764346764346765,0.0,-39.26739926739927,-39.26739926739927,-75.21367521367522,28.71794871794872,0.0,1.7582417582417582,-42.78388278388278,-119.36507936507935,34.57875457875458,0.0,28.71794871794872,-121.31868131868131,113.11355311355312,-46.3003663003663,-119.36507936507935
15.433455433455434,24.42002442002442,-32.62515262515262,-55.67765567765568,0.0,-33.01587301587302,-20.903540903540904,-19.34065934065934,26.37362637362637,0.0,-58.8034188034188,-29.499389499389498,0.0,-40.04884004884005,-44.737484737484735,-72.86935286935287,28.71794871794872,0.0,1.7582417582417582,-41.22100122100122,-125.22588522588522,34.57875457875458,0.0,33.01587301587302,-134.6031746031746,128.35164835164835,-42.39316239316239,-125.22588522588522
18.168498168498168,24.81074481074481,-31.45299145299145,-56.45909645909646,0.0,-33.01587301587302,-20.903540903540904,-11.916971916971915,22.857142857142858,0.0,-61.14774114774115,-29.10866910866911,0.0,-36.92307692307692,-47.081807081807085,-64.27350427350427,14.652014652014651,0.0,3.3211233211233213,-35.36019536019536,-124.83516483516485,21.68498168498169,0.0,31.843711843711844,-84.59096459096459,80.68376068376068,-36.92307692307692,-124.83516483516485
18.168498168498168,23.247863247863247,-31.843711843711844,-51.37973137973138,0.0,-34.57875457875458,-24.02930402930403,-6.446886446886447,24.81074481074481,0.0,-63.10134310134311,-26.37362637362637,0.0,-37.31379731379732,-47.081807081807085,-55.67765567765568,9.18192918192918,0.0,5.274725274725275,-28.71794871794872,-123.27228327228327,14.652014652014651,0.0,32.234432234432234,-71.30647130647131,71.30647130647131,-32.234432234432234,-123.27228327228327
17.387057387057386,19.34065934065934,-33.01587301587302,-47.86324786324786,0.0,-34.18803418803419,-28.32722832722833,-6.837606837606837,26.764346764346765,0.0,-62.31990231990232,-23.247863247863247,0.0,-42.002442002442,-44.346764346764346,-54.5054945054945,8.791208791208792,0.0,2.93040293040293,-24.02930402930403,-126.007326007326,13.089133089133089,0.0,33.40659340659341,-105.68986568986568,109.2063492063492,-28.32722832722833,-126.007326007326
19.73137973137973,20.12210012210012,-29.10866910866911,-52.55189255189255,0.0,-29.89010989010989,-27.155067155067155,-8.4004884004884,25.982905982905983,0.0,-59.1941391941392,-19.34065934065934,0.0,-43.17460317460318,-36.92307692307692,-54.89621489621489,4.884004884004884,0.0,3.3211233211233213,-18.94993894993895,-123.27228327228327,7.619047619047619,0.0,29.499389499389498,-78.73015873015873,84.59096459096459,-26.37362637362637,-123.27228327228327
21.294261294261293,20.512820512820515,-25.982905982905983,-54.5054945054945,0.0,-26.764346764346765,-24.02930402930403,-12.698412698412698,26.37362637362637,0.0,-53.333333333333336,-19.73137973137973,0.0,-43.95604395604396,-29.89010989010989,-51.37973137973138,2.93040293040293,0.0,2.93040293040293,-16.214896214896214,-115.45787545787546,4.493284493284493,0.0,26.37362637362637,-13.089133089133089,20.512820512820515,-29.89010989010989,-115.45787545787546
19.34065934065934,16.996336996336996,-23.63858363858364,-47.472527472527474,0.0,-25.592185592185597,-20.12210012210012,-16.605616605616607,29.89010989010989,0.0,-45.51892551892552,-22.857142857142858,0.0,-49.42612942612943,-25.2014652014652,-48.25396825396825,6.056166056166056,0.0,-1.7582417582417582,-16.605616605616607,-109.2063492063492,10.354090354090356,0.0,24.02930402930403,-31.843711843711844,39.65811965811966,-32.62515262515262,-109.2063492063492
18.94993894993895,14.652014652014651,-17.387057387057386,-42.39316239316239,0.0,-22.466422466422465,-15.824175824175825,-13.870573870573873,28.32722832722833,0.0,-34.18803418803419,-23.247863247863247,0.0,-48.25396825396825,-18.94993894993895,-41.61172161172161,-0.5860805860805861,0.0,-5.274725274725275,-14.261294261294262,-101.3919413919414,10.744810744810744,0.0,17.77777777777778,-68.57142857142857,76.38583638583638,-32.234432234432234,-101.3919413919414
19.73137973137973,14.652014652014651,-13.870573870573873,-38.48595848595848,0.0,-20.903540903540904,-10.354090354090356,-6.446886446886447,21.68498168498169,0.0,-19.34065934065934,-23.63858363858364,0.0,-41.61172161172161,-9.18192918192918,-31.062271062271066,-15.433455433455434,0.0,-1.7582417582417582,-9.572649572649572,-90.84249084249085,2.5396825396825395,0.0,14.261294261294262,-40.04884004884005,49.03540903540904,-29.499389499389498,-90.84249084249085
18.168498168498168,13.47985347985348,-16.996336996336996,-27.936507936507937,0.0,-21.68498168498169,-9.572649572649572,-0.5860805860805861,20.512820512820515,0.0,-8.4004884004884,-25.2014652014652,0.0,-36.14163614163614,0.1953601953601953,-24.02930402930403,-25.592185592185597,0.0,2.93040293040293,-4.493284493284493,-83.80952380952381,-1.3675213675213675,0.0,17.387057387057386,2.148962148962149,7.228327228327228,-24.02930402930403,-83.80952380952381
17.387057387057386,13.089133089133089,-24.42002442002442,-19.34065934065934,0.0,-23.63858363858364,-6.446886446886447,-3.3211233211233213,22.466422466422465,0.0,-0.1953601953601953,-25.592185592185597,0.0,-31.45299145299145,7.228327228327228,-30.28083028083028,-24.02930402930403,0.0,4.493284493284493,-0.5860805860805861,-86.54456654456655,2.148962148962149,0.0,24.81074481074481,-58.02197802197802,64.27350427350427,-16.605616605616607,-86.54456654456655
21.68498168498169,12.307692307692308,-29.499389499389498,-18.168498168498168,0.0,-20.512820512820515,-2.93040293040293,-4.884004884004884,15.824175824175825,0.0,5.274725274725275,-22.075702075702075,0.0,-24.42002442002442,9.572649572649572,-27.545787545787547,-32.234432234432234,0.0,4.884004884004884,2.93040293040293,-80.68376068376068,-4.102564102564102,0.0,29.89010989010989,-72.86935286935287,76.38583638583638,-12.307692307692308,-80.68376068376068
21.68498168498169,9.18192918192918,-33.01587301587302,-11.135531135531137,0.0,-15.824175824175825,-1.7582417582417582,-8.00976800976801,14.261294261294262,0.0,8.4004884004884,-19.73137973137973,0.0,-20.903540903540904,7.619047619047619,-23.247863247863247,-33.01587301587302,0.0,4.102564102564102,4.884004884004884,-76.38583638583638,-4.493284493284493,0.0,33.40659340659341,-48.25396825396825,52.94261294261294,-9.572649572649572,-76.38583638583638
18.55921855921856,4.102564102564102,-27.545787545787547,-4.884004884004884,0.0,-11.916971916971915,-0.5860805860805861,-9.572649572649572,14.652014652014651,0.0,11.916971916971915,-15.042735042735044,0.0,-18.94993894993895,2.93040293040293,-20.903540903540904,-27.936507936507937,0.0,-0.1953601953601953,5.274725274725275,-71.30647130647131,-0.5860805860805861,0.0,27.936507936507937,-47.081807081807085,54.89621489621489,-7.619047619047619,-71.30647130647131
17.387057387057386,0.5860805860805861,-14.261294261294262,-2.93040293040293,0.0,-9.572649572649572,3.3211233211233213,-2.148962148962149,9.18192918192918,0.0,17.387057387057386,-12.307692307692308,0.0,-12.307692307692308,0.1953601953601953,-12.698412698412698,-30.28083028083028,0.0,-1.7582417582417582,9.572649572649572,-59.1941391941392,-4.884004884004884,0.0,14.652014652014651,6.837606837606837,9.963369963369964,-6.837606837606837,-59.1941391941392
13.47985347985348,1.3675213675213675,-4.493284493284493,0.5860805860805861,0.0,-13.870573870573873,9.18192918192918,7.619047619047619,8.4004884004884,0.0,22.466422466422465,-10.744810744810744,0.0,-6.056166056166056,2.5396825396825395,-7.619047619047619,-32.234432234432234,0.0,0.1953601953601953,12.307692307692308,-46.3003663003663,-12.307692307692308,0.0,4.884004884004884,57.63125763125763,-33.7973137973138,-5.665445665445666,-46.3003663003663
7.619047619047619,1.7582417582417582,-0.1953601953601953,10.354090354090356,0.0,-24.02930402930403,11.526251526251526,12.698412698412698,20.12210012210012,0.0,25.592185592185597,-12.307692307692308,0.0,-5.665445665445666,4.884004884004884,-11.135531135531137,-22.466422466422465,0.0,0.9768009768009768,11.526251526251526,-38.095238095238095,-9.963369963369964,0.0,0.5860805860805861,29.10866910866911,-1.7582417582417582,-5.665445665445666,-38.095238095238095
6.056166056166056,2.93040293040293,0.9768009768009768,15.824175824175825,0.0,-29.10866910866911,12.698412698412698,16.996336996336996,25.982905982905983,0.0,30.28083028083028,-11.916971916971915,0.0,-1.7582417582417582,8.791208791208792,-14.261294261294262,-20.12210012210012,0.0,0.1953601953601953,14.261294261294262,-29.499389499389498,-14.261294261294262,0.0,-0.5860805860805861,10.354090354090356,14.652014652014651,-2.93040293040293,-29.499389499389498
7.619047619047619,5.665445665445666,4.493284493284493,11.526251526251526,0.0,-28.71794871794872,16.996336996336996,19.73137973137973,23.63858363858364,0.0,32.62515262515262,-6.837606837606837,0.0,2.93040293040293,15.824175824175825,-12.307692307692308,-31.843711843711844,0.0,2.148962148962149,20.12210012210012,-20.903540903540904,-27.545787545787547,0.0,-4.102564102564102,60.366300366300365,-33.7973137973138,-0.1953601953601953,-20.903540903540904
5.665445665445666,5.665445665445666,10.744810744810744,9.572649572649572,0.0,-27.936507936507937,18.55921855921856,18.94993894993895,24.42002442002442,0.0,35.75091575091575,-6.056166056166056,0.0,0.9768009768009768,20.12210012210012,-11.526251526251526,-34.18803418803419,0.0,0.9768009768009768,20.903540903540904,-15.433455433455434,-31.843711843711844,0.0,-10.354090354090356,64.27350427350427,-34.969474969474966,0.9768009768009768,-15.433455433455434
2.5396825396825395,6.837606837606837,16.605616605616607,9.572649572649572,0.0,-23.247863247863247,21.68498168498169,14.261294261294262,24.81074481074481,0.0,42.78388278388278,-8.4004884004884,0.0,2.93040293040293,22.466422466422465,-13.47985347985348,-33.7973137973138,0.0,1.7582417582417582,22.075702075702075,-14.261294261294262,-31.45299145299145,0.0,-16.214896214896214,26.764346764346765,1.3675213675213675,7.619047619047619,-14.261294261294262
3.711843711843712,9.18192918192918,24.81074481074481,1.3675213675213675,0.0,-16.605616605616607,29.89010989010989,12.307692307692308,14.652014652014651,0.0,51.77045177045177,-11.916971916971915,0.0,7.619047619047619,24.81074481074481,-8.791208791208792,-39.65811965811966,0.0,5.665445665445666,22.466422466422465,-9.18192918192918,-36.14163614163614,0.0,-24.42002442002442,47.86324786324786,-14.652014652014651,9.18192918192918,-9.18192918192918
0.1953601953601953,11.526251526251526,30.28083028083028,3.3211233211233213,0.0,-13.47985347985348,33.40659340659341,10.744810744810744,15.433455433455434,0.0,60.757020757020754,-17.387057387057386,0.0,8.791208791208792,25.2014652014652,-4.102564102564102,-36.92307692307692,0.0,6.446886446886447,19.73137973137973,-1.7582417582417582,-31.843711843711844,0.0,-29.89010989010989,86.93528693528694,-54.114774114774114,9.572649572649572,-1.7582417582417582
-3.3211233211233213,13.089133089133089,32.234432234432234,12.307692307692308,0.0,-13.870573870573873,35.75091575091575,8.791208791208792,23.63858363858364,0.0,64.66422466422466,-20.12210012210012,0.0,9.963369963369964,25.2014652014652,-4.102564102564102,-29.89010989010989,0.0,1.3675213675213675,18.94993894993895,2.93040293040293,-23.247863247863247,0.0,-31.843711843711844,42.39316239316239,-14.652014652014651,10.744810744810744,2.93040293040293
-5.665445665445666,12.698412698412698,34.969474969474966,16.996336996336996,0.0,-14.261294261294262,39.65811965811966,6.446886446886447,27.545787545787547,0.0,63.88278388278388,-18.55921855921856,0.0,11.916971916971915,25.982905982905983,-2.5396825396825395,-31.843711843711844,0.0,-2.93040293040293,18.168498168498168,8.791208791208792,-20.512820512820515,0.0,-34.57875457875458,14.652014652014651,10.744810744810744,9.572649572649572,8.791208791208792
-9.18192918192918,11.916971916971915,35.36019536019536,20.512820512820515,0.0,-16.214896214896214,42.002442002442,4.884004884004884,29.499389499389498,0.0,57.63125763125763,-17.387057387057386,0.0,8.4004884004884,29.10866910866911,-1.3675213675213675,-38.48595848595848,0.0,-8.4004884004884,15.824175824175825,12.698412698412698,-22.466422466422465,0.0,-34.969474969474966,54.89621489621489,-25.592185592185597,5.665445665445666,12.698412698412698
-9.963369963369964,8.4004884004884,35.36019536019536,20.903540903540904,0.0,-13.47985347985348,40.83028083028083,2.148962148962149,25.982905982905983,0.0,54.114774114774114,-19.73137973137973,0.0,5.274725274725275,33.01587301587302,-8.791208791208792,-40.83028083028083,0.0,-8.791208791208792,14.261294261294262,6.056166056166056,-22.466422466422465,0.0,-34.969474969474966,82.24664224664225,-44.346764346764346,2.93040293040293,6.056166056166056
-6.837606837606837,9.963369963369964,31.45299145299145,19.73137973137973,0.0,-5.274725274725275,42.39316239316239,-1.3675213675213675,19.34065934065934,0.0,53.333333333333336,-20.903540903540904,0.0,6.446886446886447,34.969474969474966,-13.089133089133089,-43.56532356532357,0.0,-1.7582417582417582,13.47985347985348,-0.1953601953601953,-26.37362637362637,0.0,-31.062271062271066,56.84981684981685,-15.824175824175825,4.493284493284493,-0.1953601953601953
-0.9768009768009768,16.214896214896214,31.45299145299145,10.354090354090356,0.0,3.711843711843712,46.3003663003663,-0.1953601953601953,7.619047619047619,0.0,56.06837606837607,-20.512820512820515,0.0,7.619047619047619,36.53235653235653,-10.744810744810744,-44.737484737484735,0.0,5.665445665445666,17.77777777777778,-3.3211233211233213,-31.45299145299145,0.0,-31.062271062271066,50.989010989010985,-9.572649572649572,9.18192918192918,-3.3211233211233213
4.493284493284493,25.2014652014652,33.40659340659341,6.446886446886447,0.0,11.135531135531137,51.37973137973138,0.9768009768009768,7.228327228327228,0.0,57.63125763125763,-19.73137973137973,0.0,9.963369963369964,33.01587301587302,-8.00976800976801,-34.18803418803419,0.0,11.135531135531137,20.12210012210012,-4.884004884004884,-25.982905982905983,0.0,-33.01587301587302,35.36019536019536,2.148962148962149,10.744810744810744,-4.884004884004884
6.837606837606837,31.45299145299145,29.89010989010989,10.744810744810744,0.0,10.744810744810744,55.28693528693529,-0.1953601953601953,14.652014652014651,0.0,54.5054945054945,-16.214896214896214,0.0,8.4004884004884,25.592185592185597,-6.056166056166056,-18.55921855921856,0.0,9.18192918192918,18.55921855921856,-2.93040293040293,-15.433455433455434,0.0,-29.499389499389498,8.791208791208792,19.73137973137973,10.744810744810744,-2.93040293040293
8.4004884004884,37.704517704517706,29.10866910866911,7.619047619047619,0.0,10.354090354090356,60.757020757020754,0.1953601953601953,13.089133089133089,0.0,51.37973137973138,-13.870573870573873,0.0,7.619047619047619,20.512820512820515,-1.3675213675213675,-15.433455433455434,0.0,8.00976800976801,14.652014652014651,0.9768009768009768,-13.089133089133089,0.0,-28.71794871794872,41.61172161172161,-16.605616605616607,7.619047619047619,0.9768009768009768
10.354090354090356,36.92307692307692,28.71794871794872,8.4004884004884,0.0,10.744810744810744,64.66422466422466,0.5860805860805861,9.18192918192918,0.0,49.03540903540904,-13.870573870573873,0.0,4.493284493284493,20.512820512820515,-0.1953601953601953,-15.042735042735044,0.0,8.4004884004884,8.4004884004884,3.711843711843712,-11.526251526251526,0.0,-28.32722832722833,73.26007326007326,-47.081807081807085,2.5396825396825395,3.711843711843712
5.665445665445666,28.71794871794872,25.982905982905983,20.903540903540904,0.0,9.572649572649572,61.14774114774115,-0.9768009768009768,12.307692307692308,0.0,45.12820512820513,-13.870573870573873,0.0,1.7582417582417582,18.94993894993895,-2.5396825396825395,-9.18192918192918,0.0,8.4004884004884,2.5396825396825395,2.148962148962149,-4.884004884004884,0.0,-25.592185592185597,38.095238095238095,-7.619047619047619,0.5860805860805861,2.148962148962149
4.102564102564102,25.982905982905983,29.499389499389498,27.545787545787547,0.0,16.214896214896214,59.1941391941392,-0.1953601953601953,13.089133089133089,0.0,47.081807081807085,-13.870573870573873,0.0,3.3211233211233213,23.63858363858364,-4.102564102564102,-6.837606837606837,0.0,12.307692307692308,2.5396825396825395,4.102564102564102,-4.102564102564102,0.0,-29.10866910866911,37.31379731379732,-3.711843711843712,2.5396825396825395,4.102564102564102
4.884004884004884,25.2014652014652,39.26739926739927,27.155067155067155,0.0,26.37362637362637,59.1941391941392,1.7582417582417582,9.963369963369964,0.0,49.03540903540904,-12.307692307692308,0.0,8.791208791208792,27.545787545787547,-0.5860805860805861,-8.00976800976801,0.0,16.605616605616607,8.791208791208792,7.619047619047619,-6.056166056166056,0.0,-38.87667887667888,81.85592185592185,-42.78388278388278,5.274725274725275,7.619047619047619
4.493284493284493,23.247863247863247,45.12820512820513,30.671550671550676,0.0,35.36019536019536,55.67765567765568,-2.93040293040293,16.605616605616607,0.0,48.64468864468864,-11.135531135531137,0.0,11.135531135531137,23.247863247863247,1.7582417582417582,0.9768009768009768,0.0,16.214896214896214,10.744810744810744,9.963369963369964,0.1953601953601953,0.0,-44.737484737484735,66.22710622710623,-24.81074481074481,8.00976800976801,9.963369963369964
6.446886446886447,23.63858363858364,46.3003663003663,29.499389499389498,0.0,48.64468864468864,51.37973137973138,-8.791208791208792,16.605616605616607,0.0,49.42612942612943,-11.526251526251526,0.0,16.214896214896214,18.168498168498168,3.3211233211233213,8.791208791208792,0.0,16.605616605616607,12.307692307692308,12.307692307692308,4.884004884004884,0.0,-45.90964590964591,16.605616605616607,20.903540903540904,11.526251526251526,12.307692307692308
12.698412698412698,24.02930402930403,46.69108669108669,22.075702075702075,0.0,64.66422466422466,47.472527472527474,-11.526251526251526,7.619047619047619,0.0,48.64468864468864,-11.916971916971915,0.0,22.857142857142858,21.68498168498169,8.791208791208792,3.3211233211233213,0.0,21.294261294261293,17.387057387057386,13.089133089133089,4.884004884004884,0.0,-46.3003663003663,40.83028083028083,-8.00976800976801,16.605616605616607,13.089133089133089
18.168498168498168,21.68498168498169,40.04884004884005,24.81074481074481,0.0,80.68376068376068,37.704517704517706,-15.824175824175825,4.102564102564102,0.0,47.472527472527474,-11.526251526251526,0.0,26.764346764346765,26.764346764346765,14.261294261294262,-0.1953601953601953,0.0,24.81074481074481,20.903540903540904,14.261294261294262,7.228327228327228,0.0,-39.65811965811966,88.1074481074481,-60.757020757020754,20.903540903540904,14.261294261294262
18.168498168498168,17.387057387057386,31.843711843711844,33.7973137973138,0.0,93.18681318681318,23.63858363858364,-17.77777777777778,5.274725274725275,0.0,43.95604395604396,-13.089133089133089,0.0,32.62515262515262,30.28083028083028,16.214896214896214,-0.1953601953601953,0.0,27.155067155067155,22.857142857142858,14.652014652014651,13.089133089133089,0.0,-31.45299145299145,70.52503052503053,-50.5982905982906,25.2014652014652,14.652014652014651
13.47985347985348,11.916971916971915,26.764346764346765,45.51892551892552,0.0,98.65689865689866,10.744810744810744,-16.996336996336996,7.228327228327228,0.0,37.31379731379732,-15.824175824175825,0.0,38.095238095238095,39.26739926739927,20.903540903540904,-8.791208791208792,0.0,28.32722832722833,28.71794871794872,18.55921855921856,13.089133089133089,0.0,-26.37362637362637,43.95604395604396,-26.764346764346765,29.10866910866911,18.55921855921856
20.12210012210012,6.056166056166056,18.94993894993895,44.346764346764346,0.0,111.94139194139194,0.5860805860805861,-19.73137973137973,-0.1953601953601953,0.0,35.75091575091575,-12.307692307692308,0.0,46.3003663003663,42.78388278388278,20.512820512820515,-13.870573870573873,0.0,31.062271062271066,32.62515262515262,18.94993894993895,11.135531135531137,0.0,-18.55921855921856,97.87545787545788,-79.51159951159951,29.89010989010989,18.94993894993895
20.903540903540904,-2.93040293040293,12.307692307692308,47.86324786324786,0.0,115.06715506715508,-9.572649572649572,-24.81074481074481,0.1953601953601953,0.0,27.545787545787547,-17.77777777777778,0.0,44.737484737484735,37.704517704517706,18.94993894993895,-8.4004884004884,0.0,25.2014652014652,31.062271062271066,20.12210012210012,15.433455433455434,0.0,-11.916971916971915,93.96825396825396,-78.73015873015873,31.45299145299145,20.12210012210012
25.592185592185597,-9.963369963369964,6.446886446886447,40.83028083028083,0.0,122.88156288156289,-16.996336996336996,-29.10866910866911,-10.744810744810744,0.0,21.68498168498169,-20.512820512820515,0.0,45.90964590964591,34.969474969474966,13.870573870573873,-9.963369963369964,0.0,18.55921855921856,32.62515262515262,16.214896214896214,15.433455433455434,0.0,-6.056166056166056,91.62393162393164,-81.07448107448107,34.18803418803419,16.214896214896214
32.234432234432234,-14.261294261294262,0.9768009768009768,25.2014652014652,0.0,132.25885225885227,-21.294261294261293,-33.01587301587302,-29.89010989010989,0.0,15.433455433455434,-22.466422466422465,0.0,49.81684981684982,29.499389499389498,10.354090354090356,-16.996336996336996,0.0,14.261294261294262,32.62515262515262,13.870573870573873,10.354090354090356,0.0,-0.5860805860805861,113.5042735042735,-111.94139194139194,39.65811965811966,13.870573870573873
26.764346764346765,-18.168498168498168,-6.837606837606837,24.02930402930403,0.0,129.52380952380952,-30.28083028083028,-36.14163614163614,-34.57875457875458,0.0,2.93040293040293,-31.45299145299145,0.0,44.346764346764346,22.466422466422465,5.665445665445666,-12.698412698412698,0.0,3.3211233211233213,31.45299145299145,10.354090354090356,12.307692307692308,0.0,7.228327228327228,110.37851037851038,-116.63003663003664,41.22100122100122,10.354090354090356
17.77777777777778,-21.68498168498169,-16.996336996336996,30.28083028083028,0.0,124.83516483516485,-43.56532356532357,-36.14163614163614,-33.40659340659341,0.0,-8.00976800976801,-35.36019536019536,0.0,38.87667887667888,15.042735042735044,1.7582417582417582,-7.619047619047619,0.0,-8.00976800976801,29.10866910866911,7.619047619047619,17.77777777777778,0.0,17.387057387057386,118.1929181929182,-132.64957264957266,42.78388278388278,7.619047619047619
18.94993894993895,-19.73137973137973,-27.155067155067155,29.10866910866911,0.0,124.83516483516485,-48.64468864468864,-31.843711843711844,-40.43956043956044,0.0,-17.387057387057386,-34.18803418803419,0.0,36.53235653235653,15.824175824175825,2.93040293040293,-13.870573870573873,0.0,-12.698412698412698,29.89010989010989,11.526251526251526,11.135531135531137,0.0,27.545787545787547,182.27106227106228,-203.36996336996336,42.002442002442,11.526251526251526
23.63858363858364,-17.387057387057386,-40.04884004884005,28.71794871794872,0.0,124.44444444444444,-54.89621489621489,-30.28083028083028,-42.39316239316239,0.0,-27.155067155067155,-36.53235653235653,0.0,30.671550671550676,13.870573870573873,4.102564102564102,-15.042735042735044,0.0,-18.55921855921856,30.671550671550676,15.433455433455434,6.056166056166056,0.0,40.43956043956044,198.2905982905983,-225.25030525030525,38.87667887667888,15.433455433455434
29.499389499389498,-23.63858363858364,-55.28693528693529,31.062271062271066,0.0,124.44444444444444,-65.83638583638583,-37.31379731379732,-36.53235653235653,0.0,-40.04884004884005,-40.04884004884005,0.0,20.512820512820515,5.665445665445666,2.5396825396825395,-4.884004884004884,0.0,-29.10866910866911,24.81074481074481,13.47985347985348,13.47985347985348,0.0,55.67765567765568,153.35775335775335,-191.2576312576313,36.92307692307692,13.47985347985348
38.87667887667888,-25.592185592185597,-66.61782661782662,20.12210012210012,0.0,128.35164835164835,-70.91575091575092,-42.78388278388278,-45.51892551892552,0.0,-51.37973137973138,-44.737484737484735,0.0,20.512820512820515,-2.5396825396825395,2.148962148962149,-6.056166056166056,0.0,-32.62515262515262,21.294261294261293,11.526251526251526,12.307692307692308,0.0,67.00854700854701,144.37118437118437,-191.64835164835165,32.62515262515262,11.526251526251526
39.26739926739927,-31.45299145299145,-74.82295482295483,10.354090354090356,0.0,131.08669108669108,-82.63736263736264,-49.03540903540904,-53.724053724053725,0.0,-65.44566544566544,-54.114774114774114,0.0,18.55921855921856,-12.698412698412698,0.5860805860805861,-6.837606837606837,0.0,-38.095238095238095,18.55921855921856,6.446886446886447,11.135531135531137,0.0,75.21367521367522,188.91330891330887,-242.44200244200243,29.10866910866911,6.446886446886447
34.18803418803419,-41.61172161172161,-82.24664224664225,9.963369963369964,0.0,127.17948717948718,-96.7032967032967,-56.45909645909646,-51.37973137973138,0.0,-80.29304029304029,-63.10134310134311,0.0,12.307692307692308,-20.512820512820515,-6.056166056166056,1.3675213675213675,0.0,-47.86324786324786,15.433455433455434,-2.148962148962149,20.512820512820515,0.0,82.63736263736264,168.2051282051282,-229.1575091575092,27.155067155067155,-2.148962148962149
35.75091575091575,-47.081807081807085,-87.32600732600733,10.354090354090356,0.0,127.57020757020756,-106.86202686202688,-57.63125763125763,-49.03540903540904,0.0,-89.67032967032966,-69.35286935286935,0.0,6.056166056166056,-19.73137973137973,-11.135531135531137,3.3211233211233213,0.0,-56.84981684981685,16.996336996336996,-6.446886446886447,24.02930402930403,0.0,87.71672771672772,139.68253968253967,-212.3565323565324,29.89010989010989,-6.446886446886447
42.39316239316239,-47.081807081807085,-92.4053724053724,5.274725274725275,0.0,129.52380952380952,-111.94139194139194,-56.45909645909646,-50.5982905982906,0.0,-97.48473748473748,-72.47863247863248,0.0,0.5860805860805861,-13.089133089133089,-12.698412698412698,-2.93040293040293,0.0,-62.31990231990232,20.903540903540904,-3.3211233211233213,16.214896214896214,0.0,92.7960927960928,191.2576312576313,-271.35531135531136,28.71794871794872,-3.3211233211233213
49.42612942612943,-52.16117216117216,-100.6105006105006,6.837606837606837,0.0,128.35164835164835,-120.14652014652016,-57.63125763125763,-45.12820512820513,0.0,-108.03418803418803,-76.38583638583638,0.0,-8.4004884004884,-11.135531135531137,-15.824175824175825,-1.3675213675213675,0.0,-74.82295482295483,22.466422466422465,-1.7582417582417582,14.652014652014651,0.0,101.001221001221,227.5946275946276,-318.63247863247864,29.89010989010989,-1.7582417582417582
58.02197802197802,-59.58485958485959,-112.72283272283272,11.135531135531137,0.0,126.3980463980464,-129.52380952380952,-59.1941391941392,-37.704517704517706,0.0,-117.02075702075702,-83.41880341880342,0.0,-20.12210012210012,-13.870573870573873,-18.168498168498168,0.5860805860805861,0.0,-92.7960927960928,22.466422466422465,-0.1953601953601953,15.824175824175825,0.0,113.11355311355312,197.11843711843716,-299.0964590964591,29.499389499389498,-0.1953601953601953
68.57142857142857,-63.10134310134311,-124.05372405372404,8.00976800976801,0.0,133.04029304029305,-135.3846153846154,-62.31990231990232,-43.17460317460318,0.0,-126.007326007326,-80.68376068376068,0.0,-20.903540903540904,-19.73137973137973,-21.68498168498169,-2.93040293040293,0.0,-98.65689865689866,19.73137973137973,-1.3675213675213675,11.916971916971915,0.0,124.44444444444444,189.3040293040293,-297.5335775335776,28.32722832722833,-1.3675213675213675
75.995115995116,-72.86935286935287,-129.13308913308913,7.619047619047619,0.0,140.0732600732601,-147.88766788766787,-60.757020757020754,-47.472527472527474,0.0,-137.33821733821733,-80.68376068376068,0.0,-27.936507936507937,-24.02930402930403,-20.12210012210012,-8.00976800976801,0.0,-109.5970695970696,18.168498168498168,-0.1953601953601953,8.4004884004884,0.0,129.52380952380952,197.50915750915752,-306.5201465201465,25.982905982905983,-0.1953601953601953
83.80952380952381,-84.59096459096459,-133.82173382173383,11.135531135531137,0.0,150.23199023199024,-164.2979242979243,-61.14774114774115,-45.90964590964591,0.0,-149.45054945054946,-77.55799755799755,0.0,-34.57875457875458,-30.28083028083028,-22.075702075702075,-6.837606837606837,0.0,-120.14652014652016,14.652014652014651,-4.493284493284493,12.307692307692308,0.0,134.21245421245422,191.64835164835165,-301.44078144078145,23.63858363858364,-4.493284493284493
90.06105006105007,-91.62393162393164,-133.82173382173383,9.572649572649572,0.0,158.43711843711844,-177.58241758241758,-59.1941391941392,-44.737484737484735,0.0,-162.34432234432234,-71.6971916971917,0.0,-46.69108669108669,-32.62515262515262,-19.73137973137973,-9.572649572649572,0.0,-129.13308913308913,9.572649572649572,-2.148962148962149,10.354090354090356,0.0,134.21245421245422,204.93284493284492,-314.72527472527474,19.73137973137973,-2.148962148962149
94.35897435897436,-95.92185592185592,-132.64957264957266,5.274725274725275,0.0,161.95360195360195,-192.03907203907204,-56.45909645909646,-40.83028083028083,0.0,-178.75457875457874,-68.18070818070818,0.0,-63.88278388278388,-37.31379731379732,-12.307692307692308,-11.526251526251526,0.0,-143.5897435897436,4.493284493284493,4.884004884004884,6.056166056166056,0.0,133.04029304029305,215.87301587301587,-329.1819291819292,13.089133089133089,4.884004884004884
93.57753357753356,-104.51770451770452,-142.02686202686203,11.916971916971915,0.0,151.7948717948718,-206.4957264957265,-59.1941391941392,-24.42002442002442,0.0,-196.33699633699635,-69.35286935286935,0.0,-86.15384615384616,-47.86324786324786,-9.963369963369964,0.1953601953601953,0.0,-160.78144078144078,-6.056166056166056,6.837606837606837,13.47985347985348,0.0,142.41758241758242,195.55555555555557,-315.5067155067155,3.711843711843712,6.837606837606837
95.53113553113552,-107.25274725274726,-152.57631257631255,11.526251526251526,0.0,142.8083028083028,-216.65445665445665,-64.66422466422466,-11.916971916971915,0.0,-211.5750915750916,-68.18070818070818,0.0,-108.42490842490842,-58.8034188034188,-7.228327228327228,9.963369963369964,0.0,-176.8009768009768,-18.55921855921856,7.619047619047619,20.512820512820515,0.0,152.96703296703296,168.5958485958486,-294.017094017094,-8.00976800976801,7.619047619047619
99.82905982905984,-108.03418803418803,-158.82783882783883,0.9768009768009768,0.0,136.16605616605617,-219.78021978021977,-65.44566544566544,-14.652014652014651,0.0,-222.12454212454213,-65.83638583638583,0.0,-123.66300366300366,-63.10134310134311,-0.1953601953601953,4.102564102564102,0.0,-187.3504273504273,-24.02930402930403,10.744810744810744,15.433455433455434,0.0,159.21855921855922,186.95970695970692,-314.72527472527474,-17.77777777777778,10.744810744810744
104.12698412698413,-113.11355311355312,-163.9072039072039,-3.3211233211233213,0.0,127.17948717948718,-224.07814407814408,-65.44566544566544,-12.307692307692308,0.0,-230.72039072039072,-65.44566544566544,0.0,-136.94749694749694,-67.3992673992674,2.5396825396825395,4.102564102564102,0.0,-199.07203907203908,-27.155067155067155,8.4004884004884,18.168498168498168,0.0,164.2979242979243,163.12576312576311,-292.06349206349205,-23.63858363858364,8.4004884004884
108.8156288156288,-122.1001221001221,-164.6886446886447,-2.148962148962149,0.0,120.53724053724054,-228.7667887667888,-66.61782661782662,-4.493284493284493,0.0,-236.5811965811966,-64.66422466422466,0.0,-149.84126984126985,-73.65079365079364,0.9768009768009768,12.698412698412698,0.0,-211.1843711843712,-29.89010989010989,1.7582417582417582,27.936507936507937,0.0,165.0793650793651,101.001221001221,-227.985347985348,-27.936507936507937,1.7582417582417582
117.02075702075702,-130.3052503052503,-162.73504273504273,-4.884004884004884,0.0,113.5042735042735,-228.3760683760684,-62.31990231990232,-3.711843711843712,0.0,-237.36263736263737,-62.31990231990232,0.0,-160.0,-75.21367521367522,0.1953601953601953,13.089133089133089,0.0,-220.95238095238096,-28.32722832722833,0.1953601953601953,26.37362637362637,0.0,163.12576312576311,99.04761904761904,-225.25030525030525,-29.89010989010989,0.1953601953601953
124.05372405372404,-141.24542124542126,-161.56288156288156,-2.148962148962149,0.0,102.56410256410255,-229.5482295482296,-54.89621489621489,0.5860805860805861,0.0,-238.92551892551893,-59.58485958485959,0.0,-174.06593406593407,-76.38583638583638,0.9768009768009768,14.652014652014651,0.0,-230.72039072039072,-29.499389499389498,-0.5860805860805861,25.592185592185597,0.0,161.95360195360195,163.9072039072039,-290.8913308913309,-32.234432234432234,-0.5860805860805861
133.04029304029305,-156.0927960927961,-168.2051282051282,8.791208791208792,0.0,91.62393162393164,-233.06471306471303,-52.16117216117216,11.916971916971915,0.0,-239.7069597069597,-57.63125763125763,0.0,-188.13186813186812,-83.41880341880342,0.1953601953601953,25.2014652014652,0.0,-239.3162393162393,-35.75091575091575,-3.711843711843712,31.45299145299145,0.0,168.5958485958486,190.47619047619048,-317.46031746031747,-37.31379731379732,-3.711843711843712
142.41758241758242,-166.64224664224665,-173.67521367521368,11.526251526251526,0.0,82.24664224664225,-233.45543345543345,-46.69108669108669,11.916971916971915,0.0,-238.5347985347985,-52.94261294261294,0.0,-199.46275946275944,-84.59096459096459,0.1953601953601953,25.592185592185597,0.0,-242.8327228327228,-42.39316239316239,-4.493284493284493,30.28083028083028,0.0,174.06593406593407,172.50305250305252,-299.8778998778999,-42.002442002442,-4.493284493284493
154.13919413919413,-173.2844932844933,-175.23809523809524,12.307692307692308,0.0,76.77655677655677,-229.93894993894995,-39.26739926739927,11.526251526251526,0.0,-235.4090354090354,-45.12820512820513,0.0,-206.4957264957265,-82.63736263736264,5.274725274725275,21.294261294261293,0.0,-244.3956043956044,-44.346764346764346,-2.93040293040293,29.10866910866911,0.0,175.62881562881563,198.2905982905983,-326.4468864468864,-47.472527472527474,-2.93040293040293
165.86080586080587,-181.0989010989011,-173.67521367521368,15.042735042735044,0.0,71.6971916971917,-227.5946275946276,-33.7973137973138,16.996336996336996,0.0,-230.32967032967036,-40.43956043956044,0.0,-213.91941391941396,-83.41880341880342,7.619047619047619,27.155067155067155,0.0,-246.3492063492064,-51.37973137973138,-3.3211233211233213,38.48595848595848,0.0,174.06593406593407,222.12454212454213,-347.93650793650795,-56.06837606837607,-3.3211233211233213
174.06593406593407,-185.78754578754575,-173.67521367521368,17.387057387057386,0.0,64.66422466422466,-222.5152625152625,-33.7973137973138,24.42002442002442,0.0,-222.12454212454213,-37.704517704517706,0.0,-218.998778998779,-84.2002442002442,2.93040293040293,39.26739926739927,0.0,-244.7863247863248,-57.63125763125763,-9.572649572649572,50.5982905982906,0.0,174.06593406593407,123.66300366300366,-250.64713064713064,-61.53846153846154,-9.572649572649572
185.78754578754575,-188.5225885225885,-165.0793650793651,8.791208791208792,0.0,59.58485958485959,-213.52869352869357,-29.10866910866911,24.42002442002442,0.0,-210.4029304029304,-29.89010989010989,0.0,-224.85958485958488,-78.73015873015873,4.493284493284493,40.04884004884005,0.0,-241.66056166056163,-59.975579975579976,-13.089133089133089,56.45909645909646,0.0,165.47008547008548,77.16727716727716,-197.8998778998779,-67.3992673992674,-13.089133089133089
193.2112332112332,-196.33699633699635,-159.21855921855922,8.00976800976801,0.0,49.81684981684982,-210.7936507936508,-24.81074481074481,32.62515262515262,0.0,-200.63492063492063,-26.764346764346765,0.0,-233.84615384615384,-75.21367521367522,6.837606837606837,45.12820512820513,0.0,-237.36263736263737,-63.88278388278388,-17.77777777777778,62.31990231990232,0.0,159.6092796092796,90.84249084249085,-204.54212454212453,-71.30647130647131,-17.77777777777778
199.85347985347985,-206.4957264957265,-158.82783882783883,9.18192918192918,0.0,40.43956043956044,-211.1843711843712,-25.982905982905983,40.83028083028083,0.0,-193.992673992674,-24.81074481074481,0.0,-237.36263736263737,-77.94871794871794,4.102564102564102,50.5982905982906,0.0,-230.32967032967036,-69.74358974358974,-25.592185592185597,65.83638583638583,0.0,159.21855921855922,73.26007326007326,-177.58241758241758,-74.82295482295483,-25.592185592185597
205.32356532356533,-215.48229548229548,-155.3113553113553,8.00976800976801,0.0,32.234432234432234,-210.01221001221,-22.857142857142858,42.78388278388278,0.0,-187.3504273504273,-20.12210012210012,0.0,-244.004884004884,-76.77655677655677,4.102564102564102,45.90964590964591,0.0,-228.7667887667888,-72.47863247863248,-28.71794871794872,60.366300366300365,0.0,155.7020757020757,102.95482295482296,-195.94627594627596,-77.94871794871794,-28.71794871794872
207.27716727716728,-220.56166056166057,-153.35775335775335,7.619047619047619,0.0,23.247863247863247,-208.0586080586081,-17.77777777777778,44.346764346764346,0.0,-183.83394383394383,-16.605616605616607,0.0,-244.004884004884,-77.94871794871794,6.446886446886447,40.04884004884005,0.0,-224.07814407814408,-74.43223443223444,-28.71794871794872,52.94261294261294,0.0,153.74847374847374,124.05372405372404,-211.1843711843712,-78.73015873015873,-28.71794871794872
207.66788766788767,-227.985347985348,-154.52991452991452,15.824175824175825,0.0,13.47985347985348,-206.8864468864469,-19.73137973137973,54.89621489621489,0.0,-180.70818070818072,-14.652014652014651,0.0,-241.2698412698413,-86.15384615384616,5.274725274725275,48.25396825396825,0.0,-217.82661782661785,-81.07448107448107,-31.062271062271066,56.45909645909646,0.0,154.9206349206349,58.41269841269841,-142.41758241758242,-79.12087912087912,-31.062271062271066
209.23076923076923,-230.72039072039072,-154.13919413919413,22.075702075702075,0.0,9.572649572649572,-200.24420024420024,-19.34065934065934,57.63125763125763,0.0,-175.23809523809524,-6.837606837606837,0.0,-238.92551892551893,-89.27960927960928,5.274725274725275,53.724053724053725,0.0,-214.31013431013432,-84.2002442002442,-31.062271062271066,61.14774114774115,0.0,154.52991452991452,16.605616605616607,-99.82905982905984,-75.995115995116,-31.062271062271066
210.7936507936508,-229.93894993894995,-145.54334554334554,15.433455433455434,0.0,10.354090354090356,-188.91330891330887,-15.433455433455434,45.90964590964591,0.0,-167.81440781440782,0.1953601953601953,0.0,-238.5347985347985,-83.80952380952381,12.698412698412698,45.51892551892552,0.0,-210.4029304029304,-82.24664224664225,-23.63858363858364,53.724053724053725,0.0,145.93406593406593,43.56532356532357,-122.88156288156289,-73.65079365079364,-23.63858363858364
210.01221001221,-231.8925518925519,-139.29181929181928,15.824175824175825,0.0,12.307692307692308,-181.0989010989011,-17.387057387057386,41.61172161172161,0.0,-161.56288156288156,4.102564102564102,0.0,-241.66056166056163,-80.68376068376068,16.605616605616607,43.95604395604396,0.0,-208.44932844932845,-82.24664224664225,-20.12210012210012,49.81684981684982,0.0,139.68253968253967,35.36019536019536,-109.2063492063492,-70.52503052503053,-20.12210012210012
206.8864468864469,-236.1904761904762,-133.43101343101344,16.996336996336996,0.0,15.824175824175825,-175.23809523809524,-21.68498168498169,36.14163614163614,0.0,-155.7020757020757,4.493284493284493,0.0,-237.36263736263737,-81.46520146520146,15.042735042735044,43.56532356532357,0.0,-205.7142857142857,-79.9023199023199,-17.387057387057386,43.95604395604396,0.0,133.82173382173383,2.148962148962149,-62.31990231990232,-71.6971916971917,-17.387057387057386
199.85347985347985,-235.7997557997558,-122.88156288156289,8.791208791208792,0.0,19.34065934065934,-170.15873015873015,-23.247863247863247,24.02930402930403,0.0,-149.84126984126985,2.148962148962149,0.0,-235.4090354090354,-79.51159951159951,13.089133089133089,33.01587301587302,0.0,-209.6214896214896,-69.74358974358974,-14.261294261294262,25.982905982905983,0.0,123.27228327228327,47.472527472527474,-88.88888888888889,-71.30647130647131,-14.261294261294262
190.47619047619048,-234.23687423687423,-117.02075702075702,2.148962148962149,0.0,21.68498168498169,-170.94017094017093,-26.37362637362637,17.77777777777778,0.0,-146.7155067155067,-2.5396825396825395,0.0,-214.7008547008547,-77.55799755799755,6.837606837606837,24.81074481074481,0.0,-193.2112332112332,-60.366300366300365,-16.214896214896214,10.354090354090356,0.0,117.4114774114774,127.57020757020756,-152.57631257631255,-68.57142857142857,-16.214896214896214
177.97313797313797,-235.018315018315,-116.63003663003664,6.056166056166056,0.0,20.12210012210012,-176.01953601953602,-29.499389499389498,19.34065934065934,0.0,-143.1990231990232,-8.791208791208792,0.0,-211.1843711843712,-76.77655677655677,-1.3675213675213675,23.247863247863247,0.0,-192.42979242979243,-54.114774114774114,-22.857142857142858,4.493284493284493,0.0,117.02075702075702,126.007326007326,-134.993894993895,-63.88278388278388,-22.857142857142858
166.25152625152626,-228.7667887667888,-111.94139194139194,1.7582417582417582,0.0,16.996336996336996,-172.8937728937729,-27.155067155067155,11.526251526251526,0.0,-133.82173382173383,-11.135531135531137,0.0,-214.7008547008547,-70.13431013431014,-7.228327228327228,14.261294261294262,0.0,-197.50915750915752,-45.12820512820513,-29.10866910866911,-4.102564102564102,0.0,112.33211233211232,104.12698412698413,-106.47130647130648,-52.94261294261294,-29.10866910866911
156.87423687423689,-219.38949938949935,-106.08058608058607,-8.4004884004884,0.0,14.261294261294262,-164.6886446886447,-25.592185592185597,-0.5860805860805861,0.0,-122.88156288156289,-13.870573870573873,0.0,-196.72771672771677,-56.45909645909646,-6.056166056166056,-2.148962148962149,0.0,-170.94017094017093,-39.26739926739927,-32.234432234432234,-17.77777777777778,0.0,106.47130647130648,116.23931623931624,-115.84859584859583,-44.737484737484735,-32.234432234432234
145.93406593406593,-214.7008547008547,-99.82905982905984,-9.963369963369964,0.0,8.791208791208792,-156.87423687423689,-27.545787545787547,-2.148962148962149,0.0,-111.15995115995116,-15.042735042735044,0.0,-217.43589743589743,-51.37973137973138,-4.493284493284493,-4.102564102564102,0.0,-188.13186813186812,-35.75091575091575,-31.45299145299145,-22.075702075702075,0.0,100.21978021978022,110.76923076923076,-108.03418803418803,-37.704517704517706,-31.45299145299145
138.1196581196581,-209.6214896214896,-87.71672771672772,-15.433455433455434,0.0,7.619047619047619,-144.76190476190476,-30.28083028083028,-6.837606837606837,0.0,-97.87545787545788,-14.652014652014651,0.0,-170.15873015873015,-59.1941391941392,-2.5396825396825395,-5.665445665445666,0.0,-154.52991452991452,-25.2014652014652,-26.764346764346765,-30.28083028083028,0.0,88.1074481074481,58.02197802197802,-53.333333333333336,-27.155067155067155,-26.764346764346765
131.08669108669108,-199.07203907203908,-75.6043956043956,-26.37362637362637,0.0,12.307692307692308,-133.04029304029305,-32.62515262515262,-16.214896214896214,0.0,-86.15384615384616,-13.47985347985348,0.0,-148.66910866910868,-56.84981684981685,-1.7582417582417582,-12.698412698412698,0.0,-142.41758241758242,-13.089133089133089,-19.73137973137973,-44.346764346764346,0.0,75.995115995116,62.71062271062271,-53.724053724053725,-19.34065934065934,-19.73137973137973
119.75579975579976,-192.42979242979243,-67.00854700854701,-24.02930402930403,0.0,12.698412698412698,-126.3980463980464,-35.75091575091575,-13.47985347985348,0.0,-79.51159951159951,-12.307692307692308,0.0,-139.29181929181928,-58.02197802197802,-4.493284493284493,-9.963369963369964,0.0,-143.1990231990232,-5.274725274725275,-13.870573870573873,-48.64468864468864,0.0,67.3992673992674,71.6971916971917,-57.24053724053724,-13.089133089133089,-13.870573870573873
109.5970695970696,-182.66178266178267,-61.92918192918193,-15.042735042735044,0.0,14.652014652014651,-118.5836385836386,-36.14163614163614,-9.18192918192918,0.0,-71.30647130647131,-11.916971916971915,0.0,-122.4908424908425,-58.02197802197802,-8.00976800976801,-6.056166056166056,0.0,-133.43101343101344,-2.5396825396825395,-11.526251526251526,-47.081807081807085,0.0,62.31990231990232,71.30647130647131,-52.94261294261294,-9.18192918192918,-11.526251526251526
101.3919413919414,-167.03296703296704,-54.5054945054945,-14.652014652014651,0.0,19.73137973137973,-108.42490842490842,-31.843711843711844,-13.870573870573873,0.0,-61.53846153846154,-11.916971916971915,0.0,-108.03418803418803,-48.64468864468864,-9.572649572649572,-13.089133089133089,0.0,-122.1001221001221,0.1953601953601953,-8.4004884004884,-48.25396825396825,0.0,54.89621489621489,111.55067155067157,-90.45177045177046,-8.4004884004884,-8.4004884004884
95.92185592185592,-154.13919413919413,-48.25396825396825,-11.526251526251526,0.0,25.592185592185597,-100.21978021978022,-29.10866910866911,-14.261294261294262,0.0,-50.20757020757021,-12.698412698412698,0.0,-97.87545787545788,-41.61172161172161,-6.837606837606837,-15.042735042735044,0.0,-112.33211233211232,0.1953601953601953,-1.3675213675213675,-48.64468864468864,0.0,48.64468864468864,130.3052503052503,-108.03418803418803,-7.619047619047619,-1.3675213675213675
89.27960927960928,-141.63614163614164,-47.86324786324786,-0.9768009768009768,0.0,30.671550671550676,-95.14041514041514,-30.671550671550676,-5.665445665445666,0.0,-38.095238095238095,-18.94993894993895,0.0,-87.32600732600733,-39.65811965811966,-7.619047619047619,-1.7582417582417582,0.0,-101.3919413919414,0.1953601953601953,0.9768009768009768,-38.095238095238095,0.0,48.25396825396825,78.73015873015873,-61.92918192918193,-3.711843711843712,0.9768009768009768
85.76312576312576,-126.007326007326,-45.12820512820513,0.5860805860805861,0.0,41.22100122100122,-88.88888888888889,-29.89010989010989,-6.056166056166056,0.0,-23.63858363858364,-22.857142857142858,0.0,-72.08791208791209,-33.7973137973138,-8.4004884004884,3.3211233211233213,0.0,-86.15384615384616,5.665445665445666,4.884004884004884,-36.53235653235653,0.0,45.51892551892552,53.724053724053725,-40.43956043956044,-0.1953601953601953,4.884004884004884
82.63736263736264,-112.33211233211232,-39.26739926739927,-1.3675213675213675,0.0,51.77045177045177,-83.02808302808303,-26.37362637362637,-11.916971916971915,0.0,-10.354090354090356,-27.155067155067155,0.0,-68.57142857142857,-26.37362637362637,-3.711843711843712,2.93040293040293,0.0,-81.85592185592185,13.870573870573873,11.526251526251526,-40.04884004884005,0.0,39.65811965811966,87.32600732600733,-73.65079365079364,2.5396825396825395,11.526251526251526
77.16727716727716,-102.56410256410255,-36.92307692307692,5.665445665445666,0.0,59.1941391941392,-79.51159951159951,-26.764346764346765,-8.00976800976801,0.0,-1.7582417582417582,-31.062271062271066,0.0,-65.05494505494505,-20.512820512820515,-0.9768009768009768,9.963369963369964,0.0,-76.38583638583638,20.512820512820515,13.870573870573873,-35.36019536019536,0.0,37.31379731379732,75.995115995116,-60.366300366300365,2.93040293040293,13.870573870573873
72.08791208791209,-92.7960927960928,-29.89010989010989,11.526251526251526,0.0,69.74358974358974,-72.86935286935287,-26.764346764346765,-6.837606837606837,0.0,6.837606837606837,-31.45299145299145,0.0,-54.114774114774114,-13.870573870573873,-1.3675213675213675,15.433455433455434,0.0,-66.22710622710623,28.71794871794872,9.572649572649572,-26.764346764346765,0.0,30.28083028083028,27.155067155067155,-4.493284493284493,3.3211233211233213,9.572649572649572
67.00854700854701,-83.41880341880342,-19.73137973137973,9.18192918192918,0.0,77.55799755799755,-64.27350427350427,-24.81074481074481,-13.089133089133089,0.0,16.214896214896214,-33.40659340659341,0.0,-40.83028083028083,-8.00976800976801,2.148962148962149,11.526251526251526,0.0,-55.67765567765568,36.53235653235653,7.619047619047619,-23.63858363858364,0.0,20.12210012210012,56.06837606837607,-22.857142857142858,1.3675213675213675,7.619047619047619
61.14774114774115,-75.21367521367522,-11.135531135531137,11.135531135531137,0.0,84.59096459096459,-59.1941391941392,-25.2014652014652,-11.916971916971915,0.0,22.466422466422465,-34.969474969474966,0.0,-30.28083028083028,-3.3211233211233213,2.5396825396825395,13.870573870573873,0.0,-43.95604395604396,41.22100122100122,4.884004884004884,-18.55921855921856,0.0,11.526251526251526,94.35897435897436,-50.20757020757021,0.1953601953601953,4.884004884004884
50.20757020757021,-65.83638583638583,-5.274725274725275,18.168498168498168,0.0,83.02808302808303,-51.77045177045177,-28.71794871794872,-4.102564102564102,0.0,28.32722832722833,-36.92307692307692,0.0,-22.466422466422465,-1.7582417582417582,-2.148962148962149,25.2014652014652,0.0,-34.57875457875458,40.83028083028083,0.1953601953601953,-8.791208791208792,0.0,5.665445665445666,43.56532356532357,6.056166056166056,1.7582417582417582,0.1953601953601953
42.39316239316239,-58.8034188034188,0.5860805860805861,18.55921855921856,0.0,79.9023199023199,-43.17460317460318,-27.545787545787547,-4.102564102564102,0.0,33.40659340659341,-38.095238095238095,0.0,-15.042735042735044,1.7582417582417582,-3.3211233211233213,27.545787545787547,0.0,-23.247863247863247,41.61172161172161,-0.5860805860805861,-6.446886446886447,0.0,-0.1953601953601953,-20.12210012210012,74.43223443223444,4.493284493284493,-0.5860805860805861
36.92307692307692,-50.989010989010985,7.228327228327228,17.387057387057386,0.0,80.68376068376068,-36.53235653235653,-24.42002442002442,-6.446886446886447,0.0,37.704517704517706,-38.095238095238095,0.0,-8.00976800976801,7.619047619047619,-2.5396825396825395,24.42002442002442,0.0,-13.089133089133089,41.22100122100122,1.3675213675213675,-8.00976800976801,0.0,-6.837606837606837,13.870573870573873,45.51892551892552,1.7582417582417582,1.3675213675213675
31.45299145299145,-42.39316239316239,10.354090354090356,20.512820512820515,0.0,82.24664224664225,-29.499389499389498,-25.592185592185597,-3.711843711843712,0.0,42.39316239316239,-40.04884004884005,0.0,-0.1953601953601953,12.307692307692308,-6.446886446886447,27.545787545787547,0.0,-2.5396825396825395,35.75091575091575,0.5860805860805861,-0.9768009768009768,0.0,-9.963369963369964,2.148962148962149,52.94261294261294,0.5860805860805861,0.5860805860805861
31.45299145299145,-33.40659340659341,10.354090354090356,18.94993894993895,0.0,90.06105006105007,-22.857142857142858,-29.499389499389498,-6.837606837606837,0.0,49.42612942612943,-40.43956043956044,0.0,10.744810744810744,12.307692307692308,-10.354090354090356,25.2014652014652,0.0,3.3211233211233213,30.28083028083028,-0.5860805860805861,4.884004884004884,0.0,-9.963369963369964,-12.307692307692308,58.41269841269841,-0.9768009768009768,-0.5860805860805861
32.234432234432234,-18.94993894993895,12.307692307692308,12.698412698412698,0.0,101.78266178266178,-15.433455433455434,-30.28083028083028,-13.870573870573873,0.0,59.58485958485959,-44.737484737484735,0.0,26.37362637362637,15.433455433455434,-9.18192918192918,16.605616605616607,0.0,10.744810744810744,27.936507936507937,4.493284493284493,4.884004884004884,0.0,-11.916971916971915,25.592185592185597,8.4004884004884,-3.3211233211233213,4.493284493284493
29.89010989010989,-8.791208791208792,11.135531135531137,16.996336996336996,0.0,108.42490842490842,-10.354090354090356,-38.48595848595848,-6.837606837606837,0.0,68.96214896214896,-51.37973137973138,0.0,37.31379731379732,13.47985347985348,-9.18192918192918,22.857142857142858,0.0,15.824175824175825,24.81074481074481,8.4004884004884,13.870573870573873,0.0,-10.744810744810744,25.982905982905983,-4.884004884004884,-1.3675213675213675,8.4004884004884
25.982905982905983,-0.5860805860805861,10.744810744810744,20.512820512820515,0.0,113.5042735042735,-7.619047619047619,-42.002442002442,-4.102564102564102,0.0,78.33943833943835,-56.84981684981685,0.0,47.86324786324786,13.870573870573873,-9.572649572649572,26.764346764346765,0.0,20.12210012210012,26.764346764346765,10.354090354090356,20.512820512820515,0.0,-10.354090354090356,31.062271062271066,-17.387057387057386,3.3211233211233213,10.354090354090356
24.42002442002442,9.18192918192918,14.652014652014651,13.089133089133089,0.0,118.1929181929182,-0.9768009768009768,-38.48595848595848,-12.307692307692308,0.0,93.18681318681318,-56.84981684981685,0.0,60.366300366300365,23.247863247863247,-5.274725274725275,18.168498168498168,0.0,30.671550671550676,34.969474969474966,15.433455433455434,14.261294261294262,0.0,-14.261294261294262,84.98168498168498,-74.82295482295483,12.698412698412698,15.433455433455434
23.247863247863247,14.261294261294262,25.592185592185597,5.665445665445666,0.0,121.31868131868131,3.3211233211233213,-33.01587301587302,-19.73137973137973,0.0,106.08058608058607,-53.724053724053725,0.0,75.6043956043956,35.36019536019536,-5.274725274725275,9.572649572649572,0.0,46.69108669108669,41.61172161172161,16.996336996336996,8.4004884004884,0.0,-25.2014652014652,94.74969474969475,-79.9023199023199,20.903540903540904,16.996336996336996
19.73137973137973,17.77777777777778,31.843711843711844,6.056166056166056,0.0,121.31868131868131,6.837606837606837,-29.10866910866911,-19.73137973137973,0.0,117.02075702075702,-49.03540903540904,0.0,87.71672771672772,44.346764346764346,-11.135531135531137,8.00976800976801,0.0,58.41269841269841,46.3003663003663,13.089133089133089,9.963369963369964,0.0,-31.45299145299145,22.466422466422465,-4.884004884004884,30.671550671550676,13.089133089133089
20.12210012210012,23.247863247863247,42.002442002442,0.1953601953601953,0.0,126.007326007326,15.824175824175825,-25.2014652014652,-27.155067155067155,0.0,129.13308913308913,-41.61172161172161,0.0,106.08058608058607,53.333333333333336,-15.042735042735044,1.3675213675213675,0.0,73.26007326007326,52.16117216117216,13.089133089133089,4.884004884004884,0.0,-41.61172161172161,30.28083028083028,-10.744810744810744,40.43956043956044,13.089133089133089
16.996336996336996,30.671550671550676,52.55189255189255,-4.102564102564102,0.0,131.08669108669108,23.63858363858364,-20.903540903540904,-34.969474969474966,0.0,136.16605616605617,-39.26739926739927,0.0,123.66300366300366,58.02197802197802,-14.261294261294262,-7.619047619047619,0.0,84.98168498168498,57.24053724053724,16.605616605616607,-1.3675213675213675,0.0,-52.16117216117216,88.1074481074481,-64.66422466422466,44.346764346764346,16.605616605616607
9.572649572649572,36.14163614163614,51.77045177045177,1.7582417582417582,0.0,132.25885225885227,26.764346764346765,-22.466422466422465,-34.57875457875458,0.0,136.16605616605617,-38.48595848595848,0.0,134.21245421245422,50.5982905982906,-15.433455433455434,-4.493284493284493,0.0,88.88888888888889,54.89621489621489,16.605616605616607,2.5396825396825395,0.0,-51.37973137973138,83.80952380952381,-65.05494505494505,49.81684981684982,16.605616605616607
4.102564102564102,44.346764346764346,49.81684981684982,3.3211233211233213,0.0,134.993894993895,32.62515262515262,-21.68498168498169,-40.83028083028083,0.0,136.16605616605617,-35.75091575091575,0.0,143.98046398046398,45.12820512820513,-13.47985347985348,-3.3211233211233213,0.0,92.4053724053724,53.333333333333336,21.68498168498169,2.148962148962149,0.0,-49.42612942612943,74.82295482295483,-64.66422466422466,56.84981684981685,21.68498168498169
2.148962148962149,51.77045177045177,50.5982905982906,-0.1953601953601953,0.0,136.94749694749694,38.095238095238095,-16.996336996336996,-50.5982905982906,0.0,134.6031746031746,-33.40659340659341,0.0,150.62271062271063,41.22100122100122,-6.837606837606837,-11.135531135531137,0.0,95.53113553113552,52.16117216117216,27.545787545787547,-3.3211233211233213,0.0,-50.20757020757021,101.001221001221,-96.7032967032967,59.975579975579976,27.545787545787547
0.1953601953601953,55.67765567765568,51.37973137973138,1.7582417582417582,0.0,138.1196581196581,39.65811965811966,-15.433455433455434,-49.81684981684982,0.0,132.25885225885227,-30.671550671550676,0.0,153.35775335775335,36.92307692307692,-5.665445665445666,-7.619047619047619,0.0,98.65689865689866,48.25396825396825,29.89010989010989,-1.7582417582417582,0.0,-50.989010989010985,116.63003663003664,-114.67643467643468,59.58485958485959,29.89010989010989
-0.9768009768009768,57.24053724053724,52.94261294261294,7.228327228327228,0.0,133.82173382173383,42.78388278388278,-14.261294261294262,-43.17460317460318,0.0,129.9145299145299,-29.499389499389498,0.0,152.57631257631255,31.843711843711844,-4.884004884004884,-0.5860805860805861,0.0,97.48473748473748,42.78388278388278,32.234432234432234,3.711843711843712,0.0,-52.55189255189255,65.44566544566544,-72.08791208791209,62.31990231990232,32.234432234432234
-0.9768009768009768,58.02197802197802,55.28693528693529,2.93040293040293,0.0,131.4774114774115,45.12820512820513,-12.307692307692308,-46.3003663003663,0.0,127.96092796092796,-27.545787545787547,0.0,156.87423687423689,25.592185592185597,-6.446886446886447,-4.884004884004884,0.0,96.7032967032967,39.26739926739927,29.10866910866911,2.148962148962149,0.0,-54.89621489621489,43.17460317460318,-51.37973137973138,61.14774114774115,29.10866910866911
-0.9768009768009768,58.8034188034188,53.333333333333336,0.1953601953601953,0.0,130.6959706959707,44.737484737484735,-14.261294261294262,-47.86324786324786,0.0,124.44444444444444,-25.2014652014652,0.0,161.56288156288156,17.77777777777778,-9.572649572649572,-8.791208791208792,0.0,96.31257631257633,34.18803418803419,24.81074481074481,2.5396825396825395,0.0,-52.94261294261294,39.65811965811966,-49.03540903540904,57.24053724053724,24.81074481074481
-2.5396825396825395,57.24053724053724,48.64468864468864,-3.711843711843712,0.0,124.83516483516485,43.95604395604396,-14.261294261294262,-51.77045177045177,0.0,119.75579975579976,-23.247863247863247,0.0,163.5164835164835,9.963369963369964,-10.744810744810744,-11.916971916971915,0.0,93.57753357753356,27.155067155067155,22.857142857142858,3.711843711843712,0.0,-48.25396825396825,13.47985347985348,-28.71794871794872,54.89621489621489,22.857142857142858
1.7582417582417582,57.63125763125763,43.95604395604396,-12.698412698412698,0.0,125.6166056166056,47.081807081807085,-14.261294261294262,-64.66422466422466,0.0,117.8021978021978,-13.870573870573873,0.0,168.5958485958486,7.619047619047619,-11.916971916971915,-21.68498168498169,0.0,93.18681318681318,25.592185592185597,20.512820512820515,0.1953601953601953,0.0,-43.56532356532357,5.665445665445666,-25.2014652014652,54.89621489621489,20.512820512820515
4.493284493284493,59.58485958485959,43.95604395604396,-21.294261294261293,0.0,123.66300366300366,52.16117216117216,-10.744810744810744,-74.43223443223444,0.0,115.45787545787546,-8.00976800976801,0.0,172.8937728937729,10.744810744810744,-9.18192918192918,-32.62515262515262,0.0,95.14041514041514,28.32722832722833,21.68498168498169,-6.056166056166056,0.0,-43.56532356532357,14.652014652014651,-34.57875457875458,53.333333333333336,21.68498168498169
2.5396825396825395,58.02197802197802,43.56532356532357,-15.433455433455434,0.0,117.4114774114774,53.724053724053725,-11.135531135531137,-68.18070818070818,0.0,111.94139194139194,-2.148962148962149,0.0,167.03296703296704,11.916971916971915,-6.446886446886447,-29.89010989010989,0.0,95.92185592185592,25.592185592185597,20.12210012210012,-2.148962148962149,0.0,-43.17460317460318,-19.34065934065934,-0.9768009768009768,53.724053724053725,20.12210012210012
1.3675213675213675,56.84981684981685,41.61172161172161,-8.791208791208792,0.0,113.11355311355312,54.114774114774114,-10.354090354090356,-63.49206349206349,0.0,107.64346764346764,3.711843711843712,0.0,165.0793650793651,9.963369963369964,-7.228327228327228,-29.89010989010989,0.0,97.09401709401708,22.857142857142858,13.870573870573873,0.9768009768009768,0.0,-41.22100122100122,-22.466422466422465,2.93040293040293,56.84981684981685,13.870573870573873
0.5860805860805861,58.41269841269841,45.51892551892552,-12.307692307692308,0.0,111.15995115995116,56.84981684981685,-8.00976800976801,-65.83638583638583,0.0,104.12698412698413,6.837606837606837,0.0,167.42368742368745,10.744810744810744,-8.00976800976801,-41.22100122100122,0.0,101.3919413919414,22.466422466422465,8.4004884004884,-5.274725274725275,0.0,-45.12820512820513,33.40659340659341,-47.081807081807085,57.63125763125763,8.4004884004884
-2.148962148962149,58.8034188034188,47.081807081807085,-11.135531135531137,0.0,107.25274725274726,55.28693528693529,-8.4004884004884,-60.366300366300365,0.0,98.65689865689866,6.837606837606837,0.0,163.5164835164835,6.446886446886447,-11.526251526251526,-45.90964590964591,0.0,100.6105006105006,15.824175824175825,2.5396825396825395,-8.791208791208792,0.0,-46.69108669108669,30.28083028083028,-38.095238095238095,54.89621489621489,2.5396825396825395
-2.5396825396825395,56.45909645909646,43.17460317460318,-7.619047619047619,0.0,104.12698412698413,54.114774114774114,-10.744810744810744,-56.45909645909646,0.0,94.74969474969475,4.102564102564102,0.0,163.12576312576311,0.1953601953601953,-18.94993894993895,-44.346764346764346,0.0,99.82905982905984,9.963369963369964,-3.711843711843712,-8.00976800976801,0.0,-42.78388278388278,-25.2014652014652,20.903540903540904,53.333333333333336,-3.711843711843712
-1.7582417582417582,56.06837606837607,43.56532356532357,-10.354090354090356,0.0,103.34554334554336,57.24053724053724,-11.916971916971915,-59.1941391941392,0.0,93.18681318681318,2.5396825396825395,0.0,167.03296703296704,-1.7582417582417582,-22.075702075702075,-47.081807081807085,0.0,103.34554334554336,7.228327228327228,-4.102564102564102,-13.47985347985348,0.0,-43.17460317460318,-15.433455433455434,17.387057387057386,49.03540903540904,-4.102564102564102
-2.93040293040293,53.724053724053725,44.737484737484735,-12.307692307692308,0.0,98.65689865689866,59.1941391941392,-12.307692307692308,-60.757020757020754,0.0,89.67032967032966,0.1953601953601953,0.0,166.64224664224665,-4.102564102564102,-20.512820512820515,-47.081807081807085,0.0,106.86202686202688,6.837606837606837,-3.711843711843712,-17.77777777777778,0.0,-44.346764346764346,15.824175824175825,-3.3211233211233213,43.95604395604396,-3.711843711843712
-6.446886446886447,49.81684981684982,42.78388278388278,-8.00976800976801,0.0,91.23321123321124,59.975579975579976,-17.387057387057386,-54.89621489621489,0.0,86.15384615384616,-0.1953601953601953,0.0,162.73504273504273,-5.665445665445666,-18.94993894993895,-40.83028083028083,0.0,111.55067155067157,6.056166056166056,-5.274725274725275,-18.168498168498168,0.0,-42.39316239316239,-9.963369963369964,31.843711843711844,42.78388278388278,-5.274725274725275
-9.18192918192918,46.3003663003663,45.51892551892552,-9.572649572649572,0.0,87.32600732600733,61.14774114774115,-18.55921855921856,-56.45909645909646,0.0,82.63736263736264,1.3675213675213675,0.0,160.0,-1.7582417582417582,-16.214896214896214,-43.56532356532357,0.0,116.63003663003664,6.056166056166056,-2.148962148962149,-24.02930402930403,0.0,-45.12820512820513,-27.155067155067155,57.63125763125763,42.78388278388278,-2.148962148962149
-11.916971916971915,48.25396825396825,52.16117216117216,-15.042735042735044,0.0,85.76312576312576,65.44566544566544,-17.77777777777778,-59.1941391941392,0.0,81.85592185592185,6.446886446886447,0.0,158.43711843711844,6.056166056166056,-13.089133089133089,-52.94261294261294,0.0,122.4908424908425,9.572649572649572,0.1953601953601953,-34.969474969474966,0.0,-51.77045177045177,-4.493284493284493,46.3003663003663,42.002442002442,0.1953601953601953
-16.605616605616607,52.55189255189255,56.45909645909646,-15.042735042735044,0.0,83.80952380952381,67.00854700854701,-16.996336996336996,-55.28693528693529,0.0,80.29304029304029,8.791208791208792,0.0,152.96703296703296,16.214896214896214,-15.042735042735044,-58.02197802197802,0.0,124.83516483516485,12.307692307692308,-0.5860805860805861,-42.002442002442,0.0,-56.06837606837607,26.764346764346765,18.94993894993895,43.56532356532357,-0.5860805860805861
-20.512820512820515,55.28693528693529,54.114774114774114,-8.00976800976801,0.0,81.07448107448107,67.78998778998779,-17.77777777777778,-48.25396825396825,0.0,81.07448107448107,8.791208791208792,0.0,147.88766788766787,21.294261294261293,-21.68498168498169,-54.89621489621489,0.0,124.05372405372404,12.307692307692308,-6.056166056166056,-38.87667887667888,0.0,-53.724053724053725,-17.387057387057386,67.00854700854701,43.17460317460318,-6.056166056166056
-20.903540903540904,61.14774114774115,53.333333333333336,-8.4004884004884,0.0,79.12087912087912,72.47863247863248,-15.433455433455434,-49.81684981684982,0.0,79.9023199023199,11.916971916971915,0.0,147.49694749694748,25.592185592185597,-22.075702075702075,-63.49206349206349,0.0,123.66300366300366,18.168498168498168,-11.916971916971915,-43.56532356532357,0.0,-52.94261294261294,-45.12820512820513,98.26617826617829,43.95604395604396,-11.916971916971915
-21.294261294261293,63.49206349206349,45.51892551892552,-1.3675213675213675,0.0,75.6043956043956,70.91575091575092,-16.605616605616607,-42.002442002442,0.0,76.38583638583638,11.526251526251526,0.0,145.15262515262515,25.982905982905983,-23.63858363858364,-64.27350427350427,0.0,124.83516483516485,21.68498168498169,-22.075702075702075,-42.78388278388278,0.0,-45.12820512820513,-43.17460317460318,99.04761904761904,45.12820512820513,-22.075702075702075
-21.294261294261293,62.31990231990232,38.48595848595848,6.056166056166056,0.0,71.6971916971917,66.61782661782662,-18.55921855921856,-32.62515262515262,0.0,72.47863247863248,9.963369963369964,0.0,143.5897435897436,23.247863247863247,-25.2014652014652,-62.31990231990232,0.0,126.007326007326,23.247863247863247,-29.499389499389498,-41.61172161172161,0.0,-38.095238095238095,-55.28693528693529,117.02075702075702,44.346764346764346,-29.499389499389498
-21.294261294261293,63.10134310134311,39.65811965811966,3.711843711843712,0.0,68.18070818070818,68.57142857142857,-16.214896214896214,-34.18803418803419,0.0,71.6971916971917,14.261294261294262,0.0,145.54334554334554,26.764346764346765,-23.247863247863247,-71.30647130647131,0.0,131.08669108669108,26.764346764346765,-31.062271062271066,-49.03540903540904,0.0,-39.26739926739927,-36.92307692307692,104.12698412698413,44.737484737484735,-31.062271062271066
-20.512820512820515,67.00854700854701,44.346764346764346,0.5860805860805861,0.0,65.05494505494505,72.08791208791209,-11.916971916971915,-33.01587301587302,0.0,74.82295482295483,17.387057387057386,0.0,147.49694749694748,34.57875457875458,-22.075702075702075,-78.73015873015873,0.0,138.9010989010989,29.10866910866911,-29.499389499389498,-58.02197802197802,0.0,-43.95604395604396,-23.63858363858364,96.31257631257633,44.346764346764346,-29.499389499389498
-25.592185592185597,68.18070818070818,46.3003663003663,5.665445665445666,0.0,59.1941391941392,72.08791208791209,-11.916971916971915,-22.466422466422465,0.0,75.21367521367522,16.605616605616607,0.0,142.02686202686203,38.095238095238095,-24.42002442002442,-71.30647130647131,0.0,140.85470085470087,27.545787545787547,-31.45299145299145,-53.724053724053725,0.0,-45.90964590964591,-71.30647130647131,145.54334554334554,44.737484737484735,-31.45299145299145
-32.234432234432234,72.47863247863248,47.86324786324786,7.619047619047619,0.0,52.94261294261294,73.26007326007326,-9.572649572649572,-18.94993894993895,0.0,75.995115995116,18.94993894993895,0.0,137.33821733821733,41.61172161172161,-25.592185592185597,-65.83638583638583,0.0,141.24542124542126,26.764346764346765,-32.234432234432234,-49.81684981684982,0.0,-47.472527472527474,-95.92185592185592,172.50305250305252,42.78388278388278,-32.234432234432234
-33.40659340659341,79.51159951159951,48.64468864468864,5.665445665445666,0.0,54.5054945054945,74.04151404151405,-5.274725274725275,-20.903540903540904,0.0,75.6043956043956,22.857142857142858,0.0,135.77533577533578,43.95604395604396,-20.903540903540904,-68.57142857142857,0.0,140.0732600732601,33.40659340659341,-31.45299145299145,-53.724053724053725,0.0,-48.25396825396825,-43.17460317460318,122.1001221001221,43.95604395604396,-31.45299145299145
-40.83028083028083,81.85592185592185,45.51892551892552,15.042735042735044,0.0,50.5982905982906,68.18070818070818,-2.5396825396825395,-13.089133089133089,0.0,68.57142857142857,23.247863247863247,0.0,130.3052503052503,40.04884004884005,-17.387057387057386,-59.1941391941392,0.0,136.16605616605617,40.04884004884005,-35.36019536019536,-48.64468864468864,0.0,-45.12820512820513,-29.89010989010989,110.76923076923076,47.472527472527474,-35.36019536019536
-45.51892551892552,83.80952380952381,40.04884004884005,22.857142857142858,0.0,51.77045177045177,62.31990231990232,-0.9768009768009768,-9.572649572649572,0.0,63.10134310134311,25.592185592185597,0.0,127.96092796092796,34.57875457875458,-17.387057387057386,-48.64468864468864,0.0,131.08669108669108,46.69108669108669,-38.87667887667888,-42.78388278388278,0.0,-39.65811965811966,-53.724053724053725,137.72893772893772,49.42612942612943,-38.87667887667888
-42.39316239316239,84.98168498168498,39.65811965811966,21.294261294261293,0.0,54.5054945054945,61.14774114774115,2.93040293040293,-13.089133089133089,0.0,60.366300366300365,30.28083028083028,0.0,126.7887667887668,33.7973137973138,-12.307692307692308,-47.86324786324786,0.0,128.74236874236874,53.724053724053725,-38.48595848595848,-44.346764346764346,0.0,-39.26739926739927,-20.512820512820515,105.2991452991453,50.5982905982906,-38.48595848595848
-41.61172161172161,86.93528693528694,38.87667887667888,24.42002442002442,0.0,54.89621489621489,60.366300366300365,6.446886446886447,-11.916971916971915,0.0,58.8034188034188,31.45299145299145,0.0,120.92796092796092,31.062271062271066,-3.711843711843712,-42.39316239316239,0.0,122.4908424908425,54.89621489621489,-33.7973137973138,-37.31379731379732,0.0,-38.48595848595848,13.47985347985348,63.10134310134311,48.64468864468864,-33.7973137973138
-44.737484737484735,87.71672771672772,36.92307692307692,29.499389499389498,0.0,49.81684981684982,59.1941391941392,7.619047619047619,-6.446886446886447,0.0,56.45909645909646,29.10866910866911,0.0,114.28571428571428,22.075702075702075,0.5860805860805861,-30.671550671550676,0.0,113.5042735042735,47.472527472527474,-30.671550671550676,-23.247863247863247,0.0,-36.53235653235653,-25.982905982905983,91.23321123321124,42.78388278388278,-30.671550671550676
-46.3003663003663,91.23321123321124,38.095238095238095,27.545787545787547,0.0,46.69108669108669,62.71062271062271,13.089133089133089,-10.744810744810744,0.0,57.63125763125763,26.37362637362637,0.0,113.5042735042735,13.870573870573873,9.18192918192918,-27.545787545787547,0.0,106.86202686202688,41.22100122100122,-22.857142857142858,-16.214896214896214,0.0,-37.704517704517706,-56.84981684981685,108.42490842490842,38.87667887667888,-22.857142857142858
-50.989010989010985,93.57753357753356,44.737484737484735,26.764346764346765,0.0,40.43956043956044,65.83638583638583,22.466422466422465,-14.261294261294262,0.0,58.8034188034188,20.903540903540904,0.0,111.55067155067157,4.493284493284493,20.12210012210012,-24.42002442002442,0.0,101.001221001221,34.18803418803419,-12.307692307692308,-10.744810744810744,0.0,-44.346764346764346,-5.274725274725275,50.20757020757021,33.40659340659341,-12.307692307692308
-56.06837606837607,93.18681318681318,46.3003663003663,29.499389499389498,0.0,33.7973137973138,66.61782661782662,29.10866910866911,-15.433455433455434,0.0,61.53846153846154,13.47985347985348,0.0,110.76923076923076,-3.3211233211233213,18.94993894993895,-11.526251526251526,0.0,97.48473748473748,28.71794871794872,-11.526251526251526,-0.5860805860805861,0.0,-45.90964590964591,45.12820512820513,-5.274725274725275,31.062271062271066,-11.526251526251526
-52.55189255189255,91.23321123321124,47.86324786324786,27.545787545787547,0.0,34.18803418803419,69.74358974358974,33.7973137973138,-21.68498168498169,0.0,67.3992673992674,12.307692307692308,0.0,110.76923076923076,-3.711843711843712,14.652014652014651,-2.5396825396825395,0.0,94.74969474969475,30.28083028083028,-11.526251526251526,4.102564102564102,0.0,-47.472527472527474,33.01587301587302,-0.1953601953601953,36.14163614163614,-11.526251526251526
-47.472527472527474,94.35897435897436,49.03540903540904,22.466422466422465,0.0,33.40659340659341,74.04151404151405,40.83028083028083,-28.71794871794872,0.0,74.04151404151405,15.824175824175825,0.0,106.86202686202688,5.274725274725275,14.652014652014651,-2.148962148962149,0.0,92.7960927960928,38.095238095238095,-7.619047619047619,1.7582417582417582,0.0,-48.64468864468864,48.64468864468864,-25.2014652014652,40.43956043956044,-7.619047619047619
-41.61172161172161,98.26617826617829,42.002442002442,25.2014652014652,0.0,32.62515262515262,75.6043956043956,41.22100122100122,-24.42002442002442,0.0,80.68376068376068,19.34065934065934,0.0,100.21978021978022,11.526251526251526,12.698412698412698,5.274725274725275,0.0,89.67032967032966,43.56532356532357,-7.619047619047619,4.884004884004884,0.0,-41.61172161172161,13.870573870573873,-2.5396825396825395,43.56532356532357,-7.619047619047619
-40.04884004884005,101.001221001221,32.234432234432234,29.89010989010989,0.0,27.936507936507937,77.16727716727716,40.04884004884005,-20.903540903540904,0.0,84.2002442002442,22.857142857142858,0.0,92.4053724053724,15.042735042735044,14.261294261294262,10.354090354090356,0.0,82.63736263736264,49.81684981684982,-5.274725274725275,6.056166056166056,0.0,-31.843711843711844,-39.65811965811966,36.53235653235653,49.03540903540904,-5.274725274725275
-38.095238095238095,108.03418803418803,29.499389499389498,22.466422466422465,0.0,25.592185592185597,81.46520146520146,44.346764346764346,-27.936507936507937,0.0,90.45177045177046,22.466422466422465,0.0,90.45177045177046,16.605616605616607,20.903540903540904,3.3211233211233213,0.0,80.68376068376068,50.989010989010985,-1.3675213675213675,2.148962148962149,0.0,-29.10866910866911,-40.83028083028083,31.062271062271066,47.081807081807085,-1.3675213675213675
-37.704517704517706,110.76923076923076,26.764346764346765,16.214896214896214,0.0,20.512820512820515,83.02808302808303,43.95604395604396,-29.499389499389498,0.0,93.96825396825396,19.34065934065934,0.0,85.76312576312576,15.824175824175825,25.982905982905983,2.5396825396825395,0.0,77.55799755799755,47.472527472527474,2.93040293040293,1.3675213675213675,0.0,-26.37362637362637,-47.86324786324786,31.843711843711844,42.78388278388278,2.93040293040293
-37.704517704517706,108.8156288156288,25.982905982905983,18.55921855921856,0.0,14.652014652014651,80.29304029304029,40.83028083028083,-19.73137973137973,0.0,94.35897435897436,13.870573870573873,0.0,77.16727716727716,14.261294261294262,26.764346764346765,13.870573870573873,0.0,72.86935286935287,40.43956043956044,6.056166056166056,11.916971916971915,0.0,-25.592185592185597,-104.9084249084249,79.9023199023199,38.48595848595848,6.056166056166056
-34.18803418803419,113.11355311355312,28.71794871794872,15.433455433455434,0.0,13.47985347985348,80.29304029304029,41.61172161172161,-11.526251526251526,0.0,95.14041514041514,15.824175824175825,0.0,71.6971916971917,17.77777777777778,27.545787545787547,19.73137973137973,0.0,69.35286935286935,34.57875457875458,11.135531135531137,20.903540903540904,0.0,-28.32722832722833,-117.4114774114774,76.38583638583638,36.14163614163614,11.135531135531137
-29.499389499389498,120.53724053724054,34.57875457875458,11.916971916971915,0.0,11.526251526251526,83.41880341880342,44.737484737484735,-1.3675213675213675,0.0,93.96825396825396,18.94993894993895,0.0,65.05494505494505,24.42002442002442,33.01587301587302,25.2014652014652,0.0,65.83638583638583,33.01587301587302,21.68498168498169,25.982905982905983,0.0,-34.18803418803419,-63.49206349206349,8.00976800976801,30.28083028083028,21.68498168498169
-24.81074481074481,121.7094017094017,36.14163614163614,15.433455433455434,0.0,5.665445665445666,85.76312576312576,43.17460317460318,12.698412698412698,0.0,90.84249084249085,20.903540903540904,0.0,59.1941391941392,25.982905982905983,34.57875457875458,36.14163614163614,0.0,63.49206349206349,30.671550671550676,26.37362637362637,34.57875457875458,0.0,-35.75091575091575,-84.59096459096459,16.214896214896214,25.982905982905983,26.37362637362637
-24.42002442002442,124.44444444444444,38.48595848595848,15.042735042735044,0.0,0.9768009768009768,90.45177045177046,43.17460317460318,18.94993894993895,0.0,89.27960927960928,22.857142857142858,0.0,55.28693528693529,25.592185592185597,34.969474969474966,38.48595848595848,0.0,59.58485958485959,29.499389499389498,24.81074481074481,40.04884004884005,0.0,-38.095238095238095,-145.93406593406593,68.96214896214896,23.63858363858364,24.81074481074481
-22.466422466422465,125.6166056166056,40.43956043956044,8.791208791208792,0.0,0.5860805860805861,90.45177045177046,40.43956043956044,20.512820512820515,0.0,88.1074481074481,23.63858363858364,0.0,54.5054945054945,24.81074481074481,36.92307692307692,34.18803418803419,0.0,59.58485958485959,28.32722832722833,24.02930402930403,36.92307692307692,0.0,-40.04884004884005,-151.4041514041514,78.73015873015873,17.387057387057386,24.02930402930403
-24.42002442002442,123.27228327228327,43.17460317460318,2.93040293040293,0.0,-1.7582417582417582,83.41880341880342,35.75091575091575,26.764346764346765,0.0,78.33943833943835,22.857142857142858,0.0,50.989010989010985,21.294261294261293,35.36019536019536,32.62515262515262,0.0,58.02197802197802,26.37362637362637,21.294261294261293,33.7973137973138,0.0,-42.78388278388278,-132.64957264957266,66.22710622710623,13.870573870573873,21.294261294261293
-31.843711843711844,122.88156288156289,44.346764346764346,2.5396825396825395,0.0,-6.446886446886447,74.04151404151405,32.234432234432234,37.31379731379732,0.0,70.13431013431014,24.42002442002442,0.0,48.25396825396825,16.605616605616607,32.234432234432234,36.53235653235653,0.0,54.114774114774114,21.294261294261293,16.214896214896214,41.22100122100122,0.0,-43.95604395604396,-171.7216117216117,106.86202686202688,14.261294261294262,16.214896214896214
-37.704517704517706,126.3980463980464,42.78388278388278,-0.9768009768009768,0.0,-13.870573870573873,68.18070818070818,32.234432234432234,43.56532356532357,0.0,62.31990231990232,28.32722832722833,0.0,43.95604395604396,13.870573870573873,34.18803418803419,38.87667887667888,0.0,49.81684981684982,16.605616605616607,19.34065934065934,44.737484737484735,0.0,-42.39316239316239,-214.7008547008547,147.88766788766787,14.261294261294262,19.34065934065934
-36.92307692307692,128.35164835164835,40.04884004884005,-8.791208791208792,0.0,-20.512820512820515,66.61782661782662,35.36019536019536,40.83028083028083,0.0,54.89621489621489,33.7973137973138,0.0,41.22100122100122,18.94993894993895,34.969474969474966,35.36019536019536,0.0,52.16117216117216,14.652014652014651,21.68498168498169,42.78388278388278,0.0,-39.65811965811966,-142.02686202686203,75.21367521367522,12.307692307692308,21.68498168498169
-39.65811965811966,126.7887667887668,34.18803418803419,-8.4004884004884,0.0,-31.843711843711844,64.66422466422466,36.53235653235653,43.17460317460318,0.0,47.472527472527474,36.92307692307692,0.0,33.01587301587302,20.512820512820515,33.01587301587302,41.61172161172161,0.0,49.03540903540904,9.963369963369964,23.247863247863247,45.51892551892552,0.0,-33.7973137973138,-137.33821733821733,72.08791208791209,8.00976800976801,23.247863247863247
-36.53235653235653,123.66300366300366,25.2014652014652,-8.791208791208792,0.0,-36.14163614163614,65.05494505494505,34.969474969474966,38.87667887667888,0.0,45.51892551892552,39.65811965811966,0.0,24.02930402930403,24.42002442002442,29.499389499389498,44.737484737484735,0.0,47.472527472527474,6.837606837606837,24.81074481074481,42.78388278388278,0.0,-24.81074481074481,-149.84126984126985,86.54456654456655,2.93040293040293,24.81074481074481
-35.75091575091575,119.75579975579976,20.903540903540904,-14.261294261294262,0.0,-37.704517704517706,63.88278388278388,31.843711843711844,31.45299145299145,0.0,40.43956043956044,40.43956043956044,0.0,17.77777777777778,29.499389499389498,25.2014652014652,39.26739926739927,0.0,48.25396825396825,6.837606837606837,25.2014652014652,30.671550671550676,0.0,-20.512820512820515,-134.21245421245422,82.63736263736264,-2.93040293040293,25.2014652014652
-38.48595848595848,113.5042735042735,16.996336996336996,-14.261294261294262,0.0,-42.39316239316239,58.41269841269841,25.592185592185597,36.14163614163614,0.0,31.843711843711844,34.969474969474966,0.0,8.791208791208792,25.592185592185597,18.94993894993895,44.346764346764346,0.0,42.002442002442,1.3675213675213675,24.42002442002442,28.71794871794872,0.0,-16.605616605616607,-167.42368742368745,120.53724053724054,-7.619047619047619,24.42002442002442
-40.04884004884005,108.03418803418803,11.916971916971915,-10.744810744810744,0.0,-46.3003663003663,53.724053724053725,18.55921855921856,42.002442002442,0.0,28.32722832722833,31.062271062271066,0.0,3.711843711843712,21.294261294261293,14.261294261294262,47.86324786324786,0.0,35.75091575091575,-2.93040293040293,22.466422466422465,32.62515262515262,0.0,-11.526251526251526,-177.1916971916972,127.57020757020756,-8.00976800976801,22.466422466422465
-36.92307692307692,104.9084249084249,10.354090354090356,-15.824175824175825,0.0,-44.346764346764346,50.989010989010985,17.387057387057386,37.704517704517706,0.0,26.764346764346765,31.45299145299145,0.0,2.5396825396825395,24.42002442002442,15.433455433455434,36.92307692307692,0.0,33.01587301587302,-5.665445665445666,24.42002442002442,29.499389499389498,0.0,-9.963369963369964,-119.75579975579976,65.44566544566544,-7.619047619047619,24.42002442002442
-32.234432234432234,99.43833943833944,8.4004884004884,-15.824175824175825,0.0,-42.39316239316239,47.081807081807085,17.387057387057386,36.14163614163614,0.0,24.42002442002442,32.62515262515262,0.0,-0.9768009768009768,28.32722832722833,17.77777777777778,27.936507936507937,0.0,27.155067155067155,-9.18192918192918,25.982905982905983,29.10866910866911,0.0,-8.00976800976801,-95.92185592185592,34.18803418803419,-5.274725274725275,25.982905982905983
-30.28083028083028,89.27960927960928,5.274725274725275,-6.446886446886447,0.0,-42.39316239316239,42.78388278388278,14.652014652014651,41.22100122100122,0.0,25.2014652014652,34.18803418803419,0.0,-9.572649572649572,33.40659340659341,15.042735042735044,28.32722832722833,0.0,20.903540903540904,-13.870573870573873,22.075702075702075,38.095238095238095,0.0,-4.884004884004884,-135.3846153846154,70.52503052503053,-2.5396825396825395,22.075702075702075
-30.671550671550676,84.2002442002442,3.711843711843712,-5.274725274725275,0.0,-39.65811965811966,43.17460317460318,10.744810744810744,36.53235653235653,0.0,25.982905982905983,36.53235653235653,0.0,-15.042735042735044,38.48595848595848,11.135531135531137,24.02930402930403,0.0,17.387057387057386,-15.433455433455434,15.824175824175825,40.83028083028083,0.0,-3.3211233211233213,-131.4774114774115,72.47863247863248,-4.102564102564102,15.824175824175825
-31.45299145299145,79.12087912087912,4.493284493284493,-9.572649572649572,0.0,-38.095238095238095,44.737484737484735,8.791208791208792,25.592185592185597,0.0,25.982905982905983,31.062271062271066,0.0,-16.996336996336996,36.14163614163614,9.963369963369964,14.261294261294262,0.0,13.870573870573873,-18.168498168498168,11.526251526251526,34.969474969474966,0.0,-4.102564102564102,-77.55799755799755,28.32722832722833,-9.18192918192918,11.526251526251526
-38.48595848595848,73.26007326007326,8.4004884004884,-8.4004884004884,0.0,-40.04884004884005,46.3003663003663,2.93040293040293,25.2014652014652,0.0,25.982905982905983,22.857142857142858,0.0,-20.903540903540904,29.10866910866911,5.665445665445666,19.73137973137973,0.0,9.572649572649572,-25.982905982905983,10.744810744810744,39.26739926739927,0.0,-8.00976800976801,-86.93528693528694,46.69108669108669,-14.652014652014651,10.744810744810744
-43.56532356532357,71.6971916971917,16.996336996336996,-9.963369963369964,0.0,-41.22100122100122,50.5982905982906,0.9768009768009768,24.81074481074481,0.0,24.81074481074481,15.433455433455434,0.0,-18.168498168498168,18.94993894993895,5.274725274725275,25.2014652014652,0.0,7.228327228327228,-31.062271062271066,13.870573870573873,40.83028083028083,0.0,-16.605616605616607,-106.47130647130648,70.91575091575092,-16.996336996336996,13.870573870573873
-44.737484737484735,69.35286935286935,30.671550671550676,-15.824175824175825,0.0,-36.92307692307692,52.55189255189255,3.711843711843712,18.55921855921856,0.0,24.02930402930403,9.572649572649572,0.0,-14.652014652014651,12.698412698412698,11.916971916971915,21.294261294261293,0.0,4.884004884004884,-29.89010989010989,22.857142857142858,32.62515262515262,0.0,-30.28083028083028,-46.69108669108669,16.605616605616607,-18.55921855921856,22.857142857142858
-45.51892551892552,63.88278388278388,41.61172161172161,-16.214896214896214,0.0,-35.75091575091575,54.5054945054945,4.884004884004884,20.12210012210012,0.0,20.903540903540904,6.056166056166056,0.0,-18.94993894993895,11.526251526251526,18.55921855921856,25.2014652014652,0.0,0.9768009768009768,-27.545787545787547,32.62515262515262,30.671550671550676,0.0,-41.22100122100122,-3.711843711843712,-24.42002442002442,-16.214896214896214,32.62515262515262
-49.42612942612943,57.24053724053724,47.081807081807085,-9.572649572649572,0.0,-36.14163614163614,49.42612942612943,2.93040293040293,27.936507936507937,0.0,15.042735042735044,2.5396825396825395,0.0,-24.81074481074481,9.572649572649572,19.34065934065934,31.062271062271066,0.0,-7.228327228327228,-24.42002442002442,33.40659340659341,33.7973137973138,0.0,-46.69108669108669,-14.261294261294262,-13.870573870573873,-11.526251526251526,33.40659340659341
-49.81684981684982,51.77045177045177,49.42612942612943,-10.354090354090356,0.0,-30.28083028083028,45.12820512820513,4.102564102564102,20.512820512820515,0.0,13.089133089133089,-1.3675213675213675,0.0,-27.545787545787547,12.307692307692308,19.73137973137973,19.73137973137973,0.0,-16.214896214896214,-17.77777777777778,33.7973137973138,25.982905982905983,0.0,-49.03540903540904,9.18192918192918,-34.18803418803419,-8.00976800976801,33.7973137973138
-49.03540903540904,44.346764346764346,46.69108669108669,-8.791208791208792,0.0,-22.075702075702075,35.36019536019536,4.102564102564102,14.261294261294262,0.0,13.870573870573873,-6.446886446886447,0.0,-31.062271062271066,15.824175824175825,16.605616605616607,12.307692307692308,0.0,-23.63858363858364,-15.433455433455434,32.234432234432234,22.466422466422465,0.0,-46.3003663003663,37.31379731379732,-58.02197802197802,-7.619047619047619,32.234432234432234
-53.333333333333336,34.18803418803419,42.002442002442,-0.1953601953601953,0.0,-19.34065934065934,23.63858363858364,2.5396825396825395,14.261294261294262,0.0,8.00976800976801,-8.791208791208792,0.0,-32.62515262515262,13.870573870573873,11.916971916971915,9.18192918192918,0.0,-29.10866910866911,-20.12210012210012,27.936507936507937,25.2014652014652,0.0,-41.61172161172161,44.737484737484735,-65.83638583638583,-6.446886446886447,27.936507936507937
-51.77045177045177,23.247863247863247,40.43956043956044,-2.5396825396825395,0.0,-12.307692307692308,14.652014652014651,0.9768009768009768,4.884004884004884,0.0,2.5396825396825395,-7.228327228327228,0.0,-28.32722832722833,10.354090354090356,6.837606837606837,1.3675213675213675,0.0,-30.671550671550676,-24.02930402930403,24.02930402930403,20.512820512820515,0.0,-40.04884004884005,51.37973137973138,-65.44566544566544,-9.963369963369964,24.02930402930403
-48.64468864468864,15.042735042735044,40.43956043956044,-8.4004884004884,0.0,-7.228327228327228,6.837606837606837,0.9768009768009768,-2.148962148962149,0.0,-4.102564102564102,-6.056166056166056,0.0,-27.936507936507937,5.274725274725275,9.963369963369964,-5.274725274725275,0.0,-27.936507936507937,-28.71794871794872,23.63858363858364,16.214896214896214,0.0,-40.04884004884005,56.06837606837607,-68.18070818070818,-11.916971916971915,23.63858363858364
-48.25396825396825,6.056166056166056,37.704517704517706,-6.446886446886447,0.0,-9.572649572649572,-0.1953601953601953,-0.9768009768009768,0.1953601953601953,0.0,-16.605616605616607,-3.3211233211233213,0.0,-29.499389499389498,-3.711843711843712,10.354090354090356,-2.148962148962149,0.0,-27.545787545787547,-36.92307692307692,22.075702075702075,16.996336996336996,0.0,-37.31379731379732,20.903540903540904,-32.62515262515262,-15.042735042735044,22.075702075702075
-47.472527472527474,-1.7582417582417582,34.57875457875458,-5.665445665445666,0.0,-10.744810744810744,-8.4004884004884,-2.5396825396825395,1.7582417582417582,0.0,-26.37362637362637,-3.3211233211233213,0.0,-31.843711843711844,-13.089133089133089,8.00976800976801,-0.9768009768009768,0.0,-31.062271062271066,-42.002442002442,20.903540903540904,14.652014652014651,0.0,-34.18803418803419,29.10866910866911,-37.704517704517706,-16.996336996336996,20.903540903540904
-43.17460317460318,-6.446886446886447,34.18803418803419,-13.870573870573873,0.0,-10.354090354090356,-13.870573870573873,2.5396825396825395,-7.228327228327228,0.0,-29.10866910866911,-2.93040293040293,0.0,-29.499389499389498,-15.824175824175825,9.572649572649572,-9.18192918192918,0.0,-30.671550671550676,-40.83028083028083,21.68498168498169,4.884004884004884,0.0,-33.7973137973138,101.001221001221,-104.51770451770452,-17.387057387057386,21.68498168498169
-41.22100122100122,-13.089133089133089,29.499389499389498,-13.870573870573873,0.0,-13.47985347985348,-20.903540903540904,4.884004884004884,-9.572649572649572,0.0,-32.234432234432234,-5.665445665445666,0.0,-29.499389499389498,-20.12210012210012,7.619047619047619,-10.354090354090356,0.0,-29.89010989010989,-43.56532356532357,20.12210012210012,0.5860805860805861,0.0,-29.10866910866911,121.7094017094017,-121.7094017094017,-18.168498168498168,20.12210012210012
-41.22100122100122,-19.34065934065934,22.466422466422465,-10.354090354090356,0.0,-15.824175824175825,-27.155067155067155,2.148962148962149,-7.228327228327228,0.0,-36.14163614163614,-8.791208791208792,0.0,-27.936507936507937,-24.81074481074481,0.1953601953601953,-7.228327228327228,0.0,-29.89010989010989,-47.86324786324786,13.089133089133089,3.3211233211233213,0.0,-22.075702075702075,68.96214896214896,-68.57142857142857,-18.168498168498168,13.089133089133089
-37.31379731379732,-19.73137973137973,15.433455433455434,-14.652014652014651,0.0,-12.307692307692308,-29.89010989010989,0.9768009768009768,-13.870573870573873,0.0,-35.75091575091575,-11.135531135531137,0.0,-25.2014652014652,-25.2014652014652,-2.148962148962149,-10.354090354090356,0.0,-26.764346764346765,-49.03540903540904,9.18192918192918,1.3675213675213675,0.0,-15.042735042735044,71.30647130647131,-72.47863247863248,-19.34065934065934,9.18192918192918
-36.14163614163614,-16.605616605616607,7.619047619047619,-16.605616605616607,0.0,-8.00976800976801,-31.062271062271066,-1.3675213675213675,-20.12210012210012,0.0,-35.36019536019536,-12.698412698412698,0.0,-21.294261294261293,-26.37362637362637,-0.5860805860805861,-15.433455433455434,0.0,-22.075702075702075,-52.55189255189255,10.744810744810744,-0.9768009768009768,0.0,-7.228327228327228,102.17338217338218,-103.73626373626374,-24.42002442002442,10.744810744810744
-36.92307692307692,-13.089133089133089,-1.3675213675213675,-10.354090354090356,0.0,-8.791208791208792,-29.499389499389498,-3.3211233211233213,-20.903540903540904,0.0,-34.969474969474966,-10.744810744810744,0.0,-21.294261294261293,-26.764346764346765,0.9768009768009768,-10.744810744810744,0.0,-21.294261294261293,-56.84981684981685,13.870573870573873,5.274725274725275,0.0,1.7582417582417582,81.07448107448107,-84.98168498168498,-29.499389499389498,13.870573870573873
-37.704517704517706,-10.354090354090356,-7.619047619047619,-7.228327228327228,0.0,-13.089133089133089,-27.936507936507937,2.148962148962149,-25.592185592185597,0.0,-31.843711843711844,-6.837606837606837,0.0,-21.68498168498169,-24.81074481074481,7.619047619047619,-9.18192918192918,0.0,-20.12210012210012,-58.02197802197802,20.512820512820515,9.18192918192918,0.0,8.00976800976801,71.30647130647131,-74.43223443223444,-33.40659340659341,20.512820512820515
-37.704517704517706,-6.446886446886447,-11.135531135531137,-6.446886446886447,0.0,-18.94993894993895,-24.81074481074481,10.354090354090356,-30.28083028083028,0.0,-29.10866910866911,-2.93040293040293,0.0,-20.903540903540904,-24.02930402930403,15.824175824175825,-9.572649572649572,0.0,-17.77777777777778,-58.8034188034188,27.936507936507937,9.572649572649572,0.0,11.526251526251526,112.72283272283272,-113.11355311355312,-38.48595848595848,27.936507936507937
-40.43956043956044,-5.274725274725275,-16.605616605616607,-0.5860805860805861,0.0,-28.32722832722833,-24.42002442002442,16.605616605616607,-27.936507936507937,0.0,-29.499389499389498,-4.102564102564102,0.0,-24.02930402930403,-27.936507936507937,20.12210012210012,-1.7582417582417582,0.0,-19.34065934065934,-61.53846153846154,30.28083028083028,15.042735042735044,0.0,16.996336996336996,170.54945054945054,-170.54945054945054,-41.61172161172161,30.28083028083028
-44.346764346764346,-3.3211233211233213,-27.155067155067155,5.274725274725275,0.0,-35.36019536019536,-26.37362637362637,13.47985347985348,-21.68498168498169,0.0,-31.062271062271066,-9.572649572649572,0.0,-26.37362637362637,-35.36019536019536,17.387057387057386,9.572649572649572,0.0,-24.02930402930403,-63.10134310134311,27.155067155067155,24.42002442002442,0.0,27.545787545787547,140.0732600732601,-145.15262515262515,-42.39316239316239,27.155067155067155
-43.56532356532357,1.7582417582417582,-38.48595848595848,-0.9768009768009768,0.0,-34.969474969474966,-26.37362637362637,9.18192918192918,-28.71794871794872,0.0,-32.62515262515262,-15.824175824175825,0.0,-24.81074481074481,-39.65811965811966,15.824175824175825,8.791208791208792,0.0,-23.247863247863247,-61.92918192918193,24.81074481074481,20.512820512820515,0.0,38.87667887667888,120.14652014652016,-129.9145299145299,-43.17460317460318,24.81074481074481
-42.002442002442,6.446886446886447,-54.5054945054945,-5.274725274725275,0.0,-33.01587301587302,-29.10866910866911,1.3675213675213675,-33.01587301587302,0.0,-34.969474969474966,-20.512820512820515,0.0,-22.466422466422465,-44.737484737484735,14.652014652014651,11.526251526251526,0.0,-21.294261294261293,-62.71062271062271,23.63858363858364,19.34065934065934,0.0,54.89621489621489,136.16605616605617,-150.62271062271063,-46.3003663003663,23.63858363858364
-40.43956043956044,15.042735042735044,-73.65079365079364,-6.056166056166056,0.0,-32.62515262515262,-31.843711843711844,-3.711843711843712,-35.75091575091575,0.0,-35.75091575091575,-22.857142857142858,0.0,-21.68498168498169,-41.22100122100122,12.698412698412698,15.824175824175825,0.0,-16.214896214896214,-60.757020757020754,21.294261294261293,21.294261294261293,0.0,74.04151404151405,96.7032967032967,-120.92796092796092,-44.737484737484735,21.294261294261293
-33.40659340659341,27.155067155067155,-88.1074481074481,-15.824175824175825,0.0,-27.545787545787547,-31.062271062271066,-2.5396825396825395,-47.472527472527474,0.0,-31.45299145299145,-19.34065934065934,0.0,-13.47985347985348,-29.89010989010989,14.261294261294262,3.3211233211233213,0.0,-4.493284493284493,-55.28693528693529,23.63858363858364,10.354090354090356,0.0,88.4981684981685,95.92185592185592,-132.64957264957266,-39.26739926739927,23.63858363858364
-28.32722832722833,39.26739926739927,-101.001221001221,-19.34065934065934,0.0,-27.155067155067155,-29.10866910866911,0.1953601953601953,-53.724053724053725,0.0,-26.764346764346765,-18.55921855921856,0.0,-5.665445665445666,-18.55921855921856,12.698412698412698,-5.274725274725275,0.0,0.9768009768009768,-47.86324786324786,24.81074481074481,3.711843711843712,0.0,101.3919413919414,104.51770451770452,-153.35775335775335,-33.01587301587302,24.81074481074481
-25.2014652014652,48.64468864468864,-113.89499389499387,-13.089133089133089,0.0,-27.936507936507937,-29.499389499389498,1.7582417582417582,-47.86324786324786,0.0,-22.466422466422465,-21.294261294261293,0.0,-0.5860805860805861,-11.526251526251526,6.446886446886447,-3.3211233211233213,0.0,2.148962148962149,-43.95604395604396,25.592185592185597,5.274725274725275,0.0,114.28571428571428,45.51892551892552,-110.76923076923076,-26.764346764346765,25.592185592185597
-20.903540903540904,58.02197802197802,-123.66300366300366,-11.135531135531137,0.0,-26.37362637362637,-26.764346764346765,0.9768009768009768,-44.737484737484735,0.0,-17.77777777777778,-22.857142857142858,0.0,3.3211233211233213,-7.228327228327228,2.148962148962149,-0.9768009768009768,0.0,0.9768009768009768,-39.26739926739927,28.71794871794872,5.274725274725275,0.0,124.05372405372404,16.605616605616607,-97.09401709401708,-22.857142857142858,28.71794871794872
-16.996336996336996,68.96214896214896,-124.83516483516485,-20.512820512820515,0.0,-24.81074481074481,-20.903540903540904,3.3211233211233213,-50.989010989010985,0.0,-13.870573870573873,-25.2014652014652,0.0,9.963369963369964,-1.7582417582417582,0.1953601953601953,-6.446886446886447,0.0,0.1953601953601953,-29.89010989010989,31.843711843711844,-0.9768009768009768,0.0,125.22588522588522,51.77045177045177,-140.85470085470087,-21.68498168498169,31.843711843711844
-16.214896214896214,75.21367521367522,-126.3980463980464,-20.903540903540904,0.0,-24.81074481074481,-20.903540903540904,4.493284493284493,-47.081807081807085,0.0,-14.261294261294262,-26.764346764346765,0.0,13.47985347985348,-2.148962148962149,-1.3675213675213675,-3.3211233211233213,0.0,-0.1953601953601953,-25.592185592185597,30.671550671550676,0.5860805860805861,0.0,126.7887667887668,18.94993894993895,-113.89499389499387,-20.512820512820515,30.671550671550676
-15.824175824175825,79.9023199023199,-127.96092796092796,-22.466422466422465,0.0,-22.466422466422465,-24.02930402930403,3.711843711843712,-43.17460317460318,0.0,-16.214896214896214,-22.075702075702075,0.0,17.77777777777778,-1.7582417582417582,-4.493284493284493,-1.7582417582417582,0.0,2.93040293040293,-22.075702075702075,24.42002442002442,2.93040293040293,0.0,128.35164835164835,-46.69108669108669,-52.94261294261294,-15.824175824175825,24.42002442002442
-13.47985347985348,83.80952380952381,-126.007326007326,-31.843711843711844,0.0,-20.12210012210012,-29.89010989010989,6.056166056166056,-43.17460317460318,0.0,-19.34065934065934,-18.168498168498168,0.0,25.592185592185597,0.9768009768009768,-7.228327228327228,-8.791208791208792,0.0,6.837606837606837,-15.824175824175825,21.68498168498169,-2.5396825396825395,0.0,126.3980463980464,-41.61172161172161,-60.757020757020754,-9.963369963369964,21.68498168498169
-12.698412698412698,81.85592185592185,-124.83516483516485,-34.18803418803419,0.0,-24.42002442002442,-38.48595848595848,9.18192918192918,-35.75091575091575,0.0,-28.32722832722833,-11.135531135531137,0.0,27.936507936507937,0.1953601953601953,-8.791208791208792,-11.135531135531137,0.0,6.446886446886447,-11.135531135531137,20.512820512820515,-8.00976800976801,0.0,125.22588522588522,-9.572649572649572,-88.88888888888889,-7.619047619047619,20.512820512820515
-13.47985347985348,75.995115995116,-125.22588522588522,-31.062271062271066,0.0,-34.969474969474966,-45.12820512820513,9.18192918192918,-22.857142857142858,0.0,-37.31379731379732,-2.148962148962149,0.0,22.466422466422465,2.5396825396825395,-8.791208791208792,-6.837606837606837,0.0,3.711843711843712,-7.619047619047619,23.63858363858364,-10.744810744810744,0.0,125.6166056166056,-35.36019536019536,-59.1941391941392,-4.493284493284493,23.63858363858364
-12.698412698412698,71.30647130647131,-121.7094017094017,-34.57875457875458,0.0,-47.081807081807085,-44.737484737484735,10.354090354090356,-15.824175824175825,0.0,-43.95604395604396,6.446886446886447,0.0,15.433455433455434,8.4004884004884,-5.274725274725275,-8.00976800976801,0.0,0.1953601953601953,-1.3675213675213675,33.40659340659341,-22.466422466422465,0.0,122.1001221001221,-38.095238095238095,-48.25396825396825,-3.3211233211233213,33.40659340659341
-13.47985347985348,63.49206349206349,-112.33211233211232,-39.26739926739927,0.0,-61.92918192918193,-41.22100122100122,14.652014652014651,-13.089133089133089,0.0,-51.37973137973138,13.870573870573873,0.0,8.00976800976801,13.089133089133089,0.1953601953601953,-13.870573870573873,0.0,-0.9768009768009768,4.884004884004884,42.002442002442,-39.26739926739927,0.0,112.72283272283272,8.00976800976801,-78.73015873015873,-3.711843711843712,42.002442002442
-15.824175824175825,56.06837606837607,-111.15995115995116,-33.7973137973138,0.0,-73.26007326007326,-40.83028083028083,13.47985347985348,-3.711843711843712,0.0,-56.06837606837607,14.261294261294262,0.0,4.884004884004884,12.307692307692308,-2.148962148962149,-11.526251526251526,0.0,-0.1953601953601953,6.446886446886447,41.22100122100122,-44.346764346764346,0.0,111.55067155067157,28.32722832722833,-87.71672771672772,-2.5396825396825395,41.22100122100122
-15.433455433455434,47.86324786324786,-113.5042735042735,-31.062271062271066,0.0,-78.73015873015873,-42.002442002442,8.00976800976801,0.9768009768009768,0.0,-59.1941391941392,13.47985347985348,0.0,7.228327228327228,4.102564102564102,-8.00976800976801,-9.18192918192918,0.0,0.5860805860805861,4.102564102564102,34.57875457875458,-46.69108669108669,0.0,113.89499389499387,-2.93040293040293,-46.3003663003663,-2.5396825396825395,34.57875457875458
-15.433455433455434,40.83028083028083,-112.33211233211232,-35.75091575091575,0.0,-82.63736263736264,-43.56532356532357,4.884004884004884,-0.9768009768009768,0.0,-63.10134310134311,10.354090354090356,0.0,11.916971916971915,-2.148962148962149,-13.089133089133089,-12.698412698412698,0.0,2.93040293040293,4.884004884004884,27.936507936507937,-53.333333333333336,0.0,112.72283272283272,-18.168498168498168,-17.387057387057386,-3.3211233211233213,27.936507936507937
-16.214896214896214,35.75091575091575,-112.33211233211232,-32.62515262515262,0.0,-86.54456654456655,-46.3003663003663,0.9768009768009768,5.274725274725275,0.0,-66.22710622710623,8.791208791208792,0.0,15.042735042735044,-9.572649572649572,-21.294261294261293,-4.493284493284493,0.0,3.3211233211233213,1.7582417582417582,20.903540903540904,-48.64468864468864,0.0,112.72283272283272,-42.78388278388278,16.605616605616607,-8.00976800976801,20.903540903540904
-17.387057387057386,31.45299145299145,-108.03418803418803,-28.32722832722833,0.0,-88.88888888888889,-49.03540903540904,-0.9768009768009768,16.214896214896214,0.0,-67.3992673992674,7.228327228327228,0.0,13.47985347985348,-11.916971916971915,-25.592185592185597,4.102564102564102,0.0,2.5396825396825395,-0.1953601953601953,19.34065934065934,-43.56532356532357,0.0,108.42490842490842,-63.88278388278388,47.472527472527474,-12.307692307692308,19.34065934065934
-19.34065934065934,34.18803418803419,-96.7032967032967,-34.969474969474966,0.0,-90.84249084249085,-46.3003663003663,2.5396825396825395,17.387057387057386,0.0,-64.66422466422466,10.354090354090356,0.0,13.089133089133089,-7.228327228327228,-25.2014652014652,4.102564102564102,0.0,4.884004884004884,2.148962148962149,24.81074481074481,-48.64468864468864,0.0,97.09401709401708,-14.261294261294262,5.665445665445666,-14.261294261294262,24.81074481074481
-21.68498168498169,36.14163614163614,-84.98168498168498,-37.704517704517706,0.0,-94.74969474969475,-45.12820512820513,5.274725274725275,25.982905982905983,0.0,-61.53846153846154,12.698412698412698,0.0,9.18192918192918,-1.3675213675213675,-22.857142857142858,3.711843711843712,0.0,6.446886446886447,2.93040293040293,28.32722832722833,-50.5982905982906,0.0,85.37240537240537,14.652014652014651,-17.387057387057386,-16.996336996336996,28.32722832722833
-27.155067155067155,37.704517704517706,-81.07448107448107,-32.62515262515262,0.0,-100.6105006105006,-47.86324786324786,1.7582417582417582,42.78388278388278,0.0,-59.1941391941392,11.135531135531137,0.0,0.9768009768009768,-0.5860805860805861,-22.075702075702075,9.963369963369964,0.0,7.228327228327228,0.9768009768009768,25.2014652014652,-46.3003663003663,0.0,81.46520146520146,-14.261294261294262,14.261294261294262,-18.55921855921856,25.2014652014652
-29.89010989010989,37.704517704517706,-80.29304029304029,-35.36019536019536,0.0,-105.68986568986568,-47.472527472527474,-4.493284493284493,50.20757020757021,0.0,-56.84981684981685,13.089133089133089,0.0,-6.056166056166056,-1.3675213675213675,-20.12210012210012,9.572649572649572,0.0,7.228327228327228,-0.9768009768009768,20.512820512820515,-45.90964590964591,0.0,80.68376068376068,-21.294261294261293,25.2014652014652,-20.903540903540904,20.512820512820515
-32.234432234432234,38.48595848595848,-79.9023199023199,-37.704517704517706,0.0,-109.5970695970696,-44.737484737484735,-6.446886446886447,49.81684981684982,0.0,-54.89621489621489,13.870573870573873,0.0,-9.18192918192918,-0.9768009768009768,-15.042735042735044,4.102564102564102,0.0,8.4004884004884,0.5860805860805861,16.214896214896214,-48.64468864468864,0.0,80.29304029304029,18.55921855921856,-9.18192918192918,-22.466422466422465,16.214896214896214
-33.7973137973138,35.36019536019536,-83.41880341880342,-25.592185592185597,0.0,-113.11355311355312,-41.22100122100122,-11.135531135531137,58.02197802197802,0.0,-52.55189255189255,11.526251526251526,0.0,-11.526251526251526,-2.148962148962149,-14.652014652014651,11.526251526251526,0.0,9.963369963369964,0.5860805860805861,11.916971916971915,-41.61172161172161,0.0,83.80952380952381,-4.884004884004884,18.168498168498168,-22.857142857142858,11.916971916971915
-31.843711843711844,34.18803418803419,-86.15384615384616,-15.824175824175825,0.0,-112.72283272283272,-35.75091575091575,-12.307692307692308,61.53846153846154,0.0,-47.472527472527474,11.916971916971915,0.0,-8.4004884004884,-2.148962148962149,-15.824175824175825,21.68498168498169,0.0,14.652014652014651,3.3211233211233213,10.354090354090356,-35.36019536019536,0.0,86.54456654456655,-77.16727716727716,88.1074481074481,-20.12210012210012,10.354090354090356
-26.764346764346765,32.62515262515262,-88.1074481074481,-10.744810744810744,0.0,-114.67643467643468,-29.89010989010989,-10.354090354090356,61.92918192918193,0.0,-43.17460317460318,13.089133089133089,0.0,-2.93040293040293,0.9768009768009768,-14.652014652014651,26.37362637362637,0.0,23.247863247863247,9.18192918192918,12.307692307692308,-38.095238095238095,0.0,88.4981684981685,-76.77655677655677,86.93528693528694,-18.94993894993895,12.307692307692308
-21.294261294261293,29.499389499389498,-90.06105006105007,-0.9768009768009768,0.0,-118.5836385836386,-27.155067155067155,-7.619047619047619,71.30647130647131,0.0,-42.39316239316239,17.387057387057386,0.0,-5.665445665445666,2.93040293040293,-12.698412698412698,35.75091575091575,0.0,31.45299145299145,11.526251526251526,14.261294261294262,-39.65811965811966,0.0,90.45177045177046,-51.37973137973138,67.00854700854701,-23.247863247863247,14.261294261294262
-19.73137973137973,22.857142857142858,-93.18681318681318,8.4004884004884,0.0,-127.17948717948718,-30.671550671550676,-8.791208791208792,86.15384615384616,0.0,-43.95604395604396,20.903540903540904,0.0,-13.47985347985348,0.1953601953601953,-10.744810744810744,48.25396825396825,0.0,34.969474969474966,8.791208791208792,12.307692307692308,-34.57875457875458,0.0,93.57753357753356,-77.16727716727716,96.31257631257633,-26.764346764346765,12.307692307692308
-13.870573870573873,18.55921855921856,-97.87545787545788,9.572649572649572,0.0,-131.86813186813183,-34.969474969474966,-6.446886446886447,90.84249084249085,0.0,-45.90964590964591,26.37362637362637,0.0,-17.387057387057386,-0.5860805860805861,-8.791208791208792,51.37973137973138,0.0,42.002442002442,5.274725274725275,6.446886446886447,-32.62515262515262,0.0,98.26617826617829,-103.34554334554336,127.17948717948718,-33.7973137973138,6.446886446886447
-1.7582417582417582,13.089133089133089,-100.6105006105006,5.274725274725275,0.0,-129.52380952380952,-37.704517704517706,-1.3675213675213675,86.15384615384616,0.0,-45.90964590964591,33.01587301587302,0.0,-18.168498168498168,1.3675213675213675,-2.93040293040293,44.737484737484735,0.0,49.42612942612943,4.493284493284493,1.3675213675213675,-32.62515262515262,0.0,101.001221001221,-24.42002442002442,52.55189255189255,-38.48595848595848,1.3675213675213675
7.228327228327228,5.274725274725275,-107.25274725274726,7.619047619047619,0.0,-125.6166056166056,-44.346764346764346,-2.148962148962149,87.71672771672772,0.0,-45.12820512820513,35.75091575091575,0.0,-19.73137973137973,6.446886446886447,-4.493284493284493,47.472527472527474,0.0,54.114774114774114,3.711843711843712,-8.00976800976801,-21.68498168498169,0.0,107.64346764346764,-18.55921855921856,41.61172161172161,-37.704517704517706,-8.00976800976801
24.42002442002442,0.1953601953601953,-117.4114774114774,-2.5396825396825395,0.0,-112.72283272283272,-47.86324786324786,-5.274725274725275,72.47863247863248,0.0,-43.17460317460318,40.43956043956044,0.0,-13.47985347985348,10.354090354090356,-10.744810744810744,41.61172161172161,0.0,60.757020757020754,6.056166056166056,-15.824175824175825,-25.2014652014652,0.0,117.8021978021978,-47.472527472527474,61.92918192918193,-37.31379731379732,-15.824175824175825
36.53235653235653,-2.93040293040293,-124.44444444444444,-14.261294261294262,0.0,-105.2991452991453,-47.472527472527474,-9.963369963369964,57.63125763125763,0.0,-45.51892551892552,42.39316239316239,0.0,-11.916971916971915,16.605616605616607,-14.652014652014651,32.234432234432234,0.0,63.49206349206349,12.698412698412698,-14.652014652014651,-40.04884004884005,0.0,124.83516483516485,-44.737484737484735,52.94261294261294,-36.53235653235653,-14.652014652014651
39.26739926739927,-8.791208791208792,-130.3052503052503,-13.870573870573873,0.0,-104.9084249084249,-47.081807081807085,-18.168498168498168,57.24053724053724,0.0,-48.64468864468864,41.61172161172161,0.0,-18.55921855921856,21.294261294261293,-19.34065934065934,38.87667887667888,0.0,61.92918192918193,15.433455433455434,-11.526251526251526,-43.95604395604396,0.0,130.6959706959707,-77.16727716727716,79.51159951159951,-34.969474969474966,-11.526251526251526
41.22100122100122,-7.228327228327228,-130.6959706959707,-16.214896214896214,0.0,-105.2991452991453,-44.346764346764346,-20.12210012210012,57.24053724053724,0.0,-50.989010989010985,42.002442002442,0.0,-25.982905982905983,22.857142857142858,-20.512820512820515,46.69108669108669,0.0,58.02197802197802,17.387057387057386,-6.837606837606837,-46.3003663003663,0.0,131.08669108669108,-109.2063492063492,105.2991452991453,-35.75091575091575,-6.837606837606837
45.51892551892552,0.5860805860805861,-124.83516483516485,-29.499389499389498,0.0,-106.08058608058607,-35.36019536019536,-12.307692307692308,47.081807081807085,0.0,-52.55189255189255,47.472527472527474,0.0,-32.62515262515262,29.10866910866911,-15.433455433455434,45.12820512820513,0.0,56.06837606837607,20.512820512820515,-0.1953601953601953,-51.37973137973138,0.0,125.22588522588522,-65.44566544566544,51.77045177045177,-38.095238095238095,-0.1953601953601953
49.81684981684982,8.4004884004884,-119.36507936507935,-35.75091575091575,0.0,-109.2063492063492,-26.764346764346765,-6.056166056166056,47.081807081807085,0.0,-54.5054945054945,50.20757020757021,0.0,-42.78388278388278,32.62515262515262,-9.18192918192918,51.37973137973138,0.0,51.77045177045177,18.55921855921856,1.3675213675213675,-42.002442002442,0.0,119.75579975579976,-49.03540903540904,21.68498168498169,-39.26739926739927,1.3675213675213675
54.114774114774114,13.870573870573873,-119.36507936507935,-36.53235653235653,0.0,-111.94139194139194,-19.73137973137973,-5.665445665445666,50.989010989010985,0.0,-56.45909645909646,48.64468864468864,0.0,-52.55189255189255,27.545787545787547,-10.744810744810744,63.88278388278388,0.0,45.12820512820513,12.307692307692308,-7.228327228327228,-22.857142857142858,0.0,119.75579975579976,-99.43833943833944,56.06837606837607,-43.17460317460318,-7.228327228327228
59.975579975579976,18.94993894993895,-118.5836385836386,-47.86324786324786,0.0,-107.64346764346764,-13.47985347985348,-3.711843711843712,39.26739926739927,0.0,-60.757020757020754,46.3003663003663,0.0,-57.24053724053724,23.247863247863247,-11.916971916971915,60.757020757020754,0.0,38.87667887667888,8.791208791208792,-13.47985347985348,-20.512820512820515,0.0,118.97435897435898,-82.63736263736264,26.764346764346765,-44.737484737484735,-13.47985347985348
63.88278388278388,21.294261294261293,-119.36507936507935,-54.89621489621489,0.0,-100.6105006105006,-9.18192918192918,-6.056166056166056,27.936507936507937,0.0,-62.31990231990232,40.04884004884005,0.0,-61.14774114774115,20.12210012210012,-12.698412698412698,55.67765567765568,0.0,32.234432234432234,9.572649572649572,-19.73137973137973,-21.294261294261293,0.0,119.75579975579976,-26.764346764346765,-36.14163614163614,-45.51892551892552,-19.73137973137973
67.78998778998779,19.34065934065934,-120.92796092796092,-54.5054945054945,0.0,-93.57753357753356,-6.446886446886447,-9.572649572649572,22.466422466422465,0.0,-62.71062271062271,32.62515262515262,0.0,-66.61782661782662,15.042735042735044,-18.55921855921856,57.63125763125763,0.0,22.857142857142858,9.18192918192918,-29.10866910866911,-16.214896214896214,0.0,121.31868131868131,-46.3003663003663,-22.466422466422465,-45.12820512820513,-29.10866910866911
72.86935286935287,22.466422466422465,-118.97435897435898,-59.1941391941392,0.0,-86.93528693528694,0.1953601953601953,-6.446886446886447,11.135531135531137,0.0,-62.31990231990232,29.499389499389498,0.0,-70.13431013431014,14.261294261294262,-18.168498168498168,52.16117216117216,0.0,14.652014652014651,13.089133089133089,-30.28083028083028,-20.512820512820515,0.0,119.36507936507935,-82.63736263736264,8.00976800976801,-44.346764346764346,-30.28083028083028
79.51159951159951,30.28083028083028,-118.1929181929182,-65.83638583638583,0.0,-79.9023199023199,10.744810744810744,-2.5396825396825395,-0.9768009768009768,0.0,-56.06837606837607,28.71794871794872,0.0,-70.52503052503053,15.433455433455434,-13.47985347985348,47.081807081807085,0.0,9.963369963369964,17.387057387057386,-28.71794871794872,-21.294261294261293,0.0,118.5836385836386,-53.333333333333336,-27.545787545787547,-44.737484737484735,-28.71794871794872
81.85592185592185,36.92307692307692,-116.23931623931624,-63.49206349206349,0.0,-76.77655677655677,18.94993894993895,0.1953601953601953,-1.3675213675213675,0.0,-52.94261294261294,24.81074481074481,0.0,-74.04151404151405,13.870573870573873,-9.963369963369964,52.16117216117216,0.0,1.3675213675213675,16.214896214896214,-26.37362637362637,-10.354090354090356,0.0,116.63003663003664,-32.62515262515262,-57.63125763125763,-47.86324786324786,-26.37362637362637
78.33943833943835,40.43956043956044,-113.89499389499387,-56.06837606837607,0.0,-77.16727716727716,23.63858363858364,0.1953601953601953,2.148962148962149,0.0,-52.16117216117216,19.34065934065934,0.0,-80.68376068376068,8.4004884004884,-9.18192918192918,59.58485958485959,0.0,-10.744810744810744,11.916971916971915,-24.02930402930403,1.3675213675213675,0.0,114.28571428571428,-48.25396825396825,-52.16117216117216,-50.20757020757021,-24.02930402930403
73.65079365079364,47.081807081807085,-109.98778998778998,-57.24053724053724,0.0,-70.91575091575092,26.764346764346765,1.7582417582417582,-3.3211233211233213,0.0,-50.20757020757021,18.168498168498168,0.0,-81.46520146520146,6.837606837606837,-9.963369963369964,52.16117216117216,0.0,-15.433455433455434,11.135531135531137,-29.499389499389498,2.148962148962149,0.0,110.37851037851038,-44.737484737484735,-57.63125763125763,-50.5982905982906,-29.499389499389498
68.57142857142857,48.25396825396825,-104.12698412698413,-58.02197802197802,0.0,-67.78998778998779,25.592185592185597,1.7582417582417582,-4.884004884004884,0.0,-48.64468864468864,17.387057387057386,0.0,-85.76312576312576,9.18192918192918,-13.089133089133089,43.56532356532357,0.0,-19.73137973137973,9.572649572649572,-38.095238095238095,1.3675213675213675,0.0,104.51770451770452,-36.14163614163614,-65.05494505494505,-49.81684981684982,-38.095238095238095
58.41269841269841,46.3003663003663,-99.43833943833944,-56.84981684981685,0.0,-69.35286935286935,22.466422466422465,-1.7582417582417582,-2.5396825396825395,0.0,-47.472527472527474,13.870573870573873,0.0,-94.74969474969475,11.135531135531137,-20.903540903540904,38.87667887667888,0.0,-25.592185592185597,8.791208791208792,-49.42612942612943,0.5860805860805861,0.0,99.82905982905984,-36.53235653235653,-60.366300366300365,-47.081807081807085,-49.42612942612943
52.94261294261294,49.42612942612943,-98.26617826617829,-63.10134310134311,0.0,-68.57142857142857,22.857142857142858,-2.148962148962149,-9.963369963369964,0.0,-42.39316239316239,15.042735042735044,0.0,-95.14041514041514,14.261294261294262,-24.02930402930403,24.81074481074481,0.0,-25.2014652014652,11.135531135531137,-55.67765567765568,-9.572649572649572,0.0,98.65689865689866,-32.234432234432234,-63.49206349206349,-42.39316239316239,-55.67765567765568
46.3003663003663,52.55189255189255,-93.57753357753356,-70.52503052503053,0.0,-71.6971916971917,24.42002442002442,-0.5860805860805861,-15.433455433455434,0.0,-33.40659340659341,13.47985347985348,0.0,-95.92185592185592,19.73137973137973,-26.37362637362637,17.77777777777778,0.0,-27.155067155067155,13.870573870573873,-55.67765567765568,-15.824175824175825,0.0,93.96825396825396,-32.234432234432234,-62.31990231990232,-40.04884004884005,-55.67765567765568
36.53235653235653,52.16117216117216,-92.014652014652,-60.757020757020754,0.0,-77.55799755799755,22.075702075702075,-2.148962148962149,-5.274725274725275,0.0,-26.37362637362637,8.791208791208792,0.0,-99.82905982905984,17.77777777777778,-29.10866910866911,28.32722832722833,0.0,-36.53235653235653,11.526251526251526,-50.5982905982906,-5.665445665445666,0.0,92.4053724053724,-67.3992673992674,-31.45299145299145,-39.65811965811966,-50.5982905982906
25.592185592185597,52.94261294261294,-88.4981684981685,-52.94261294261294,0.0,-80.29304029304029,19.34065934065934,-2.93040293040293,1.7582417582417582,0.0,-22.075702075702075,6.056166056166056,0.0,-99.04761904761904,11.916971916971915,-32.62515262515262,35.75091575091575,0.0,-45.90964590964591,7.619047619047619,-45.51892551892552,0.1953601953601953,0.0,88.88888888888889,-85.76312576312576,-13.47985347985348,-42.002442002442,-45.51892551892552
18.55921855921856,58.02197802197802,-79.12087912087912,-54.114774114774114,0.0,-77.94871794871794,19.73137973137973,0.1953601953601953,1.7582417582417582,0.0,-16.996336996336996,5.665445665445666,0.0,-95.14041514041514,11.526251526251526,-32.62515262515262,30.671550671550676,0.0,-50.20757020757021,7.619047619047619,-39.65811965811966,-1.3675213675213675,0.0,79.51159951159951,-44.346764346764346,-50.20757020757021,-44.346764346764346,-39.65811965811966
9.963369963369964,56.06837606837607,-70.13431013431014,-44.346764346764346,0.0,-75.6043956043956,14.652014652014651,-1.3675213675213675,13.089133089133089,0.0,-16.214896214896214,3.3211233211233213,0.0,-98.26617826617829,9.572649572649572,-32.62515262515262,31.062271062271066,0.0,-57.63125763125763,3.711843711843712,-38.48595848595848,2.5396825396825395,0.0,70.52503052503053,-46.3003663003663,-38.48595848595848,-47.472527472527474,-38.48595848595848
2.5396825396825395,50.5982905982906,-63.88278388278388,-30.28083028083028,0.0,-72.86935286935287,7.619047619047619,-3.711843711843712,28.71794871794872,0.0,-15.042735042735044,1.7582417582417582,0.0,-102.17338217338218,8.791208791208792,-32.62515262515262,31.45299145299145,0.0,-63.49206349206349,1.7582417582417582,-38.48595848595848,6.056166056166056,0.0,64.27350427350427,-81.07448107448107,6.056166056166056,-46.69108669108669,-38.48595848595848
1.3675213675213675,47.081807081807085,-50.989010989010985,-25.2014652014652,0.0,-65.05494505494505,6.446886446886447,-0.9768009768009768,31.843711843711844,0.0,-9.963369963369964,4.102564102564102,0.0,-100.6105006105006,14.652014652014651,-28.71794871794872,23.247863247863247,0.0,-63.10134310134311,5.274725274725275,-37.31379731379732,3.3211233211233213,0.0,51.37973137973138,-56.84981684981685,-1.7582417582417582,-44.737484737484735,-37.31379731379732
-2.5396825396825395,40.43956043956044,-34.969474969474966,-15.824175824175825,0.0,-59.975579975579976,5.274725274725275,0.5860805860805861,38.87667887667888,0.0,-4.493284493284493,6.056166056166056,0.0,-103.34554334554336,19.73137973137973,-23.247863247863247,20.12210012210012,0.0,-65.44566544566544,7.619047619047619,-33.40659340659341,4.102564102564102,0.0,35.36019536019536,-12.307692307692308,-26.37362637362637,-43.17460317460318,-33.40659340659341
-10.354090354090356,27.936507936507937,-20.12210012210012,-3.3211233211233213,0.0,-59.58485958485959,4.884004884004884,0.1953601953601953,47.472527472527474,0.0,-1.3675213675213675,4.884004884004884,0.0,-103.34554334554336,16.605616605616607,-24.02930402930403,25.982905982905983,0.0,-68.18070818070818,5.274725274725275,-32.234432234432234,9.963369963369964,0.0,20.512820512820515,-14.652014652014651,-5.274725274725275,-41.22100122100122,-32.234432234432234
-15.824175824175825,17.77777777777778,-0.9768009768009768,-1.7582417582417582,0.0,-56.06837606837607,10.354090354090356,0.1953601953601953,44.346764346764346,0.0,2.5396825396825395,1.3675213675213675,0.0,-91.23321123321124,10.354090354090356,-25.2014652014652,23.63858363858364,0.0,-65.44566544566544,2.5396825396825395,-29.499389499389498,9.572649572649572,0.0,1.3675213675213675,-20.512820512820515,17.387057387057386,-40.43956043956044,-29.499389499389498
-20.903540903540904,6.446886446886447,18.94993894993895,-3.3211233211233213,0.0,-50.5982905982906,14.652014652014651,-0.1953601953601953,37.31379731379732,0.0,6.056166056166056,-1.7582417582417582,0.0,-80.29304029304029,4.493284493284493,-24.42002442002442,17.387057387057386,0.0,-62.71062271062271,-2.5396825396825395,-23.63858363858364,6.446886446886447,0.0,-18.55921855921856,28.71794871794872,-18.55921855921856,-41.22100122100122,-23.63858363858364
-27.545787545787547,-10.354090354090356,38.87667887667888,0.1953601953601953,0.0,-46.3003663003663,12.307692307692308,-0.1953601953601953,36.14163614163614,0.0,7.619047619047619,-8.791208791208792,0.0,-83.02808302808303,-0.9768009768009768,-23.247863247863247,16.996336996336996,0.0,-69.74358974358974,-11.916971916971915,-18.55921855921856,9.18192918192918,0.0,-38.48595848595848,97.09401709401708,-72.08791208791209,-44.737484737484735,-18.55921855921856
-30.671550671550676,-27.155067155067155,52.94261294261294,6.446886446886447,0.0,-38.48595848595848,8.791208791208792,-4.102564102564102,36.53235653235653,0.0,11.526251526251526,-15.433455433455434,0.0,-84.2002442002442,-3.711843711843712,-27.936507936507937,19.34065934065934,0.0,-74.43223443223444,-18.168498168498168,-19.34065934065934,15.824175824175825,0.0,-52.55189255189255,83.80952380952381,-46.3003663003663,-46.3003663003663,-19.34065934065934
-31.062271062271066,-39.65811965811966,71.6971916971917,6.056166056166056,0.0,-27.545787545787547,4.493284493284493,-3.3211233211233213,33.7973137973138,0.0,14.261294261294262,-17.387057387057386,0.0,-83.02808302808303,-1.3675213675213675,-22.466422466422465,13.47985347985348,0.0,-76.77655677655677,-19.73137973137973,-11.526251526251526,13.089133089133089,0.0,-71.30647130647131,72.47863247863248,-23.247863247863247,-46.3003663003663,-11.526251526251526
-31.843711843711844,-51.37973137973138,85.37240537240537,7.619047619047619,0.0,-20.512820512820515,0.1953601953601953,-5.274725274725275,36.53235653235653,0.0,16.214896214896214,-20.12210012210012,0.0,-89.67032967032966,0.5860805860805861,-18.94993894993895,11.916971916971915,0.0,-84.98168498168498,-17.387057387057386,-6.446886446886447,13.089133089133089,0.0,-84.98168498168498,97.48473748473748,-33.7973137973138,-45.51892551892552,-6.446886446886447
-34.57875457875458,-64.66422466422466,98.26617826617829,10.744810744810744,0.0,-15.433455433455434,-5.274725274725275,-8.4004884004884,40.83028083028083,0.0,17.77777777777778,-25.2014652014652,0.0,-64.27350427350427,-1.3675213675213675,-21.294261294261293,13.089133089133089,0.0,-71.30647130647131,-12.698412698412698,-6.446886446886447,16.605616605616607,0.0,-97.87545787545788,94.74969474969475,-20.12210012210012,-40.04884004884005,-6.446886446886447
-36.14163614163614,-73.65079365079364,113.5042735042735,4.102564102564102,0.0,-9.963369963369964,-6.056166056166056,-6.056166056166056,30.671550671550676,0.0,18.55921855921856,-25.592185592185597,0.0,-36.14163614163614,-6.837606837606837,-20.512820512820515,-0.1953601953601953,0.0,-64.27350427350427,-7.228327228327228,-2.5396825396825395,9.18192918192918,0.0,-113.11355311355312,136.55677655677655,-50.989010989010985,-35.75091575091575,-2.5396825396825395
-38.095238095238095,-86.93528693528694,125.22588522588522,3.3211233211233213,0.0,-5.665445665445666,-10.744810744810744,-0.9768009768009768,20.903540903540904,0.0,22.075702075702075,-26.764346764346765,0.0,-22.466422466422465,-7.619047619047619,-19.34065934065934,-15.433455433455434,0.0,-64.27350427350427,-5.274725274725275,0.1953601953601953,2.93040293040293,0.0,-124.83516483516485,183.83394383394383,-90.84249084249085,-28.32722832722833,0.1953601953601953
-41.61172161172161,-105.2991452991453,131.4774114774115,17.77777777777778,0.0,-1.3675213675213675,-18.168498168498168,-0.5860805860805861,23.247863247863247,0.0,22.075702075702075,-31.45299145299145,0.0,-13.47985347985348,-16.214896214896214,-25.982905982905983,-12.307692307692308,0.0,-63.49206349206349,-12.307692307692308,-3.3211233211233213,9.963369963369964,0.0,-131.08669108669108,171.33089133089132,-68.96214896214896,-24.02930402930403,-3.3211233211233213
-40.83028083028083,-117.4114774114774,134.993894993895,26.764346764346765,0.0,4.884004884004884,-22.075702075702075,-1.3675213675213675,22.075702075702075,0.0,23.247863247863247,-33.40659340659341,0.0,-12.698412698412698,-24.81074481074481,-31.062271062271066,-11.135531135531137,0.0,-67.78998778998779,-21.294261294261293,-8.00976800976801,15.824175824175825,0.0,-134.6031746031746,174.45665445665446,-70.52503052503053,-20.512820512820515,-8.00976800976801
-33.7973137973138,-125.6166056166056,138.5103785103785,24.42002442002442,0.0,15.824175824175825,-25.592185592185597,-0.9768009768009768,14.652014652014651,0.0,22.075702075702075,-35.36019536019536,0.0,-9.963369963369964,-24.81074481074481,-30.28083028083028,-20.903540903540904,0.0,-62.31990231990232,-25.2014652014652,-5.665445665445666,6.446886446886447,0.0,-138.1196581196581,222.5152625152625,-118.97435897435898,-17.387057387057386,-5.665445665445666
-28.71794871794872,-131.86813186813183,140.46398046398048,24.81074481074481,0.0,23.247863247863247,-30.28083028083028,-6.837606837606837,18.55921855921856,0.0,15.433455433455434,-38.095238095238095,0.0,-3.711843711843712,-27.936507936507937,-33.40659340659341,-17.77777777777778,0.0,-54.5054945054945,-27.545787545787547,-9.572649572649572,7.619047619047619,0.0,-140.0732600732601,217.82661782661785,-114.28571428571428,-16.214896214896214,-9.572649572649572
-20.903540903540904,-135.77533577533578,140.46398046398048,19.34065934065934,0.0,30.671550671550676,-35.36019536019536,-13.47985347985348,20.903540903540904,0.0,9.18192918192918,-37.704517704517706,0.0,4.493284493284493,-31.062271062271066,-36.53235653235653,-16.996336996336996,0.0,-45.90964590964591,-27.936507936507937,-14.652014652014651,9.18192918192918,0.0,-140.0732600732601,165.47008547008548,-67.00854700854701,-14.652014652014651,-14.652014652014651
-12.307692307692308,-139.68253968253967,140.0732600732601,6.056166056166056,0.0,40.04884004884005,-40.43956043956044,-16.996336996336996,11.526251526251526,0.0,3.711843711843712,-36.53235653235653,0.0,13.089133089133089,-29.89010989010989,-37.704517704517706,-29.499389499389498,0.0,-41.61172161172161,-24.42002442002442,-16.996336996336996,-1.3675213675213675,0.0,-139.68253968253967,179.53601953601952,-83.02808302808303,-14.652014652014651,-16.996336996336996
-6.056166056166056,-145.93406593406593,137.33821733821733,2.93040293040293,0.0,44.346764346764346,-43.95604395604396,-20.12210012210012,6.837606837606837,0.0,0.1953601953601953,-36.92307692307692,0.0,16.605616605616607,-31.843711843711844,-40.04884004884005,-35.36019536019536,0.0,-42.39316239316239,-23.247863247863247,-18.168498168498168,-6.056166056166056,0.0,-136.94749694749694,226.8131868131868,-129.52380952380952,-15.433455433455434,-18.168498168498168
-4.102564102564102,-154.52991452991452,130.6959706959707,6.056166056166056,0.0,43.95604395604396,-48.25396825396825,-26.37362637362637,9.18192918192918,0.0,-6.056166056166056,-39.65811965811966,0.0,15.824175824175825,-40.43956043956044,-43.56532356532357,-31.45299145299145,0.0,-45.12820512820513,-29.10866910866911,-23.247863247863247,-0.9768009768009768,0.0,-130.3052503052503,228.7667887667888,-136.94749694749694,-15.433455433455434,-23.247863247863247
-2.93040293040293,-158.43711843711844,125.6166056166056,3.3211233211233213,0.0,42.002442002442,-49.03540903540904,-28.32722832722833,2.5396825396825395,0.0,-11.526251526251526,-42.78388278388278,0.0,17.387057387057386,-45.51892551892552,-47.86324786324786,-38.48595848595848,0.0,-45.90964590964591,-33.7973137973138,-26.764346764346765,-7.619047619047619,0.0,-125.22588522588522,241.66056166056163,-153.74847374847374,-16.605616605616607,-26.764346764346765
-1.7582417582417582,-160.3907203907204,123.66300366300366,-0.9768009768009768,0.0,34.57875457875458,-46.3003663003663,-25.982905982905983,-1.3675213675213675,0.0,-18.168498168498168,-43.56532356532357,0.0,15.042735042735044,-43.17460317460318,-45.51892551892552,-48.25396825396825,0.0,-42.002442002442,-38.48595848595848,-23.63858363858364,-16.996336996336996,0.0,-123.27228327228327,298.7057387057387,-215.0915750915751,-17.387057387057386,-23.63858363858364
0.5860805860805861,-160.3907203907204,119.36507936507935,-0.9768009768009768,0.0,27.545787545787547,-43.56532356532357,-25.982905982905983,0.5860805860805861,0.0,-22.857142857142858,-40.43956043956044,0.0,10.744810744810744,-42.002442002442,-44.346764346764346,-47.472527472527474,0.0,-35.75091575091575,-44.346764346764346,-26.37362637362637,-15.433455433455434,0.0,-118.97435897435898,320.5860805860806,-242.44200244200243,-18.55921855921856,-26.37362637362637
5.274725274725275,-157.26495726495727,115.06715506715508,-4.102564102564102,0.0,22.075702075702075,-39.26739926739927,-24.42002442002442,1.3675213675213675,0.0,-23.63858363858364,-34.18803418803419,0.0,7.619047619047619,-34.969474969474966,-45.12820512820513,-51.77045177045177,0.0,-29.10866910866911,-47.081807081807085,-26.764346764346765,-19.73137973137973,0.0,-114.67643467643468,259.24297924297923,-189.3040293040293,-18.168498168498168,-26.764346764346765
12.698412698412698,-151.01343101343102,110.37851037851038,-11.526251526251526,0.0,20.903540903540904,-33.40659340659341,-22.075702075702075,-3.711843711843712,0.0,-22.075702075702075,-24.81074481074481,0.0,7.228327228327228,-22.857142857142858,-44.737484737484735,-62.71062271062271,0.0,-21.68498168498169,-45.51892551892552,-23.63858363858364,-31.45299145299145,0.0,-109.98778998778998,202.97924297924297,-141.24542124542126,-15.433455433455434,-23.63858363858364
17.387057387057386,-148.2783882783883,102.56410256410255,-6.837606837606837,0.0,18.94993894993895,-31.062271062271066,-24.81074481074481,2.5396825396825395,0.0,-20.512820512820515,-19.34065934065934,0.0,5.274725274725275,-18.94993894993895,-44.737484737484735,-57.63125763125763,0.0,-16.214896214896214,-46.3003663003663,-22.857142857142858,-29.10866910866911,0.0,-102.17338217338218,158.43711843711844,-104.9084249084249,-15.433455433455434,-22.857142857142858
18.168498168498168,-147.49694749694748,97.09401709401708,0.1953601953601953,0.0,18.55921855921856,-31.062271062271066,-28.32722832722833,9.572649572649572,0.0,-19.34065934065934,-14.261294261294262,0.0,2.148962148962149,-15.433455433455434,-43.95604395604396,-55.28693528693529,0.0,-13.47985347985348,-49.03540903540904,-22.857142857142858,-26.37362637362637,0.0,-96.7032967032967,122.4908424908425,-72.47863247863248,-16.214896214896214,-22.857142857142858
18.55921855921856,-144.76190476190476,96.31257631257633,0.1953601953601953,0.0,18.55921855921856,-25.2014652014652,-26.764346764346765,4.493284493284493,0.0,-14.261294261294262,-9.963369963369964,0.0,1.3675213675213675,-9.18192918192918,-35.75091575091575,-65.83638583638583,0.0,-9.18192918192918,-49.42612942612943,-17.387057387057386,-32.62515262515262,0.0,-95.92185592185592,170.54945054945054,-116.63003663003664,-19.34065934065934,-17.387057387057386
18.168498168498168,-145.15262515262515,97.48473748473748,2.93040293040293,0.0,15.824175824175825,-17.77777777777778,-26.37362637362637,2.93040293040293,0.0,-5.274725274725275,-8.4004884004884,0.0,-0.1953601953601953,-5.274725274725275,-25.982905982905983,-67.00854700854701,0.0,-5.274725274725275,-50.5982905982906,-10.354090354090356,-33.01587301587302,0.0,-97.09401709401708,204.93284493284492,-139.68253968253967,-25.592185592185597,-10.354090354090356
13.089133089133089,-145.15262515262515,97.87545787545788,15.433455433455434,0.0,11.526251526251526,-13.870573870573873,-27.155067155067155,11.916971916971915,0.0,1.3675213675213675,-5.665445665445666,0.0,-6.446886446886447,-2.93040293040293,-20.12210012210012,-57.63125763125763,0.0,-3.3211233211233213,-53.333333333333336,-6.446886446886447,-24.02930402930403,0.0,-97.48473748473748,152.18559218559218,-81.46520146520146,-26.764346764346765,-6.446886446886447
12.307692307692308,-139.29181929181928,99.43833943833944,17.387057387057386,0.0,9.18192918192918,-6.056166056166056,-24.81074481074481,13.089133089133089,0.0,11.916971916971915,-1.7582417582417582,0.0,-8.4004884004884,2.5396825396825395,-18.168498168498168,-50.989010989010985,0.0,0.1953601953601953,-51.37973137973138,-3.3211233211233213,-20.903540903540904,0.0,-99.04761904761904,126.7887667887668,-53.333333333333336,-27.545787545787547,-3.3211233211233213
10.354090354090356,-129.13308913308913,101.78266178266178,16.996336996336996,0.0,5.665445665445666,0.9768009768009768,-16.605616605616607,11.526251526251526,0.0,19.34065934065934,0.5860805860805861,0.0,-9.572649572649572,10.744810744810744,-11.916971916971915,-47.86324786324786,0.0,5.665445665445666,-45.90964590964591,0.1953601953601953,-19.73137973137973,0.0,-101.3919413919414,151.4041514041514,-77.16727716727716,-27.155067155067155,0.1953601953601953
7.228327228327228,-118.97435897435898,98.65689865689866,25.982905982905983,0.0,2.148962148962149,7.228327228327228,-13.089133089133089,18.168498168498168,0.0,24.42002442002442,4.493284493284493,0.0,-12.698412698412698,16.996336996336996,-7.619047619047619,-38.87667887667888,0.0,9.963369963369964,-44.346764346764346,-1.3675213675213675,-6.837606837606837,0.0,-98.26617826617829,130.6959706959707,-65.05494505494505,-24.81074481074481,-1.3675213675213675
6.837606837606837,-106.47130647130648,95.14041514041514,30.28083028083028,0.0,0.1953601953601953,18.168498168498168,-8.00976800976801,16.214896214896214,0.0,31.843711843711844,9.963369963369964,0.0,-10.744810744810744,23.247863247863247,-5.665445665445666,-38.87667887667888,0.0,18.168498168498168,-44.346764346764346,-8.00976800976801,1.3675213675213675,0.0,-94.74969474969475,88.88888888888889,-27.155067155067155,-25.592185592185597,-8.00976800976801
8.4004884004884,-93.57753357753356,92.014652014652,27.936507936507937,0.0,0.1953601953601953,28.71794871794872,0.9768009768009768,6.837606837606837,0.0,40.43956043956044,18.168498168498168,0.0,-5.274725274725275,33.01587301587302,0.9768009768009768,-49.42612942612943,0.0,29.10866910866911,-42.39316239316239,-8.791208791208792,1.7582417582417582,0.0,-91.62393162393164,107.64346764346764,-50.20757020757021,-23.247863247863247,-8.791208791208792
7.619047619047619,-82.63736263736264,85.76312576312576,34.57875457875458,0.0,-3.711843711843712,36.53235653235653,5.274725274725275,6.837606837606837,0.0,48.25396825396825,24.81074481074481,0.0,-3.711843711843712,40.43956043956044,4.102564102564102,-49.81684981684982,0.0,36.14163614163614,-42.002442002442,-9.963369963369964,6.837606837606837,0.0,-85.37240537240537,123.66300366300366,-67.78998778998779,-21.68498168498169,-9.963369963369964
3.711843711843712,-73.26007326007326,81.07448107448107,41.61172161172161,0.0,-7.228327228327228,42.002442002442,6.837606837606837,10.744810744810744,0.0,56.06837606837607,31.843711843711844,0.0,-4.102564102564102,45.12820512820513,-0.1953601953601953,-45.12820512820513,0.0,40.43956043956044,-44.346764346764346,-15.042735042735044,14.261294261294262,0.0,-80.68376068376068,68.57142857142857,-14.261294261294262,-18.168498168498168,-15.042735042735044
0.1953601953601953,-63.88278388278388,81.07448107448107,41.61172161172161,0.0,-9.18192918192918,47.86324786324786,11.526251526251526,9.572649572649572,0.0,63.49206349206349,35.36019536019536,0.0,0.1953601953601953,46.3003663003663,-3.3211233211233213,-43.56532356532357,0.0,47.081807081807085,-46.3003663003663,-16.996336996336996,15.042735042735044,0.0,-80.68376068376068,6.056166056166056,45.12820512820513,-13.47985347985348,-16.996336996336996
-2.148962148962149,-51.37973137973138,86.15384615384616,34.969474969474966,0.0,-8.4004884004884,54.89621489621489,15.824175824175825,4.884004884004884,0.0,68.18070818070818,34.18803418803419,0.0,5.665445665445666,47.081807081807085,-2.5396825396825395,-45.90964590964591,0.0,53.724053724053725,-46.69108669108669,-15.433455433455434,13.089133089133089,0.0,-85.76312576312576,52.16117216117216,-0.9768009768009768,-14.261294261294262,-15.433455433455434
-4.884004884004884,-40.43956043956044,89.27960927960928,31.843711843711844,0.0,-6.446886446886447,60.757020757020754,16.214896214896214,4.102564102564102,0.0,71.30647130647131,33.01587301587302,0.0,15.433455433455434,42.002442002442,-6.446886446886447,-41.22100122100122,0.0,60.366300366300365,-49.03540903540904,-18.168498168498168,16.214896214896214,0.0,-88.88888888888889,53.724053724053725,-5.665445665445666,-14.652014652014651,-18.168498168498168
-1.7582417582417582,-28.71794871794872,90.06105006105007,23.63858363858364,0.0,-1.3675213675213675,67.3992673992674,18.94993894993895,-2.148962148962149,0.0,74.82295482295483,34.969474969474966,0.0,27.545787545787547,36.92307692307692,-7.228327228327228,-44.346764346764346,0.0,65.05494505494505,-46.69108669108669,-18.168498168498168,12.307692307692308,0.0,-89.67032967032966,50.5982905982906,-8.00976800976801,-13.47985347985348,-18.168498168498168
-0.5860805860805861,-13.47985347985348,84.59096459096459,16.214896214896214,0.0,2.93040293040293,69.74358974358974,24.42002442002442,-11.526251526251526,0.0,74.43223443223444,37.31379731379732,0.0,39.65811965811966,34.18803418803419,-2.93040293040293,-51.37973137973138,0.0,68.57142857142857,-41.22100122100122,-12.698412698412698,5.274725274725275,0.0,-84.2002442002442,74.82295482295483,-38.48595848595848,-14.261294261294262,-12.698412698412698
-4.884004884004884,-0.5860805860805861,72.08791208791209,24.81074481074481,0.0,2.5396825396825395,70.91575091575092,23.63858363858364,-6.837606837606837,0.0,71.6971916971917,41.22100122100122,0.0,42.39316239316239,30.671550671550676,-2.5396825396825395,-43.56532356532357,0.0,65.83638583638583,-37.704517704517706,-10.354090354090356,9.18192918192918,0.0,-71.6971916971917,33.40659340659341,-6.056166056166056,-11.916971916971915,-10.354090354090356
-10.744810744810744,10.744810744810744,58.02197802197802,33.7973137973138,0.0,2.148962148962149,72.08791208791209,24.02930402930403,-5.665445665445666,0.0,69.74358974358974,44.737484737484735,0.0,44.346764346764346,27.155067155067155,-5.274725274725275,-36.92307692307692,0.0,66.61782661782662,-38.095238095238095,-10.354090354090356,11.526251526251526,0.0,-57.63125763125763,2.93040293040293,18.94993894993895,-8.00976800976801,-10.354090354090356
-15.824175824175825,26.37362637362637,51.77045177045177,31.843711843711844,0.0,6.056166056166056,75.995115995116,27.155067155067155,-14.261294261294262,0.0,68.18070818070818,46.69108669108669,0.0,53.724053724053725,24.81074481074481,-4.102564102564102,-40.04884004884005,0.0,74.43223443223444,-37.31379731379732,-10.354090354090356,7.619047619047619,0.0,-51.37973137973138,35.36019536019536,-11.526251526251526,-5.274725274725275,-10.354090354090356
-17.387057387057386,39.26739926739927,50.5982905982906,28.71794871794872,0.0,11.135531135531137,81.46520146520146,29.10866910866911,-20.512820512820515,0.0,69.35286935286935,44.737484737484735,0.0,61.14774114774115,22.857142857142858,-4.493284493284493,-40.43956043956044,0.0,83.41880341880342,-40.83028083028083,-12.698412698412698,8.791208791208792,0.0,-50.20757020757021,41.61172161172161,-15.042735042735044,-5.665445665445666,-12.698412698412698
-18.55921855921856,45.51892551892552,49.81684981684982,26.764346764346765,0.0,13.47985347985348,84.98168498168498,26.764346764346765,-20.903540903540904,0.0,70.91575091575092,41.22100122100122,0.0,66.61782661782662,16.605616605616607,-9.18192918192918,-35.75091575091575,0.0,88.1074481074481,-47.081807081807085,-18.94993894993895,16.996336996336996,0.0,-49.42612942612943,-4.884004884004884,30.671550671550676,-7.619047619047619,-18.94993894993895
-12.698412698412698,50.5982905982906,50.20757020757021,15.042735042735044,0.0,18.55921855921856,85.76312576312576,27.155067155067155,-28.71794871794872,0.0,71.30647130647131,38.095238095238095,0.0,73.65079365079364,10.744810744810744,-7.619047619047619,-42.39316239316239,0.0,89.67032967032966,-50.20757020757021,-19.34065934065934,14.261294261294262,0.0,-49.81684981684982,13.47985347985348,9.572649572649572,-13.47985347985348,-19.34065934065934
-10.744810744810744,54.114774114774114,47.86324786324786,6.056166056166056,0.0,18.168498168498168,82.24664224664225,29.499389499389498,-32.234432234432234,0.0,68.57142857142857,34.18803418803419,0.0,77.16727716727716,4.493284493284493,-3.3211233211233213,-48.25396825396825,0.0,86.54456654456655,-53.333333333333336,-14.652014652014651,11.135531135531137,0.0,-47.472527472527474,59.975579975579976,-41.61172161172161,-20.12210012210012,-14.652014652014651
-11.526251526251526,54.89621489621489,40.04884004884005,8.00976800976801,0.0,13.089133089133089,74.04151404151405,30.28083028083028,-25.592185592185597,0.0,63.10134310134311,31.843711843711844,0.0,75.995115995116,0.1953601953601953,-2.5396825396825395,-47.081807081807085,0.0,81.85592185592185,-52.94261294261294,-12.698412698412698,10.354090354090356,0.0,-39.65811965811966,38.48595848595848,-25.982905982905983,-21.68498168498169,-12.698412698412698
-9.963369963369964,56.06837606837607,31.45299145299145,7.228327228327228,0.0,8.00976800976801,68.96214896214896,29.89010989010989,-21.294261294261293,0.0,57.63125763125763,31.062271062271066,0.0,78.33943833943835,-2.93040293040293,-3.3211233211233213,-47.081807081807085,0.0,80.29304029304029,-49.03540903540904,-11.135531135531137,4.102564102564102,0.0,-31.062271062271066,0.9768009768009768,6.446886446886447,-16.996336996336996,-11.135531135531137
-9.963369963369964,61.14774114774115,25.982905982905983,4.884004884004884,0.0,4.102564102564102,66.61782661782662,30.671550671550676,-20.12210012210012,0.0,54.5054945054945,28.71794871794872,0.0,83.80952380952381,-2.5396825396825395,-4.493284493284493,-49.03540903540904,0.0,83.41880341880342,-42.002442002442,-9.18192918192918,-4.884004884004884,0.0,-25.592185592185597,31.062271062271066,-22.466422466422465,-9.963369963369964,-9.18192918192918
-11.135531135531137,61.14774114774115,24.02930402930403,4.884004884004884,0.0,1.7582417582417582,65.05494505494505,27.936507936507937,-15.433455433455434,0.0,54.114774114774114,24.81074481074481,0.0,86.15384615384616,-0.1953601953601953,-7.228327228327228,-46.3003663003663,0.0,84.59096459096459,-34.57875457875458,-8.4004884004884,-8.791208791208792,0.0,-23.63858363858364,68.96214896214896,-59.975579975579976,-1.3675213675213675,-8.4004884004884
-18.168498168498168,54.114774114774114,22.075702075702075,8.4004884004884,0.0,-3.711843711843712,59.58485958485959,22.075702075702075,-9.963369963369964,0.0,52.94261294261294,16.996336996336996,0.0,83.80952380952381,-3.711843711843712,-11.526251526251526,-40.43956043956044,0.0,77.55799755799755,-33.01587301587302,-6.056166056166056,-10.354090354090356,0.0,-21.68498168498169,48.64468864468864,-35.75091575091575,4.884004884004884,-6.056166056166056
-24.02930402930403,49.03540903540904,22.857142857142858,3.3211233211233213,0.0,-6.446886446886447,52.94261294261294,20.12210012210012,-13.870573870573873,0.0,49.42612942612943,11.135531135531137,0.0,82.63736263736264,-6.446886446886447,-13.089133089133089,-42.39316239316239,0.0,74.43223443223444,-33.40659340659341,-4.493284493284493,-16.214896214896214,0.0,-22.466422466422465,52.94261294261294,-33.40659340659341,5.274725274725275,-4.493284493284493
-31.062271062271066,40.04884004884005,23.63858363858364,1.3675213675213675,0.0,-10.744810744810744,39.65811965811966,20.903540903540904,-15.042735042735044,0.0,42.39316239316239,5.274725274725275,0.0,77.94871794871794,-11.526251526251526,-11.135531135531137,-42.002442002442,0.0,70.13431013431014,-36.92307692307692,-0.9768009768009768,-19.34065934065934,0.0,-23.247863247863247,54.114774114774114,-26.37362637362637,2.148962148962149,-0.9768009768009768
-34.969474969474966,27.936507936507937,18.55921855921856,5.665445665445666,0.0,-13.47985347985348,22.857142857142858,20.12210012210012,-9.572649572649572,0.0,29.499389499389498,2.5396825396825395,0.0,74.04151404151405,-20.903540903540904,-11.916971916971915,-35.75091575091575,0.0,65.44566544566544,-41.61172161172161,-0.9768009768009768,-17.77777777777778,0.0,-18.168498168498168,45.90964590964591,-11.916971916971915,-0.1953601953601953,-0.9768009768009768
-33.7973137973138,21.294261294261293,18.168498168498168,-1.3675213675213675,0.0,-13.089133089133089,12.698412698412698,19.34065934065934,-13.870573870573873,0.0,20.12210012210012,3.711843711843712,0.0,76.77655677655677,-29.10866910866911,-11.916971916971915,-36.53235653235653,0.0,66.61782661782662,-43.56532356532357,-1.7582417582417582,-22.075702075702075,0.0,-17.77777777777778,41.61172161172161,-3.3211233211233213,-0.5860805860805861,-1.7582417582417582
-27.936507936507937,16.605616605616607,21.294261294261293,-6.837606837606837,0.0,-6.446886446886447,6.056166056166056,19.73137973137973,-16.605616605616607,0.0,13.47985347985348,3.3211233211233213,0.0,81.07448107448107,-34.969474969474966,-9.18192918192918,-36.53235653235653,0.0,67.3992673992674,-40.43956043956044,-0.1953601953601953,-26.37362637362637,0.0,-20.903540903540904,58.02197802197802,-16.214896214896214,0.5860805860805861,-0.1953601953601953
-26.37362637362637,11.135531135531137,20.903540903540904,-1.3675213675213675,0.0,-4.884004884004884,0.1953601953601953,16.214896214896214,-6.056166056166056,0.0,6.446886446886447,0.5860805860805861,0.0,78.73015873015873,-43.56532356532357,-9.572649572649572,-25.982905982905983,0.0,61.14774114774115,-38.48595848595848,-2.148962148962149,-20.512820512820515,0.0,-20.512820512820515,36.14163614163614,3.711843711843712,4.884004884004884,-2.148962148962149
-23.247863247863247,7.619047619047619,22.466422466422465,0.1953601953601953,0.0,-0.5860805860805861,-2.5396825396825395,13.870573870573873,-1.7582417582417582,0.0,2.5396825396825395,-3.711843711843712,0.0,74.43223443223444,-47.081807081807085,-10.744810744810744,-19.73137973137973,0.0,54.114774114774114,-33.7973137973138,-4.884004884004884,-18.55921855921856,0.0,-22.075702075702075,32.234432234432234,5.274725274725275,9.572649572649572,-4.884004884004884
-19.34065934065934,8.791208791208792,25.982905982905983,-2.148962148962149,0.0,5.665445665445666,-4.493284493284493,17.77777777777778,-4.493284493284493,0.0,-0.5860805860805861,-5.665445665445666,0.0,72.08791208791209,-47.86324786324786,-7.619047619047619,-22.075702075702075,0.0,51.77045177045177,-29.499389499389498,-3.711843711843712,-22.857142857142858,0.0,-25.592185592185597,75.21367521367522,-38.095238095238095,11.135531135531137,-3.711843711843712
-20.12210012210012,5.665445665445666,28.32722832722833,-0.5860805860805861,0.0,5.274725274725275,-9.572649572649572,18.55921855921856,-0.1953601953601953,0.0,-10.354090354090356,-8.00976800976801,0.0,61.53846153846154,-49.42612942612943,-4.884004884004884,-16.605616605616607,0.0,43.56532356532357,-28.32722832722833,-1.3675213675213675,-22.857142857142858,0.0,-27.936507936507937,80.68376068376068,-42.002442002442,8.4004884004884,-1.3675213675213675
-18.94993894993895,0.5860805860805861,25.982905982905983,0.9768009768009768,0.0,6.056166056166056,-16.214896214896214,15.433455433455434,2.93040293040293,0.0,-21.68498168498169,-8.4004884004884,0.0,49.81684981684982,-52.94261294261294,-5.665445665445666,-8.4004884004884,0.0,35.36019536019536,-31.843711843711844,0.5860805860805861,-21.68498168498169,0.0,-25.592185592185597,33.01587301587302,4.102564102564102,4.884004884004884,0.5860805860805861
-16.605616605616607,-2.93040293040293,28.32722832722833,-3.711843711843712,0.0,8.4004884004884,-18.94993894993895,11.916971916971915,1.7582417582417582,0.0,-27.155067155067155,-8.4004884004884,0.0,44.737484737484735,-56.45909645909646,-6.446886446886447,-5.274725274725275,0.0,29.499389499389498,-31.062271062271066,3.3211233211233213,-24.81074481074481,0.0,-27.936507936507937,24.02930402930403,15.433455433455434,2.148962148962149,3.3211233211233213
-12.698412698412698,-4.884004884004884,27.936507936507937,-4.102564102564102,0.0,12.307692307692308,-20.12210012210012,7.228327228327228,4.493284493284493,0.0,-29.10866910866911,-10.744810744810744,0.0,35.75091575091575,-58.41269841269841,-3.3211233211233213,-0.1953601953601953,0.0,22.466422466422465,-28.71794871794872,6.056166056166056,-26.37362637362637,0.0,-27.545787545787547,69.74358974358974,-28.71794871794872,0.5860805860805861,6.056166056166056
-8.791208791208792,-7.228327228327228,22.857142857142858,2.148962148962149,0.0,11.526251526251526,-19.73137973137973,1.3675213675213675,14.261294261294262,0.0,-24.42002442002442,-16.214896214896214,0.0,23.247863247863247,-56.84981684981685,-6.056166056166056,8.791208791208792,0.0,14.652014652014651,-25.592185592185597,2.148962148962149,-21.294261294261293,0.0,-22.466422466422465,51.77045177045177,-13.870573870573873,2.148962148962149,2.148962148962149
-5.665445665445666,-8.00976800976801,20.512820512820515,2.93040293040293,0.0,11.135531135531137,-16.605616605616607,-1.3675213675213675,16.996336996336996,0.0,-13.089133089133089,-21.68498168498169,0.0,13.870573870573873,-50.20757020757021,-4.884004884004884,9.572649572649572,0.0,8.791208791208792,-18.55921855921856,0.5860805860805861,-21.68498168498169,0.0,-20.12210012210012,24.81074481074481,9.572649572649572,7.228327228327228,0.5860805860805861
-0.1953601953601953,-3.711843711843712,19.34065934065934,-1.3675213675213675,0.0,13.089133089133089,-13.870573870573873,-1.3675213675213675,16.605616605616607,0.0,-5.274725274725275,-23.63858363858364,0.0,4.102564102564102,-43.17460317460318,-0.9768009768009768,8.791208791208792,0.0,8.4004884004884,-15.824175824175825,0.5860805860805861,-23.63858363858364,0.0,-18.94993894993895,70.13431013431014,-37.31379731379732,6.837606837606837,0.5860805860805861
1.7582417582417582,0.1953601953601953,18.168498168498168,-6.446886446886447,0.0,9.572649572649572,-13.870573870573873,-2.148962148962149,21.294261294261293,0.0,-2.93040293040293,-24.42002442002442,0.0,-5.665445665445666,-38.095238095238095,0.1953601953601953,13.089133089133089,0.0,7.228327228327228,-17.387057387057386,2.5396825396825395,-23.247863247863247,0.0,-17.77777777777778,99.43833943833944,-71.6971916971917,3.711843711843712,2.5396825396825395
2.148962148962149,0.1953601953601953,18.168498168498168,-7.619047619047619,0.0,4.884004884004884,-16.214896214896214,-2.93040293040293,28.71794871794872,0.0,-4.102564102564102,-23.63858363858364,0.0,-15.042735042735044,-38.48595848595848,-1.7582417582417582,22.075702075702075,0.0,1.7582417582417582,-20.903540903540904,3.3211233211233213,-17.77777777777778,0.0,-17.77777777777778,54.5054945054945,-31.843711843711844,3.3211233211233213,3.3211233211233213
8.4004884004884,3.3211233211233213,19.73137973137973,-16.605616605616607,0.0,6.837606837606837,-16.996336996336996,-3.3211233211233213,29.89010989010989,0.0,-6.837606837606837,-18.168498168498168,0.0,-16.605616605616607,-38.87667887667888,-2.93040293040293,25.2014652014652,0.0,2.5396825396825395,-22.857142857142858,4.493284493284493,-18.168498168498168,0.0,-19.34065934065934,38.87667887667888,-17.387057387057386,-0.9768009768009768,4.493284493284493
11.526251526251526,2.93040293040293,18.55921855921856,-17.387057387057386,0.0,2.5396825396825395,-16.214896214896214,-3.3211233211233213,33.7973137973138,0.0,-5.665445665445666,-16.996336996336996,0.0,-22.466422466422465,-36.14163614163614,-4.102564102564102,29.89010989010989,0.0,0.9768009768009768,-24.42002442002442,4.884004884004884,-14.652014652014651,0.0,-18.168498168498168,30.671550671550676,-11.916971916971915,-2.93040293040293,4.884004884004884
12.698412698412698,-1.7582417582417582,17.77777777777778,-13.47985347985348,0.0,-4.493284493284493,-13.47985347985348,-3.711843711843712,37.704517704517706,0.0,-1.3675213675213675,-18.94993894993895,0.0,-32.234432234432234,-34.969474969474966,-5.665445665445666,32.62515262515262,0.0,-6.446886446886447,-26.764346764346765,0.1953601953601953,-6.837606837606837,0.0,-17.387057387057386,5.274725274725275,14.261294261294262,-5.665445665445666,0.1953601953601953
17.77777777777778,-3.3211233211233213,20.12210012210012,-18.55921855921856,0.0,-5.665445665445666,-4.493284493284493,-3.711843711843712,31.45299145299145,0.0,4.493284493284493,-17.77777777777778,0.0,-35.75091575091575,-31.062271062271066,-6.837606837606837,26.37362637362637,0.0,-9.572649572649572,-27.155067155067155,-3.3211233211233213,-6.837606837606837,0.0,-19.73137973137973,10.744810744810744,11.135531135531137,-9.18192918192918,-3.3211233211233213
20.903540903540904,-3.3211233211233213,24.42002442002442,-24.81074481074481,0.0,-8.4004884004884,2.93040293040293,-0.5860805860805861,22.857142857142858,0.0,9.572649572649572,-17.387057387057386,0.0,-40.43956043956044,-29.89010989010989,-4.102564102564102,19.73137973137973,0.0,-11.526251526251526,-28.32722832722833,-3.711843711843712,-9.18192918192918,0.0,-24.02930402930403,9.963369963369964,11.526251526251526,-9.572649572649572,-3.711843711843712
24.02930402930403,-8.00976800976801,27.155067155067155,-21.294261294261293,0.0,-11.526251526251526,5.274725274725275,0.5860805860805861,26.764346764346765,0.0,10.354090354090356,-18.168498168498168,0.0,-46.3003663003663,-34.18803418803419,-5.274725274725275,25.982905982905983,0.0,-15.824175824175825,-33.40659340659341,-6.056166056166056,-3.3211233211233213,0.0,-26.764346764346765,-45.12820512820513,63.88278388278388,-9.18192918192918,-6.056166056166056
26.37362637362637,-6.056166056166056,31.062271062271066,-22.075702075702075,0.0,-11.526251526251526,7.619047619047619,3.711843711843712,28.71794871794872,0.0,10.354090354090356,-12.698412698412698,0.0,-46.69108669108669,-36.53235653235653,-6.446886446886447,32.234432234432234,0.0,-18.55921855921856,-33.7973137973138,-2.148962148962149,-2.148962148962149,0.0,-30.671550671550676,-70.91575091575092,88.1074481074481,-9.572649572649572,-2.148962148962149
27.936507936507937,-0.1953601953601953,36.14163614163614,-30.28083028083028,0.0,-13.089133089133089,11.135531135531137,11.526251526251526,23.247863247863247,0.0,11.135531135531137,-6.056166056166056,0.0,-44.346764346764346,-33.01587301587302,-1.3675213675213675,27.936507936507937,0.0,-16.214896214896214,-29.499389499389498,6.056166056166056,-9.963369963369964,0.0,-35.75091575091575,-31.062271062271066,46.3003663003663,-8.4004884004884,6.056166056166056
25.2014652014652,-0.5860805860805861,40.43956043956044,-26.764346764346765,0.0,-18.94993894993895,13.870573870573873,15.824175824175825,27.545787545787547,0.0,16.214896214896214,-4.493284493284493,0.0,-49.81684981684982,-29.10866910866911,3.3211233211233213,29.499389499389498,0.0,-18.168498168498168,-29.10866910866911,12.307692307692308,-9.963369963369964,0.0,-40.04884004884005,-20.512820512820515,38.095238095238095,-9.963369963369964,12.307692307692308
25.982905982905983,-3.3211233211233213,40.43956043956044,-20.12210012210012,0.0,-24.81074481074481,21.68498168498169,16.214896214896214,29.499389499389498,0.0,24.42002442002442,-0.9768009768009768,0.0,-53.724053724053725,-21.68498168498169,2.5396825396825395,32.62515262515262,0.0,-16.605616605616607,-31.062271062271066,11.916971916971915,-3.3211233211233213,0.0,-40.04884004884005,-54.114774114774114,75.995115995116,-11.135531135531137,11.916971916971915
33.01587301587302,-6.446886446886447,44.346764346764346,-20.512820512820515,0.0,-24.02930402930403,30.28083028083028,20.512820512820515,23.247863247863247,0.0,33.40659340659341,3.711843711843712,0.0,-52.16117216117216,-11.916971916971915,8.4004884004884,24.81074481074481,0.0,-7.619047619047619,-31.843711843711844,12.307692307692308,-3.3211233211233213,0.0,-43.95604395604396,-23.63858363858364,52.55189255189255,-13.870573870573873,12.307692307692308
40.04884004884005,-11.526251526251526,48.64468864468864,-17.77777777777778,0.0,-21.294261294261293,35.75091575091575,23.247863247863247,20.903540903540904,0.0,41.61172161172161,5.665445665445666,0.0,-54.114774114774114,-5.274725274725275,11.526251526251526,22.466422466422465,0.0,0.1953601953601953,-37.31379731379732,9.963369963369964,1.3675213675213675,0.0,-48.25396825396825,29.10866910866911,6.446886446886447,-16.605616605616607,9.963369963369964
38.87667887667888,-13.089133089133089,47.081807081807085,-13.47985347985348,0.0,-23.63858363858364,36.92307692307692,23.247863247863247,22.075702075702075,0.0,45.12820512820513,8.4004884004884,0.0,-55.28693528693529,-4.493284493284493,10.744810744810744,25.592185592185597,0.0,0.1953601953601953,-42.78388278388278,8.4004884004884,11.135531135531137,0.0,-46.69108669108669,-5.665445665445666,41.22100122100122,-20.903540903540904,8.4004884004884
40.83028083028083,-11.526251526251526,49.42612942612943,-19.73137973137973,0.0,-23.247863247863247,37.704517704517706,25.2014652014652,18.168498168498168,0.0,48.25396825396825,11.916971916971915,0.0,-53.724053724053725,-1.3675213675213675,13.870573870573873,21.294261294261293,0.0,-0.1953601953601953,-43.56532356532357,12.698412698412698,10.744810744810744,0.0,-49.03540903540904,-30.28083028083028,61.14774114774115,-21.294261294261293,12.698412698412698
37.31379731379732,-7.228327228327228,54.114774114774114,-30.28083028083028,0.0,-26.764346764346765,40.43956043956044,27.936507936507937,11.526251526251526,0.0,52.16117216117216,11.916971916971915,0.0,-52.55189255189255,2.93040293040293,20.12210012210012,11.526251526251526,0.0,-0.5860805860805861,-40.83028083028083,23.63858363858364,0.9768009768009768,0.0,-53.724053724053725,-2.93040293040293,30.28083028083028,-21.294261294261293,23.63858363858364
32.62515262515262,-4.884004884004884,50.20757020757021,-27.545787545787547,0.0,-33.40659340659341,43.95604395604396,27.545787545787547,12.307692307692308,0.0,55.67765567765568,10.744810744810744,0.0,-53.724053724053725,7.228327228327228,24.42002442002442,10.354090354090356,0.0,-2.5396825396825395,-38.87667887667888,31.45299145299145,0.1953601953601953,0.0,-49.81684981684982,8.791208791208792,14.652014652014651,-24.02930402930403,31.45299145299145
34.969474969474966,-7.619047619047619,47.081807081807085,-26.764346764346765,0.0,-34.57875457875458,47.472527472527474,27.545787545787547,5.274725274725275,0.0,61.53846153846154,15.433455433455434,0.0,-54.114774114774114,13.089133089133089,27.936507936507937,7.228327228327228,0.0,-1.7582417582417582,-36.92307692307692,33.7973137973138,0.5860805860805861,0.0,-46.69108669108669,-13.47985347985348,36.53235653235653,-21.68498168498169,33.7973137973138
36.92307692307692,-6.837606837606837,43.56532356532357,-28.32722832722833,0.0,-31.843711843711844,52.94261294261294,32.234432234432234,-8.4004884004884,0.0,67.78998778998779,20.903540903540904,0.0,-50.5982905982906,22.075702075702075,33.7973137973138,0.1953601953601953,0.0,3.711843711843712,-32.62515262515262,36.53235653235653,-1.7582417582417582,0.0,-43.17460317460318,-6.837606837606837,32.234432234432234,-22.857142857142858,36.53235653235653
35.75091575091575,-9.18192918192918,36.53235653235653,-22.466422466422465,0.0,-33.40659340659341,54.114774114774114,34.18803418803419,-15.433455433455434,0.0,72.47863247863248,24.42002442002442,0.0,-51.77045177045177,27.155067155067155,33.7973137973138,2.5396825396825395,0.0,4.102564102564102,-31.062271062271066,33.01587301587302,6.446886446886447,0.0,-36.14163614163614,-8.791208791208792,34.969474969474966,-24.02930402930403,33.01587301587302
31.843711843711844,-13.47985347985348,33.40659340659341,-16.996336996336996,0.0,-35.36019536019536,52.94261294261294,37.31379731379732,-20.903540903540904,0.0,76.38583638583638,27.155067155067155,0.0,-50.989010989010985,29.499389499389498,32.234432234432234,4.102564102564102,0.0,0.5860805860805861,-28.71794871794872,29.10866910866911,15.042735042735044,0.0,-33.01587301587302,-24.02930402930403,46.69108669108669,-19.34065934065934,29.10866910866911
25.982905982905983,-12.698412698412698,36.14163614163614,-19.34065934065934,0.0,-34.18803418803419,51.77045177045177,42.002442002442,-29.499389499389498,0.0,78.73015873015873,30.28083028083028,0.0,-42.39316239316239,33.40659340659341,33.7973137973138,-3.711843711843712,0.0,0.1953601953601953,-22.075702075702075,29.89010989010989,12.307692307692308,0.0,-35.75091575091575,26.764346764346765,-5.274725274725275,-11.916971916971915,29.89010989010989
18.55921855921856,-10.744810744810744,43.56532356532357,-18.55921855921856,0.0,-31.843711843711844,47.86324786324786,46.3003663003663,-30.28083028083028,0.0,78.33943833943835,30.28083028083028,0.0,-32.62515262515262,36.14163614163614,35.36019536019536,-9.18192918192918,0.0,1.7582417582417582,-14.261294261294262,31.062271062271066,11.135531135531137,0.0,-43.17460317460318,46.69108669108669,-21.68498168498169,-4.884004884004884,31.062271062271066
8.791208791208792,-11.135531135531137,47.472527472527474,-9.18192918192918,0.0,-29.10866910866911,40.04884004884005,43.17460317460318,-18.55921855921856,0.0,73.65079365079364,29.499389499389498,0.0,-27.936507936507937,34.969474969474966,31.843711843711844,-2.5396825396825395,0.0,-0.9768009768009768,-8.4004884004884,25.982905982905983,20.12210012210012,0.0,-47.081807081807085,0.9768009768009768,27.545787545787547,1.3675213675213675,25.982905982905983
-0.9768009768009768,-9.963369963369964,50.989010989010985,-4.884004884004884,0.0,-22.075702075702075,31.45299145299145,39.65811965811966,-14.261294261294262,0.0,70.52503052503053,29.10866910866911,0.0,-21.68498168498169,35.75091575091575,29.499389499389498,-1.3675213675213675,0.0,-1.7582417582417582,-0.5860805860805861,20.12210012210012,24.81074481074481,0.0,-50.5982905982906,3.3211233211233213,33.01587301587302,8.4004884004884,20.12210012210012
-9.572649572649572,-6.837606837606837,57.24053724053724,-6.446886446886447,0.0,-15.042735042735044,24.02930402930403,39.65811965811966,-15.042735042735044,0.0,67.3992673992674,26.37362637362637,0.0,-16.996336996336996,38.48595848595848,28.71794871794872,-2.5396825396825395,0.0,-1.7582417582417582,7.228327228327228,15.433455433455434,25.2014652014652,0.0,-56.84981684981685,50.989010989010985,-5.274725274725275,12.307692307692308,15.433455433455434
-20.512820512820515,-3.3211233211233213,59.1941391941392,0.1953601953601953,0.0,-14.261294261294262,22.857142857142858,34.969474969474966,-9.18192918192918,0.0,67.00854700854701,21.68498168498169,0.0,-16.214896214896214,38.48595848595848,25.592185592185597,4.102564102564102,0.0,-2.93040293040293,11.135531135531137,13.089133089133089,30.28083028083028,0.0,-58.8034188034188,30.28083028083028,21.294261294261293,14.261294261294262,13.089133089133089
-26.37362637362637,2.148962148962149,61.14774114774115,2.148962148962149,0.0,-10.744810744810744,26.764346764346765,31.843711843711844,-8.4004884004884,0.0,67.78998778998779,20.512820512820515,0.0,-12.698412698412698,38.48595848595848,25.2014652014652,10.744810744810744,0.0,0.5860805860805861,13.089133089133089,12.307692307692308,35.36019536019536,0.0,-60.757020757020754,-14.652014652014651,68.57142857142857,17.387057387057386,12.307692307692308
-28.71794871794872,9.18192918192918,66.22710622710623,0.5860805860805861,0.0,-9.963369963369964,35.36019536019536,32.234432234432234,-9.572649572649572,0.0,70.52503052503053,22.075702075702075,0.0,-5.274725274725275,42.39316239316239,28.71794871794872,9.963369963369964,0.0,6.837606837606837,18.55921855921856,15.433455433455434,34.18803418803419,0.0,-65.83638583638583,-6.446886446886447,62.31990231990232,18.168498168498168,15.433455433455434
-28.71794871794872,17.77777777777778,66.61782661782662,6.837606837606837,0.0,-5.665445665445666,44.346764346764346,27.155067155067155,-2.5396825396825395,0.0,73.26007326007326,22.466422466422465,0.0,2.148962148962149,47.86324786324786,29.499389499389498,14.652014652014651,0.0,15.433455433455434,24.02930402930403,17.387057387057386,36.92307692307692,0.0,-66.22710622710623,22.075702075702075,33.40659340659341,20.12210012210012,17.387057387057386
-31.45299145299145,18.168498168498168,64.66422466422466,18.55921855921856,0.0,-5.274725274725275,49.81684981684982,18.55921855921856,7.228327228327228,0.0,73.65079365079364,19.73137973137973,0.0,9.572649572649572,47.86324786324786,24.02930402930403,26.764346764346765,0.0,17.77777777777778,28.71794871794872,13.870573870573873,47.86324786324786,0.0,-64.27350427350427,4.493284493284493,47.472527472527474,23.247863247863247,13.870573870573873
-34.969474969474966,18.55921855921856,61.14774114774115,22.466422466422465,0.0,-6.837606837606837,54.114774114774114,12.307692307692308,8.00976800976801,0.0,72.86935286935287,14.652014652014651,0.0,16.214896214896214,49.42612942612943,18.94993894993895,29.499389499389498,0.0,18.168498168498168,34.18803418803419,8.4004884004884,52.94261294261294,0.0,-60.757020757020754,-17.77777777777778,65.05494505494505,27.936507936507937,8.4004884004884
-36.14163614163614,21.294261294261293,59.1941391941392,22.857142857142858,0.0,-0.5860805860805861,53.724053724053725,9.572649572649572,4.493284493284493,0.0,71.30647130647131,8.4004884004884,0.0,23.247863247863247,51.37973137973138,15.042735042735044,29.89010989010989,0.0,22.075702075702075,36.53235653235653,9.18192918192918,51.77045177045177,0.0,-58.8034188034188,59.975579975579976,-15.042735042735044,29.499389499389498,9.18192918192918
-41.61172161172161,22.075702075702075,55.28693528693529,29.499389499389498,0.0,2.93040293040293,49.03540903540904,4.884004884004884,7.228327228327228,0.0,67.3992673992674,0.1953601953601953,0.0,24.02930402930403,47.081807081807085,11.526251526251526,37.31379731379732,0.0,22.075702075702075,30.671550671550676,10.744810744810744,57.24053724053724,0.0,-54.89621489621489,88.88888888888889,-45.51892551892552,27.155067155067155,10.744810744810744
-43.17460317460318,25.592185592185597,54.5054945054945,25.592185592185597,0.0,8.791208791208792,46.69108669108669,2.5396825396825395,3.711843711843712,0.0,64.66422466422466,-1.7582417582417582,0.0,28.32722832722833,44.346764346764346,9.18192918192918,37.704517704517706,0.0,25.2014652014652,26.37362637362637,10.744810744810744,56.45909645909646,0.0,-54.114774114774114,67.00854700854701,-23.63858363858364,25.592185592185597,10.744810744810744
-42.78388278388278,33.40659340659341,56.84981684981685,21.68498168498169,0.0,14.261294261294262,50.989010989010985,4.102564102564102,0.5860805860805861,0.0,65.44566544566544,-2.5396825396825395,0.0,34.18803418803419,47.472527472527474,9.572649572649572,32.234432234432234,0.0,32.234432234432234,29.10866910866911,12.307692307692308,50.20757020757021,0.0,-56.45909645909646,55.67765567765568,-11.526251526251526,27.936507936507937,12.307692307692308
-47.081807081807085,37.704517704517706,56.84981684981685,30.28083028083028,0.0,12.307692307692308,56.06837606837607,0.1953601953601953,8.4004884004884,0.0,63.10134310134311,-3.711843711843712,0.0,39.26739926739927,46.3003663003663,5.274725274725275,39.26739926739927,0.0,35.75091575091575,30.671550671550676,6.837606837606837,56.84981684981685,0.0,-56.45909645909646,14.652014652014651,32.234432234432234,29.10866910866911,6.837606837606837
-53.333333333333336,40.43956043956044,58.8034188034188,35.36019536019536,0.0,8.791208791208792,62.31990231990232,-0.5860805860805861,10.744810744810744,0.0,59.58485958485959,-4.493284493284493,0.0,45.90964590964591,43.95604395604396,0.1953601953601953,40.83028083028083,0.0,35.75091575091575,33.01587301587302,0.1953601953601953,62.31990231990232,0.0,-58.41269841269841,-23.63858363858364,70.52503052503053,33.01587301587302,0.1953601953601953
-55.28693528693529,46.69108669108669,61.14774114774115,32.62515262515262,0.0,9.18192918192918,70.52503052503053,4.493284493284493,0.9768009768009768,0.0,57.63125763125763,-2.5396825396825395,0.0,56.06837606837607,44.737484737484735,0.1953601953601953,30.28083028083028,0.0,37.704517704517706,36.14163614163614,-0.5860805860805861,59.58485958485959,0.0,-60.757020757020754,16.605616605616607,29.10866910866911,37.31379731379732,-0.5860805860805861
-58.41269841269841,47.86324786324786,64.66422466422466,36.92307692307692,0.0,10.354090354090356,69.74358974358974,9.18192918192918,0.9768009768009768,0.0,51.37973137973138,-2.93040293040293,0.0,64.27350427350427,42.39316239316239,2.148962148962149,27.155067155067155,0.0,39.65811965811966,33.40659340659341,2.148962148962149,61.92918192918193,0.0,-64.27350427350427,45.51892551892552,2.93040293040293,35.36019536019536,2.148962148962149
-63.10134310134311,46.69108669108669,66.61782661782662,43.95604395604396,0.0,9.18192918192918,63.88278388278388,11.916971916971915,8.4004884004884,0.0,42.78388278388278,-2.93040293040293,0.0,65.83638583638583,34.57875457875458,2.93040293040293,31.843711843711844,0.0,36.53235653235653,26.37362637362637,3.711843711843712,69.35286935286935,0.0,-66.22710622710623,-0.1953601953601953,49.81684981684982,33.40659340659341,3.711843711843712
-62.71062271062271,48.25396825396825,71.6971916971917,42.78388278388278,0.0,11.135531135531137,63.10134310134311,15.042735042735044,9.572649572649572,0.0,38.095238095238095,-1.7582417582417582,0.0,68.96214896214896,32.62515262515262,6.446886446886447,32.62515262515262,0.0,39.26739926739927,24.81074481074481,8.791208791208792,68.18070818070818,0.0,-71.30647130647131,-0.5860805860805861,50.989010989010985,35.36019536019536,8.791208791208792
-63.49206349206349,53.333333333333336,78.73015873015873,41.61172161172161,0.0,15.042735042735044,63.49206349206349,17.77777777777778,12.698412698412698,0.0,34.18803418803419,-0.1953601953601953,0.0,70.52503052503053,34.57875457875458,10.744810744810744,37.31379731379732,0.0,42.78388278388278,30.671550671550676,13.089133089133089,66.61782661782662,0.0,-78.33943833943835,43.17460317460318,11.916971916971915,38.095238095238095,13.089133089133089
-64.27350427350427,55.28693528693529,77.94871794871794,47.86324786324786,0.0,15.433455433455434,66.22710622710623,12.307692307692308,21.294261294261293,0.0,29.89010989010989,0.9768009768009768,0.0,67.00854700854701,33.01587301587302,12.307692307692308,48.25396825396825,0.0,41.22100122100122,34.18803418803419,14.652014652014651,70.13431013431014,0.0,-77.55799755799755,27.155067155067155,25.982905982905983,42.39316239316239,14.652014652014651
-64.27350427350427,58.41269841269841,77.55799755799755,49.03540903540904,0.0,19.34065934065934,70.91575091575092,10.744810744810744,18.168498168498168,0.0,29.499389499389498,0.5860805860805861,0.0,67.3992673992674,36.14163614163614,12.698412698412698,50.5982905982906,0.0,40.04884004884005,40.04884004884005,22.075702075702075,65.05494505494505,0.0,-77.16727716727716,-5.274725274725275,53.333333333333336,50.20757020757021,22.075702075702075
-59.1941391941392,60.757020757020754,76.77655677655677,46.69108669108669,0.0,27.545787545787547,75.21367521367522,10.744810744810744,9.572649572649572,0.0,32.234432234432234,0.1953601953601953,0.0,70.91575091575092,41.61172161172161,15.824175824175825,46.3003663003663,0.0,41.22100122100122,47.472527472527474,27.936507936507937,57.63125763125763,0.0,-76.38583638583638,34.57875457875458,11.526251526251526,52.16117216117216,27.936507936507937
-56.84981684981685,56.84981684981685,71.6971916971917,53.333333333333336,0.0,29.89010989010989,75.6043956043956,9.572649572649572,8.791208791208792,0.0,31.45299145299145,-3.3211233211233213,0.0,69.35286935286935,43.17460317460318,15.824175824175825,47.081807081807085,0.0,40.43956043956044,48.64468864468864,27.936507936507937,58.8034188034188,0.0,-71.30647130647131,69.35286935286935,-22.466422466422465,51.37973137973138,27.936507936507937
-61.14774114774115,53.724053724053725,65.44566544566544,63.10134310134311,0.0,24.02930402930403,75.6043956043956,9.18192918192918,11.916971916971915,0.0,27.936507936507937,-6.837606837606837,0.0,62.71062271062271,42.39316239316239,14.652014652014651,50.989010989010985,0.0,34.57875457875458,45.51892551892552,27.545787545787547,63.49206349206349,0.0,-65.05494505494505,47.472527472527474,-5.274725274725275,52.55189255189255,27.545787545787547
-59.975579975579976,54.5054945054945,68.57142857142857,57.63125763125763,0.0,24.42002442002442,78.33943833943835,11.526251526251526,4.884004884004884,0.0,27.545787545787547,-9.18192918192918,0.0,61.92918192918193,42.78388278388278,18.55921855921856,46.69108669108669,0.0,34.969474969474966,47.86324786324786,25.592185592185597,61.14774114774115,0.0,-68.18070818070818,57.24053724053724,-12.698412698412698,51.37973137973138,25.592185592185597
-58.8034188034188,55.28693528693529,67.00854700854701,56.84981684981685,0.0,22.857142857142858,82.63736263736264,9.18192918192918,4.884004884004884,0.0,25.2014652014652,-9.18192918192918,0.0,58.8034188034188,38.48595848595848,18.94993894993895,50.5982905982906,0.0,31.843711843711844,47.472527472527474,20.512820512820515,66.61782661782662,0.0,-66.61782661782662,68.18070818070818,-25.982905982905983,49.42612942612943,20.512820512820515
-58.41269841269841,54.5054945054945,65.83638583638583,53.724053724053725,0.0,19.73137973137973,80.68376068376068,5.274725274725275,8.4004884004884,0.0,20.512820512820515,-11.916971916971915,0.0,58.02197802197802,29.89010989010989,20.903540903540904,53.333333333333336,0.0,26.764346764346765,46.3003663003663,22.075702075702075,67.3992673992674,0.0,-65.44566544566544,57.63125763125763,-24.81074481074481,49.03540903540904,22.075702075702075
-53.724053724053725,52.94261294261294,69.74358974358974,40.04884004884005,0.0,24.81074481074481,76.38583638583638,4.493284493284493,2.5396825396825395,0.0,19.73137973137973,-13.089133089133089,0.0,63.49206349206349,23.247863247863247,20.903540903540904,50.989010989010985,0.0,26.764346764346765,48.64468864468864,21.294261294261293,61.92918192918193,0.0,-69.35286935286935,50.5982905982906,-22.075702075702075,48.25396825396825,21.294261294261293
-50.5982905982906,47.86324786324786,71.6971916971917,32.62515262515262,0.0,25.2014652014652,70.91575091575092,6.056166056166056,-0.9768009768009768,0.0,18.55921855921856,-13.089133089133089,0.0,67.3992673992674,18.55921855921856,22.857142857142858,49.81684981684982,0.0,28.71794871794872,50.989010989010985,22.466422466422465,56.84981684981685,0.0,-71.30647130647131,61.92918192918193,-33.7973137973138,47.081807081807085,22.466422466422465
-56.45909645909646,40.83028083028083,69.35286935286935,41.22100122100122,0.0,15.433455433455434,62.31990231990232,7.228327228327228,8.4004884004884,0.0,15.433455433455434,-15.433455433455434,0.0,63.88278388278388,13.870573870573873,23.63858363858364,58.02197802197802,0.0,26.764346764346765,51.77045177045177,21.294261294261293,59.975579975579976,0.0,-68.96214896214896,33.01587301587302,-6.446886446886447,50.20757020757021,21.294261294261293
-61.14774114774115,35.75091575091575,67.3992673992674,47.472527472527474,0.0,7.228327228327228,57.24053724053724,9.963369963369964,14.261294261294262,0.0,13.089133089133089,-14.261294261294262,0.0,60.757020757020754,12.307692307692308,21.294261294261293,64.66422466422466,0.0,23.247863247863247,54.89621489621489,19.73137973137973,61.92918192918193,0.0,-67.00854700854701,27.936507936507937,0.1953601953601953,52.94261294261294,19.73137973137973
-62.71062271062271,31.45299145299145,70.91575091575092,46.3003663003663,0.0,-0.5860805860805861,57.63125763125763,16.996336996336996,9.963369963369964,0.0,13.089133089133089,-10.744810744810744,0.0,61.14774114774115,13.47985347985348,23.63858363858364,59.1941391941392,0.0,20.512820512820515,58.8034188034188,25.592185592185597,53.333333333333336,0.0,-70.52503052503053,93.18681318681318,-61.92918192918193,54.5054945054945,25.592185592185597
-68.18070818070818,27.936507936507937,73.65079365079364,49.03540903540904,0.0,-9.18192918192918,53.724053724053725,18.94993894993895,17.387057387057386,0.0,9.963369963369964,-9.18192918192918,0.0,63.49206349206349,8.4004884004884,22.857142857142858,61.53846153846154,0.0,15.042735042735044,59.58485958485959,27.155067155067155,54.114774114774114,0.0,-73.26007326007326,101.78266178266178,-69.74358974358974,52.55189255189255,27.155067155067155
-73.65079365079364,23.63858363858364,75.21367521367522,49.03540903540904,0.0,-15.433455433455434,47.86324786324786,18.168498168498168,23.63858363858364,0.0,6.837606837606837,-6.446886446886447,0.0,65.05494505494505,3.3211233211233213,17.387057387057386,63.49206349206349,0.0,9.572649572649572,57.24053724053724,27.936507936507937,54.5054945054945,0.0,-74.82295482295483,57.63125763125763,-27.545787545787547,52.94261294261294,27.936507936507937
-75.6043956043956,19.34065934065934,80.68376068376068,44.737484737484735,0.0,-16.996336996336996,42.39316239316239,20.512820512820515,22.857142857142858,0.0,4.102564102564102,-1.7582417582417582,0.0,68.57142857142857,0.1953601953601953,17.387057387057386,61.14774114774115,0.0,6.446886446886447,56.06837606837607,31.45299145299145,51.37973137973138,0.0,-80.29304029304029,65.83638583638583,-35.75091575091575,52.94261294261294,31.45299145299145
-79.12087912087912,13.870573870573873,83.80952380952381,45.51892551892552,0.0,-20.512820512820515,35.75091575091575,23.247863247863247,25.592185592185597,0.0,-0.1953601953601953,0.9768009768009768,0.0,67.3992673992674,-1.3675213675213675,19.73137973137973,62.71062271062271,0.0,4.884004884004884,55.67765567765568,35.36019536019536,51.37973137973138,0.0,-83.41880341880342,89.27960927960928,-60.366300366300365,56.06837606837607,35.36019536019536
-83.41880341880342,10.354090354090356,81.07448107448107,54.89621489621489,0.0,-26.764346764346765,31.843711843711844,22.075702075702075,35.75091575091575,0.0,-6.056166056166056,2.5396825396825395,0.0,59.58485958485959,-1.3675213675213675,20.512820512820515,70.91575091575092,0.0,0.9768009768009768,53.333333333333336,34.18803418803419,59.1941391941392,0.0,-80.68376068376068,54.114774114774114,-31.843711843711844,61.14774114774115,34.18803418803419
-81.85592185592185,11.135531135531137,78.33943833943835,59.58485958485959,0.0,-29.499389499389498,30.28083028083028,28.32722832722833,37.31379731379732,0.0,-9.572649572649572,6.837606837606837,0.0,56.45909645909646,0.5860805860805861,24.02930402930403,71.6971916971917,0.0,-0.1953601953601953,57.24053724053724,36.53235653235653,59.975579975579976,0.0,-77.94871794871794,5.665445665445666,13.089133089133089,62.31990231990232,36.53235653235653
-80.29304029304029,14.261294261294262,75.995115995116,61.53846153846154,0.0,-30.28083028083028,26.764346764346765,36.14163614163614,39.26739926739927,0.0,-13.870573870573873,8.00976800976801,0.0,56.45909645909646,2.93040293040293,29.89010989010989,66.61782661782662,0.0,1.7582417582417582,59.1941391941392,39.65811965811966,54.89621489621489,0.0,-75.6043956043956,26.37362637362637,-7.619047619047619,58.02197802197802,39.65811965811966
-81.46520146520146,20.903540903540904,72.86935286935287,64.66422466422466,0.0,-29.10866910866911,18.55921855921856,41.61172161172161,45.51892551892552,0.0,-18.55921855921856,6.056166056166056,0.0,54.114774114774114,2.148962148962149,31.843711843711844,65.05494505494505,0.0,-0.5860805860805861,61.53846153846154,37.31379731379732,54.5054945054945,0.0,-72.47863247863248,81.46520146520146,-67.3992673992674,53.724053724053725,37.31379731379732
-82.24664224664225,22.466422466422465,70.52503052503053,66.61782661782662,0.0,-28.32722832722833,11.135531135531137,43.17460317460318,50.989010989010985,0.0,-20.903540903540904,5.274725274725275,0.0,52.16117216117216,1.7582417582417582,26.37362637362637,65.05494505494505,0.0,-4.102564102564102,62.31990231990232,34.969474969474966,53.333333333333336,0.0,-70.13431013431014,47.472527472527474,-35.36019536019536,51.37973137973138,34.969474969474966
-81.85592185592185,21.68498168498169,72.47863247863248,63.49206349206349,0.0,-23.63858363858364,5.665445665445666,43.56532356532357,50.20757020757021,0.0,-22.857142857142858,5.665445665445666,0.0,50.989010989010985,3.3211233211233213,25.2014652014652,59.58485958485959,0.0,-7.228327228327228,62.31990231990232,40.83028083028083,44.346764346764346,0.0,-72.08791208791209,51.37973137973138,-43.17460317460318,53.333333333333336,40.83028083028083
-83.80952380952381,18.168498168498168,74.43223443223444,65.05494505494505,0.0,-23.63858363858364,2.148962148962149,39.65811965811966,56.06837606837607,0.0,-28.32722832722833,4.884004884004884,0.0,46.3003663003663,2.5396825396825395,18.55921855921856,62.31990231990232,0.0,-11.916971916971915,58.41269841269841,41.22100122100122,42.78388278388278,0.0,-74.04151404151405,92.014652014652,-83.41880341880342,53.333333333333336,41.22100122100122
-87.71672771672772,15.042735042735044,70.13431013431014,70.91575091575092,0.0,-26.764346764346765,0.1953601953601953,34.18803418803419,61.14774114774115,0.0,-35.36019536019536,5.274725274725275,0.0,42.39316239316239,0.5860805860805861,10.354090354090356,65.05494505494505,0.0,-15.824175824175825,53.333333333333336,40.83028083028083,42.39316239316239,0.0,-69.74358974358974,97.09401709401708,-88.1074481074481,52.16117216117216,40.83028083028083
-86.15384615384616,14.261294261294262,66.22710622710623,67.3992673992674,0.0,-24.42002442002442,-1.7582417582417582,31.45299145299145,57.24053724053724,0.0,-39.65811965811966,6.837606837606837,0.0,42.78388278388278,-0.5860805860805861,6.446886446886447,62.71062271062271,0.0,-17.77777777777778,49.81684981684982,43.56532356532357,36.53235653235653,0.0,-65.83638583638583,147.1062271062271,-134.6031746031746,47.86324786324786,43.56532356532357
-84.98168498168498,14.652014652014651,61.14774114774115,63.10134310134311,0.0,-21.294261294261293,-9.963369963369964,30.671550671550676,55.28693528693529,0.0,-44.346764346764346,1.3675213675213675,0.0,40.83028083028083,-2.93040293040293,7.228327228327228,59.975579975579976,0.0,-19.34065934065934,49.03540903540904,44.737484737484735,31.45299145299145,0.0,-60.757020757020754,181.0989010989011,-167.42368742368745,42.78388278388278,44.737484737484735
-82.63736263736264,11.526251526251526,53.333333333333336,68.18070818070818,0.0,-19.34065934065934,-19.34065934065934,24.42002442002442,65.83638583638583,0.0,-45.51892551892552,-4.102564102564102,0.0,34.18803418803419,-4.884004884004884,4.884004884004884,69.35286935286935,0.0,-21.68498168498169,46.69108669108669,42.78388278388278,35.75091575091575,0.0,-52.94261294261294,131.4774114774115,-121.31868131868131,39.65811965811966,42.78388278388278
-73.26007326007326,8.00976800976801,49.81684981684982,68.18070818070818,0.0,-11.916971916971915,-25.2014652014652,18.168498168498168,71.6971916971917,0.0,-43.56532356532357,-6.446886446886447,0.0,29.10866910866911,-5.665445665445666,6.837606837606837,76.38583638583638,0.0,-21.294261294261293,46.69108669108669,43.56532356532357,38.095238095238095,0.0,-49.42612942612943,102.17338217338218,-94.74969474969475,38.095238095238095,43.56532356532357
-65.05494505494505,6.446886446886447,51.37973137973138,62.71062271062271,0.0,-6.446886446886447,-24.02930402930403,16.996336996336996,70.91575091575092,0.0,-42.39316239316239,-7.228327228327228,0.0,25.592185592185597,-2.148962148962149,12.307692307692308,73.26007326007326,0.0,-19.73137973137973,49.42612942612943,47.081807081807085,32.234432234432234,0.0,-50.989010989010985,143.1990231990232,-136.55677655677655,36.53235653235653,47.081807081807085
-58.02197802197802,4.884004884004884,44.346764346764346,69.74358974358974,0.0,-4.102564102564102,-22.075702075702075,11.526251526251526,77.16727716727716,0.0,-42.002442002442,-6.056166056166056,0.0,23.247863247863247,-0.1953601953601953,11.135531135531137,76.77655677655677,0.0,-18.55921855921856,49.03540903540904,44.346764346764346,35.36019536019536,0.0,-43.95604395604396,138.1196581196581,-134.993894993895,36.53235653235653,44.346764346764346
-52.16117216117216,6.056166056166056,34.18803418803419,74.43223443223444,0.0,0.1953601953601953,-18.55921855921856,6.056166056166056,75.995115995116,0.0,-40.04884004884005,-2.93040293040293,0.0,22.466422466422465,0.9768009768009768,7.619047619047619,77.16727716727716,0.0,-17.387057387057386,47.081807081807085,40.04884004884005,38.87667887667888,0.0,-33.7973137973138,97.87545787545788,-96.31257631257633,33.01587301587302,40.04884004884005
-46.69108669108669,9.963369963369964,24.81074481074481,72.86935286935287,0.0,6.446886446886447,-14.652014652014651,4.102564102564102,65.83638583638583,0.0,-34.18803418803419,-0.1953601953601953,0.0,23.247863247863247,7.619047619047619,7.619047619047619,67.3992673992674,0.0,-15.824175824175825,49.42612942612943,39.26739926739927,34.57875457875458,0.0,-24.42002442002442,127.96092796092796,-125.22588522588522,29.10866910866911,39.26739926739927
-40.43956043956044,14.652014652014651,16.996336996336996,74.82295482295483,0.0,11.916971916971915,-10.354090354090356,2.93040293040293,61.53846153846154,0.0,-26.37362637362637,0.5860805860805861,0.0,20.903540903540904,14.652014652014651,7.228327228327228,64.66422466422466,0.0,-11.526251526251526,50.20757020757021,36.53235653235653,33.7973137973138,0.0,-16.605616605616607,178.36385836385836,-178.75457875457874,29.10866910866911,36.53235653235653
-36.14163614163614,16.605616605616607,12.698412698412698,78.73015873015873,0.0,15.824175824175825,-5.274725274725275,-0.9768009768009768,63.10134310134311,0.0,-19.34065934065934,2.93040293040293,0.0,17.387057387057386,17.387057387057386,5.274725274725275,69.35286935286935,0.0,-7.228327228327228,49.03540903540904,33.7973137973138,34.969474969474966,0.0,-12.307692307692308,148.2783882783883,-151.7948717948718,29.10866910866911,33.7973137973138
-31.45299145299145,19.34065934065934,16.605616605616607,74.82295482295483,0.0,18.55921855921856,2.93040293040293,-0.5860805860805861,58.8034188034188,0.0,-11.916971916971915,4.884004884004884,0.0,12.307692307692308,24.42002442002442,8.00976800976801,67.3992673992674,0.0,-0.9768009768009768,51.77045177045177,36.53235653235653,25.982905982905983,0.0,-16.214896214896214,122.4908424908425,-120.14652014652016,29.89010989010989,36.53235653235653
-23.63858363858364,22.075702075702075,22.075702075702075,70.52503052503053,0.0,19.73137973137973,11.526251526251526,2.148962148962149,56.06837606837607,0.0,-5.665445665445666,5.665445665445666,0.0,8.00976800976801,30.28083028083028,14.261294261294262,67.00854700854701,0.0,5.665445665445666,52.55189255189255,43.95604395604396,17.387057387057386,0.0,-21.68498168498169,142.8083028083028,-137.72893772893772,30.28083028083028,43.95604395604396
-20.512820512820515,21.68498168498169,24.81074481074481,72.47863247863248,0.0,18.94993894993895,16.996336996336996,2.93040293040293,58.41269841269841,0.0,-2.148962148962149,6.056166056166056,0.0,3.3211233211233213,32.234432234432234,17.387057387057386,72.08791208791209,0.0,9.572649572649572,49.81684981684982,49.03540903540904,16.605616605616607,0.0,-24.42002442002442,145.54334554334554,-139.29181929181928,28.71794871794872,49.03540903540904
-13.870573870573873,21.68498168498169,24.81074481074481,69.74358974358974,0.0,22.466422466422465,20.512820512820515,1.7582417582417582,56.45909645909646,0.0,0.9768009768009768,9.963369963369964,0.0,0.9768009768009768,33.7973137973138,18.94993894993895,74.43223443223444,0.0,10.744810744810744,43.17460317460318,55.28693528693529,19.34065934065934,0.0,-24.42002442002442,109.2063492063492,-104.9084249084249,25.592185592185597,55.28693528693529
-5.665445665445666,21.68498168498169,27.155067155067155,59.58485958485959,0.0,28.32722832722833,22.466422466422465,3.711843711843712,47.472527472527474,0.0,1.7582417582417582,13.47985347985348,0.0,1.3675213675213675,35.75091575091575,23.63858363858364,67.78998778998779,0.0,11.916971916971915,38.87667887667888,59.975579975579976,18.168498168498168,0.0,-26.764346764346765,105.68986568986568,-108.03418803418803,23.63858363858364,59.975579975579976
1.3675213675213675,18.168498168498168,26.764346764346765,59.1941391941392,0.0,33.7973137973138,20.512820512820515,1.3675213675213675,49.81684981684982,0.0,0.1953601953601953,18.168498168498168,0.0,1.3675213675213675,34.57875457875458,22.466422466422465,70.13431013431014,0.0,12.307692307692308,31.45299145299145,57.63125763125763,27.545787545787547,0.0,-26.37362637362637,82.63736263736264,-92.014652014652,23.63858363858364,57.63125763125763
5.274725274725275,13.089133089133089,25.982905982905983,58.41269841269841,0.0,39.26739926739927,16.996336996336996,-4.493284493284493,52.55189255189255,0.0,-3.711843711843712,20.903540903540904,0.0,-0.9768009768009768,33.01587301587302,19.34065934065934,70.91575091575092,0.0,11.135531135531137,26.764346764346765,50.5982905982906,33.01587301587302,0.0,-25.592185592185597,64.27350427350427,-73.26007326007326,21.294261294261293,50.5982905982906
13.089133089133089,10.354090354090356,28.71794871794872,46.69108669108669,0.0,45.51892551892552,16.996336996336996,-4.884004884004884,42.78388278388278,0.0,-6.446886446886447,23.247863247863247,0.0,0.9768009768009768,34.969474969474966,19.34065934065934,59.975579975579976,0.0,15.042735042735044,26.764346764346765,49.81684981684982,24.42002442002442,0.0,-28.32722832722833,93.18681318681318,-99.82905982905984,20.512820512820515,49.81684981684982
18.55921855921856,7.228327228327228,29.89010989010989,40.04884004884005,0.0,47.86324786324786,16.996336996336996,-6.446886446886447,38.48595848595848,0.0,-9.572649572649572,23.247863247863247,0.0,1.7582417582417582,34.969474969474966,19.34065934065934,55.28693528693529,0.0,17.77777777777778,25.592185592185597,50.989010989010985,18.168498168498168,0.0,-29.499389499389498,101.78266178266178,-106.86202686202688,18.55921855921856,50.989010989010985
20.512820512820515,2.5396825396825395,26.764346764346765,38.87667887667888,0.0,47.472527472527474,13.47985347985348,-12.698412698412698,42.002442002442,0.0,-10.744810744810744,20.512820512820515,0.0,-0.9768009768009768,31.843711843711844,15.433455433455434,58.8034188034188,0.0,16.996336996336996,20.512820512820515,50.20757020757021,16.996336996336996,0.0,-26.37362637362637,54.89621489621489,-61.53846153846154,15.824175824175825,50.20757020757021
26.764346764346765,0.9768009768009768,28.32722832722833,31.843711843711844,0.0,49.03540903540904,13.870573870573873,-12.698412698412698,38.87667887667888,0.0,-10.354090354090356,20.12210012210012,0.0,-2.5396825396825395,32.234432234432234,16.214896214896214,54.114774114774114,0.0,16.605616605616607,18.55921855921856,52.16117216117216,11.916971916971915,0.0,-27.936507936507937,32.234432234432234,-43.17460317460318,14.261294261294262,52.16117216117216
32.62515262515262,-0.1953601953601953,29.499389499389498,27.545787545787547,0.0,48.25396825396825,14.652014652014651,-9.572649572649572,37.704517704517706,0.0,-7.619047619047619,19.73137973137973,0.0,-6.837606837606837,36.53235653235653,22.075702075702075,45.90964590964591,0.0,17.387057387057386,18.94993894993895,56.84981684981685,3.711843711843712,0.0,-29.10866910866911,79.12087912087912,-91.62393162393164,12.307692307692308,56.84981684981685
38.095238095238095,-4.102564102564102,29.10866910866911,33.01587301587302,0.0,47.86324786324786,13.870573870573873,-12.698412698412698,48.25396825396825,0.0,-2.93040293040293,16.605616605616607,0.0,-13.089133089133089,35.75091575091575,22.466422466422465,53.333333333333336,0.0,19.34065934065934,16.214896214896214,55.28693528693529,6.837606837606837,0.0,-28.71794871794872,52.55189255189255,-68.57142857142857,11.526251526251526,55.28693528693529
43.17460317460318,-6.056166056166056,31.062271062271066,33.40659340659341,0.0,48.64468864468864,14.652014652014651,-15.042735042735044,54.114774114774114,0.0,0.5860805860805861,15.433455433455434,0.0,-15.042735042735044,34.57875457875458,22.075702075702075,53.724053724053725,0.0,22.857142857142858,11.526251526251526,54.5054945054945,5.665445665445666,0.0,-30.671550671550676,0.9768009768009768,-19.73137973137973,10.744810744810744,54.5054945054945
46.69108669108669,-7.228327228327228,34.18803418803419,27.936507936507937,0.0,47.081807081807085,18.94993894993895,-15.042735042735044,51.37973137973138,0.0,2.5396825396825395,13.47985347985348,0.0,-13.089133089133089,33.01587301587302,21.68498168498169,45.51892551892552,0.0,26.764346764346765,7.619047619047619,54.5054945054945,-2.5396825396825395,0.0,-33.7973137973138,25.982905982905983,-45.12820512820513,8.791208791208792,54.5054945054945
48.25396825396825,-9.572649572649572,38.87667887667888,22.075702075702075,0.0,44.737484737484735,21.68498168498169,-15.824175824175825,49.03540903540904,0.0,4.102564102564102,10.744810744810744,0.0,-10.354090354090356,28.71794871794872,16.214896214896214,42.39316239316239,0.0,29.499389499389498,0.1953601953601953,50.20757020757021,-2.93040293040293,0.0,-38.48595848595848,52.16117216117216,-71.6971916971917,5.274725274725275,50.20757020757021
46.3003663003663,-13.47985347985348,40.83028083028083,22.075702075702075,0.0,42.002442002442,18.168498168498168,-13.870573870573873,50.20757020757021,0.0,2.93040293040293,9.572649572649572,0.0,-6.056166056166056,21.294261294261293,10.744810744810744,36.53235653235653,0.0,25.982905982905983,-7.228327228327228,45.12820512820513,0.1953601953601953,0.0,-40.43956043956044,20.12210012210012,-42.78388278388278,3.3211233211233213,45.12820512820513
38.095238095238095,-15.042735042735044,46.3003663003663,22.857142857142858,0.0,33.01587301587302,19.73137973137973,-7.228327228327228,47.86324786324786,0.0,-1.7582417582417582,7.619047619047619,0.0,-2.148962148962149,16.605616605616607,11.526251526251526,21.68498168498169,0.0,20.903540903540904,-11.135531135531137,42.39316239316239,-3.3211233211233213,0.0,-45.90964590964591,-5.665445665445666,-20.12210012210012,5.665445665445666,42.39316239316239
40.04884004884005,-16.996336996336996,45.90964590964591,20.12210012210012,0.0,34.18803418803419,18.168498168498168,-6.056166056166056,43.17460317460318,0.0,-1.3675213675213675,9.572649572649572,0.0,4.102564102564102,8.00976800976801,12.698412698412698,10.354090354090356,0.0,19.73137973137973,-13.47985347985348,37.704517704517706,-6.446886446886447,0.0,-45.51892551892552,32.62515262515262,-61.53846153846154,7.228327228327228,37.704517704517706
33.7973137973138,-22.466422466422465,42.39316239316239,25.2014652014652,0.0,25.592185592185597,12.307692307692308,-9.963369963369964,51.37973137973138,0.0,-8.00976800976801,8.791208791208792,0.0,6.446886446886447,-3.3211233211233213,12.698412698412698,4.493284493284493,0.0,14.652014652014651,-17.387057387057386,31.062271062271066,-6.446886446886447,0.0,-42.002442002442,20.903540903540904,-54.89621489621489,9.18192918192918,31.062271062271066
31.062271062271066,-24.81074481074481,37.31379731379732,16.605616605616607,0.0,19.73137973137973,11.916971916971915,-15.433455433455434,44.737484737484735,0.0,-9.18192918192918,9.18192918192918,0.0,11.916971916971915,-16.214896214896214,8.791208791208792,-6.837606837606837,0.0,11.135531135531137,-20.12210012210012,20.903540903540904,-13.47985347985348,0.0,-36.92307692307692,0.1953601953601953,-34.18803418803419,11.135531135531137,20.903540903540904
31.062271062271066,-24.81074481074481,33.7973137973138,4.493284493284493,0.0,11.916971916971915,11.526251526251526,-17.387057387057386,38.87667887667888,0.0,-10.744810744810744,8.791208791208792,0.0,15.824175824175825,-24.81074481074481,7.228327228327228,-18.55921855921856,0.0,11.916971916971915,-22.075702075702075,13.089133089133089,-22.075702075702075,0.0,-33.40659340659341,0.9768009768009768,-30.671550671550676,6.446886446886447,13.089133089133089
26.37362637362637,-24.42002442002442,29.10866910866911,0.9768009768009768,0.0,0.1953601953601953,7.228327228327228,-18.168498168498168,43.17460317460318,0.0,-16.214896214896214,7.619047619047619,0.0,13.47985347985348,-31.843711843711844,5.665445665445666,-18.168498168498168,0.0,9.18192918192918,-25.2014652014652,4.884004884004884,-18.94993894993895,0.0,-28.71794871794872,-33.40659340659341,5.274725274725275,1.3675213675213675,4.884004884004884
20.12210012210012,-25.592185592185597,24.42002442002442,1.3675213675213675,0.0,-10.354090354090356,3.3211233211233213,-15.042735042735044,42.78388278388278,0.0,-20.903540903540904,6.837606837606837,0.0,8.791208791208792,-34.57875457875458,3.3211233211233213,-16.605616605616607,0.0,6.446886446886447,-27.936507936507937,-1.3675213675213675,-15.433455433455434,0.0,-24.02930402930403,-61.53846153846154,32.62515262515262,1.3675213675213675,-1.3675213675213675
16.214896214896214,-24.81074481074481,26.764346764346765,-4.493284493284493,0.0,-18.168498168498168,3.711843711843712,-4.493284493284493,33.40659340659341,0.0,-24.81074481074481,8.4004884004884,0.0,4.884004884004884,-31.843711843711844,6.056166056166056,-23.63858363858364,0.0,7.228327228327228,-24.42002442002442,-5.274725274725275,-20.903540903540904,0.0,-26.37362637362637,-10.354090354090356,-12.307692307692308,3.711843711843712,-5.274725274725275
9.963369963369964,-27.936507936507937,28.32722832722833,-5.274725274725275,0.0,-27.155067155067155,0.1953601953601953,-0.1953601953601953,31.843711843711844,0.0,-32.234432234432234,11.135531135531137,0.0,-4.884004884004884,-27.155067155067155,5.274725274725275,-22.075702075702075,0.0,5.274725274725275,-22.466422466422465,-8.791208791208792,-22.857142857142858,0.0,-27.936507936507937,1.3675213675213675,-18.94993894993895,7.228327228327228,-8.791208791208792
2.5396825396825395,-33.40659340659341,24.42002442002442,-3.3211233211233213,0.0,-37.31379731379732,-6.056166056166056,0.9768009768009768,33.40659340659341,0.0,-38.48595848595848,10.354090354090356,0.0,-17.387057387057386,-25.592185592185597,0.1953601953601953,-15.824175824175825,0.0,0.1953601953601953,-19.73137973137973,-15.824175824175825,-23.247863247863247,0.0,-24.02930402930403,-49.81684981684982,40.43956043956044,11.526251526251526,-15.824175824175825
0.5860805860805861,-33.01587301587302,20.903540903540904,-10.354090354090356,0.0,-42.39316239316239,-10.354090354090356,1.3675213675213675,29.89010989010989,0.0,-42.002442002442,9.572649572649572,0.0,-25.2014652014652,-24.02930402930403,-2.5396825396825395,-15.433455433455434,0.0,-1.7582417582417582,-16.214896214896214,-19.34065934065934,-29.89010989010989,0.0,-20.512820512820515,-35.75091575091575,33.01587301587302,13.47985347985348,-19.34065934065934
-0.1953601953601953,-30.28083028083028,13.870573870573873,-18.168498168498168,0.0,-47.081807081807085,-17.387057387057386,0.1953601953601953,29.89010989010989,0.0,-43.56532356532357,8.791208791208792,0.0,-31.45299145299145,-24.02930402930403,-2.148962148962149,-16.605616605616607,0.0,-2.5396825396825395,-15.824175824175825,-17.77777777777778,-37.31379731379732,0.0,-13.47985347985348,5.274725274725275,-0.1953601953601953,7.619047619047619,-17.77777777777778
-2.5396825396825395,-29.89010989010989,1.3675213675213675,-19.34065934065934,0.0,-53.333333333333336,-24.42002442002442,-5.665445665445666,33.40659340659341,0.0,-42.39316239316239,3.3211233211233213,0.0,-35.36019536019536,-29.10866910866911,-4.884004884004884,-11.526251526251526,0.0,-3.3211233211233213,-19.34065934065934,-23.247863247863247,-34.18803418803419,0.0,-0.9768009768009768,-29.10866910866911,37.31379731379732,4.493284493284493,-23.247863247863247
-7.619047619047619,-29.89010989010989,-3.3211233211233213,-25.2014652014652,0.0,-59.58485958485959,-28.71794871794872,-8.00976800976801,29.10866910866911,0.0,-41.22100122100122,-0.1953601953601953,0.0,-40.04884004884005,-32.62515262515262,-4.884004884004884,-12.307692307692308,0.0,-5.665445665445666,-23.247863247863247,-26.37362637362637,-34.969474969474966,0.0,3.711843711843712,-68.18070818070818,83.02808302808303,1.3675213675213675,-26.37362637362637
-12.307692307692308,-30.671550671550676,-4.493284493284493,-35.36019536019536,0.0,-65.83638583638583,-27.155067155067155,-9.963369963369964,19.73137973137973,0.0,-38.48595848595848,-1.7582417582417582,0.0,-40.43956043956044,-32.62515262515262,-6.837606837606837,-15.824175824175825,0.0,-2.148962148962149,-25.2014652014652,-29.499389499389498,-38.87667887667888,0.0,4.884004884004884,-41.22100122100122,65.83638583638583,-1.7582417582417582,-29.499389499389498
-18.94993894993895,-33.40659340659341,-4.884004884004884,-35.75091575091575,0.0,-72.08791208791209,-26.764346764346765,-12.698412698412698,16.996336996336996,0.0,-42.39316239316239,-2.5396825396825395,0.0,-45.51892551892552,-30.28083028083028,-13.089133089133089,-9.18192918192918,0.0,0.1953601953601953,-27.545787545787547,-35.75091575091575,-35.36019536019536,0.0,5.274725274725275,-17.387057387057386,50.989010989010985,-3.711843711843712,-35.75091575091575
-27.936507936507937,-34.969474969474966,-4.102564102564102,-31.062271062271066,0.0,-75.21367521367522,-26.37362637362637,-18.168498168498168,19.73137973137973,0.0,-48.25396825396825,-5.665445665445666,0.0,-53.333333333333336,-26.37362637362637,-16.214896214896214,-0.9768009768009768,0.0,-4.493284493284493,-25.2014652014652,-34.18803418803419,-33.01587301587302,0.0,4.493284493284493,-41.61172161172161,79.9023199023199,-2.5396825396825395,-34.18803418803419
-27.155067155067155,-29.10866910866911,-7.619047619047619,-34.57875457875458,0.0,-65.83638583638583,-21.68498168498169,-24.02930402930403,11.526251526251526,0.0,-50.989010989010985,-1.7582417582417582,0.0,-43.95604395604396,-22.075702075702075,-25.592185592185597,-0.5860805860805861,0.0,1.3675213675213675,-20.512820512820515,-36.14163614163614,-37.31379731379732,0.0,8.00976800976801,-55.28693528693529,92.014652014652,-0.5860805860805861,-36.14163614163614
-25.982905982905983,-24.02930402930403,-11.135531135531137,-34.18803418803419,0.0,-55.28693528693529,-20.512820512820515,-27.936507936507937,6.837606837606837,0.0,-52.16117216117216,-1.7582417582417582,0.0,-37.704517704517706,-20.512820512820515,-25.2014652014652,-4.493284493284493,0.0,4.493284493284493,-16.996336996336996,-34.18803418803419,-42.39316239316239,0.0,11.526251526251526,-27.936507936507937,62.31990231990232,0.9768009768009768,-34.18803418803419
-26.37362637362637,-20.512820512820515,-13.870573870573873,-32.234432234432234,0.0,-45.51892551892552,-18.94993894993895,-34.969474969474966,5.274725274725275,0.0,-52.16117216117216,-2.93040293040293,0.0,-30.28083028083028,-23.247863247863247,-25.592185592185597,-4.493284493284493,0.0,4.493284493284493,-13.089133089133089,-34.57875457875458,-42.002442002442,0.0,14.261294261294262,-32.234432234432234,62.31990231990232,4.884004884004884,-34.57875457875458
-24.81074481074481,-11.916971916971915,-14.652014652014651,-39.26739926739927,0.0,-37.31379731379732,-13.870573870573873,-34.18803418803419,-4.884004884004884,0.0,-47.86324786324786,2.5396825396825395,0.0,-16.605616605616607,-25.2014652014652,-25.2014652014652,-9.18192918192918,0.0,10.744810744810744,-9.963369963369964,-31.843711843711844,-45.90964590964591,0.0,15.042735042735044,-16.214896214896214,44.346764346764346,8.00976800976801,-31.843711843711844
-22.857142857142858,-3.711843711843712,-11.916971916971915,-42.39316239316239,0.0,-38.095238095238095,-3.3211233211233213,-27.545787545787547,-12.307692307692308,0.0,-44.737484737484735,8.4004884004884,0.0,-8.00976800976801,-22.857142857142858,-20.512820512820515,-11.526251526251526,0.0,17.387057387057386,-5.274725274725275,-25.2014652014652,-50.989010989010985,0.0,12.307692307692308,8.4004884004884,18.168498168498168,9.572649572649572,-25.2014652014652
-24.81074481074481,2.5396825396825395,-11.135531135531137,-34.57875457875458,0.0,-42.002442002442,2.5396825396825395,-21.68498168498169,-6.837606837606837,0.0,-42.39316239316239,11.526251526251526,0.0,-5.274725274725275,-21.68498168498169,-18.55921855921856,-2.148962148962149,0.0,18.94993894993895,-2.148962148962149,-17.77777777777778,-47.472527472527474,0.0,11.526251526251526,-21.68498168498169,46.69108669108669,11.916971916971915,-17.77777777777778
-25.982905982905983,10.744810744810744,-9.963369963369964,-26.764346764346765,0.0,-41.22100122100122,6.837606837606837,-15.824175824175825,-2.148962148962149,0.0,-37.31379731379732,15.824175824175825,0.0,-0.9768009768009768,-18.55921855921856,-19.73137973137973,6.837606837606837,0.0,23.247863247863247,-0.1953601953601953,-11.135531135531137,-44.346764346764346,0.0,10.354090354090356,-34.18803418803419,56.06837606837607,16.996336996336996,-11.135531135531137
-22.075702075702075,15.042735042735044,-3.711843711843712,-29.499389499389498,0.0,-33.7973137973138,11.135531135531137,-8.00976800976801,-9.18192918192918,0.0,-31.45299145299145,16.996336996336996,0.0,6.446886446886447,-11.916971916971915,-16.605616605616607,-2.148962148962149,0.0,30.28083028083028,4.884004884004884,-3.711843711843712,-57.24053724053724,0.0,4.102564102564102,-1.3675213675213675,24.42002442002442,24.02930402930403,-3.711843711843712
-22.466422466422465,15.042735042735044,0.1953601953601953,-24.42002442002442,0.0,-27.155067155067155,8.00976800976801,-6.837606837606837,-5.665445665445666,0.0,-26.37362637362637,11.916971916971915,0.0,10.744810744810744,-12.698412698412698,-14.261294261294262,-5.665445665445666,0.0,33.40659340659341,6.056166056166056,-0.1953601953601953,-62.71062271062271,0.0,0.1953601953601953,-10.744810744810744,30.671550671550676,34.18803418803419,-0.1953601953601953
-24.81074481074481,14.652014652014651,2.93040293040293,-20.12210012210012,0.0,-21.294261294261293,8.791208791208792,-10.354090354090356,-2.5396825396825395,0.0,-23.63858363858364,7.619047619047619,0.0,16.996336996336996,-14.261294261294262,-16.605616605616607,-8.00976800976801,0.0,34.18803418803419,7.619047619047619,-2.5396825396825395,-62.31990231990232,0.0,-2.5396825396825395,-67.78998778998779,86.15384615384616,41.22100122100122,-2.5396825396825395
-24.02930402930403,16.996336996336996,8.00976800976801,-25.982905982905983,0.0,-16.996336996336996,14.261294261294262,-11.916971916971915,-8.791208791208792,0.0,-21.68498168498169,6.056166056166056,0.0,24.81074481074481,-13.47985347985348,-14.261294261294262,-17.77777777777778,0.0,35.36019536019536,13.870573870573873,-1.3675213675213675,-69.35286935286935,0.0,-7.619047619047619,-60.757020757020754,77.94871794871794,45.12820512820513,-1.3675213675213675
-22.857142857142858,22.857142857142858,11.916971916971915,-27.936507936507937,0.0,-13.870573870573873,21.294261294261293,-13.089133089133089,-9.18192918192918,0.0,-21.294261294261293,2.5396825396825395,0.0,30.28083028083028,-13.870573870573873,-12.307692307692308,-22.857142857142858,0.0,34.18803418803419,18.55921855921856,0.1953601953601953,-72.86935286935287,0.0,-11.526251526251526,-11.916971916971915,29.89010989010989,40.83028083028083,0.1953601953601953
-22.466422466422465,24.02930402930403,15.824175824175825,-24.81074481074481,0.0,-14.261294261294262,24.02930402930403,-15.433455433455434,-1.3675213675213675,0.0,-20.12210012210012,-0.5860805860805861,0.0,31.062271062271066,-15.042735042735044,-11.526251526251526,-19.34065934065934,0.0,31.062271062271066,16.996336996336996,3.711843711843712,-68.18070818070818,0.0,-15.433455433455434,-7.619047619047619,24.81074481074481,36.14163614163614,3.711843711843712
-20.12210012210012,25.2014652014652,22.075702075702075,-26.764346764346765,0.0,-10.744810744810744,25.982905982905983,-15.824175824175825,1.3675213675213675,0.0,-19.34065934065934,-2.93040293040293,0.0,33.01587301587302,-13.47985347985348,-10.744810744810744,-19.73137973137973,0.0,29.89010989010989,17.387057387057386,6.446886446886447,-67.78998778998779,0.0,-21.68498168498169,-18.94993894993895,39.65811965811966,33.01587301587302,6.446886446886447
-17.387057387057386,26.37362637362637,29.499389499389498,-28.71794871794872,0.0,-7.228327228327228,27.155067155067155,-13.870573870573873,4.493284493284493,0.0,-18.55921855921856,-9.572649572649572,0.0,35.75091575091575,-13.870573870573873,-10.354090354090356,-22.466422466422465,0.0,33.40659340659341,15.042735042735044,11.916971916971915,-73.26007326007326,0.0,-29.10866910866911,7.619047619047619,18.94993894993895,27.155067155067155,11.916971916971915
-19.73137973137973,24.02930402930403,38.87667887667888,-23.63858363858364,0.0,-6.837606837606837,23.63858363858364,-11.916971916971915,14.652014652014651,0.0,-20.512820512820515,-17.387057387057386,0.0,31.843711843711844,-13.089133089133089,-9.572649572649572,-18.168498168498168,0.0,32.234432234432234,12.307692307692308,15.042735042735044,-71.6971916971917,0.0,-38.48595848595848,46.3003663003663,-15.433455433455434,27.936507936507937,15.042735042735044
-23.63858363858364,25.982905982905983,33.40659340659341,-12.698412698412698,0.0,-6.446886446886447,22.857142857142858,-18.55921855921856,25.2014652014652,0.0,-22.857142857142858,-20.512820512820515,0.0,30.28083028083028,-13.47985347985348,-18.168498168498168,-8.791208791208792,0.0,29.89010989010989,11.916971916971915,8.791208791208792,-63.10134310134311,0.0,-33.01587301587302,-33.01587301587302,61.14774114774115,28.71794871794872,8.791208791208792
-22.075702075702075,27.155067155067155,33.01587301587302,-10.744810744810744,0.0,0.5860805860805861,22.857142857142858,-19.73137973137973,22.857142857142858,0.0,-26.37362637362637,-24.81074481074481,0.0,30.28083028083028,-14.261294261294262,-20.512820512820515,-10.354090354090356,0.0,30.671550671550676,10.354090354090356,6.837606837606837,-66.22710622710623,0.0,-32.62515262515262,-87.32600732600733,110.76923076923076,30.28083028083028,6.837606837606837
-20.903540903540904,27.545787545787547,31.45299145299145,-6.837606837606837,0.0,6.837606837606837,21.294261294261293,-22.075702075702075,24.02930402930403,0.0,-28.32722832722833,-28.32722832722833,0.0,27.155067155067155,-13.089133089133089,-24.02930402930403,-8.791208791208792,0.0,30.28083028083028,7.228327228327228,6.446886446886447,-66.22710622710623,0.0,-31.062271062271066,-81.85592185592185,99.82905982905984,29.10866910866911,6.446886446886447
-15.042735042735044,25.982905982905983,26.764346764346765,-3.711843711843712,0.0,16.605616605616607,18.94993894993895,-27.545787545787547,24.81074481074481,0.0,-24.42002442002442,-27.155067155067155,0.0,26.37362637362637,-9.963369963369964,-32.234432234432234,-5.665445665445666,0.0,32.234432234432234,6.837606837606837,0.9768009768009768,-64.66422466422466,0.0,-26.37362637362637,-111.94139194139194,126.3980463980464,29.89010989010989,0.9768009768009768
-5.274725274725275,24.81074481074481,27.936507936507937,-10.744810744810744,0.0,25.592185592185597,22.075702075702075,-25.2014652014652,12.698412698412698,0.0,-15.433455433455434,-29.10866910866911,0.0,28.71794871794872,-3.3211233211233213,-33.01587301587302,-15.042735042735044,0.0,36.14163614163614,12.307692307692308,0.1953601953601953,-73.26007326007326,0.0,-27.545787545787547,-66.22710622710623,78.33943833943835,32.62515262515262,0.1953601953601953
1.3675213675213675,24.02930402930403,31.45299145299145,-19.73137973137973,0.0,32.62515262515262,22.075702075702075,-21.294261294261293,4.102564102564102,0.0,-6.446886446886447,-31.843711843711844,0.0,29.499389499389498,1.3675213675213675,-32.234432234432234,-20.903540903540904,0.0,37.704517704517706,17.77777777777778,-1.3675213675213675,-78.33943833943835,0.0,-31.062271062271066,-19.34065934065934,33.7973137973138,31.45299145299145,-1.3675213675213675
5.274725274725275,18.168498168498168,27.545787545787547,-15.433455433455434,0.0,30.671550671550676,18.94993894993895,-21.294261294261293,7.619047619047619,0.0,-1.3675213675213675,-32.62515262515262,0.0,23.63858363858364,4.102564102564102,-32.62515262515262,-14.261294261294262,0.0,35.36019536019536,19.34065934065934,-6.446886446886447,-68.18070818070818,0.0,-27.155067155067155,-70.52503052503053,84.98168498168498,28.71794871794872,-6.446886446886447
7.619047619047619,13.089133089133089,21.294261294261293,-15.042735042735044,0.0,28.32722832722833,15.433455433455434,-20.903540903540904,4.493284493284493,0.0,0.9768009768009768,-31.843711843711844,0.0,18.168498168498168,2.93040293040293,-29.499389499389498,-13.870573870573873,0.0,31.062271062271066,16.214896214896214,-9.18192918192918,-61.53846153846154,0.0,-20.903540903540904,-94.74969474969475,104.9084249084249,26.37362637362637,-9.18192918192918
8.00976800976801,8.4004884004884,20.12210012210012,-22.857142857142858,0.0,24.81074481074481,11.135531135531137,-16.214896214896214,-4.884004884004884,0.0,0.9768009768009768,-31.062271062271066,0.0,14.261294261294262,0.5860805860805861,-24.02930402930403,-24.42002442002442,0.0,27.155067155067155,10.354090354090356,-7.619047619047619,-64.66422466422466,0.0,-19.73137973137973,-50.20757020757021,61.14774114774115,18.94993894993895,-7.619047619047619
5.665445665445666,0.9768009768009768,14.652014652014651,-20.903540903540904,0.0,16.214896214896214,5.665445665445666,-17.387057387057386,-3.711843711843712,0.0,0.1953601953601953,-28.32722832722833,0.0,4.884004884004884,0.9768009768009768,-24.02930402930403,-25.982905982905983,0.0,21.294261294261293,2.5396825396825395,-9.963369963369964,-59.58485958485959,0.0,-14.261294261294262,-61.92918192918193,72.86935286935287,13.089133089133089,-9.963369963369964
4.884004884004884,-5.665445665445666,10.744810744810744,-18.94993894993895,0.0,9.963369963369964,2.148962148962149,-18.55921855921856,-2.5396825396825395,0.0,2.93040293040293,-25.982905982905983,0.0,-0.5860805860805861,4.884004884004884,-26.37362637362637,-29.89010989010989,0.0,16.605616605616607,2.5396825396825395,-15.042735042735044,-58.41269841269841,0.0,-10.354090354090356,-93.57753357753356,103.73626373626374,14.261294261294262,-15.042735042735044
7.619047619047619,-11.135531135531137,10.744810744810744,-20.12210012210012,0.0,7.228327228327228,1.7582417582417582,-14.652014652014651,-6.446886446886447,0.0,10.354090354090356,-23.247863247863247,0.0,0.1953601953601953,8.791208791208792,-24.42002442002442,-41.61172161172161,0.0,15.824175824175825,7.619047619047619,-18.94993894993895,-63.49206349206349,0.0,-10.354090354090356,-50.20757020757021,64.66422466422466,15.824175824175825,-18.94993894993895
10.744810744810744,-17.77777777777778,9.572649572649572,-12.698412698412698,0.0,0.5860805860805861,1.3675213675213675,-10.744810744810744,-0.1953601953601953,0.0,14.261294261294262,-20.512820512820515,0.0,-2.5396825396825395,11.916971916971915,-21.294261294261293,-40.43956043956044,0.0,14.261294261294262,11.526251526251526,-19.34065934065934,-60.757020757020754,0.0,-9.18192918192918,-9.572649572649572,25.982905982905983,15.824175824175825,-19.34065934065934
12.698412698412698,-25.2014652014652,4.884004884004884,1.7582417582417582,0.0,-9.18192918192918,0.5860805860805861,-7.228327228327228,10.744810744810744,0.0,16.605616605616607,-17.77777777777778,0.0,-8.4004884004884,12.698412698412698,-20.512820512820515,-33.7973137973138,0.0,10.744810744810744,9.963369963369964,-18.94993894993895,-53.724053724053725,0.0,-4.493284493284493,-40.43956043956044,53.333333333333336,17.387057387057386,-18.94993894993895
12.307692307692308,-27.545787545787547,3.711843711843712,8.791208791208792,0.0,-18.168498168498168,1.3675213675213675,-0.5860805860805861,15.824175824175825,0.0,19.73137973137973,-13.47985347985348,0.0,-11.526251526251526,16.214896214896214,-16.996336996336996,-36.14163614163614,0.0,8.4004884004884,9.572649572649572,-14.652014652014651,-53.333333333333336,0.0,-3.3211233211233213,-69.74358974358974,81.46520146520146,15.042735042735044,-14.652014652014651
10.354090354090356,-30.28083028083028,0.5860805860805861,11.526251526251526,0.0,-27.936507936507937,-0.1953601953601953,4.493284493284493,16.605616605616607,0.0,17.387057387057386,-12.307692307692308,0.0,-18.168498168498168,19.73137973137973,-11.916971916971915,-39.65811965811966,0.0,0.9768009768009768,5.665445665445666,-6.446886446886447,-52.94261294261294,0.0,-0.1953601953601953,-36.92307692307692,41.61172161172161,12.307692307692308,-6.446886446886447
5.665445665445666,-31.062271062271066,-4.493284493284493,13.870573870573873,0.0,-34.18803418803419,-4.102564102564102,4.102564102564102,18.168498168498168,0.0,13.870573870573873,-11.526251526251526,0.0,-25.982905982905983,25.592185592185597,-18.55921855921856,-38.87667887667888,0.0,-6.446886446886447,5.665445665445666,-8.00976800976801,-50.20757020757021,0.0,4.884004884004884,-13.47985347985348,15.824175824175825,10.354090354090356,-8.00976800976801
1.3675213675213675,-28.32722832722833,-4.884004884004884,6.056166056166056,0.0,-35.36019536019536,-4.884004884004884,2.148962148962149,12.698412698412698,0.0,11.135531135531137,-9.18192918192918,0.0,-30.28083028083028,32.234432234432234,-23.247863247863247,-44.346764346764346,0.0,-15.042735042735044,13.47985347985348,-10.354090354090356,-54.89621489621489,0.0,5.274725274725275,-15.042735042735044,16.996336996336996,11.916971916971915,-10.354090354090356
1.3675213675213675,-25.982905982905983,-5.665445665445666,-5.274725274725275,0.0,-34.57875457875458,-3.3211233211233213,-0.1953601953601953,2.5396825396825395,0.0,7.619047619047619,-5.665445665445666,0.0,-33.01587301587302,35.75091575091575,-26.37362637362637,-50.20757020757021,0.0,-21.68498168498169,20.512820512820515,-15.433455433455434,-58.02197802197802,0.0,6.056166056166056,7.619047619047619,-7.619047619047619,13.089133089133089,-15.433455433455434
0.5860805860805861,-24.02930402930403,-6.446886446886447,-9.18192918192918,0.0,-38.095238095238095,-0.1953601953601953,-2.5396825396825395,1.7582417582417582,0.0,0.5860805860805861,-3.3211233211233213,0.0,-38.095238095238095,35.36019536019536,-29.499389499389498,-47.081807081807085,0.0,-27.545787545787547,24.02930402930403,-23.247863247863247,-52.94261294261294,0.0,6.837606837606837,-5.274725274725275,3.711843711843712,9.963369963369964,-23.247863247863247
-1.3675213675213675,-24.02930402930403,-8.4004884004884,-4.884004884004884,0.0,-43.95604395604396,0.1953601953601953,-5.274725274725275,9.572649572649572,0.0,-6.446886446886447,0.1953601953601953,0.0,-46.69108669108669,33.01587301587302,-29.499389499389498,-38.87667887667888,0.0,-33.01587301587302,22.075702075702075,-26.764346764346765,-45.51892551892552,0.0,8.791208791208792,-20.903540903540904,20.903540903540904,3.3211233211233213,-26.764346764346765
-0.1953601953601953,-20.903540903540904,-9.18192918192918,-6.837606837606837,0.0,-45.90964590964591,1.7582417582417582,-1.3675213675213675,6.837606837606837,0.0,-10.744810744810744,3.711843711843712,0.0,-49.42612942612943,33.7973137973138,-24.02930402930403,-40.04884004884005,0.0,-33.01587301587302,19.73137973137973,-23.63858363858364,-43.56532356532357,0.0,9.572649572649572,-4.493284493284493,2.148962148962149,-0.5860805860805861,-23.63858363858364
-1.3675213675213675,-18.55921855921856,-11.916971916971915,-5.665445665445666,0.0,-50.989010989010985,2.148962148962149,1.7582417582417582,6.446886446886447,0.0,-15.433455433455434,3.3211233211233213,0.0,-50.989010989010985,31.45299145299145,-22.075702075702075,-39.26739926739927,0.0,-32.62515262515262,12.698412698412698,-18.94993894993895,-42.002442002442,0.0,12.307692307692308,4.493284493284493,-8.00976800976801,-5.665445665445666,-18.94993894993895
-6.446886446886447,-19.73137973137973,-16.214896214896214,-0.9768009768009768,0.0,-57.24053724053724,1.7582417582417582,-0.5860805860805861,11.135531135531137,0.0,-16.214896214896214,1.3675213675213675,0.0,-55.67765567765568,29.89010989010989,-26.764346764346765,-31.45299145299145,0.0,-36.53235653235653,6.446886446886447,-17.77777777777778,-37.31379731379732,0.0,16.605616605616607,-26.37362637362637,22.466422466422465,-7.228327228327228,-17.77777777777778
-11.526251526251526,-16.996336996336996,-13.47985347985348,-6.056166056166056,0.0,-60.757020757020754,5.665445665445666,-0.5860805860805861,5.665445665445666,0.0,-12.698412698412698,1.3675213675213675,0.0,-54.89621489621489,31.45299145299145,-29.10866910866911,-33.01587301587302,0.0,-39.65811965811966,8.00976800976801,-17.387057387057386,-37.704517704517706,0.0,13.870573870573873,-21.294261294261293,15.433455433455434,-5.274725274725275,-17.387057387057386
-15.824175824175825,-11.526251526251526,-12.307692307692308,-11.916971916971915,0.0,-63.10134310134311,13.870573870573873,-2.5396825396825395,-0.9768009768009768,0.0,-9.963369963369964,0.1953601953601953,0.0,-52.94261294261294,32.62515262515262,-30.671550671550676,-36.14163614163614,0.0,-42.002442002442,13.47985347985348,-22.466422466422465,-37.31379731379732,0.0,12.698412698412698,37.704517704517706,-46.3003663003663,-3.3211233211233213,-22.466422466422465
-20.903540903540904,-10.744810744810744,-11.135531135531137,-11.135531135531137,0.0,-64.66422466422466,14.652014652014651,-5.665445665445666,0.5860805860805861,0.0,-9.18192918192918,-0.9768009768009768,0.0,-53.333333333333336,31.45299145299145,-33.40659340659341,-32.234432234432234,0.0,-44.737484737484735,18.94993894993895,-30.671550671550676,-31.45299145299145,0.0,11.526251526251526,41.61172161172161,-54.5054945054945,-0.1953601953601953,-30.671550671550676
-21.294261294261293,-8.791208791208792,-8.791208791208792,-9.572649572649572,0.0,-61.92918192918193,15.433455433455434,-5.274725274725275,0.5860805860805861,0.0,-7.228327228327228,-0.5860805860805861,0.0,-49.81684981684982,31.843711843711844,-33.01587301587302,-29.499389499389498,0.0,-43.17460317460318,26.764346764346765,-36.92307692307692,-27.155067155067155,0.0,9.18192918192918,-3.3211233211233213,-13.47985347985348,4.102564102564102,-36.92307692307692
-20.903540903540904,-7.619047619047619,-4.102564102564102,-12.698412698412698,0.0,-58.41269841269841,15.433455433455434,-0.1953601953601953,-4.102564102564102,0.0,-5.665445665445666,-2.93040293040293,0.0,-42.39316239316239,31.843711843711844,-32.234432234432234,-33.7973137973138,0.0,-37.31379731379732,31.843711843711844,-41.61172161172161,-29.10866910866911,0.0,4.493284493284493,10.744810744810744,-28.32722832722833,6.446886446886447,-41.61172161172161
-20.903540903540904,-10.354090354090356,0.9768009768009768,-15.042735042735044,0.0,-59.975579975579976,12.307692307692308,4.884004884004884,-4.493284493284493,0.0,-3.3211233211233213,-5.665445665445666,0.0,-36.53235653235653,30.671550671550676,-32.234432234432234,-35.36019536019536,0.0,-33.01587301587302,31.062271062271066,-43.56532356532357,-28.32722832722833,0.0,-0.5860805860805861,46.69108669108669,-64.66422466422466,6.837606837606837,-43.56532356532357
-24.42002442002442,-11.916971916971915,6.837606837606837,-12.698412698412698,0.0,-66.61782661782662,15.042735042735044,7.619047619047619,-0.1953601953601953,0.0,0.9768009768009768,-8.00976800976801,0.0,-31.843711843711844,30.671550671550676,-33.7973137973138,-31.45299145299145,0.0,-31.45299145299145,28.71794871794872,-43.56532356532357,-21.294261294261293,0.0,-6.446886446886447,11.526251526251526,-25.2014652014652,4.884004884004884,-43.56532356532357
-33.40659340659341,-6.837606837606837,13.870573870573873,-13.47985347985348,0.0,-78.73015873015873,24.81074481074481,11.526251526251526,0.1953601953601953,0.0,2.93040293040293,-11.916971916971915,0.0,-30.671550671550676,32.62515262515262,-30.28083028083028,-31.843711843711844,0.0,-31.843711843711844,27.155067155067155,-41.61172161172161,-15.042735042735044,0.0,-13.47985347985348,-36.53235653235653,22.466422466422465,1.7582417582417582,-41.61172161172161
-30.671550671550676,2.93040293040293,13.47985347985348,-21.294261294261293,0.0,-74.82295482295483,31.843711843711844,11.135531135531137,-5.274725274725275,0.0,9.963369963369964,-8.00976800976801,0.0,-24.02930402930403,31.45299145299145,-26.37362637362637,-33.40659340659341,0.0,-28.32722832722833,24.02930402930403,-39.26739926739927,-9.572649572649572,0.0,-13.089133089133089,-1.3675213675213675,-16.605616605616607,-2.148962148962149,-39.26739926739927
-32.62515262515262,14.261294261294262,11.526251526251526,-16.996336996336996,0.0,-75.6043956043956,40.04884004884005,11.135531135531137,-1.7582417582417582,0.0,13.870573870573873,-8.00976800976801,0.0,-22.857142857142858,29.10866910866911,-19.73137973137973,-28.32722832722833,0.0,-25.592185592185597,20.512820512820515,-35.75091575091575,-1.7582417582417582,0.0,-11.135531135531137,-14.261294261294262,-6.446886446886447,-6.446886446886447,-35.75091575091575
-29.10866910866911,25.982905982905983,8.00976800976801,-19.73137973137973,0.0,-65.44566544566544,45.12820512820513,14.261294261294262,-9.963369963369964,0.0,20.903540903540904,-6.056166056166056,0.0,-18.168498168498168,24.81074481074481,-13.089133089133089,-30.671550671550676,0.0,-22.466422466422465,19.34065934065934,-33.7973137973138,-0.5860805860805861,0.0,-7.619047619047619,-24.81074481074481,1.3675213675213675,-8.791208791208792,-33.7973137973138
-21.68498168498169,34.969474969474966,3.3211233211233213,-24.81074481074481,0.0,-52.55189255189255,49.03540903540904,15.433455433455434,-21.68498168498169,0.0,29.499389499389498,-1.3675213675213675,0.0,-9.572649572649572,22.466422466422465,-6.446886446886447,-34.969474969474966,0.0,-14.652014652014651,18.168498168498168,-30.28083028083028,-2.93040293040293,0.0,-2.93040293040293,-18.94993894993895,-4.493284493284493,-11.526251526251526,-30.28083028083028
-19.34065934065934,35.36019536019536,0.9768009768009768,-16.214896214896214,0.0,-50.20757020757021,51.77045177045177,16.996336996336996,-18.55921855921856,0.0,35.75091575091575,0.1953601953601953,0.0,-8.00976800976801,21.68498168498169,-0.5860805860805861,-32.234432234432234,0.0,-12.698412698412698,17.77777777777778,-24.42002442002442,-0.5860805860805861,0.0,-0.5860805860805861,-49.03540903540904,31.062271062271066,-14.261294261294262,-24.42002442002442
-20.12210012210012,34.57875457875458,-2.148962148962149,-6.446886446886447,0.0,-52.16117216117216,52.94261294261294,15.824175824175825,-12.698412698412698,0.0,40.83028083028083,2.93040293040293,0.0,-8.00976800976801,23.63858363858364,1.3675213675213675,-28.32722832722833,0.0,-13.089133089133089,17.387057387057386,-19.73137973137973,3.3211233211233213,0.0,2.5396825396825395,-88.1074481074481,74.04151404151405,-15.433455433455434,-19.73137973137973
-15.824175824175825,36.14163614163614,-3.711843711843712,-7.619047619047619,0.0,-50.5982905982906,54.5054945054945,15.824175824175825,-13.47985347985348,0.0,43.95604395604396,11.916971916971915,0.0,-5.665445665445666,32.62515262515262,7.228327228327228,-36.92307692307692,0.0,-7.228327228327228,17.387057387057386,-11.916971916971915,-0.5860805860805861,0.0,4.102564102564102,-61.53846153846154,49.81684981684982,-17.387057387057386,-11.916971916971915
-13.47985347985348,38.48595848595848,-5.665445665445666,-6.446886446886447,0.0,-49.03540903540904,52.55189255189255,16.996336996336996,-10.744810744810744,0.0,43.56532356532357,20.12210012210012,0.0,-6.056166056166056,40.83028083028083,13.089133089133089,-43.56532356532357,0.0,-0.5860805860805861,14.261294261294262,-6.837606837606837,-2.5396825396825395,0.0,6.056166056166056,-64.66422466422466,56.45909645909646,-21.294261294261293,-6.837606837606837
-13.870573870573873,38.48595848595848,-9.18192918192918,-0.1953601953601953,0.0,-46.3003663003663,45.90964590964591,14.652014652014651,-1.7582417582417582,0.0,42.39316239316239,22.857142857142858,0.0,-10.744810744810744,42.002442002442,13.089133089133089,-38.48595848595848,0.0,0.9768009768009768,6.837606837606837,-6.837606837606837,4.493284493284493,0.0,9.572649572649572,-112.33211233211232,102.95482295482296,-23.247863247863247,-6.837606837606837
-13.870573870573873,44.346764346764346,-9.572649572649572,-5.665445665445666,0.0,-36.92307692307692,40.83028083028083,13.47985347985348,-4.884004884004884,0.0,43.17460317460318,25.982905982905983,0.0,-4.493284493284493,40.83028083028083,13.089133089133089,-41.22100122100122,0.0,8.4004884004884,2.148962148962149,-10.744810744810744,6.446886446886447,0.0,9.963369963369964,-97.48473748473748,89.67032967032966,-24.81074481074481,-10.744810744810744
-16.996336996336996,47.472527472527474,-4.884004884004884,-8.00976800976801,0.0,-28.32722832722833,35.36019536019536,13.089133089133089,-4.884004884004884,0.0,42.39316239316239,24.42002442002442,0.0,1.7582417582417582,35.75091575091575,11.526251526251526,-36.92307692307692,0.0,16.214896214896214,-0.1953601953601953,-14.652014652014651,11.135531135531137,0.0,5.274725274725275,-39.65811965811966,37.704517704517706,-26.764346764346765,-14.652014652014651
-20.903540903540904,49.03540903540904,-1.7582417582417582,0.1953601953601953,0.0,-24.02930402930403,31.843711843711844,12.698412698412698,5.274725274725275,0.0,42.78388278388278,20.512820512820515,0.0,6.446886446886447,29.499389499389498,8.4004884004884,-25.592185592185597,0.0,17.77777777777778,0.1953601953601953,-19.34065934065934,19.34065934065934,0.0,2.148962148962149,-53.724053724053725,54.5054945054945,-23.247863247863247,-19.34065934065934
-22.857142857142858,49.42612942612943,4.102564102564102,6.056166056166056,0.0,-21.294261294261293,31.062271062271066,14.261294261294262,11.916971916971915,0.0,44.346764346764346,20.512820512820515,0.0,11.526251526251526,28.32722832722833,8.4004884004884,-22.466422466422465,0.0,20.512820512820515,3.3211233211233213,-19.73137973137973,21.294261294261293,0.0,-3.711843711843712,-83.02808302808303,85.76312576312576,-17.387057387057386,-19.73137973137973
-20.512820512820515,54.114774114774114,7.619047619047619,6.446886446886447,0.0,-15.824175824175825,33.01587301587302,18.94993894993895,10.744810744810744,0.0,45.51892551892552,25.592185592185597,0.0,20.12210012210012,35.36019536019536,9.963369963369964,-25.2014652014652,0.0,29.89010989010989,8.4004884004884,-16.605616605616607,18.168498168498168,0.0,-7.228327228327228,-55.28693528693529,61.14774114774115,-15.042735042735044,-16.605616605616607
-18.168498168498168,59.1941391941392,3.3211233211233213,14.261294261294262,0.0,-9.572649572649572,31.45299145299145,21.68498168498169,13.870573870573873,0.0,45.90964590964591,29.10866910866911,0.0,21.294261294261293,39.65811965811966,13.870573870573873,-23.247863247863247,0.0,34.18803418803419,8.791208791208792,-11.526251526251526,18.94993894993895,0.0,-2.93040293040293,-10.744810744810744,15.042735042735044,-12.307692307692308,-11.526251526251526
-22.075702075702075,60.757020757020754,0.1953601953601953,21.294261294261293,0.0,-9.18192918192918,29.89010989010989,21.68498168498169,16.214896214896214,0.0,46.3003663003663,27.936507936507937,0.0,16.214896214896214,40.43956043956044,18.55921855921856,-18.168498168498168,0.0,31.45299145299145,6.056166056166056,-4.884004884004884,24.42002442002442,0.0,0.1953601953601953,-8.00976800976801,11.916971916971915,-10.354090354090356,-4.884004884004884
-19.34065934065934,67.78998778998779,-7.228327228327228,16.605616605616607,0.0,-0.5860805860805861,32.234432234432234,15.042735042735044,8.4004884004884,0.0,47.081807081807085,29.89010989010989,0.0,25.592185592185597,34.57875457875458,16.214896214896214,-16.214896214896214,0.0,40.83028083028083,-0.1953601953601953,-5.274725274725275,25.2014652014652,0.0,7.619047619047619,-11.135531135531137,13.870573870573873,-13.089133089133089,-5.274725274725275
-18.55921855921856,72.86935286935287,-13.870573870573873,16.605616605616607,0.0,4.493284493284493,29.89010989010989,11.135531135531137,8.4004884004884,0.0,43.95604395604396,25.2014652014652,0.0,25.592185592185597,27.155067155067155,16.605616605616607,-9.963369963369964,0.0,41.22100122100122,-5.274725274725275,-0.9768009768009768,25.592185592185597,0.0,14.261294261294262,-5.274725274725275,4.493284493284493,-15.824175824175825,-0.9768009768009768
-14.652014652014651,71.6971916971917,-21.294261294261293,18.168498168498168,0.0,6.446886446886447,29.10866910866911,5.665445665445666,10.354090354090356,0.0,41.61172161172161,22.857142857142858,0.0,23.63858363858364,20.512820512820515,15.042735042735044,-2.93040293040293,0.0,39.65811965811966,-11.526251526251526,0.1953601953601953,28.71794871794872,0.0,21.68498168498169,-9.572649572649572,3.711843711843712,-19.73137973137973,0.1953601953601953
-2.5396825396825395,72.47863247863248,-27.545787545787547,8.4004884004884,0.0,13.47985347985348,29.89010989010989,2.93040293040293,1.3675213675213675,0.0,42.002442002442,27.936507936507937,0.0,31.062271062271066,19.34065934065934,11.135531135531137,-7.228327228327228,0.0,47.472527472527474,-13.870573870573873,-2.148962148962149,23.247863247863247,0.0,27.936507936507937,-19.34065934065934,5.665445665445666,-20.12210012210012,-2.148962148962149
6.446886446886447,72.47863247863248,-31.45299145299145,-2.93040293040293,0.0,18.168498168498168,28.32722832722833,6.056166056166056,-9.18192918192918,0.0,41.61172161172161,33.40659340659341,0.0,33.40659340659341,22.075702075702075,12.307692307692308,-17.77777777777778,0.0,51.37973137973138,-15.042735042735044,-1.7582417582417582,16.214896214896214,0.0,31.843711843711844,-3.711843711843712,-15.824175824175825,-20.512820512820515,-1.7582417582417582
11.526251526251526,69.35286935286935,-36.92307692307692,-4.493284493284493,0.0,16.605616605616607,24.42002442002442,7.228327228327228,-11.526251526251526,0.0,38.87667887667888,38.095238095238095,0.0,33.01587301587302,20.12210012210012,12.307692307692308,-21.68498168498169,0.0,54.114774114774114,-18.94993894993895,-7.619047619047619,18.55921855921856,0.0,37.31379731379732,-19.73137973137973,-7.228327228327228,-17.77777777777778,-7.619047619047619
14.652014652014651,65.83638583638583,-42.78388278388278,-8.00976800976801,0.0,14.652014652014651,22.075702075702075,5.274725274725275,-14.261294261294262,0.0,37.704517704517706,41.61172161172161,0.0,36.53235653235653,14.652014652014651,11.526251526251526,-25.2014652014652,0.0,56.45909645909646,-24.42002442002442,-13.870573870573873,20.512820512820515,0.0,43.17460317460318,-37.704517704517706,0.9768009768009768,-15.042735042735044,-13.870573870573873
19.34065934065934,65.05494505494505,-43.56532356532357,-18.94993894993895,0.0,15.824175824175825,21.294261294261293,8.4004884004884,-25.2014652014652,0.0,36.14163614163614,42.39316239316239,0.0,42.78388278388278,11.135531135531137,13.47985347985348,-35.36019536019536,0.0,61.14774114774115,-25.2014652014652,-14.652014652014651,12.307692307692308,0.0,43.95604395604396,1.7582417582417582,-42.002442002442,-12.307692307692308,-14.652014652014651
20.903540903540904,60.366300366300365,-47.081807081807085,-19.34065934065934,0.0,13.089133089133089,17.77777777777778,6.446886446886447,-25.592185592185597,0.0,33.7973137973138,34.969474969474966,0.0,42.78388278388278,7.228327228327228,12.698412698412698,-36.92307692307692,0.0,62.31990231990232,-25.2014652014652,-13.870573870573873,4.493284493284493,0.0,47.472527472527474,-6.056166056166056,-38.87667887667888,-6.837606837606837,-13.870573870573873
23.247863247863247,53.724053724053725,-52.94261294261294,-20.12210012210012,0.0,11.526251526251526,15.042735042735044,0.1953601953601953,-24.42002442002442,0.0,33.01587301587302,27.936507936507937,0.0,40.43956043956044,8.00976800976801,5.665445665445666,-34.969474969474966,0.0,61.14774114774115,-22.857142857142858,-13.089133089133089,-3.3211233211233213,0.0,53.333333333333336,-69.35286935286935,19.73137973137973,0.9768009768009768,-13.089133089133089
28.32722832722833,49.81684981684982,-55.28693528693529,-32.62515262515262,0.0,15.042735042735044,12.307692307692308,-0.5860805860805861,-37.704517704517706,0.0,33.7973137973138,24.02930402930403,0.0,39.26739926739927,16.605616605616607,0.1953601953601953,-48.25396825396825,0.0,60.366300366300365,-11.916971916971915,-13.47985347985348,-25.592185592185597,0.0,55.67765567765568,-57.24053724053724,9.572649572649572,11.135531135531137,-13.47985347985348
30.28083028083028,43.17460317460318,-55.67765567765568,-43.56532356532357,0.0,16.996336996336996,5.665445665445666,-1.7582417582417582,-47.081807081807085,0.0,31.843711843711844,21.294261294261293,0.0,32.62515262515262,25.592185592185597,-2.93040293040293,-63.49206349206349,0.0,54.5054945054945,-0.9768009768009768,-14.261294261294262,-45.90964590964591,0.0,56.06837606837607,-8.791208791208792,-31.45299145299145,16.996336996336996,-14.261294261294262
30.671550671550676,33.7973137973138,-58.02197802197802,-47.081807081807085,0.0,15.433455433455434,-2.148962148962149,-4.102564102564102,-49.42612942612943,0.0,26.37362637362637,21.68498168498169,0.0,27.155067155067155,27.155067155067155,-9.963369963369964,-71.6971916971917,0.0,48.64468864468864,2.93040293040293,-18.55921855921856,-59.975579975579976,0.0,58.41269841269841,-23.63858363858364,-12.698412698412698,20.903540903540904,-18.55921855921856
35.36019536019536,23.63858363858364,-54.114774114774114,-54.5054945054945,0.0,15.824175824175825,-7.619047619047619,0.1953601953601953,-58.41269841269841,0.0,20.903540903540904,23.247863247863247,0.0,22.075702075702075,25.2014652014652,-10.354090354090356,-88.1074481074481,0.0,43.56532356532357,5.665445665445666,-26.37362637362637,-72.86935286935287,0.0,54.5054945054945,-27.545787545787547,-2.5396825396825395,22.075702075702075,-26.37362637362637
38.87667887667888,16.996336996336996,-45.90964590964591,-62.71062271062271,0.0,14.261294261294262,-11.916971916971915,6.056166056166056,-62.71062271062271,0.0,15.433455433455434,22.857142857142858,0.0,19.73137973137973,22.466422466422465,-6.056166056166056,-104.9084249084249,0.0,43.56532356532357,5.665445665445666,-34.18803418803419,-83.41880341880342,0.0,46.3003663003663,-2.148962148962149,-22.466422466422465,18.94993894993895,-34.18803418803419
38.48595848595848,8.791208791208792,-40.43956043956044,-61.53846153846154,0.0,6.837606837606837,-15.042735042735044,11.526251526251526,-58.8034188034188,0.0,11.135531135531137,18.94993894993895,0.0,15.433455433455434,15.042735042735044,-8.791208791208792,-112.72283272283272,0.0,37.704517704517706,0.1953601953601953,-48.25396825396825,-80.29304029304029,0.0,40.83028083028083,32.234432234432234,-59.58485958485959,18.94993894993895,-48.25396825396825
38.095238095238095,9.572649572649572,-38.87667887667888,-65.05494505494505,0.0,1.3675213675213675,-9.963369963369964,9.572649572649572,-57.24053724053724,0.0,8.791208791208792,13.089133089133089,0.0,12.307692307692308,11.526251526251526,-16.996336996336996,-119.36507936507935,0.0,29.499389499389498,-0.9768009768009768,-64.66422466422466,-75.21367521367522,0.0,39.26739926739927,-40.43956043956044,4.884004884004884,19.73137973137973,-64.66422466422466
38.48595848595848,11.916971916971915,-32.62515262515262,-77.94871794871794,0.0,0.1953601953601953,-8.00976800976801,9.963369963369964,-61.92918192918193,0.0,9.963369963369964,5.665445665445666,0.0,11.916971916971915,11.135531135531137,-21.68498168498169,-129.52380952380952,0.0,20.903540903540904,1.7582417582417582,-73.26007326007326,-76.77655677655677,0.0,33.01587301587302,-70.52503052503053,24.81074481074481,21.294261294261293,-73.26007326007326
39.26739926739927,10.354090354090356,-32.234432234432234,-81.07448107448107,0.0,-0.5860805860805861,-5.665445665445666,4.884004884004884,-61.92918192918193,0.0,9.18192918192918,-1.7582417582417582,0.0,9.963369963369964,8.791208791208792,-27.155067155067155,-127.57020757020756,0.0,11.135531135531137,2.5396825396825395,-75.6043956043956,-73.65079365079364,0.0,32.62515262515262,-66.22710622710623,11.135531135531137,21.68498168498169,-75.6043956043956
44.737484737484735,5.665445665445666,-36.53235653235653,-81.07448107448107,0.0,1.7582417582417582,-0.9768009768009768,-3.3211233211233213,-63.49206349206349,0.0,8.791208791208792,-7.228327228327228,0.0,8.4004884004884,4.884004884004884,-33.7973137973138,-117.02075702075702,0.0,4.102564102564102,2.93040293040293,-75.21367521367522,-68.96214896214896,0.0,36.92307692307692,-72.86935286935287,13.870573870573873,18.94993894993895,-75.21367521367522
47.86324786324786,0.9768009768009768,-38.095238095238095,-83.41880341880342,0.0,3.3211233211233213,1.3675213675213675,-5.665445665445666,-71.6971916971917,0.0,6.837606837606837,-13.870573870573873,0.0,8.00976800976801,-0.5860805860805861,-31.843711843711844,-111.94139194139194,0.0,-0.1953601953601953,3.3211233211233213,-72.08791208791209,-67.3992673992674,0.0,38.48595848595848,-13.089133089133089,-46.69108669108669,18.168498168498168,-72.08791208791209
49.42612942612943,-0.9768009768009768,-44.346764346764346,-79.51159951159951,0.0,0.1953601953601953,7.228327228327228,-9.18192918192918,-75.21367521367522,0.0,2.93040293040293,-18.168498168498168,0.0,5.274725274725275,-7.228327228327228,-31.45299145299145,-101.78266178266178,0.0,-2.148962148962149,0.5860805860805861,-69.35286935286935,-63.88278388278388,0.0,44.737484737484735,5.274725274725275,-63.49206349206349,13.089133089133089,-69.35286935286935
44.346764346764346,-4.102564102564102,-56.45909645909646,-67.78998778998779,0.0,-5.665445665445666,6.837606837606837,-15.433455433455434,-69.74358974358974,0.0,-2.148962148962149,-23.63858363858364,0.0,0.9768009768009768,-17.387057387057386,-37.704517704517706,-81.46520146520146,0.0,-8.00976800976801,-4.102564102564102,-72.86935286935287,-49.81684981684982,0.0,56.84981684981685,-54.114774114774114,0.1953601953601953,7.619047619047619,-72.86935286935287
38.48595848595848,-5.274725274725275,-65.05494505494505,-61.53846153846154,0.0,-11.135531135531137,5.274725274725275,-20.512820512820515,-67.78998778998779,0.0,-8.791208791208792,-27.936507936507937,0.0,-0.5860805860805861,-25.592185592185597,-40.83028083028083,-69.35286935286935,0.0,-10.744810744810744,-9.18192918192918,-73.65079365079364,-42.39316239316239,0.0,65.44566544566544,-76.77655677655677,25.982905982905983,4.493284493284493,-73.65079365079364
38.095238095238095,-6.446886446886447,-70.13431013431014,-64.27350427350427,0.0,-15.042735042735044,6.056166056166056,-22.857142857142858,-71.30647130647131,0.0,-12.307692307692308,-29.10866910866911,0.0,0.5860805860805861,-25.982905982905983,-39.26739926739927,-65.05494505494505,0.0,-9.963369963369964,-8.00976800976801,-66.22710622710623,-43.56532356532357,0.0,70.52503052503053,-41.61172161172161,-4.102564102564102,0.5860805860805861,-66.22710622710623
37.704517704517706,-9.18192918192918,-79.12087912087912,-63.10134310134311,0.0,-20.12210012210012,5.274725274725275,-28.71794871794872,-70.91575091575092,0.0,-17.387057387057386,-28.32722832722833,0.0,0.1953601953601953,-29.10866910866911,-38.48595848595848,-52.94261294261294,0.0,-11.135531135531137,-9.572649572649572,-59.975579975579976,-38.095238095238095,0.0,79.51159951159951,-44.737484737484735,-2.148962148962149,-1.3675213675213675,-59.975579975579976
38.48595848595848,-10.744810744810744,-84.98168498168498,-67.00854700854701,0.0,-23.63858363858364,8.791208791208792,-34.18803418803419,-75.6043956043956,0.0,-22.466422466422465,-27.545787545787547,0.0,0.5860805860805861,-29.89010989010989,-38.48595848595848,-47.081807081807085,0.0,-11.135531135531137,-9.963369963369964,-55.28693528693529,-36.92307692307692,0.0,85.37240537240537,-75.995115995116,24.42002442002442,0.1953601953601953,-55.28693528693529
40.43956043956044,-8.4004884004884,-88.88888888888889,-76.38583638583638,0.0,-22.857142857142858,12.307692307692308,-38.48595848595848,-84.59096459096459,0.0,-25.592185592185597,-22.857142857142858,0.0,2.93040293040293,-27.155067155067155,-35.75091575091575,-50.989010989010985,0.0,-6.837606837606837,-8.00976800976801,-49.42612942612943,-45.90964590964591,0.0,89.27960927960928,-37.31379731379732,-13.47985347985348,0.1953601953601953,-49.42612942612943
40.83028083028083,-6.446886446886447,-93.18681318681318,-79.12087912087912,0.0,-21.68498168498169,11.135531135531137,-44.346764346764346,-83.41880341880342,0.0,-30.671550671550676,-20.512820512820515,0.0,3.711843711843712,-28.32722832722833,-35.75091575091575,-50.20757020757021,0.0,-2.5396825396825395,-8.00976800976801,-47.081807081807085,-51.37973137973138,0.0,93.57753357753356,15.433455433455434,-62.31990231990232,-2.93040293040293,-47.081807081807085
37.31379731379732,-7.228327228327228,-99.82905982905984,-68.18070818070818,0.0,-20.903540903540904,6.056166056166056,-50.20757020757021,-73.26007326007326,0.0,-34.969474969474966,-20.512820512820515,0.0,3.3211233211233213,-30.671550671550676,-40.43956043956044,-42.39316239316239,0.0,0.9768009768009768,-9.963369963369964,-51.77045177045177,-48.25396825396825,0.0,100.21978021978022,1.3675213675213675,-44.737484737484735,-0.5860805860805861,-51.77045177045177
34.969474969474966,-6.837606837606837,-100.6105006105006,-58.41269841269841,0.0,-21.294261294261293,7.228327228327228,-50.989010989010985,-66.61782661782662,0.0,-33.01587301587302,-19.73137973137973,0.0,3.711843711843712,-26.764346764346765,-36.92307692307692,-40.83028083028083,0.0,6.446886446886447,-9.572649572649572,-49.03540903540904,-47.86324786324786,0.0,101.001221001221,-8.00976800976801,-27.545787545787547,-1.7582417582417582,-49.03540903540904
33.7973137973138,-6.837606837606837,-102.95482295482296,-44.737484737484735,0.0,-24.02930402930403,13.089133089133089,-47.472527472527474,-62.71062271062271,0.0,-25.592185592185597,-20.512820512820515,0.0,2.5396825396825395,-21.68498168498169,-27.936507936507937,-36.53235653235653,0.0,10.354090354090356,-11.135531135531137,-36.53235653235653,-45.90964590964591,0.0,103.34554334554336,9.572649572649572,-40.43956043956044,-4.493284493284493,-36.53235653235653
28.32722832722833,-4.884004884004884,-102.17338217338218,-30.671550671550676,0.0,-27.155067155067155,18.55921855921856,-44.346764346764346,-57.24053724053724,0.0,-17.77777777777778,-20.12210012210012,0.0,0.1953601953601953,-15.824175824175825,-23.247863247863247,-27.155067155067155,0.0,11.526251526251526,-11.916971916971915,-28.32722832722833,-37.31379731379732,0.0,102.56410256410255,9.18192918192918,-34.18803418803419,-6.446886446886447,-28.32722832722833
24.02930402930403,-2.5396825396825395,-96.31257631257633,-25.592185592185597,0.0,-27.545787545787547,24.81074481074481,-38.87667887667888,-59.58485958485959,0.0,-10.744810744810744,-15.433455433455434,0.0,1.3675213675213675,-10.744810744810744,-15.824175824175825,-26.37362637362637,0.0,14.652014652014651,-13.47985347985348,-15.042735042735044,-38.095238095238095,0.0,96.7032967032967,-22.857142857142858,7.228327228327228,-9.572649572649572,-15.042735042735044
24.02930402930403,-1.7582417582417582,-88.4981684981685,-27.155067155067155,0.0,-23.63858363858364,27.155067155067155,-36.53235653235653,-60.757020757020754,0.0,-4.884004884004884,-9.18192918192918,0.0,6.837606837606837,-9.18192918192918,-13.089133089133089,-26.764346764346765,0.0,18.94993894993895,-14.652014652014651,-5.274725274725275,-40.43956043956044,0.0,88.88888888888889,-25.592185592185597,21.294261294261293,-13.47985347985348,-5.274725274725275
22.857142857142858,-4.493284493284493,-83.41880341880342,-21.294261294261293,0.0,-21.68498168498169,22.075702075702075,-38.48595848595848,-49.03540903540904,0.0,-4.493284493284493,-1.7582417582417582,0.0,9.572649572649572,-12.307692307692308,-15.042735042735044,-15.433455433455434,0.0,22.857142857142858,-16.605616605616607,-4.493284493284493,-34.18803418803419,0.0,83.80952380952381,-25.2014652014652,31.45299145299145,-13.47985347985348,-4.493284493284493
19.34065934065934,-7.228327228327228,-77.16727716727716,-15.824175824175825,0.0,-21.68498168498169,17.387057387057386,-40.04884004884005,-37.31379731379732,0.0,-5.665445665445666,3.711843711843712,0.0,10.744810744810744,-14.261294261294262,-15.433455433455434,-3.711843711843712,0.0,24.42002442002442,-16.996336996336996,-3.711843711843712,-24.42002442002442,0.0,77.55799755799755,-47.86324786324786,62.71062271062271,-13.47985347985348,-3.711843711843712
21.294261294261293,-6.056166056166056,-70.91575091575092,-19.73137973137973,0.0,-19.73137973137973,21.68498168498169,-38.095238095238095,-38.87667887667888,0.0,-0.9768009768009768,11.135531135531137,0.0,15.824175824175825,-10.744810744810744,-10.744810744810744,-4.493284493284493,0.0,28.32722832722833,-14.261294261294262,2.5396825396825395,-26.764346764346765,0.0,71.30647130647131,-9.572649572649572,27.545787545787547,-13.47985347985348,2.5396825396825395
19.34065934065934,-3.711843711843712,-64.66422466422466,-17.77777777777778,0.0,-20.903540903540904,27.545787545787547,-34.969474969474966,-38.87667887667888,0.0,4.102564102564102,15.433455433455434,0.0,18.168498168498168,-6.837606837606837,-2.93040293040293,-5.274725274725275,0.0,29.89010989010989,-11.916971916971915,13.47985347985348,-28.32722832722833,0.0,65.05494505494505,23.63858363858364,-6.837606837606837,-13.089133089133089,13.47985347985348
11.526251526251526,-2.93040293040293,-59.975579975579976,-8.4004884004884,0.0,-23.63858363858364,33.01587301587302,-33.7973137973138,-35.75091575091575,0.0,8.00976800976801,16.996336996336996,0.0,18.55921855921856,-6.446886446886447,0.5860805860805861,0.1953601953601953,0.0,26.37362637362637,-11.526251526251526,22.075702075702075,-23.63858363858364,0.0,60.366300366300365,-10.354090354090356,22.857142857142858,-12.698412698412698,22.075702075702075
7.228327228327228,-0.5860805860805861,-52.16117216117216,-5.665445665445666,0.0,-21.68498168498169,42.002442002442,-31.062271062271066,-40.43956043956044,0.0,15.042735042735044,23.247863247863247,0.0,26.37362637362637,-4.884004884004884,5.274725274725275,-4.102564102564102,0.0,27.545787545787547,-9.963369963369964,30.671550671550676,-25.2014652014652,0.0,52.55189255189255,-22.857142857142858,32.62515262515262,-11.135531135531137,30.671550671550676
0.9768009768009768,-1.7582417582417582,-41.61172161172161,-2.93040293040293,0.0,-24.81074481074481,47.86324786324786,-25.592185592185597,-43.17460317460318,0.0,16.605616605616607,29.10866910866911,0.0,31.45299145299145,-1.3675213675213675,11.135531135531137,-7.619047619047619,0.0,29.89010989010989,-6.446886446886447,36.92307692307692,-25.982905982905983,0.0,42.002442002442,22.857142857142858,-10.354090354090356,-9.963369963369964,36.92307692307692
-6.446886446886447,-6.837606837606837,-33.7973137973138,2.93040293040293,0.0,-28.71794871794872,47.86324786324786,-22.857142857142858,-40.83028083028083,0.0,14.652014652014651,33.7973137973138,0.0,31.062271062271066,-1.3675213675213675,15.433455433455434,-4.884004884004884,0.0,28.71794871794872,-4.102564102564102,36.14163614163614,-18.94993894993895,0.0,34.18803418803419,-6.837606837606837,22.857142857142858,-8.00976800976801,36.14163614163614
-12.698412698412698,-10.744810744810744,-25.592185592185597,0.5860805860805861,0.0,-30.671550671550676,47.081807081807085,-20.512820512820515,-43.95604395604396,0.0,11.526251526251526,38.87667887667888,0.0,30.671550671550676,-0.5860805860805861,18.94993894993895,-4.884004884004884,0.0,27.936507936507937,-2.148962148962149,35.36019536019536,-16.214896214896214,0.0,25.982905982905983,-72.47863247863248,88.1074481074481,-3.711843711843712,35.36019536019536
-14.652014652014651,-11.526251526251526,-21.294261294261293,-4.884004884004884,0.0,-30.28083028083028,46.3003663003663,-17.387057387057386,-52.16117216117216,0.0,7.619047619047619,41.61172161172161,0.0,28.71794871794872,-0.1953601953601953,23.63858363858364,-10.354090354090356,0.0,26.764346764346765,-0.1953601953601953,38.095238095238095,-22.466422466422465,0.0,21.68498168498169,-53.333333333333336,67.3992673992674,-2.148962148962149,38.095238095238095
-20.903540903540904,-13.47985347985348,-20.512820512820515,-5.274725274725275,0.0,-31.843711843711844,43.56532356532357,-18.168498168498168,-54.89621489621489,0.0,4.102564102564102,37.31379731379732,0.0,22.075702075702075,-4.884004884004884,26.37362637362637,-11.526251526251526,0.0,20.512820512820515,-1.3675213675213675,40.43956043956044,-27.545787545787547,0.0,20.903540903540904,-21.294261294261293,30.28083028083028,0.1953601953601953,40.43956043956044
-30.28083028083028,-13.870573870573873,-21.294261294261293,-0.5860805860805861,0.0,-33.01587301587302,41.22100122100122,-22.075702075702075,-53.333333333333336,0.0,0.9768009768009768,33.40659340659341,0.0,18.94993894993895,-11.916971916971915,24.02930402930403,-5.665445665445666,0.0,13.47985347985348,-0.1953601953601953,38.48595848595848,-25.592185592185597,0.0,21.68498168498169,-52.16117216117216,58.02197802197802,5.274725274725275,38.48595848595848
-35.36019536019536,-13.089133089133089,-23.63858363858364,0.9768009768009768,0.0,-31.843711843711844,42.39316239316239,-24.42002442002442,-57.63125763125763,0.0,0.5860805860805861,27.155067155067155,0.0,18.168498168498168,-15.824175824175825,23.247863247863247,-6.056166056166056,0.0,7.228327228327228,2.148962148962149,34.969474969474966,-25.2014652014652,0.0,24.02930402930403,-73.65079365079364,78.73015873015873,8.4004884004884,34.969474969474966
-40.04884004884005,-12.307692307692308,-22.075702075702075,-0.1953601953601953,0.0,-29.499389499389498,43.17460317460318,-21.68498168498169,-67.78998778998779,0.0,0.5860805860805861,25.982905982905983,0.0,17.387057387057386,-13.47985347985348,29.499389499389498,-14.652014652014651,0.0,5.274725274725275,9.572649572649572,33.01587301587302,-28.71794871794872,0.0,22.466422466422465,-4.884004884004884,11.916971916971915,12.307692307692308,33.01587301587302
-42.78388278388278,-13.089133089133089,-17.77777777777778,1.3675213675213675,0.0,-24.02930402930403,42.39316239316239,-19.73137973137973,-71.30647130647131,0.0,0.1953601953601953,26.764346764346765,0.0,15.042735042735044,-9.18192918192918,31.45299145299145,-16.605616605616607,0.0,2.5396825396825395,14.652014652014651,27.936507936507937,-24.02930402930403,0.0,18.168498168498168,14.261294261294262,-5.665445665445666,16.996336996336996,27.936507936507937
-35.36019536019536,-13.47985347985348,-18.168498168498168,-2.93040293040293,0.0,-14.261294261294262,41.22100122100122,-20.12210012210012,-78.33943833943835,0.0,1.7582417582417582,29.10866910866911,0.0,14.261294261294262,-2.148962148962149,29.89010989010989,-24.81074481074481,0.0,3.711843711843712,18.168498168498168,22.466422466422465,-27.155067155067155,0.0,18.55921855921856,21.294261294261293,-11.135531135531137,18.94993894993895,22.466422466422465
-27.545787545787547,-10.354090354090356,-17.77777777777778,-11.916971916971915,0.0,-4.884004884004884,40.04884004884005,-18.94993894993895,-85.76312576312576,0.0,2.93040293040293,33.7973137973138,0.0,11.916971916971915,8.791208791208792,33.01587301587302,-40.04884004884005,0.0,8.791208791208792,22.075702075702075,23.247863247863247,-40.43956043956044,0.0,18.168498168498168,41.61172161172161,-29.89010989010989,19.73137973137973,23.247863247863247
-23.247863247863247,-10.744810744810744,-20.903540903540904,-9.572649572649572,0.0,0.1953601953601953,34.969474969474966,-22.857142857142858,-79.12087912087912,0.0,4.493284493284493,32.234432234432234,0.0,4.493284493284493,15.433455433455434,31.062271062271066,-39.65811965811966,0.0,8.00976800976801,22.857142857142858,20.903540903540904,-40.04884004884005,0.0,21.294261294261293,9.963369963369964,0.1953601953601953,21.68498168498169,20.903540903540904
-20.512820512820515,-11.135531135531137,-28.32722832722833,-9.963369963369964,0.0,3.3211233211233213,30.28083028083028,-29.499389499389498,-76.77655677655677,0.0,6.837606837606837,29.89010989010989,0.0,0.1953601953601953,16.996336996336996,26.37362637362637,-37.704517704517706,0.0,6.056166056166056,19.73137973137973,15.824175824175825,-36.53235653235653,0.0,28.71794871794872,-22.075702075702075,29.89010989010989,18.168498168498168,15.824175824175825
-17.77777777777778,-8.4004884004884,-29.89010989010989,-19.73137973137973,0.0,8.4004884004884,30.671550671550676,-27.545787545787547,-89.67032967032966,0.0,10.354090354090356,28.32722832722833,0.0,-2.148962148962149,18.94993894993895,29.499389499389498,-49.81684981684982,0.0,2.93040293040293,20.12210012210012,13.089133089133089,-40.83028083028083,0.0,30.28083028083028,19.73137973137973,-15.433455433455434,18.168498168498168,13.089133089133089
-18.168498168498168,-9.18192918192918,-28.71794871794872,-22.857142857142858,0.0,10.354090354090356,31.45299145299145,-24.02930402930403,-99.43833943833944,0.0,13.870573870573873,25.982905982905983,0.0,-8.00976800976801,20.512820512820515,30.671550671550676,-56.84981684981685,0.0,-2.5396825396825395,20.903540903540904,7.619047619047619,-38.87667887667888,0.0,29.10866910866911,27.155067155067155,-29.89010989010989,23.247863247863247,7.619047619047619
-18.55921855921856,-13.870573870573873,-28.71794871794872,-18.94993894993895,0.0,9.18192918192918,33.7973137973138,-23.63858363858364,-102.17338217338218,0.0,16.214896214896214,21.294261294261293,0.0,-11.916971916971915,17.387057387057386,24.81074481074481,-54.89621489621489,0.0,-9.18192918192918,16.605616605616607,-2.5396825396825395,-28.71794871794872,0.0,29.10866910866911,-51.77045177045177,43.95604395604396,24.81074481074481,-2.5396825396825395
-12.698412698412698,-15.824175824175825,-27.155067155067155,-23.247863247863247,0.0,15.824175824175825,35.36019536019536,-21.294261294261293,-112.33211233211232,0.0,22.466422466422465,18.168498168498168,0.0,-9.572649572649572,18.94993894993895,21.294261294261293,-69.35286935286935,0.0,-9.18192918192918,18.168498168498168,-14.652014652014651,-31.45299145299145,0.0,27.545787545787547,-47.86324786324786,39.65811965811966,27.936507936507937,-14.652014652014651
-11.135531135531137,-18.55921855921856,-24.02930402930403,-24.02930402930403,0.0,22.857142857142858,32.234432234432234,-18.168498168498168,-117.8021978021978,0.0,26.764346764346765,16.214896214896214,0.0,-9.963369963369964,24.02930402930403,21.68498168498169,-83.80952380952381,0.0,-8.791208791208792,19.34065934065934,-22.466422466422465,-34.57875457875458,0.0,24.42002442002442,16.214896214896214,-20.512820512820515,30.671550671550676,-22.466422466422465
-13.089133089133089,-22.075702075702075,-23.247863247863247,-20.12210012210012,0.0,27.545787545787547,25.2014652014652,-20.512820512820515,-113.89499389499387,0.0,30.28083028083028,11.526251526251526,0.0,-10.354090354090356,25.982905982905983,17.387057387057386,-87.32600732600733,0.0,-8.4004884004884,17.77777777777778,-31.062271062271066,-30.671550671550676,0.0,23.63858363858364,10.354090354090356,-10.744810744810744,33.01587301587302,-31.062271062271066
-15.824175824175825,-24.42002442002442,-21.294261294261293,-21.294261294261293,0.0,34.57875457875458,18.55921855921856,-23.247863247863247,-116.23931623931624,0.0,34.57875457875458,7.619047619047619,0.0,-7.619047619047619,26.37362637362637,13.870573870573873,-94.35897435897436,0.0,-7.619047619047619,15.042735042735044,-36.92307692307692,-30.671550671550676,0.0,21.68498168498169,-0.9768009768009768,5.274725274725275,33.40659340659341,-36.92307692307692
-18.168498168498168,-23.63858363858364,-17.77777777777778,-24.81074481074481,0.0,41.61172161172161,13.47985347985348,-22.857142857142858,-120.53724053724054,0.0,38.87667887667888,1.3675213675213675,0.0,-9.18192918192918,28.32722832722833,13.089133089133089,-100.6105006105006,0.0,-10.744810744810744,13.47985347985348,-36.14163614163614,-33.01587301587302,0.0,18.168498168498168,38.48595848595848,-34.57875457875458,35.75091575091575,-36.14163614163614
-21.294261294261293,-23.247863247863247,-20.12210012210012,-22.466422466422465,0.0,44.737484737484735,11.526251526251526,-27.155067155067155,-119.36507936507935,0.0,41.22100122100122,-7.619047619047619,0.0,-13.47985347985348,26.37362637362637,5.665445665445666,-94.35897435897436,0.0,-17.77777777777778,9.18192918192918,-37.704517704517706,-27.545787545787547,0.0,20.512820512820515,42.002442002442,-42.002442002442,33.40659340659341,-37.704517704517706
-25.2014652014652,-22.075702075702075,-25.592185592185597,-18.168498168498168,0.0,42.002442002442,11.526251526251526,-31.45299145299145,-116.23931623931624,0.0,41.61172161172161,-18.55921855921856,0.0,-20.12210012210012,24.81074481074481,-1.3675213675213675,-91.23321123321124,0.0,-30.671550671550676,6.056166056166056,-40.43956043956044,-22.075702075702075,0.0,25.982905982905983,-11.916971916971915,-1.3675213675213675,32.62515262515262,-40.43956043956044
-22.857142857142858,-16.996336996336996,-33.01587301587302,-18.94993894993895,0.0,42.78388278388278,14.652014652014651,-34.57875457875458,-118.1929181929182,0.0,41.22100122100122,-23.63858363858364,0.0,-23.63858363858364,27.155067155067155,-6.056166056166056,-93.96825396825396,0.0,-40.43956043956044,6.446886446886447,-40.43956043956044,-21.294261294261293,0.0,33.40659340659341,-12.698412698412698,-13.089133089133089,29.499389499389498,-40.43956043956044
-21.68498168498169,-14.652014652014651,-38.48595848595848,-17.77777777777778,0.0,40.04884004884005,17.77777777777778,-38.095238095238095,-115.45787545787546,0.0,40.43956043956044,-28.32722832722833,0.0,-26.37362637362637,28.32722832722833,-6.056166056166056,-93.57753357753356,0.0,-47.081807081807085,5.665445665445666,-35.75091575091575,-19.73137973137973,0.0,38.87667887667888,-16.996336996336996,-16.214896214896214,22.857142857142858,-35.75091575091575
-23.63858363858364,-14.652014652014651,-40.83028083028083,-14.261294261294262,0.0,34.57875457875458,19.73137973137973,-40.04884004884005,-111.15995115995116,0.0,38.095238095238095,-30.28083028083028,0.0,-28.32722832722833,25.982905982905983,-4.102564102564102,-88.88888888888889,0.0,-51.77045177045177,2.148962148962149,-28.32722832722833,-16.605616605616607,0.0,41.22100122100122,-24.81074481074481,-10.354090354090356,15.042735042735044,-28.32722832722833
-19.34065934065934,-16.996336996336996,-39.65811965811966,-18.55921855921856,0.0,36.14163614163614,24.02930402930403,-40.83028083028083,-117.8021978021978,0.0,40.83028083028083,-31.062271062271066,0.0,-27.155067155067155,24.81074481074481,-2.5396825396825395,-88.88888888888889,0.0,-50.20757020757021,-1.7582417582417582,-22.075702075702075,-17.77777777777778,0.0,40.04884004884005,-16.605616605616607,-16.605616605616607,9.18192918192918,-22.075702075702075
-18.94993894993895,-19.34065934065934,-33.01587301587302,-22.075702075702075,0.0,35.75091575091575,27.545787545787547,-40.43956043956044,-119.75579975579976,0.0,42.39316239316239,-34.969474969474966,0.0,-28.71794871794872,24.81074481074481,0.1953601953601953,-87.71672771672772,0.0,-50.20757020757021,-4.884004884004884,-15.824175824175825,-17.77777777777778,0.0,33.40659340659341,-1.3675213675213675,-26.764346764346765,4.884004884004884,-15.824175824175825
-22.466422466422465,-24.02930402930403,-29.499389499389498,-16.214896214896214,0.0,31.062271062271066,24.81074481074481,-43.17460317460318,-109.98778998778998,0.0,41.22100122100122,-38.48595848595848,0.0,-36.92307692307692,21.68498168498169,-4.493284493284493,-72.86935286935287,0.0,-56.45909645909646,-8.4004884004884,-22.466422466422465,-3.711843711843712,0.0,29.89010989010989,-33.7973137973138,9.18192918192918,1.3675213675213675,-22.466422466422465
-22.075702075702075,-27.545787545787547,-25.982905982905983,-11.526251526251526,0.0,26.764346764346765,25.592185592185597,-43.95604395604396,-99.82905982905984,0.0,41.22100122100122,-40.04884004884005,0.0,-44.346764346764346,27.155067155067155,-13.870573870573873,-63.88278388278388,0.0,-63.49206349206349,-7.228327228327228,-29.499389499389498,6.837606837606837,0.0,26.37362637362637,-42.002442002442,18.94993894993895,1.3675213675213675,-29.499389499389498
-18.168498168498168,-25.982905982905983,-20.903540903540904,-12.698412698412698,0.0,24.02930402930403,28.32722832722833,-40.83028083028083,-93.18681318681318,0.0,42.39316239316239,-37.31379731379732,0.0,-47.472527472527474,36.92307692307692,-15.824175824175825,-63.88278388278388,0.0,-63.49206349206349,-4.884004884004884,-26.37362637362637,5.665445665445666,0.0,21.294261294261293,-0.5860805860805861,-20.903540903540904,-0.9768009768009768,-26.37362637362637
-17.387057387057386,-26.37362637362637,-20.903540903540904,-8.791208791208792,0.0,16.214896214896214,29.499389499389498,-39.26739926739927,-83.02808302808303,0.0,42.002442002442,-34.57875457875458,0.0,-51.77045177045177,43.56532356532357,-16.605616605616607,-56.84981684981685,0.0,-61.14774114774115,-7.228327228327228,-20.512820512820515,8.00976800976801,0.0,21.294261294261293,-8.00976800976801,-8.4004884004884,-6.837606837606837,-20.512820512820515
-15.042735042735044,-27.545787545787547,-25.982905982905983,-6.056166056166056,0.0,8.4004884004884,31.45299145299145,-38.87667887667888,-78.73015873015873,0.0,43.95604395604396,-31.062271062271066,0.0,-53.333333333333336,45.90964590964591,-17.77777777777778,-49.03540903540904,0.0,-57.24053724053724,-14.261294261294262,-11.916971916971915,9.572649572649572,0.0,26.37362637362637,-67.00854700854701,49.03540903540904,-9.963369963369964,-11.916971916971915
-9.572649572649572,-26.37362637362637,-26.37362637362637,-10.744810744810744,0.0,5.274725274725275,36.14163614163614,-34.969474969474966,-83.41880341880342,0.0,46.3003663003663,-25.2014652014652,0.0,-50.20757020757021,44.737484737484735,-11.526251526251526,-50.989010989010985,0.0,-50.989010989010985,-20.903540903540904,-2.148962148962149,6.446886446886447,0.0,26.764346764346765,-49.81684981684982,29.10866910866911,-10.744810744810744,-2.148962148962149
-8.00976800976801,-25.592185592185597,-28.71794871794872,-11.916971916971915,0.0,3.3211233211233213,36.14163614163614,-33.7973137973138,-84.2002442002442,0.0,47.081807081807085,-22.075702075702075,0.0,-47.86324786324786,38.48595848595848,-10.354090354090356,-44.346764346764346,0.0,-49.03540903540904,-26.37362637362637,-0.9768009768009768,13.47985347985348,0.0,29.10866910866911,-4.493284493284493,-17.387057387057386,-11.135531135531137,-0.9768009768009768
-8.4004884004884,-29.89010989010989,-26.764346764346765,-7.619047619047619,0.0,0.1953601953601953,31.843711843711844,-35.36019536019536,-74.04151404151405,0.0,46.69108669108669,-20.903540903540904,0.0,-46.69108669108669,28.71794871794872,-14.261294261294262,-30.671550671550676,0.0,-49.81684981684982,-32.62515262515262,-4.102564102564102,24.42002442002442,0.0,27.155067155067155,-15.824175824175825,-4.884004884004884,-10.354090354090356,-4.102564102564102
-6.837606837606837,-33.7973137973138,-16.996336996336996,-9.572649572649572,0.0,0.1953601953601953,29.499389499389498,-34.969474969474966,-65.83638583638583,0.0,45.90964590964591,-20.903540903540904,0.0,-45.12820512820513,24.81074481074481,-17.387057387057386,-25.982905982905983,0.0,-50.20757020757021,-34.969474969474966,-4.493284493284493,27.155067155067155,0.0,17.387057387057386,-22.466422466422465,3.711843711843712,-9.18192918192918,-4.493284493284493
-6.837606837606837,-37.31379731379732,-7.228327228327228,-10.744810744810744,0.0,-0.5860805860805861,25.592185592185597,-34.969474969474966,-55.67765567765568,0.0,45.51892551892552,-23.247863247863247,0.0,-42.39316239316239,24.81074481074481,-17.387057387057386,-22.466422466422465,0.0,-44.346764346764346,-38.48595848595848,-0.5860805860805861,26.37362637362637,0.0,7.619047619047619,19.73137973137973,-31.062271062271066,-12.698412698412698,-0.5860805860805861
-8.4004884004884,-43.56532356532357,-2.148962148962149,-11.526251526251526,0.0,-7.228327228327228,21.68498168498169,-36.14163614163614,-47.081807081807085,0.0,44.346764346764346,-27.155067155067155,0.0,-39.65811965811966,28.71794871794872,-20.512820512820515,-21.294261294261293,0.0,-37.704517704517706,-41.61172161172161,3.3211233211233213,22.466422466422465,0.0,2.5396825396825395,56.84981684981685,-67.00854700854701,-13.089133089133089,3.3211233211233213
-10.744810744810744,-48.64468864468864,-1.3675213675213675,-7.228327228327228,0.0,-12.698412698412698,19.73137973137973,-40.83028083028083,-36.14163614163614,0.0,44.346764346764346,-27.155067155067155,0.0,-40.04884004884005,29.89010989010989,-22.466422466422465,-16.214896214896214,0.0,-36.92307692307692,-45.51892551892552,9.572649572649572,24.42002442002442,0.0,1.7582417582417582,8.791208791208792,-22.857142857142858,-11.135531135531137,9.572649572649572
-12.698412698412698,-44.737484737484735,2.93040293040293,-11.526251526251526,0.0,-17.387057387057386,25.592185592185597,-38.095238095238095,-37.704517704517706,0.0,43.17460317460318,-22.857142857142858,0.0,-32.62515262515262,32.62515262515262,-20.903540903540904,-20.12210012210012,0.0,-32.62515262515262,-42.78388278388278,12.698412698412698,21.294261294261293,0.0,-2.5396825396825395,-11.916971916971915,-5.274725274725275,-7.619047619047619,12.698412698412698
-13.870573870573873,-42.002442002442,4.493284493284493,-5.274725274725275,0.0,-19.73137973137973,29.89010989010989,-36.14163614163614,-33.01587301587302,0.0,43.95604395604396,-17.77777777777778,0.0,-24.42002442002442,29.10866910866911,-21.68498168498169,-13.47985347985348,0.0,-30.671550671550676,-41.22100122100122,13.870573870573873,26.764346764346765,0.0,-4.102564102564102,-25.982905982905983,8.00976800976801,-6.446886446886447,13.870573870573873
-16.214896214896214,-40.83028083028083,10.744810744810744,0.9768009768009768,0.0,-22.466422466422465,34.969474969474966,-32.62515262515262,-26.37362637362637,0.0,41.22100122100122,-13.089133089133089,0.0,-20.12210012210012,22.466422466422465,-20.12210012210012,-4.493284493284493,0.0,-32.234432234432234,-41.22100122100122,14.652014652014651,35.75091575091575,0.0,-10.354090354090356,-48.25396825396825,35.75091575091575,-9.963369963369964,14.652014652014651
-18.94993894993895,-36.53235653235653,21.294261294261293,1.3675213675213675,0.0,-23.63858363858364,42.002442002442,-24.42002442002442,-27.155067155067155,0.0,40.04884004884005,-9.18192918192918,0.0,-11.916971916971915,14.652014652014651,-15.824175824175825,-2.93040293040293,0.0,-29.89010989010989,-41.22100122100122,18.168498168498168,36.14163614163614,0.0,-20.903540903540904,-16.214896214896214,10.354090354090356,-13.870573870573873,18.168498168498168
-17.77777777777778,-35.75091575091575,24.81074481074481,5.274725274725275,0.0,-20.12210012210012,42.39316239316239,-18.94993894993895,-27.545787545787547,0.0,37.31379731379732,-9.572649572649572,0.0,-6.056166056166056,9.963369963369964,-11.526251526251526,-2.5396825396825395,0.0,-28.71794871794872,-41.22100122100122,24.81074481074481,34.57875457875458,0.0,-24.42002442002442,12.698412698412698,-11.135531135531137,-18.55921855921856,24.81074481074481
-22.075702075702075,-41.61172161172161,20.12210012210012,20.903540903540904,0.0,-22.466422466422465,35.36019536019536,-20.512820512820515,-15.042735042735044,0.0,30.28083028083028,-10.744810744810744,0.0,-8.00976800976801,4.493284493284493,-11.526251526251526,5.665445665445666,0.0,-32.234432234432234,-43.95604395604396,26.764346764346765,39.65811965811966,0.0,-19.73137973137973,-36.53235653235653,42.78388278388278,-19.73137973137973,26.764346764346765
-24.02930402930403,-44.737484737484735,14.261294261294262,27.545787545787547,0.0,-20.512820512820515,23.63858363858364,-20.512820512820515,-9.572649572649572,0.0,21.294261294261293,-9.963369963369964,0.0,-8.791208791208792,0.5860805860805861,-11.135531135531137,6.837606837606837,0.0,-35.75091575091575,-42.002442002442,29.499389499389498,35.36019536019536,0.0,-13.870573870573873,-50.5982905982906,57.63125763125763,-15.433455433455434,29.499389499389498
-26.37362637362637,-42.002442002442,13.089133089133089,28.71794871794872,0.0,-13.870573870573873,11.135531135531137,-15.824175824175825,-8.00976800976801,0.0,10.744810744810744,-8.00976800976801,0.0,-6.446886446886447,3.711843711843712,-5.665445665445666,-0.1953601953601953,0.0,-36.92307692307692,-31.45299145299145,32.62515262515262,25.982905982905983,0.0,-12.698412698412698,14.261294261294262,-5.274725274725275,-8.00976800976801,32.62515262515262
-32.234432234432234,-38.87667887667888,11.526251526251526,35.75091575091575,0.0,-11.135531135531137,-1.3675213675213675,-14.652014652014651,4.102564102564102,0.0,-0.1953601953601953,-7.619047619047619,0.0,-6.446886446886447,2.93040293040293,-2.5396825396825395,4.102564102564102,0.0,-39.65811965811966,-22.075702075702075,30.671550671550676,28.71794871794872,0.0,-11.135531135531137,13.47985347985348,-6.056166056166056,-0.9768009768009768,30.671550671550676
-37.31379731379732,-33.01587301587302,15.824175824175825,34.57875457875458,0.0,-9.18192918192918,-7.619047619047619,-13.47985347985348,10.354090354090356,0.0,-8.00976800976801,-6.837606837606837,0.0,-4.102564102564102,0.9768009768009768,-3.711843711843712,11.135531135531137,0.0,-39.65811965811966,-14.261294261294262,24.02930402930403,34.57875457875458,0.0,-15.433455433455434,-25.2014652014652,32.62515262515262,2.5396825396825395,24.02930402930403
-42.78388278388278,-23.247863247863247,24.02930402930403,22.857142857142858,0.0,-6.056166056166056,-8.791208791208792,-10.354090354090356,6.446886446886447,0.0,-11.916971916971915,-8.00976800976801,0.0,2.5396825396825395,1.3675213675213675,-1.3675213675213675,7.619047619047619,0.0,-34.57875457875458,-7.619047619047619,22.857142857142858,29.10866910866911,0.0,-23.63858363858364,15.824175824175825,-3.3211233211233213,4.884004884004884,22.857142857142858
-49.03540903540904,-17.387057387057386,27.155067155067155,18.168498168498168,0.0,-6.056166056166056,-12.307692307692308,-9.963369963369964,7.228327228327228,0.0,-15.433455433455434,-12.307692307692308,0.0,6.446886446886447,0.1953601953601953,-4.102564102564102,10.354090354090356,0.0,-31.062271062271066,-2.93040293040293,19.73137973137973,27.936507936507937,0.0,-26.764346764346765,52.16117216117216,-32.234432234432234,4.884004884004884,19.73137973137973
-58.41269841269841,-18.94993894993895,24.81074481074481,23.63858363858364,0.0,-11.135531135531137,-18.94993894993895,-11.916971916971915,13.089133089133089,0.0,-18.55921855921856,-16.214896214896214,0.0,5.274725274725275,-2.148962148962149,-8.4004884004884,15.433455433455434,0.0,-28.71794871794872,-4.102564102564102,15.433455433455434,27.936507936507937,0.0,-24.42002442002442,22.857142857142858,4.102564102564102,7.228327228327228,15.433455433455434
-65.83638583638583,-15.824175824175825,22.075702075702075,24.42002442002442,0.0,-15.824175824175825,-20.512820512820515,-10.354090354090356,11.526251526251526,0.0,-19.73137973137973,-18.55921855921856,0.0,5.665445665445666,0.1953601953601953,-7.228327228327228,10.744810744810744,0.0,-24.81074481074481,0.5860805860805861,14.261294261294262,18.94993894993895,0.0,-21.68498168498169,20.903540903540904,10.744810744810744,14.261294261294262,14.261294261294262
-73.65079365079364,-13.870573870573873,23.63858363858364,33.01587301587302,0.0,-24.42002442002442,-20.12210012210012,-2.5396825396825395,16.214896214896214,0.0,-20.903540903540904,-20.12210012210012,0.0,3.711843711843712,3.3211233211233213,-0.9768009768009768,9.572649572649572,0.0,-23.63858363858364,8.791208791208792,16.214896214896214,15.042735042735044,0.0,-23.247863247863247,71.30647130647131,-35.75091575091575,20.12210012210012,16.214896214896214
-77.94871794871794,-11.135531135531137,23.63858363858364,47.472527472527474,0.0,-32.62515262515262,-14.261294261294262,0.5860805860805861,27.936507936507937,0.0,-18.94993894993895,-19.73137973137973,0.0,2.5396825396825395,1.3675213675213675,2.148962148962149,19.34065934065934,0.0,-22.466422466422465,11.526251526251526,14.261294261294262,23.247863247863247,0.0,-23.247863247863247,81.07448107448107,-47.081807081807085,22.857142857142858,14.261294261294262
-74.04151404151405,-5.665445665445666,26.764346764346765,50.20757020757021,0.0,-33.40659340659341,-3.3211233211233213,2.93040293040293,29.89010989010989,0.0,-13.47985347985348,-17.77777777777778,0.0,8.791208791208792,-2.148962148962149,4.884004884004884,27.545787545787547,0.0,-17.387057387057386,16.605616605616607,13.47985347985348,26.37362637362637,0.0,-26.37362637362637,49.03540903540904,-15.042735042735044,23.63858363858364,13.47985347985348
-67.78998778998779,-1.7582417582417582,31.45299145299145,45.51892551892552,0.0,-30.671550671550676,2.93040293040293,7.619047619047619,25.982905982905983,0.0,-10.744810744810744,-17.77777777777778,0.0,16.605616605616607,-9.18192918192918,12.307692307692308,31.062271062271066,0.0,-11.526251526251526,19.73137973137973,17.387057387057386,24.81074481074481,0.0,-31.062271062271066,40.04884004884005,-3.3211233211233213,19.73137973137973,17.387057387057386
-61.53846153846154,-1.7582417582417582,28.32722832722833,48.64468864468864,0.0,-25.982905982905983,2.148962148962149,2.5396825396825395,33.01587301587302,0.0,-10.354090354090356,-21.294261294261293,0.0,20.512820512820515,-20.12210012210012,11.916971916971915,45.51892551892552,0.0,-6.446886446886447,16.605616605616607,15.433455433455434,31.45299145299145,0.0,-27.936507936507937,2.93040293040293,36.14163614163614,15.042735042735044,15.433455433455434
-56.84981684981685,-0.9768009768009768,24.42002442002442,49.42612942612943,0.0,-21.294261294261293,-2.5396825396825395,-1.3675213675213675,40.83028083028083,0.0,-13.089133089133089,-24.42002442002442,0.0,21.294261294261293,-25.2014652014652,10.744810744810744,54.5054945054945,0.0,-3.711843711843712,17.387057387057386,12.698412698412698,34.57875457875458,0.0,-24.02930402930403,-32.62515262515262,74.04151404151405,13.089133089133089,12.698412698412698
-52.16117216117216,4.493284493284493,22.466422466422465,42.002442002442,0.0,-15.824175824175825,-4.493284493284493,1.3675213675213675,36.53235653235653,0.0,-11.526251526251526,-24.42002442002442,0.0,23.63858363858364,-21.68498168498169,16.214896214896214,44.737484737484735,0.0,-0.5860805860805861,21.68498168498169,14.261294261294262,26.37362637362637,0.0,-22.075702075702075,-4.102564102564102,45.51892551892552,13.870573870573873,14.261294261294262
-50.989010989010985,10.354090354090356,22.857142857142858,42.39316239316239,0.0,-15.042735042735044,-5.665445665445666,2.93040293040293,42.39316239316239,0.0,-11.135531135531137,-22.075702075702075,0.0,22.857142857142858,-17.387057387057386,16.214896214896214,40.43956043956044,0.0,0.9768009768009768,21.294261294261293,12.698412698412698,26.37362637362637,0.0,-22.466422466422465,8.00976800976801,29.10866910866911,18.168498168498168,12.698412698412698
-49.42612942612943,15.824175824175825,20.512820512820515,49.81684981684982,0.0,-15.042735042735044,-5.274725274725275,2.148962148962149,55.67765567765568,0.0,-10.744810744810744,-18.55921855921856,0.0,21.294261294261293,-15.433455433455434,11.135531135531137,45.12820512820513,0.0,0.1953601953601953,18.94993894993895,9.963369963369964,31.843711843711844,0.0,-20.12210012210012,-40.83028083028083,70.52503052503053,21.294261294261293,9.963369963369964
-43.56532356532357,19.73137973137973,20.512820512820515,50.989010989010985,0.0,-14.652014652014651,0.1953601953601953,4.884004884004884,57.24053724053724,0.0,-6.837606837606837,-16.605616605616607,0.0,25.2014652014652,-16.996336996336996,10.354090354090356,45.90964590964591,0.0,-0.1953601953601953,17.387057387057386,12.698412698412698,33.01587301587302,0.0,-20.12210012210012,-16.996336996336996,42.78388278388278,19.73137973137973,12.698412698412698
-36.14163614163614,19.73137973137973,22.857142857142858,51.37973137973138,0.0,-15.042735042735044,6.446886446886447,9.18192918192918,56.06837606837607,0.0,-2.148962148962149,-15.433455433455434,0.0,25.592185592185597,-20.512820512820515,9.572649572649572,49.42612942612943,0.0,0.1953601953601953,11.526251526251526,14.652014652014651,37.31379731379732,0.0,-22.466422466422465,61.14774114774115,-34.18803418803419,13.870573870573873,14.652014652014651
-30.671550671550676,16.996336996336996,22.857142857142858,56.45909645909646,0.0,-20.12210012210012,13.47985347985348,8.4004884004884,63.10134310134311,0.0,0.9768009768009768,-17.387057387057386,0.0,23.247863247863247,-24.81074481074481,5.274725274725275,61.14774114774115,0.0,0.1953601953601953,4.884004884004884,11.916971916971915,47.86324786324786,0.0,-22.466422466422465,69.74358974358974,-41.22100122100122,7.228327228327228,11.916971916971915
-21.294261294261293,14.652014652014651,27.545787545787547,49.03540903540904,0.0,-20.512820512820515,19.73137973137973,11.916971916971915,58.02197802197802,0.0,8.4004884004884,-16.996336996336996,0.0,24.02930402930403,-24.81074481074481,4.884004884004884,59.58485958485959,0.0,0.5860805860805861,2.5396825396825395,9.18192918192918,50.20757020757021,0.0,-27.155067155067155,44.737484737484735,-11.526251526251526,0.1953601953601953,9.18192918192918
-15.042735042735044,13.47985347985348,33.7973137973138,36.14163614163614,0.0,-20.512820512820515,24.42002442002442,15.433455433455434,49.03540903540904,0.0,13.089133089133089,-15.042735042735044,0.0,25.982905982905983,-24.81074481074481,6.056166056166056,51.77045177045177,0.0,4.102564102564102,1.7582417582417582,7.228327228327228,45.51892551892552,0.0,-33.40659340659341,68.96214896214896,-32.234432234432234,-2.5396825396825395,7.228327228327228
-10.354090354090356,13.089133089133089,37.31379731379732,30.28083028083028,0.0,-20.512820512820515,23.247863247863247,15.042735042735044,52.55189255189255,0.0,14.261294261294262,-13.870573870573873,0.0,25.2014652014652,-25.2014652014652,4.102564102564102,47.86324786324786,0.0,3.711843711843712,0.9768009768009768,4.884004884004884,41.61172161172161,0.0,-36.92307692307692,90.45177045177046,-54.5054945054945,-2.93040293040293,4.884004884004884
-8.00976800976801,10.744810744810744,37.31379731379732,31.062271062271066,0.0,-22.075702075702075,21.68498168498169,12.698412698412698,58.41269841269841,0.0,13.870573870573873,-14.261294261294262,0.0,23.247863247863247,-26.764346764346765,1.3675213675213675,50.989010989010985,0.0,-0.9768009768009768,2.5396825396825395,5.274725274725275,40.83028083028083,0.0,-36.92307692307692,69.74358974358974,-39.65811965811966,-0.9768009768009768,5.274725274725275
-6.837606837606837,10.354090354090356,41.61172161172161,30.671550671550676,0.0,-23.247863247863247,20.903540903540904,16.996336996336996,61.14774114774115,0.0,14.652014652014651,-14.652014652014651,0.0,20.903540903540904,-25.982905982905983,2.5396825396825395,52.94261294261294,0.0,-4.102564102564102,1.3675213675213675,9.963369963369964,42.78388278388278,0.0,-41.22100122100122,40.04884004884005,-15.042735042735044,-1.7582417582417582,9.963369963369964
-3.3211233211233213,9.18192918192918,46.69108669108669,31.45299145299145,0.0,-22.857142857142858,22.075702075702075,20.512820512820515,64.66422466422466,0.0,16.996336996336996,-13.47985347985348,0.0,18.94993894993895,-19.73137973137973,4.884004884004884,50.5982905982906,0.0,-4.493284493284493,1.3675213675213675,14.261294261294262,42.78388278388278,0.0,-46.3003663003663,79.9023199023199,-58.02197802197802,-2.93040293040293,14.261294261294262
-0.1953601953601953,6.056166056166056,53.724053724053725,33.01587301587302,0.0,-23.63858363858364,21.294261294261293,26.764346764346765,67.78998778998779,0.0,20.903540903540904,-11.916971916971915,0.0,15.824175824175825,-8.4004884004884,5.274725274725275,52.94261294261294,0.0,-3.3211233211233213,2.93040293040293,17.77777777777778,47.86324786324786,0.0,-53.333333333333336,83.80952380952381,-62.31990231990232,-4.493284493284493,17.77777777777778
7.228327228327228,4.493284493284493,58.41269841269841,25.2014652014652,0.0,-18.168498168498168,21.68498168498169,32.62515262515262,60.366300366300365,0.0,27.936507936507937,-7.228327228327228,0.0,16.214896214896214,0.1953601953601953,6.837606837606837,47.86324786324786,0.0,-0.1953601953601953,6.056166056166056,17.77777777777778,47.081807081807085,0.0,-58.02197802197802,59.58485958485959,-39.65811965811966,-3.3211233211233213,17.77777777777778
16.996336996336996,5.274725274725275,60.757020757020754,17.387057387057386,0.0,-12.307692307692308,24.42002442002442,36.53235653235653,52.94261294261294,0.0,36.14163614163614,-1.7582417582417582,0.0,15.433455433455434,11.135531135531137,9.572649572649572,38.095238095238095,0.0,2.148962148962149,14.261294261294262,19.73137973137973,38.095238095238095,0.0,-60.366300366300365,52.94261294261294,-36.53235653235653,0.1953601953601953,19.73137973137973
22.466422466422465,4.102564102564102,54.89621489621489,18.94993894993895,0.0,-10.354090354090356,23.247863247863247,33.40659340659341,54.89621489621489,0.0,41.22100122100122,0.1953601953601953,0.0,9.18192918192918,14.261294261294262,7.619047619047619,42.39316239316239,0.0,-2.148962148962149,18.55921855921856,18.55921855921856,39.65811965811966,0.0,-54.5054945054945,22.075702075702075,-14.652014652014651,4.884004884004884,18.55921855921856
22.075702075702075,5.274725274725275,46.69108669108669,20.903540903540904,0.0,-9.572649572649572,20.12210012210012,28.71794871794872,57.24053724053724,0.0,45.51892551892552,-0.1953601953601953,0.0,4.493284493284493,11.916971916971915,4.102564102564102,46.3003663003663,0.0,-9.18192918192918,17.387057387057386,14.652014652014651,45.12820512820513,0.0,-46.3003663003663,-15.433455433455434,10.354090354090356,6.837606837606837,14.652014652014651
25.2014652014652,9.572649572649572,45.12820512820513,13.870573870573873,0.0,-3.711843711843712,21.68498168498169,26.764346764346765,50.20757020757021,0.0,50.20757020757021,-0.1953601953601953,0.0,5.274725274725275,13.089133089133089,4.884004884004884,34.969474969474966,0.0,-9.572649572649572,14.261294261294262,15.433455433455434,39.65811965811966,0.0,-44.737484737484735,13.47985347985348,-26.764346764346765,6.056166056166056,15.433455433455434
23.247863247863247,9.18192918192918,42.78388278388278,15.042735042735044,0.0,-3.3211233211233213,19.73137973137973,22.466422466422465,52.16117216117216,0.0,52.55189255189255,-2.93040293040293,0.0,2.148962148962149,13.089133089133089,3.711843711843712,30.671550671550676,0.0,-11.916971916971915,6.056166056166056,17.387057387057386,39.26739926739927,0.0,-42.39316239316239,14.652014652014651,-32.62515262515262,2.148962148962149,17.387057387057386
20.903540903540904,9.963369963369964,38.48595848595848,20.512820512820515,0.0,-2.5396825396825395,18.168498168498168,19.34065934065934,55.67765567765568,0.0,55.67765567765568,-6.837606837606837,0.0,0.1953601953601953,14.261294261294262,2.148962148962149,31.062271062271066,0.0,-11.135531135531137,-2.93040293040293,18.94993894993895,44.346764346764346,0.0,-38.095238095238095,-52.55189255189255,31.45299145299145,-2.5396825396825395,18.94993894993895
23.63858363858364,10.354090354090356,39.65811965811966,18.55921855921856,0.0,1.3675213675213675,20.512820512820515,20.512820512820515,51.37973137973138,0.0,61.53846153846154,-7.619047619047619,0.0,0.1953601953601953,19.73137973137973,4.493284493284493,23.247863247863247,0.0,-7.228327228327228,-6.056166056166056,23.63858363858364,38.87667887667888,0.0,-39.26739926739927,-61.92918192918193,41.22100122100122,-3.711843711843712,23.63858363858364
24.42002442002442,11.135531135531137,38.48595848595848,16.605616605616607,0.0,3.3211233211233213,23.247863247863247,20.512820512820515,43.56532356532357,0.0,65.83638583638583,-7.619047619047619,0.0,-1.7582417582417582,24.02930402930403,9.572649572649572,16.605616605616607,0.0,-7.228327228327228,-8.00976800976801,32.62515262515262,31.843711843711844,0.0,-38.095238095238095,-17.387057387057386,-2.93040293040293,-6.446886446886447,32.62515262515262
21.68498168498169,10.354090354090356,33.40659340659341,20.903540903540904,0.0,4.102564102564102,20.903540903540904,17.77777777777778,43.56532356532357,0.0,66.61782661782662,-8.00976800976801,0.0,-3.3211233211233213,19.73137973137973,10.354090354090356,20.903540903540904,0.0,-12.698412698412698,-12.307692307692308,37.31379731379732,36.92307692307692,0.0,-33.01587301587302,-30.671550671550676,4.493284493284493,-7.228327228327228,37.31379731379732
22.466422466422465,9.963369963369964,31.45299145299145,22.075702075702075,0.0,10.354090354090356,20.12210012210012,17.77777777777778,37.31379731379732,0.0,66.61782661782662,-6.056166056166056,0.0,0.5860805860805861,16.214896214896214,11.916971916971915,16.214896214896214,0.0,-17.387057387057386,-9.963369963369964,39.65811965811966,36.14163614163614,0.0,-31.062271062271066,-50.5982905982906,20.12210012210012,-3.3211233211233213,39.65811965811966
23.247863247863247,14.261294261294262,30.28083028083028,20.12210012210012,0.0,17.77777777777778,20.903540903540904,18.55921855921856,31.45299145299145,0.0,66.22710622710623,-2.93040293040293,0.0,5.665445665445666,17.77777777777778,13.47985347985348,7.228327228327228,0.0,-21.68498168498169,-6.056166056166056,42.78388278388278,31.45299145299145,0.0,-29.89010989010989,-16.996336996336996,-16.214896214896214,-0.5860805860805861,42.78388278388278
22.466422466422465,15.824175824175825,29.499389499389498,25.982905982905983,0.0,19.34065934065934,18.94993894993895,18.55921855921856,36.92307692307692,0.0,62.31990231990232,-2.93040293040293,0.0,5.274725274725275,18.55921855921856,12.307692307692308,7.619047619047619,0.0,-27.936507936507937,-1.7582417582417582,41.22100122100122,34.57875457875458,0.0,-29.10866910866911,0.5860805860805861,-38.095238095238095,3.3211233211233213,41.22100122100122
19.73137973137973,16.605616605616607,31.45299145299145,34.18803418803419,0.0,20.12210012210012,17.387057387057386,18.94993894993895,45.90964590964591,0.0,59.975579975579976,-4.884004884004884,0.0,1.7582417582417582,25.2014652014652,9.963369963369964,8.00976800976801,0.0,-33.40659340659341,3.3211233211233213,38.48595848595848,38.095238095238095,0.0,-31.062271062271066,-36.14163614163614,-1.3675213675213675,7.619047619047619,38.48595848595848
19.73137973137973,19.34065934065934,36.92307692307692,28.71794871794872,0.0,21.68498168498169,19.34065934065934,19.34065934065934,43.95604395604396,0.0,59.58485958485959,-4.102564102564102,0.0,-1.7582417582417582,35.75091575091575,7.619047619047619,3.711843711843712,0.0,-31.843711843711844,8.4004884004884,36.14163614163614,33.40659340659341,0.0,-36.53235653235653,-31.843711843711844,-0.9768009768009768,8.4004884004884,36.14163614163614
21.294261294261293,13.870573870573873,37.704517704517706,27.155067155067155,0.0,23.247863247863247,16.214896214896214,14.261294261294262,45.51892551892552,0.0,57.24053724053724,-5.665445665445666,0.0,-9.963369963369964,38.48595848595848,8.791208791208792,5.665445665445666,0.0,-33.40659340659341,5.274725274725275,35.75091575091575,36.53235653235653,0.0,-37.31379731379732,-10.744810744810744,-19.34065934065934,5.665445665445666,35.75091575091575
22.857142857142858,6.056166056166056,36.53235653235653,28.32722832722833,0.0,27.155067155067155,11.916971916971915,10.354090354090356,43.95604395604396,0.0,54.114774114774114,-3.711843711843712,0.0,-13.870573870573873,38.48595848595848,8.791208791208792,9.572649572649572,0.0,-32.62515262515262,1.3675213675213675,34.57875457875458,40.83028083028083,0.0,-36.14163614163614,7.619047619047619,-30.28083028083028,1.3675213675213675,34.57875457875458
28.32722832722833,1.7582417582417582,30.28083028083028,23.63858363858364,0.0,34.969474969474966,11.916971916971915,6.446886446886447,30.28083028083028,0.0,54.89621489621489,1.7582417582417582,0.0,-10.744810744810744,37.31379731379732,8.00976800976801,5.274725274725275,0.0,-29.10866910866911,0.1953601953601953,32.234432234432234,37.704517704517706,0.0,-29.89010989010989,39.26739926739927,-55.28693528693529,0.1953601953601953,32.234432234432234
33.7973137973138,-1.3675213675213675,21.68498168498169,20.903540903540904,0.0,38.095238095238095,15.042735042735044,4.102564102564102,18.168498168498168,0.0,55.28693528693529,6.446886446886447,0.0,-5.665445665445666,35.36019536019536,8.791208791208792,0.1953601953601953,0.0,-26.37362637362637,1.3675213675213675,31.843711843711844,31.062271062271066,0.0,-21.294261294261293,54.89621489621489,-66.61782661782662,0.5860805860805861,31.843711843711844
35.36019536019536,-4.493284493284493,11.526251526251526,29.89010989010989,0.0,34.57875457875458,15.824175824175825,1.3675213675213675,19.34065934065934,0.0,51.37973137973138,8.791208791208792,0.0,-4.493284493284493,30.671550671550676,5.274725274725275,4.102564102564102,0.0,-25.2014652014652,1.3675213675213675,27.155067155067155,32.62515262515262,0.0,-11.135531135531137,4.102564102564102,-11.916971916971915,1.3675213675213675,27.155067155067155
31.062271062271066,-4.493284493284493,7.619047619047619,31.45299145299145,0.0,27.545787545787547,16.605616605616607,1.7582417582417582,18.55921855921856,0.0,49.42612942612943,11.135531135531137,0.0,-3.3211233211233213,29.89010989010989,2.148962148962149,5.274725274725275,0.0,-22.857142857142858,5.665445665445666,19.34065934065934,32.234432234432234,0.0,-7.228327228327228,-25.982905982905983,20.903540903540904,5.665445665445666,19.34065934065934
29.89010989010989,-3.3211233211233213,11.526251526251526,22.857142857142858,0.0,24.02930402930403,17.77777777777778,6.837606837606837,10.354090354090356,0.0,46.3003663003663,13.870573870573873,0.0,-0.1953601953601953,34.18803418803419,4.493284493284493,-4.102564102564102,0.0,-16.605616605616607,12.307692307692308,15.433455433455434,22.466422466422465,0.0,-11.135531135531137,17.77777777777778,-18.168498168498168,9.18192918192918,15.433455433455434
24.81074481074481,-4.493284493284493,16.214896214896214,22.075702075702075,0.0,20.512820512820515,12.307692307692308,10.354090354090356,13.47985347985348,0.0,37.704517704517706,13.089133089133089,0.0,-0.9768009768009768,33.7973137973138,6.056166056166056,-4.102564102564102,0.0,-14.261294261294262,16.605616605616607,10.354090354090356,22.466422466422465,0.0,-15.824175824175825,16.214896214896214,-10.354090354090356,11.916971916971915,10.354090354090356
18.168498168498168,-8.4004884004884,18.94993894993895,21.294261294261293,0.0,17.77777777777778,2.93040293040293,11.916971916971915,16.214896214896214,0.0,28.32722832722833,14.652014652014651,0.0,-1.3675213675213675,29.10866910866911,5.665445665445666,-3.3211233211233213,0.0,-16.214896214896214,19.34065934065934,2.5396825396825395,24.02930402930403,0.0,-18.55921855921856,-8.4004884004884,16.996336996336996,18.168498168498168,2.5396825396825395
15.042735042735044,-10.354090354090356,20.512820512820515,15.824175824175825,0.0,15.433455433455434,-0.1953601953601953,13.089133089133089,12.307692307692308,0.0,21.68498168498169,15.042735042735044,0.0,-0.9768009768009768,25.2014652014652,4.102564102564102,-6.446886446886447,0.0,-16.214896214896214,21.68498168498169,-3.711843711843712,19.73137973137973,0.0,-20.12210012210012,25.982905982905983,-10.354090354090356,17.77777777777778,-3.711843711843712
11.916971916971915,-8.4004884004884,20.903540903540904,13.089133089133089,0.0,9.963369963369964,0.5860805860805861,12.698412698412698,13.47985347985348,0.0,13.870573870573873,16.214896214896214,0.0,-3.711843711843712,20.903540903540904,0.9768009768009768,-4.493284493284493,0.0,-16.996336996336996,23.63858363858364,-9.963369963369964,17.77777777777778,0.0,-20.512820512820515,63.10134310134311,-44.346764346764346,18.55921855921856,-9.963369963369964
4.493284493284493,-8.791208791208792,17.77777777777778,15.433455433455434,0.0,-2.93040293040293,4.102564102564102,8.4004884004884,18.94993894993895,0.0,9.18192918192918,17.387057387057386,0.0,-11.135531135531137,14.652014652014651,-1.3675213675213675,3.711843711843712,0.0,-19.34065934065934,23.247863247863247,-20.512820512820515,21.68498168498169,0.0,-17.387057387057386,43.56532356532357,-22.857142857142858,19.34065934065934,-20.512820512820515
-0.5860805860805861,-2.93040293040293,17.77777777777778,10.354090354090356,0.0,-14.261294261294262,14.652014652014651,8.4004884004884,13.870573870573873,0.0,9.963369963369964,21.294261294261293,0.0,-13.870573870573873,14.652014652014651,0.1953601953601953,3.3211233211233213,0.0,-13.089133089133089,27.545787545787547,-26.37362637362637,17.77777777777778,0.0,-17.387057387057386,19.34065934065934,1.7582417582417582,24.42002442002442,-26.37362637362637
-6.446886446886447,4.493284493284493,20.903540903540904,5.665445665445666,0.0,-21.294261294261293,22.466422466422465,11.916971916971915,10.744810744810744,0.0,10.744810744810744,24.42002442002442,0.0,-14.652014652014651,16.996336996336996,8.4004884004884,3.711843711843712,0.0,-4.493284493284493,33.40659340659341,-24.81074481074481,11.916971916971915,0.0,-20.512820512820515,49.81684981684982,-24.81074481074481,27.155067155067155,-24.81074481074481
-13.47985347985348,8.4004884004884,24.02930402930403,8.4004884004884,0.0,-25.2014652014652,24.02930402930403,13.47985347985348,14.652014652014651,0.0,8.791208791208792,22.857142857142858,0.0,-18.94993894993895,18.55921855921856,16.605616605616607,7.619047619047619,0.0,-0.9768009768009768,41.22100122100122,-23.247863247863247,8.00976800976801,0.0,-23.63858363858364,97.09401709401708,-68.18070818070818,32.234432234432234,-23.247863247863247
-21.294261294261293,8.791208791208792,22.466422466422465,13.870573870573873,0.0,-28.32722832722833,19.34065934065934,11.916971916971915,20.903540903540904,0.0,7.619047619047619,20.903540903540904,0.0,-22.857142857142858,15.824175824175825,19.73137973137973,15.042735042735044,0.0,0.1953601953601953,43.95604395604396,-24.02930402930403,8.4004884004884,0.0,-22.075702075702075,68.96214896214896,-39.26739926739927,36.53235653235653,-24.02930402930403
-23.247863247863247,9.572649572649572,24.42002442002442,11.916971916971915,0.0,-27.155067155067155,15.433455433455434,11.916971916971915,21.68498168498169,0.0,3.711843711843712,18.94993894993895,0.0,-21.294261294261293,15.433455433455434,17.77777777777778,14.652014652014651,0.0,4.102564102564102,49.42612942612943,-27.545787545787547,1.3675213675213675,0.0,-24.02930402930403,38.095238095238095,-4.493284493284493,38.48595848595848,-27.545787545787547
-28.32722832722833,6.056166056166056,22.466422466422465,15.042735042735044,0.0,-33.40659340659341,11.916971916971915,6.837606837606837,30.28083028083028,0.0,0.5860805860805861,15.042735042735044,0.0,-24.02930402930403,13.870573870573873,9.963369963369964,17.77777777777778,0.0,5.274725274725275,52.55189255189255,-38.095238095238095,-0.5860805860805861,0.0,-22.075702075702075,13.47985347985348,25.2014652014652,40.43956043956044,-38.095238095238095
-29.89010989010989,4.884004884004884,16.996336996336996,15.824175824175825,0.0,-38.87667887667888,9.572649572649572,0.9768009768009768,36.14163614163614,0.0,0.1953601953601953,13.870573870573873,0.0,-20.512820512820515,10.744810744810744,0.1953601953601953,21.68498168498169,0.0,9.572649572649572,52.55189255189255,-50.989010989010985,0.5860805860805861,0.0,-16.605616605616607,-42.002442002442,80.68376068376068,43.17460317460318,-50.989010989010985
-27.936507936507937,6.446886446886447,18.168498168498168,3.711843711843712,0.0,-42.002442002442,11.526251526251526,2.5396825396825395,27.545787545787547,0.0,0.1953601953601953,16.214896214896214,0.0,-12.307692307692308,14.261294261294262,-6.837606837606837,11.135531135531137,0.0,18.55921855921856,54.114774114774114,-56.45909645909646,-9.572649572649572,0.0,-17.77777777777778,-37.31379731379732,79.12087912087912,41.61172161172161,-56.45909645909646
-25.2014652014652,9.572649572649572,19.73137973137973,-0.9768009768009768,0.0,-43.56532356532357,15.433455433455434,6.056166056166056,24.02930402930403,0.0,3.3211233211233213,18.55921855921856,0.0,-9.572649572649572,18.94993894993895,-6.837606837606837,3.711843711843712,0.0,25.592185592185597,52.55189255189255,-56.45909645909646,-15.433455433455434,0.0,-19.34065934065934,-29.499389499389498,73.65079365079364,39.26739926739927,-56.45909645909646
-25.982905982905983,13.870573870573873,21.294261294261293,2.93040293040293,0.0,-42.78388278388278,15.824175824175825,9.18192918192918,29.89010989010989,0.0,7.228327228327228,20.903540903540904,0.0,-10.354090354090356,22.466422466422465,-5.274725274725275,9.572649572649572,0.0,29.89010989010989,46.69108669108669,-50.5982905982906,-8.791208791208792,0.0,-20.903540903540904,-78.33943833943835,118.97435897435898,36.14163614163614,-50.5982905982906
-25.982905982905983,18.94993894993895,22.466422466422465,6.837606837606837,0.0,-40.04884004884005,17.387057387057386,12.307692307692308,32.62515262515262,0.0,11.526251526251526,23.247863247863247,0.0,-8.791208791208792,25.592185592185597,-4.493284493284493,14.652014652014651,0.0,34.969474969474966,40.43956043956044,-43.56532356532357,-4.102564102564102,0.0,-22.075702075702075,-93.96825396825396,131.08669108669108,31.843711843711844,-43.56532356532357
-26.37362637362637,24.42002442002442,22.075702075702075,11.916971916971915,0.0,-36.53235653235653,19.73137973137973,14.261294261294262,34.18803418803419,0.0,13.870573870573873,23.247863247863247,0.0,-6.446886446886447,29.10866910866911,0.1953601953601953,15.824175824175825,0.0,37.704517704517706,38.87667887667888,-34.18803418803419,-2.93040293040293,0.0,-21.68498168498169,-49.42612942612943,85.37240537240537,28.32722832722833,-34.18803418803419
-30.28083028083028,28.71794871794872,15.042735042735044,22.075702075702075,0.0,-33.7973137973138,16.605616605616607,10.744810744810744,42.39316239316239,0.0,15.042735042735044,20.12210012210012,0.0,-4.102564102564102,29.499389499389498,-0.1953601953601953,25.2014652014652,0.0,38.87667887667888,36.92307692307692,-27.545787545787547,2.5396825396825395,0.0,-14.652014652014651,-57.24053724053724,86.15384615384616,29.10866910866911,-27.545787545787547
-30.28083028083028,30.671550671550676,9.963369963369964,25.982905982905983,0.0,-29.499389499389498,15.042735042735044,6.446886446886447,44.737484737484735,0.0,15.433455433455434,17.387057387057386,0.0,0.5860805860805861,32.234432234432234,-2.93040293040293,32.62515262515262,0.0,42.78388278388278,36.92307692307692,-22.857142857142858,5.665445665445666,0.0,-9.572649572649572,-101.3919413919414,125.22588522588522,30.671550671550676,-22.857142857142858
-23.247863247863247,34.969474969474966,9.963369963369964,17.387057387057386,0.0,-18.168498168498168,16.605616605616607,7.619047619047619,33.7973137973138,0.0,18.94993894993895,18.94993894993895,0.0,9.572649572649572,39.65811965811966,0.5860805860805861,22.857142857142858,0.0,49.42612942612943,42.002442002442,-14.261294261294262,-2.93040293040293,0.0,-9.572649572649572,-74.43223443223444,93.57753357753356,33.40659340659341,-14.261294261294262
-15.042735042735044,36.53235653235653,12.698412698412698,12.698412698412698,0.0,-9.18192918192918,18.168498168498168,11.135531135531137,26.764346764346765,0.0,23.63858363858364,24.81074481074481,0.0,14.652014652014651,50.5982905982906,2.5396825396825395,18.94993894993895,0.0,56.84981684981685,45.12820512820513,-8.791208791208792,-4.102564102564102,0.0,-12.307692307692308,-34.57875457875458,50.5982905982906,37.31379731379732,-8.791208791208792
-9.572649572649572,37.704517704517706,20.12210012210012,16.605616605616607,0.0,-1.3675213675213675,20.512820512820515,17.387057387057386,27.545787545787547,0.0,28.32722832722833,33.7973137973138,0.0,17.387057387057386,58.41269841269841,4.884004884004884,22.466422466422465,0.0,59.58485958485959,44.346764346764346,-2.148962148962149,3.3211233211233213,0.0,-19.73137973137973,-68.96214896214896,74.43223443223444,45.12820512820513,-2.148962148962149
-4.884004884004884,41.22100122100122,29.10866910866911,19.34065934065934,0.0,5.665445665445666,24.81074481074481,27.936507936507937,24.81074481074481,0.0,30.671550671550676,43.17460317460318,0.0,21.294261294261293,67.00854700854701,11.135531135531137,17.77777777777778,0.0,60.366300366300365,43.95604395604396,8.4004884004884,4.884004884004884,0.0,-28.71794871794872,-75.995115995116,75.21367521367522,49.03540903540904,8.4004884004884
-1.7582417582417582,43.56532356532357,30.671550671550676,30.671550671550676,0.0,12.307692307692308,25.2014652014652,33.7973137973138,30.28083028083028,0.0,28.71794871794872,52.16117216117216,0.0,22.075702075702075,70.91575091575092,14.261294261294262,22.857142857142858,0.0,59.975579975579976,38.48595848595848,18.55921855921856,13.870573870573873,0.0,-30.28083028083028,-47.86324786324786,43.17460317460318,47.472527472527474,18.55921855921856
-1.3675213675213675,44.346764346764346,33.7973137973138,43.56532356532357,0.0,17.77777777777778,20.903540903540904,38.095238095238095,41.22100122100122,0.0,23.63858363858364,54.114774114774114,0.0,22.466422466422465,67.78998778998779,15.824175824175825,34.18803418803419,0.0,56.45909645909646,31.843711843711844,29.10866910866911,24.02930402930403,0.0,-33.40659340659341,-27.545787545787547,18.55921855921856,45.51892551892552,29.10866910866911
2.93040293040293,43.56532356532357,35.75091575091575,46.3003663003663,0.0,28.71794871794872,18.94993894993895,38.87667887667888,41.22100122100122,0.0,20.12210012210012,55.28693528693529,0.0,31.062271062271066,65.44566544566544,13.870573870573873,37.31379731379732,0.0,58.02197802197802,29.499389499389498,35.36019536019536,25.2014652014652,0.0,-35.36019536019536,-38.48595848595848,31.843711843711844,41.22100122100122,35.36019536019536
12.698412698412698,40.43956043956044,35.36019536019536,41.61172161172161,0.0,41.61172161172161,17.387057387057386,37.704517704517706,32.234432234432234,0.0,18.94993894993895,55.28693528693529,0.0,39.65811965811966,63.88278388278388,7.619047619047619,34.969474969474966,0.0,61.53846153846154,29.10866910866911,33.01587301587302,23.63858363858364,0.0,-34.969474969474966,-40.04884004884005,38.095238095238095,38.095238095238095,33.01587301587302
19.73137973137973,34.18803418803419,32.62515262515262,39.65811965811966,0.0,49.42612942612943,15.433455433455434,35.75091575091575,25.592185592185597,0.0,18.55921855921856,51.77045177045177,0.0,45.12820512820513,59.975579975579976,3.3211233211233213,35.36019536019536,0.0,61.14774114774115,27.545787545787547,30.28083028083028,24.02930402930403,0.0,-32.234432234432234,-61.92918192918193,58.02197802197802,38.87667887667888,30.28083028083028
24.42002442002442,29.499389499389498,27.545787545787547,40.04884004884005,0.0,56.06837606837607,15.433455433455434,33.01587301587302,16.214896214896214,0.0,20.512820512820515,48.25396825396825,0.0,49.81684981684982,55.67765567765568,-0.9768009768009768,32.62515262515262,0.0,56.84981684981685,27.155067155067155,26.37362637362637,25.592185592185597,0.0,-27.155067155067155,-77.55799755799755,69.35286935286935,40.43956043956044,26.37362637362637
32.234432234432234,28.71794871794872,22.857142857142858,31.843711843711844,0.0,67.00854700854701,17.387057387057386,33.40659340659341,-2.148962148962149,0.0,24.81074481074481,45.51892551892552,0.0,56.45909645909646,52.94261294261294,-0.1953601953601953,17.387057387057386,0.0,52.94261294261294,27.545787545787547,25.982905982905983,20.512820512820515,0.0,-22.466422466422465,-29.89010989010989,16.996336996336996,40.43956043956044,25.982905982905983
36.14163614163614,25.982905982905983,17.77777777777778,31.45299145299145,0.0,74.04151404151405,16.214896214896214,31.45299145299145,-9.18192918192918,0.0,26.764346764346765,39.26739926739927,0.0,59.1941391941392,46.3003663003663,0.1953601953601953,9.963369963369964,0.0,43.17460317460318,22.075702075702075,29.10866910866911,20.903540903540904,0.0,-17.387057387057386,2.93040293040293,-25.2014652014652,39.26739926739927,29.10866910866911
38.48595848595848,20.12210012210012,13.47985347985348,37.31379731379732,0.0,81.46520146520146,11.526251526251526,24.02930402930403,-7.228327228327228,0.0,27.155067155067155,31.45299145299145,0.0,60.366300366300365,36.53235653235653,-4.102564102564102,11.916971916971915,0.0,34.57875457875458,13.870573870573873,26.37362637362637,29.10866910866911,0.0,-13.089133089133089,-27.155067155067155,-2.148962148962149,37.704517704517706,26.37362637362637
44.737484737484735,13.089133089133089,13.089133089133089,33.7973137973138,0.0,91.23321123321124,7.619047619047619,17.387057387057386,-11.135531135531137,0.0,29.499389499389498,24.42002442002442,0.0,63.49206349206349,28.71794871794872,-9.572649572649572,8.00976800976801,0.0,30.28083028083028,7.228327228327228,21.68498168498169,31.45299145299145,0.0,-12.698412698412698,-22.857142857142858,-5.665445665445666,34.57875457875458,21.68498168498169
49.03540903540904,5.665445665445666,17.387057387057386,29.89010989010989,0.0,97.09401709401708,6.837606837606837,13.47985347985348,-14.652014652014651,0.0,27.936507936507937,20.12210012210012,0.0,61.14774114774115,25.2014652014652,-9.963369963369964,4.493284493284493,0.0,29.499389499389498,2.148962148962149,19.34065934065934,29.89010989010989,0.0,-16.996336996336996,34.18803418803419,-61.53846153846154,33.7973137973138,19.34065934065934
51.77045177045177,-2.148962148962149,18.94993894993895,33.01587301587302,0.0,98.65689865689866,4.493284493284493,11.135531135531137,-13.47985347985348,0.0,26.764346764346765,17.387057387057386,0.0,55.28693528693529,19.34065934065934,-9.572649572649572,7.228327228327228,0.0,28.32722832722833,-3.711843711843712,16.605616605616607,31.062271062271066,0.0,-18.55921855921856,11.526251526251526,-38.095238095238095,34.969474969474966,16.605616605616607
54.114774114774114,-4.102564102564102,20.903540903540904,32.234432234432234,0.0,101.001221001221,7.619047619047619,16.214896214896214,-20.903540903540904,0.0,29.10866910866911,18.55921855921856,0.0,51.37973137973138,20.512820512820515,-4.102564102564102,1.3675213675213675,0.0,29.10866910866911,-2.148962148962149,17.387057387057386,25.2014652014652,0.0,-20.512820512820515,-21.68498168498169,-3.711843711843712,38.87667887667888,17.387057387057386
58.41269841269841,-3.711843711843712,22.075702075702075,29.499389499389498,0.0,104.9084249084249,11.916971916971915,21.68498168498169,-31.843711843711844,0.0,33.01587301587302,23.247863247863247,0.0,49.81684981684982,24.42002442002442,7.228327228327228,-11.916971916971915,0.0,31.45299145299145,0.1953601953601953,24.81074481074481,12.307692307692308,0.0,-21.68498168498169,18.55921855921856,-40.43956043956044,36.92307692307692,24.81074481074481
59.58485958485959,-4.102564102564102,18.94993894993895,36.14163614163614,0.0,105.68986568986568,13.870573870573873,24.42002442002442,-33.01587301587302,0.0,36.53235653235653,22.857142857142858,0.0,42.78388278388278,25.592185592185597,15.042735042735044,-16.605616605616607,0.0,28.32722832722833,0.5860805860805861,28.71794871794872,8.791208791208792,0.0,-18.55921855921856,55.67765567765568,-77.16727716727716,34.18803418803419,28.71794871794872
58.02197802197802,-2.93040293040293,11.916971916971915,43.56532356532357,0.0,103.34554334554336,16.214896214896214,22.466422466422465,-31.062271062271066,0.0,42.002442002442,18.94993894993895,0.0,35.36019536019536,25.592185592185597,16.996336996336996,-17.387057387057386,0.0,22.857142857142858,-2.5396825396825395,28.71794871794872,9.963369963369964,0.0,-11.526251526251526,36.92307692307692,-59.975579975579976,29.499389499389498,28.71794871794872
59.58485958485959,-3.711843711843712,5.274725274725275,43.17460317460318,0.0,101.78266178266178,15.824175824175825,19.73137973137973,-33.40659340659341,0.0,44.346764346764346,14.261294261294262,0.0,27.155067155067155,24.42002442002442,20.903540903540904,-26.764346764346765,0.0,16.996336996336996,-6.446886446886447,31.843711843711844,2.93040293040293,0.0,-4.884004884004884,21.68498168498169,-44.737484737484735,22.466422466422465,31.843711843711844
61.14774114774115,-8.00976800976801,3.3211233211233213,38.48595848595848,0.0,98.26617826617829,13.089133089133089,22.075702075702075,-38.095238095238095,0.0,43.56532356532357,10.744810744810744,0.0,18.94993894993895,22.075702075702075,23.63858363858364,-34.18803418803419,0.0,11.526251526251526,-10.744810744810744,32.62515262515262,-2.93040293040293,0.0,-2.93040293040293,70.13431013431014,-93.57753357753356,17.77777777777778,32.62515262515262
61.92918192918193,-15.824175824175825,0.1953601953601953,40.43956043956044,0.0,97.48473748473748,4.884004884004884,20.903540903540904,-37.31379731379732,0.0,38.87667887667888,8.00976800976801,0.0,11.526251526251526,14.261294261294262,20.12210012210012,-30.28083028083028,0.0,8.00976800976801,-18.55921855921856,24.42002442002442,1.7582417582417582,0.0,0.1953601953601953,65.83638583638583,-90.06105006105007,16.214896214896214,24.42002442002442
65.83638583638583,-23.63858363858364,1.7582417582417582,30.671550671550676,0.0,97.48473748473748,1.7582417582417582,22.466422466422465,-47.081807081807085,0.0,33.40659340659341,11.916971916971915,0.0,9.963369963369964,10.354090354090356,21.294261294261293,-41.22100122100122,0.0,7.228327228327228,-19.73137973137973,22.075702075702075,-8.4004884004884,0.0,-1.3675213675213675,63.88278388278388,-83.41880341880342,14.261294261294262,22.075702075702075
66.61782661782662,-32.234432234432234,7.228327228327228,21.68498168498169,0.0,95.92185592185592,-2.93040293040293,23.63858363858364,-52.94261294261294,0.0,25.592185592185597,16.605616605616607,0.0,10.354090354090356,4.493284493284493,22.075702075702075,-47.472527472527474,0.0,7.619047619047619,-16.214896214896214,15.042735042735044,-15.433455433455434,0.0,-6.837606837606837,58.8034188034188,-67.00854700854701,14.261294261294262,15.042735042735044
61.53846153846154,-38.87667887667888,6.056166056166056,26.764346764346765,0.0,88.1074481074481,-6.837606837606837,18.55921855921856,-42.78388278388278,0.0,18.55921855921856,13.47985347985348,0.0,6.446886446886447,-1.7582417582417582,18.168498168498168,-41.22100122100122,0.0,8.00976800976801,-18.168498168498168,3.711843711843712,-11.135531135531137,0.0,-5.665445665445666,4.493284493284493,-2.93040293040293,13.870573870573873,3.711843711843712
55.67765567765568,-40.43956043956044,2.148962148962149,27.936507936507937,0.0,77.55799755799755,-10.744810744810744,12.307692307692308,-32.234432234432234,0.0,14.652014652014651,9.18192918192918,0.0,2.148962148962149,-6.837606837606837,12.698412698412698,-36.14163614163614,0.0,6.837606837606837,-18.55921855921856,-4.884004884004884,-10.744810744810744,0.0,-1.7582417582417582,-30.671550671550676,40.43956043956044,13.089133089133089,-4.884004884004884
51.77045177045177,-37.31379731379732,1.7582417582417582,18.168498168498168,0.0,73.26007326007326,-16.214896214896214,12.307692307692308,-33.40659340659341,0.0,9.572649572649572,7.228327228327228,0.0,0.5860805860805861,-8.791208791208792,13.47985347985348,-41.22100122100122,0.0,7.228327228327228,-16.996336996336996,-6.056166056166056,-19.73137973137973,0.0,-1.3675213675213675,16.605616605616607,0.5860805860805861,11.526251526251526,-6.056166056166056
45.90964590964591,-38.095238095238095,-0.9768009768009768,18.94993894993895,0.0,67.3992673992674,-24.81074481074481,11.916971916971915,-28.32722832722833,0.0,3.3211233211233213,4.884004884004884,0.0,-1.7582417582417582,-11.916971916971915,11.916971916971915,-36.53235653235653,0.0,6.837606837606837,-21.294261294261293,-9.572649572649572,-15.042735042735044,0.0,1.3675213675213675,32.234432234432234,-8.791208791208792,9.18192918192918,-9.572649572649572
40.83028083028083,-39.26739926739927,-5.274725274725275,20.903540903540904,0.0,64.27350427350427,-32.234432234432234,8.791208791208792,-23.247863247863247,0.0,-0.9768009768009768,6.056166056166056,0.0,-4.102564102564102,-18.168498168498168,7.619047619047619,-25.982905982905983,0.0,3.711843711843712,-27.545787545787547,-13.870573870573873,-3.711843711843712,0.0,5.665445665445666,-8.791208791208792,31.45299145299145,6.056166056166056,-13.870573870573873
36.92307692307692,-38.87667887667888,-6.056166056166056,16.605616605616607,0.0,61.14774114774115,-35.75091575091575,10.744810744810744,-27.545787545787547,0.0,-4.493284493284493,7.619047619047619,0.0,-2.5396825396825395,-22.857142857142858,8.791208791208792,-27.155067155067155,0.0,1.3675213675213675,-28.71794871794872,-14.652014652014651,-2.5396825396825395,0.0,6.446886446886447,17.77777777777778,8.00976800976801,3.711843711843712,-14.652014652014651
32.234432234432234,-40.43956043956044,-7.619047619047619,18.94993894993895,0.0,54.5054945054945,-38.095238095238095,12.698412698412698,-25.592185592185597,0.0,-6.446886446886447,5.274725274725275,0.0,-0.9768009768009768,-27.936507936507937,9.963369963369964,-24.81074481074481,0.0,-0.1953601953601953,-29.10866910866911,-15.824175824175825,0.9768009768009768,0.0,8.00976800976801,52.55189255189255,-23.247863247863247,2.148962148962149,-15.824175824175825
25.2014652014652,-41.61172161172161,-16.605616605616607,27.936507936507937,0.0,42.002442002442,-40.04884004884005,5.274725274725275,-11.916971916971915,0.0,-8.00976800976801,-2.148962148962149,0.0,-6.056166056166056,-34.18803418803419,3.3211233211233213,-11.916971916971915,0.0,-6.056166056166056,-32.234432234432234,-20.512820512820515,9.963369963369964,0.0,16.996336996336996,15.433455433455434,8.791208791208792,1.7582417582417582,-20.512820512820515
18.55921855921856,-40.43956043956044,-20.512820512820515,27.155067155067155,0.0,28.71794871794872,-38.095238095238095,1.3675213675213675,-6.056166056166056,0.0,-9.963369963369964,-8.4004884004884,0.0,-11.916971916971915,-36.53235653235653,0.9768009768009768,-8.4004884004884,0.0,-13.47985347985348,-31.843711843711844,-19.34065934065934,8.00976800976801,0.0,20.903540903540904,-40.43956043956044,61.53846153846154,2.148962148962149,-19.34065934065934
15.824175824175825,-35.36019536019536,-19.73137973137973,22.466422466422465,0.0,20.512820512820515,-36.53235653235653,1.7582417582417582,-2.148962148962149,0.0,-11.916971916971915,-10.744810744810744,0.0,-17.387057387057386,-34.969474969474966,1.7582417582417582,-11.135531135531137,0.0,-16.996336996336996,-31.843711843711844,-13.47985347985348,1.3675213675213675,0.0,20.12210012210012,-35.75091575091575,55.67765567765568,-1.7582417582417582,-13.47985347985348
5.665445665445666,-31.062271062271066,-21.294261294261293,29.499389499389498,0.0,9.18192918192918,-35.75091575091575,1.7582417582417582,7.228327228327228,0.0,-13.870573870573873,-13.870573870573873,0.0,-28.32722832722833,-33.01587301587302,0.9768009768009768,-6.837606837606837,0.0,-24.42002442002442,-33.7973137973138,-9.572649572649572,1.3675213675213675,0.0,21.68498168498169,-33.7973137973138,54.114774114774114,-7.228327228327228,-9.572649572649572
-2.93040293040293,-28.32722832722833,-21.294261294261293,37.704517704517706,0.0,-1.7582417582417582,-31.843711843711844,4.493284493284493,13.089133089133089,0.0,-12.698412698412698,-16.605616605616607,0.0,-37.704517704517706,-31.843711843711844,0.9768009768009768,-6.837606837606837,0.0,-33.7973137973138,-33.7973137973138,-8.791208791208792,0.9768009768009768,0.0,21.68498168498169,-66.61782661782662,89.27960927960928,-11.135531135531137,-8.791208791208792
-9.963369963369964,-23.247863247863247,-22.466422466422465,37.704517704517706,0.0,-6.446886446886447,-29.10866910866911,8.791208791208792,8.00976800976801,0.0,-10.354090354090356,-16.214896214896214,0.0,-38.87667887667888,-29.89010989010989,-0.1953601953601953,-15.433455433455434,0.0,-36.53235653235653,-31.062271062271066,-11.526251526251526,-4.493284493284493,0.0,22.857142857142858,-59.1941391941392,84.59096459096459,-12.698412698412698,-11.526251526251526
-21.294261294261293,-21.68498168498169,-27.545787545787547,44.346764346764346,0.0,-15.042735042735044,-30.671550671550676,7.619047619047619,11.135531135531137,0.0,-11.135531135531137,-21.68498168498169,0.0,-43.56532356532357,-33.01587301587302,-2.5396825396825395,-15.433455433455434,0.0,-43.56532356532357,-30.28083028083028,-16.214896214896214,-4.884004884004884,0.0,27.936507936507937,-65.44566544566544,91.62393162393164,-11.135531135531137,-16.214896214896214
-30.28083028083028,-20.512820512820515,-34.18803418803419,43.17460317460318,0.0,-23.247863247863247,-33.40659340659341,1.7582417582417582,13.089133089133089,0.0,-13.47985347985348,-25.982905982905983,0.0,-46.3003663003663,-38.87667887667888,-11.135531135531137,-9.572649572649572,0.0,-49.42612942612943,-27.545787545787547,-25.982905982905983,-3.711843711843712,0.0,34.57875457875458,-83.41880341880342,106.08058608058607,-8.00976800976801,-25.982905982905983
-36.53235653235653,-16.214896214896214,-33.40659340659341,28.71794871794872,0.0,-28.71794871794872,-32.62515262515262,-0.5860805860805861,4.493284493284493,0.0,-11.916971916971915,-30.28083028083028,0.0,-43.17460317460318,-42.78388278388278,-13.870573870573873,-14.261294261294262,0.0,-50.5982905982906,-24.42002442002442,-30.28083028083028,-9.18192918192918,0.0,33.7973137973138,-74.43223443223444,94.74969474969475,-6.056166056166056,-30.28083028083028
-46.69108669108669,-9.18192918192918,-32.234432234432234,18.94993894993895,0.0,-37.704517704517706,-29.89010989010989,-0.1953601953601953,-0.5860805860805861,0.0,-9.18192918192918,-33.40659340659341,0.0,-44.346764346764346,-43.56532356532357,-13.870573870573873,-17.77777777777778,0.0,-50.989010989010985,-20.512820512820515,-30.671550671550676,-16.996336996336996,0.0,32.62515262515262,-63.88278388278388,84.59096459096459,-7.228327228327228,-30.671550671550676
-58.02197802197802,-5.665445665445666,-32.62515262515262,20.512820512820515,0.0,-49.81684981684982,-26.37362637362637,-3.3211233211233213,4.493284493284493,0.0,-5.665445665445666,-36.92307692307692,0.0,-46.3003663003663,-45.12820512820513,-13.089133089133089,-13.870573870573873,0.0,-54.5054945054945,-16.996336996336996,-33.40659340659341,-13.47985347985348,0.0,33.01587301587302,-111.15995115995116,128.35164835164835,-6.446886446886447,-33.40659340659341
-67.78998778998779,-4.493284493284493,-34.57875457875458,23.63858363858364,0.0,-60.366300366300365,-24.42002442002442,-4.102564102564102,6.837606837606837,0.0,-0.9768009768009768,-38.87667887667888,0.0,-44.737484737484735,-45.12820512820513,-12.698412698412698,-16.605616605616607,0.0,-53.724053724053725,-16.996336996336996,-37.31379731379732,-11.135531135531137,0.0,34.969474969474966,-105.68986568986568,124.05372405372404,-10.744810744810744,-37.31379731379732
-73.65079365079364,-4.102564102564102,-34.18803418803419,21.68498168498169,0.0,-68.57142857142857,-23.63858363858364,0.1953601953601953,1.3675213675213675,0.0,0.1953601953601953,-37.704517704517706,0.0,-42.39316239316239,-41.61172161172161,-6.837606837606837,-27.936507936507937,0.0,-50.20757020757021,-15.824175824175825,-36.14163614163614,-16.996336996336996,0.0,34.57875457875458,-41.61172161172161,62.71062271062271,-15.433455433455434,-36.14163614163614
-76.77655677655677,-9.572649572649572,-36.14163614163614,27.545787545787547,0.0,-72.47863247863248,-29.10866910866911,0.1953601953601953,5.665445665445666,0.0,-3.711843711843712,-38.48595848595848,0.0,-41.61172161172161,-42.39316239316239,-3.3211233211233213,-31.45299145299145,0.0,-50.989010989010985,-14.652014652014651,-37.31379731379732,-16.996336996336996,0.0,36.53235653235653,-25.982905982905983,46.3003663003663,-16.605616605616607,-37.31379731379732
-75.21367521367522,-16.214896214896214,-38.48595848595848,31.45299145299145,0.0,-74.43223443223444,-36.14163614163614,0.9768009768009768,10.744810744810744,0.0,-5.665445665445666,-40.83028083028083,0.0,-39.26739926739927,-45.51892551892552,-3.711843711843712,-30.28083028083028,0.0,-50.989010989010985,-15.042735042735044,-38.48595848595848,-14.261294261294262,0.0,38.87667887667888,-38.48595848595848,58.02197802197802,-18.94993894993895,-38.48595848595848
-70.52503052503053,-18.55921855921856,-36.14163614163614,26.37362637362637,0.0,-71.6971916971917,-38.87667887667888,3.711843711843712,6.056166056166056,0.0,-4.493284493284493,-38.87667887667888,0.0,-35.75091575091575,-43.95604395604396,0.1953601953601953,-36.14163614163614,0.0,-47.472527472527474,-12.698412698412698,-34.57875457875458,-22.075702075702075,0.0,36.53235653235653,4.102564102564102,15.433455433455434,-18.94993894993895,-34.57875457875458
-64.27350427350427,-16.996336996336996,-35.75091575091575,24.81074481074481,0.0,-63.49206349206349,-41.22100122100122,4.493284493284493,7.619047619047619,0.0,-0.9768009768009768,-37.31379731379732,0.0,-34.969474969474966,-42.39316239316239,1.3675213675213675,-34.18803418803419,0.0,-42.78388278388278,-11.916971916971915,-31.843711843711844,-23.247863247863247,0.0,36.14163614163614,56.06837606837607,-37.31379731379732,-19.73137973137973,-31.843711843711844
-60.366300366300365,-16.996336996336996,-34.969474969474966,27.545787545787547,0.0,-57.63125763125763,-42.78388278388278,0.1953601953601953,15.042735042735044,0.0,0.1953601953601953,-37.31379731379732,0.0,-34.969474969474966,-42.002442002442,0.1953601953601953,-24.81074481074481,0.0,-39.26739926739927,-14.652014652014651,-29.89010989010989,-16.214896214896214,0.0,35.36019536019536,50.20757020757021,-34.57875457875458,-21.68498168498169,-29.89010989010989
-57.24053724053724,-14.652014652014651,-30.671550671550676,23.247863247863247,0.0,-51.37973137973138,-41.61172161172161,-0.5860805860805861,13.47985347985348,0.0,2.93040293040293,-37.31379731379732,0.0,-33.40659340659341,-37.31379731379732,4.102564102564102,-23.63858363858364,0.0,-33.7973137973138,-18.94993894993895,-21.68498168498169,-15.042735042735044,0.0,31.062271062271066,36.14163614163614,-23.63858363858364,-24.81074481074481,-21.68498168498169
-49.81684981684982,-13.089133089133089,-25.2014652014652,18.168498168498168,0.0,-43.17460317460318,-39.65811965811966,1.3675213675213675,11.135531135531137,0.0,3.711843711843712,-34.969474969474966,0.0,-32.234432234432234,-31.843711843711844,11.135531135531137,-22.857142857142858,0.0,-28.71794871794872,-19.73137973137973,-14.261294261294262,-12.307692307692308,0.0,25.592185592185597,76.77655677655677,-66.61782661782662,-28.71794871794872,-14.261294261294262
-45.90964590964591,-15.433455433455434,-19.34065934065934,22.075702075702075,0.0,-40.04884004884005,-40.43956043956044,4.102564102564102,16.605616605616607,0.0,0.9768009768009768,-34.969474969474966,0.0,-35.75091575091575,-25.982905982905983,21.294261294261293,-20.12210012210012,0.0,-29.89010989010989,-18.94993894993895,-2.148962148962149,-8.4004884004884,0.0,19.73137973137973,123.27228327228327,-118.1929181929182,-31.062271062271066,-2.148962148962149
-41.22100122100122,-17.77777777777778,-20.12210012210012,26.37362637362637,0.0,-37.704517704517706,-42.002442002442,4.493284493284493,20.512820512820515,0.0,0.1953601953601953,-31.45299145299145,0.0,-37.31379731379732,-24.42002442002442,23.247863247863247,-10.354090354090356,0.0,-32.234432234432234,-19.34065934065934,2.5396825396825395,0.1953601953601953,0.0,20.512820512820515,79.12087912087912,-79.51159951159951,-32.234432234432234,2.5396825396825395
-31.062271062271066,-16.996336996336996,-17.77777777777778,22.857142857142858,0.0,-27.155067155067155,-42.78388278388278,7.228327228327228,19.73137973137973,0.0,0.1953601953601953,-27.155067155067155,0.0,-38.87667887667888,-22.075702075702075,27.545787545787547,-7.228327228327228,0.0,-31.45299145299145,-17.77777777777778,5.665445665445666,2.5396825396825395,0.0,18.168498168498168,75.995115995116,-79.9023199023199,-35.75091575091575,5.665445665445666
-25.2014652014652,-15.433455433455434,-18.168498168498168,24.02930402930403,0.0,-20.903540903540904,-44.346764346764346,6.056166056166056,23.247863247863247,0.0,0.1953601953601953,-25.2014652014652,0.0,-45.12820512820513,-16.996336996336996,27.545787545787547,-0.9768009768009768,0.0,-31.45299145299145,-18.94993894993895,9.572649572649572,5.665445665445666,0.0,18.55921855921856,71.30647130647131,-77.94871794871794,-40.04884004884005,9.572649572649572
-18.55921855921856,-11.135531135531137,-20.903540903540904,21.68498168498169,0.0,-12.698412698412698,-42.39316239316239,0.5860805860805861,24.42002442002442,0.0,0.9768009768009768,-22.857142857142858,0.0,-46.69108669108669,-13.870573870573873,22.075702075702075,6.446886446886447,0.0,-29.499389499389498,-20.903540903540904,6.837606837606837,12.307692307692308,0.0,21.294261294261293,39.65811965811966,-50.989010989010985,-42.78388278388278,6.837606837606837
-9.963369963369964,-1.7582417582417582,-21.68498168498169,10.354090354090356,0.0,-4.102564102564102,-35.75091575091575,0.1953601953601953,15.042735042735044,0.0,5.274725274725275,-18.55921855921856,0.0,-43.56532356532357,-6.056166056166056,21.68498168498169,-2.5396825396825395,0.0,-25.2014652014652,-20.12210012210012,5.665445665445666,8.4004884004884,0.0,22.075702075702075,64.27350427350427,-83.80952380952381,-43.17460317460318,5.665445665445666
-4.493284493284493,1.7582417582417582,-19.34065934065934,6.837606837606837,0.0,1.7582417582417582,-28.71794871794872,-0.5860805860805861,11.526251526251526,0.0,5.665445665445666,-14.261294261294262,0.0,-41.61172161172161,1.7582417582417582,22.857142857142858,-13.870573870573873,0.0,-24.02930402930403,-18.94993894993895,8.4004884004884,4.884004884004884,0.0,19.73137973137973,66.22710622710623,-92.4053724053724,-41.61172161172161,8.4004884004884
-1.3675213675213675,3.711843711843712,-22.857142857142858,15.824175824175825,0.0,3.711843711843712,-23.63858363858364,-4.102564102564102,18.168498168498168,0.0,3.711843711843712,-11.526251526251526,0.0,-39.26739926739927,2.5396825396825395,18.168498168498168,-8.00976800976801,0.0,-27.545787545787547,-18.55921855921856,4.493284493284493,15.433455433455434,0.0,23.247863247863247,-12.307692307692308,-22.857142857142858,-38.48595848595848,4.493284493284493
2.5396825396825395,2.148962148962149,-23.247863247863247,16.996336996336996,0.0,11.526251526251526,-22.075702075702075,-7.228327228327228,16.605616605616607,0.0,2.5396825396825395,-8.791208791208792,0.0,-30.671550671550676,-0.9768009768009768,15.824175824175825,-5.665445665445666,0.0,-27.545787545787547,-17.77777777777778,2.148962148962149,21.68498168498169,0.0,23.63858363858364,-41.61172161172161,4.884004884004884,-37.704517704517706,2.148962148962149
6.837606837606837,-0.9768009768009768,-19.34065934065934,15.433455433455434,0.0,21.294261294261293,-23.63858363858364,-7.619047619047619,12.698412698412698,0.0,-1.3675213675213675,-7.619047619047619,0.0,-25.982905982905983,-3.711843711843712,20.903540903540904,-5.274725274725275,0.0,-26.764346764346765,-15.433455433455434,6.056166056166056,21.68498168498169,0.0,19.73137973137973,10.354090354090356,-42.78388278388278,-39.65811965811966,6.056166056166056
10.354090354090356,-8.4004884004884,-22.857142857142858,19.73137973137973,0.0,27.545787545787547,-30.671550671550676,-11.526251526251526,13.870573870573873,0.0,-7.228327228327228,-9.18192918192918,0.0,-25.982905982905983,-7.228327228327228,20.903540903540904,7.228327228327228,0.0,-28.32722832722833,-15.433455433455434,6.837606837606837,31.843711843711844,0.0,23.247863247863247,-1.7582417582417582,-29.89010989010989,-42.002442002442,6.837606837606837
16.214896214896214,-14.261294261294262,-30.28083028083028,19.73137973137973,0.0,33.40659340659341,-35.36019536019536,-13.870573870573873,6.837606837606837,0.0,-11.135531135531137,-9.572649572649572,0.0,-26.764346764346765,-9.572649572649572,18.94993894993895,17.387057387057386,0.0,-32.234432234432234,-13.870573870573873,6.446886446886447,39.65811965811966,0.0,30.671550671550676,-43.56532356532357,5.274725274725275,-43.17460317460318,6.446886446886447
25.982905982905983,-18.55921855921856,-37.31379731379732,17.387057387057386,0.0,43.56532356532357,-38.87667887667888,-11.135531135531137,-4.884004884004884,0.0,-14.652014652014651,-8.791208791208792,0.0,-25.592185592185597,-7.228327228327228,20.12210012210012,13.870573870573873,0.0,-36.53235653235653,-11.526251526251526,12.307692307692308,37.31379731379732,0.0,37.704517704517706,-11.135531135531137,-38.87667887667888,-42.39316239316239,12.307692307692308
34.969474969474966,-27.155067155067155,-45.12820512820513,22.075702075702075,0.0,48.64468864468864,-45.12820512820513,-10.744810744810744,-7.619047619047619,0.0,-19.73137973137973,-9.963369963369964,0.0,-27.155067155067155,-6.837606837606837,18.94993894993895,16.214896214896214,0.0,-45.51892551892552,-10.354090354090356,15.824175824175825,41.61172161172161,0.0,45.51892551892552,11.526251526251526,-75.21367521367522,-40.43956043956044,15.824175824175825
39.65811965811966,-35.75091575091575,-52.94261294261294,26.764346764346765,0.0,50.989010989010985,-50.5982905982906,-13.089133089133089,-7.619047619047619,0.0,-25.592185592185597,-13.47985347985348,0.0,-27.545787545787547,-11.135531135531137,11.916971916971915,19.73137973137973,0.0,-55.67765567765568,-9.963369963369964,14.652014652014651,44.737484737484735,0.0,53.333333333333336,-16.996336996336996,-57.24053724053724,-35.75091575091575,14.652014652014651
42.002442002442,-41.22100122100122,-53.333333333333336,22.857142857142858,0.0,55.28693528693529,-57.63125763125763,-14.652014652014651,-11.526251526251526,0.0,-29.499389499389498,-18.168498168498168,0.0,-22.466422466422465,-14.652014652014651,9.18192918192918,15.042735042735044,0.0,-58.8034188034188,-10.744810744810744,13.089133089133089,43.17460317460318,0.0,53.724053724053725,-9.572649572649572,-68.96214896214896,-30.28083028083028,13.089133089133089
43.56532356532357,-49.42612942612943,-54.5054945054945,20.903540903540904,0.0,58.8034188034188,-66.61782661782662,-16.605616605616607,-13.870573870573873,0.0,-34.57875457875458,-25.2014652014652,0.0,-20.903540903540904,-20.903540903540904,9.963369963369964,11.135531135531137,0.0,-62.71062271062271,-11.526251526251526,11.526251526251526,42.78388278388278,0.0,54.89621489621489,39.65811965811966,-117.8021978021978,-27.155067155067155,11.526251526251526
43.17460317460318,-56.45909645909646,-56.45909645909646,22.075702075702075,0.0,59.58485958485959,-73.26007326007326,-22.075702075702075,-11.135531135531137,0.0,-38.095238095238095,-30.671550671550676,0.0,-23.63858363858364,-25.982905982905983,6.056166056166056,16.996336996336996,0.0,-67.78998778998779,-13.47985347985348,7.228327228327228,47.472527472527474,0.0,56.84981684981685,57.63125763125763,-135.3846153846154,-26.37362637362637,7.228327228327228
46.69108669108669,-61.14774114774115,-57.63125763125763,18.55921855921856,0.0,64.27350427350427,-75.995115995116,-24.42002442002442,-15.824175824175825,0.0,-38.095238095238095,-34.57875457875458,0.0,-25.592185592185597,-29.10866910866911,4.102564102564102,18.168498168498168,0.0,-71.30647130647131,-12.698412698412698,3.711843711843712,48.25396825396825,0.0,58.02197802197802,49.81684981684982,-130.6959706959707,-24.02930402930403,3.711843711843712
56.84981684981685,-63.88278388278388,-59.58485958485959,12.698412698412698,0.0,74.43223443223444,-78.73015873015873,-25.592185592185597,-24.02930402930403,0.0,-37.31379731379732,-35.75091575091575,0.0,-25.982905982905983,-29.499389499389498,2.5396825396825395,13.870573870573873,0.0,-71.6971916971917,-11.135531135531137,1.7582417582417582,42.78388278388278,0.0,59.975579975579976,42.39316239316239,-127.96092796092796,-22.075702075702075,1.7582417582417582
62.31990231990232,-66.22710622710623,-62.31990231990232,13.089133089133089,0.0,72.47863247863248,-79.12087912087912,-26.37362637362637,-18.94993894993895,0.0,-36.14163614163614,-38.48595848595848,0.0,-32.234432234432234,-29.499389499389498,0.9768009768009768,15.824175824175825,0.0,-74.82295482295483,-11.135531135531137,0.1953601953601953,41.61172161172161,0.0,62.71062271062271,-0.9768009768009768,-92.014652014652,-19.73137973137973,0.1953601953601953
65.05494505494505,-64.66422466422466,-66.22710622710623,13.870573870573873,0.0,67.3992673992674,-76.38583638583638,-25.982905982905983,-14.652014652014651,0.0,-33.01587301587302,-40.83028083028083,0.0,-36.14163614163614,-28.32722832722833,-1.3675213675213675,13.47985347985348,0.0,-75.6043956043956,-9.18192918192918,-4.493284493284493,36.92307692307692,0.0,66.61782661782662,-23.63858363858364,-70.13431013431014,-18.94993894993895,-4.493284493284493
73.26007326007326,-58.02197802197802,-67.78998778998779,7.619047619047619,0.0,66.61782661782662,-71.30647130647131,-18.55921855921856,-20.512820512820515,0.0,-26.764346764346765,-38.095238095238095,0.0,-33.40659340659341,-23.63858363858364,-0.9768009768009768,1.7582417582417582,0.0,-72.08791208791209,-4.884004884004884,-3.3211233211233213,24.42002442002442,0.0,68.18070818070818,27.936507936507937,-123.66300366300366,-15.824175824175825,-3.3211233211233213
76.38583638583638,-53.333333333333336,-70.13431013431014,7.228327228327228,0.0,59.1941391941392,-62.31990231990232,-13.47985347985348,-21.68498168498169,0.0,-24.02930402930403,-32.62515262515262,0.0,-36.14163614163614,-18.55921855921856,0.1953601953601953,-2.5396825396825395,0.0,-70.52503052503053,-2.148962148962149,-2.148962148962149,16.996336996336996,0.0,70.52503052503053,50.20757020757021,-145.54334554334554,-14.261294261294262,-2.148962148962149
77.55799755799755,-53.724053724053725,-75.21367521367522,14.261294261294262,0.0,52.55189255189255,-55.28693528693529,-15.433455433455434,-17.77777777777778,0.0,-24.42002442002442,-29.10866910866911,0.0,-39.65811965811966,-19.73137973137973,-2.5396825396825395,4.102564102564102,0.0,-72.08791208791209,-0.9768009768009768,-2.93040293040293,18.55921855921856,0.0,75.6043956043956,20.512820512820515,-116.63003663003664,-13.870573870573873,-2.93040293040293
81.85592185592185,-52.55189255189255,-77.16727716727716,8.00976800976801,0.0,53.724053724053725,-49.42612942612943,-17.387057387057386,-24.81074481074481,0.0,-25.982905982905983,-25.592185592185597,0.0,-38.48595848595848,-21.68498168498169,-5.274725274725275,4.493284493284493,0.0,-73.65079365079364,-0.9768009768009768,-0.5860805860805861,13.870573870573873,0.0,77.55799755799755,33.40659340659341,-134.6031746031746,-11.135531135531137,-0.5860805860805861
83.02808302808303,-49.81684981684982,-77.16727716727716,-0.9768009768009768,0.0,51.77045177045177,-42.002442002442,-19.73137973137973,-34.18803418803419,0.0,-29.499389499389498,-26.37362637362637,0.0,-38.48595848595848,-23.63858363858364,-7.619047619047619,1.3675213675213675,0.0,-75.995115995116,0.1953601953601953,-1.3675213675213675,7.619047619047619,0.0,77.55799755799755,71.6971916971917,-177.97313797313797,-11.135531135531137,-1.3675213675213675
80.29304029304029,-46.69108669108669,-79.9023199023199,-3.711843711843712,0.0,47.472527472527474,-37.704517704517706,-25.592185592185597,-33.40659340659341,0.0,-31.45299145299145,-29.89010989010989,0.0,-36.92307692307692,-26.764346764346765,-12.698412698412698,0.1953601953601953,0.0,-80.29304029304029,0.1953601953601953,-6.056166056166056,7.619047619047619,0.0,80.29304029304029,44.346764346764346,-154.13919413919413,-13.47985347985348,-6.056166056166056
77.94871794871794,-38.87667887667888,-78.33943833943835,-11.916971916971915,0.0,46.69108669108669,-31.843711843711844,-25.2014652014652,-40.43956043956044,0.0,-29.89010989010989,-30.671550671550676,0.0,-35.75091575091575,-24.02930402930403,-18.94993894993895,-8.4004884004884,0.0,-82.63736263736264,3.711843711843712,-15.433455433455434,4.493284493284493,0.0,78.73015873015873,0.9768009768009768,-109.98778998778998,-13.870573870573873,-15.433455433455434
76.77655677655677,-25.982905982905983,-70.91575091575092,-22.857142857142858,0.0,47.472527472527474,-22.857142857142858,-16.605616605616607,-50.989010989010985,0.0,-27.936507936507937,-30.28083028083028,0.0,-34.969474969474966,-18.55921855921856,-18.94993894993895,-20.512820512820515,0.0,-80.29304029304029,6.446886446886447,-19.34065934065934,-2.5396825396825395,0.0,71.30647130647131,24.81074481074481,-127.96092796092796,-17.387057387057386,-19.34065934065934
70.52503052503053,-17.387057387057386,-65.83638583638583,-24.42002442002442,0.0,43.95604395604396,-19.73137973137973,-9.572649572649572,-52.16117216117216,0.0,-30.28083028083028,-24.81074481074481,0.0,-35.75091575091575,-17.77777777777778,-17.387057387057386,-22.857142857142858,0.0,-78.73015873015873,7.619047619047619,-22.075702075702075,-1.7582417582417582,0.0,66.22710622710623,47.472527472527474,-142.02686202686203,-20.903540903540904,-22.075702075702075
60.757020757020754,-9.963369963369964,-59.975579975579976,-30.671550671550676,0.0,36.14163614163614,-15.433455433455434,-5.665445665445666,-54.5054945054945,0.0,-37.31379731379732,-18.94993894993895,0.0,-36.14163614163614,-21.294261294261293,-17.387057387057386,-20.903540903540904,0.0,-79.9023199023199,8.791208791208792,-26.37362637362637,-0.1953601953601953,0.0,60.366300366300365,8.00976800976801,-95.14041514041514,-19.73137973137973,-26.37362637362637
51.77045177045177,-4.884004884004884,-52.94261294261294,-40.04884004884005,0.0,24.81074481074481,-11.916971916971915,-0.5860805860805861,-57.63125763125763,0.0,-45.90964590964591,-14.261294261294262,0.0,-38.095238095238095,-27.155067155067155,-15.824175824175825,-20.512820512820515,0.0,-82.24664224664225,9.572649572649572,-25.982905982905983,-4.884004884004884,0.0,53.333333333333336,-56.45909645909646,-24.81074481074481,-18.168498168498168,-25.982905982905983
44.737484737484735,1.3675213675213675,-48.25396825396825,-53.333333333333336,0.0,17.387057387057386,-8.4004884004884,0.1953601953601953,-63.49206349206349,0.0,-53.724053724053725,-9.963369963369964,0.0,-36.53235653235653,-29.10866910866911,-14.261294261294262,-27.155067155067155,0.0,-80.68376068376068,14.652014652014651,-27.936507936507937,-15.042735042735044,0.0,48.64468864468864,-35.36019536019536,-37.704517704517706,-17.77777777777778,-27.936507936507937
38.87667887667888,4.102564102564102,-48.25396825396825,-61.14774114774115,0.0,9.963369963369964,-7.228327228327228,-5.274725274725275,-61.92918192918193,0.0,-60.757020757020754,-7.619047619047619,0.0,-39.65811965811966,-33.7973137973138,-17.77777777777778,-27.545787545787547,0.0,-80.68376068376068,14.261294261294262,-33.7973137973138,-21.294261294261293,0.0,48.64468864468864,-67.78998778998779,0.5860805860805861,-16.605616605616607,-33.7973137973138
37.31379731379732,8.4004884004884,-45.12820512820513,-74.43223443223444,0.0,7.228327228327228,-8.00976800976801,-3.711843711843712,-67.00854700854701,0.0,-66.61782661782662,-3.711843711843712,0.0,-45.12820512820513,-36.14163614163614,-15.042735042735044,-38.87667887667888,0.0,-79.9023199023199,13.089133089133089,-31.843711843711844,-38.87667887667888,0.0,45.51892551892552,-78.73015873015873,20.12210012210012,-20.903540903540904,-31.843711843711844
33.7973137973138,15.433455433455434,-44.346764346764346,-86.54456654456655,0.0,5.665445665445666,-10.354090354090356,-1.7582417582417582,-72.47863247863248,0.0,-69.74358974358974,0.1953601953601953,0.0,-49.42612942612943,-36.53235653235653,-10.354090354090356,-47.081807081807085,0.0,-75.21367521367522,13.47985347985348,-27.545787545787547,-56.06837606837607,0.0,44.737484737484735,-56.45909645909646,11.916971916971915,-25.982905982905983,-27.545787545787547
25.592185592185597,16.605616605616607,-48.64468864468864,-84.59096459096459,0.0,-3.711843711843712,-16.605616605616607,-2.148962148962149,-66.61782661782662,0.0,-77.16727716727716,4.102564102564102,0.0,-59.58485958485959,-40.04884004884005,-9.572649572649572,-38.87667887667888,0.0,-73.65079365079364,9.963369963369964,-26.764346764346765,-59.975579975579976,0.0,49.03540903540904,-100.21978021978022,67.00854700854701,-27.155067155067155,-26.764346764346765
17.387057387057386,15.824175824175825,-52.94261294261294,-82.63736263736264,0.0,-15.433455433455434,-21.294261294261293,0.1953601953601953,-62.71062271062271,0.0,-79.51159951159951,3.711843711843712,0.0,-66.61782661782662,-41.61172161172161,-9.572649572649572,-34.57875457875458,0.0,-72.86935286935287,11.526251526251526,-28.71794871794872,-64.27350427350427,0.0,53.333333333333336,-136.55677655677655,113.89499389499387,-25.592185592185597,-28.71794871794872
13.870573870573873,15.042735042735044,-56.06837606837607,-85.76312576312576,0.0,-22.857142857142858,-21.294261294261293,2.5396825396825395,-68.96214896214896,0.0,-79.9023199023199,4.493284493284493,0.0,-61.92918192918193,-38.48595848595848,-8.4004884004884,-40.43956043956044,0.0,-65.83638583638583,20.512820512820515,-31.843711843711844,-74.43223443223444,0.0,56.45909645909646,-82.24664224664225,74.43223443223444,-22.466422466422465,-31.843711843711844
9.963369963369964,12.698412698412698,-58.02197802197802,-82.63736263736264,0.0,-31.45299145299145,-22.466422466422465,4.884004884004884,-67.3992673992674,0.0,-80.68376068376068,8.00976800976801,0.0,-58.41269841269841,-34.57875457875458,-9.18192918192918,-43.95604395604396,0.0,-59.975579975579976,27.545787545787547,-37.704517704517706,-78.33943833943835,0.0,58.41269841269841,-76.77655677655677,81.07448107448107,-19.34065934065934,-37.704517704517706
6.446886446886447,8.4004884004884,-57.24053724053724,-73.65079365079364,0.0,-42.78388278388278,-23.247863247863247,6.446886446886447,-54.5054945054945,0.0,-81.46520146520146,12.307692307692308,0.0,-58.02197802197802,-34.18803418803419,-9.963369963369964,-42.002442002442,0.0,-57.63125763125763,31.45299145299145,-45.90964590964591,-74.82295482295483,0.0,57.63125763125763,-129.13308913308913,143.5897435897436,-17.387057387057386,-45.90964590964591
3.711843711843712,8.4004884004884,-54.5054945054945,-74.43223443223444,0.0,-51.77045177045177,-23.247863247863247,9.18192918192918,-49.42612942612943,0.0,-83.02808302808303,20.12210012210012,0.0,-55.28693528693529,-29.499389499389498,-7.228327228327228,-50.20757020757021,0.0,-49.42612942612943,34.969474969474966,-50.5982905982906,-79.51159951159951,0.0,54.89621489621489,-109.2063492063492,136.55677655677655,-21.294261294261293,-50.5982905982906
-0.5860805860805861,8.4004884004884,-51.37973137973138,-75.6043956043956,0.0,-61.53846153846154,-25.982905982905983,12.307692307692308,-42.78388278388278,0.0,-84.98168498168498,25.982905982905983,0.0,-57.63125763125763,-22.075702075702075,-5.274725274725275,-54.5054945054945,0.0,-42.39316239316239,34.18803418803419,-52.16117216117216,-81.46520146520146,0.0,51.77045177045177,-63.49206349206349,101.3919413919414,-25.2014652014652,-52.16117216117216
-6.446886446886447,9.963369963369964,-52.94261294261294,-71.30647130647131,0.0,-70.52503052503053,-29.499389499389498,9.572649572649572,-28.71794871794872,0.0,-83.02808302808303,25.592185592185597,0.0,-61.92918192918193,-15.824175824175825,-10.354090354090356,-49.03540903540904,0.0,-35.75091575091575,29.10866910866911,-57.24053724053724,-75.995115995116,0.0,53.333333333333336,-98.65689865689866,140.0732600732601,-25.2014652014652,-57.24053724053724
-11.135531135531137,12.698412698412698,-53.333333333333336,-70.91575091575092,0.0,-78.33943833943835,-28.32722832722833,6.446886446886447,-22.466422466422465,0.0,-77.94871794871794,24.81074481074481,0.0,-56.84981684981685,-8.791208791208792,-16.605616605616607,-47.472527472527474,0.0,-24.02930402930403,27.155067155067155,-60.366300366300365,-74.82295482295483,0.0,53.724053724053725,-138.9010989010989,182.66178266178267,-21.294261294261293,-60.366300366300365
-15.042735042735044,20.903540903540904,-49.81684981684982,-75.21367521367522,0.0,-83.41880341880342,-20.12210012210012,10.354090354090356,-25.592185592185597,0.0,-67.78998778998779,25.592185592185597,0.0,-49.03540903540904,0.5860805860805861,-18.168498168498168,-53.333333333333336,0.0,-10.354090354090356,27.545787545787547,-61.14774114774115,-77.94871794871794,0.0,50.20757020757021,-98.65689865689866,146.32478632478632,-18.168498168498168,-61.14774114774115
-24.42002442002442,28.71794871794872,-42.78388278388278,-63.49206349206349,0.0,-94.35897435897436,-8.791208791208792,16.996336996336996,-15.042735042735044,0.0,-58.02197802197802,29.10866910866911,0.0,-44.737484737484735,4.493284493284493,-17.387057387057386,-47.86324786324786,0.0,0.5860805860805861,23.63858363858364,-63.88278388278388,-67.00854700854701,0.0,43.17460317460318,-78.73015873015873,131.08669108669108,-15.042735042735044,-63.88278388278388
-34.57875457875458,35.36019536019536,-32.62515262515262,-47.86324786324786,0.0,-108.03418803418803,6.056166056166056,23.63858363858364,-1.7582417582417582,0.0,-45.90964590964591,37.31379731379732,0.0,-41.22100122100122,8.00976800976801,-13.089133089133089,-39.26739926739927,0.0,10.354090354090356,21.68498168498169,-68.57142857142857,-51.77045177045177,0.0,33.01587301587302,-105.2991452991453,161.56288156288156,-10.354090354090356,-68.57142857142857
-40.43956043956044,43.56532356532357,-20.903540903540904,-43.17460317460318,0.0,-113.11355311355312,21.68498168498169,32.62515262515262,-2.148962148962149,0.0,-31.843711843711844,45.90964590964591,0.0,-36.53235653235653,16.214896214896214,-4.884004884004884,-40.83028083028083,0.0,21.294261294261293,21.68498168498169,-66.22710622710623,-44.346764346764346,0.0,21.294261294261293,-97.48473748473748,156.87423687423689,-9.963369963369964,-66.22710622710623
-47.081807081807085,53.333333333333336,-10.744810744810744,-33.7973137973138,0.0,-119.36507936507935,35.36019536019536,36.92307692307692,6.446886446886447,0.0,-16.605616605616607,50.989010989010985,0.0,-34.18803418803419,27.155067155067155,3.3211233211233213,-31.45299145299145,0.0,29.499389499389498,21.294261294261293,-58.41269841269841,-29.10866910866911,0.0,11.135531135531137,-77.94871794871794,133.82173382173383,-9.572649572649572,-58.41269841269841
-49.42612942612943,61.92918192918193,-5.274725274725275,-25.592185592185597,0.0,-116.23931623931624,44.737484737484735,33.7973137973138,17.77777777777778,0.0,0.1953601953601953,53.724053724053725,0.0,-25.2014652014652,35.36019536019536,4.102564102564102,-15.824175824175825,0.0,39.26739926739927,22.466422466422465,-52.16117216117216,-13.089133089133089,0.0,5.665445665445666,-88.4981684981685,135.77533577533578,-4.493284493284493,-52.16117216117216
-50.20757020757021,73.65079365079364,0.9768009768009768,-30.28083028083028,0.0,-111.55067155067157,56.45909645909646,32.62515262515262,15.042735042735044,0.0,17.387057387057386,54.114774114774114,0.0,-8.4004884004884,45.90964590964591,3.711843711843712,-11.916971916971915,0.0,52.94261294261294,28.32722832722833,-42.39316239316239,-10.354090354090356,0.0,-0.5860805860805861,-58.02197802197802,100.21978021978022,-0.9768009768009768,-42.39316239316239
-54.5054945054945,85.37240537240537,8.4004884004884,-36.14163614163614,0.0,-111.15995115995116,67.00854700854701,33.40659340659341,12.307692307692308,0.0,32.62515262515262,54.89621489621489,0.0,10.354090354090356,54.89621489621489,4.493284493284493,-13.870573870573873,0.0,69.74358974358974,32.62515262515262,-35.75091575091575,-11.135531135531137,0.0,-8.00976800976801,-23.63858363858364,62.71062271062271,4.493284493284493,-35.75091575091575
-62.71062271062271,88.4981684981685,11.526251526251526,-29.89010989010989,0.0,-112.72283272283272,68.96214896214896,30.28083028083028,20.512820512820515,0.0,40.83028083028083,54.114774114774114,0.0,25.982905982905983,55.28693528693529,-0.5860805860805861,-7.619047619047619,0.0,81.85592185592185,31.45299145299145,-37.31379731379732,-4.102564102564102,0.0,-11.135531135531137,-67.00854700854701,103.34554334554336,11.916971916971915,-37.31379731379732
-68.96214896214896,90.06105006105007,13.870573870573873,-30.671550671550676,0.0,-114.28571428571428,72.08791208791209,28.32722832722833,16.996336996336996,0.0,47.86324786324786,54.114774114774114,0.0,42.39316239316239,52.94261294261294,-0.9768009768009768,-10.744810744810744,0.0,93.18681318681318,27.936507936507937,-34.18803418803419,-4.884004884004884,0.0,-13.47985347985348,-83.80952380952381,117.02075702075702,15.433455433455434,-34.18803418803419
-71.6971916971917,93.96825396825396,18.55921855921856,-36.92307692307692,0.0,-108.8156288156288,75.6043956043956,31.062271062271066,5.274725274725275,0.0,53.724053724053725,54.114774114774114,0.0,56.45909645909646,52.94261294261294,3.3211233211233213,-18.94993894993895,0.0,105.2991452991453,24.81074481074481,-27.545787545787547,-8.4004884004884,0.0,-18.168498168498168,-42.002442002442,71.30647130647131,16.605616605616607,-27.545787545787547
-72.86935286935287,91.62393162393164,25.2014652014652,-34.57875457875458,0.0,-103.73626373626374,75.21367521367522,31.843711843711844,5.274725274725275,0.0,57.63125763125763,51.77045177045177,0.0,67.00854700854701,47.86324786324786,11.526251526251526,-13.870573870573873,0.0,111.94139194139194,20.512820512820515,-16.605616605616607,-4.493284493284493,0.0,-24.81074481074481,-57.63125763125763,79.9023199023199,16.605616605616607,-16.605616605616607
-72.08791208791209,92.4053724053724,27.545787545787547,-30.28083028083028,0.0,-96.7032967032967,76.77655677655677,33.40659340659341,3.3211233211233213,0.0,65.44566544566544,48.25396825396825,0.0,75.6043956043956,45.90964590964591,15.824175824175825,-3.3211233211233213,0.0,118.5836385836386,18.55921855921856,-6.446886446886447,2.93040293040293,0.0,-27.155067155067155,-108.03418803418803,122.88156288156289,15.433455433455434,-6.446886446886447
-65.83638583638583,92.4053724053724,34.18803418803419,-32.62515262515262,0.0,-84.98168498168498,79.51159951159951,38.87667887667888,-5.274725274725275,0.0,76.38583638583638,47.472527472527474,0.0,85.76312576312576,47.86324786324786,23.247863247863247,-3.3211233211233213,0.0,129.13308913308913,22.075702075702075,-0.1953601953601953,2.5396825396825395,0.0,-33.7973137973138,-94.35897435897436,108.03418803418803,15.433455433455434,-0.1953601953601953
-60.757020757020754,90.84249084249085,39.65811965811966,-30.671550671550676,0.0,-75.6043956043956,79.12087912087912,43.56532356532357,-8.00976800976801,0.0,82.63736263736264,48.25396825396825,0.0,94.74969474969475,49.42612942612943,26.764346764346765,-4.493284493284493,0.0,138.1196581196581,25.592185592185597,-0.1953601953601953,0.9768009768009768,0.0,-39.26739926739927,-71.30647130647131,84.59096459096459,17.77777777777778,-0.1953601953601953
-59.58485958485959,88.1074481074481,42.002442002442,-23.63858363858364,0.0,-68.96214896214896,75.21367521367522,44.737484737484735,-4.102564102564102,0.0,84.2002442002442,50.989010989010985,0.0,97.87545787545788,49.03540903540904,29.10866910866911,-6.056166056166056,0.0,142.8083028083028,26.764346764346765,0.5860805860805861,-0.9768009768009768,0.0,-41.61172161172161,-96.7032967032967,111.94139194139194,18.94993894993895,0.5860805860805861
-55.67765567765568,88.88888888888889,43.56532356532357,-25.982905982905983,0.0,-58.8034188034188,74.04151404151405,46.3003663003663,-10.354090354090356,0.0,83.02808302808303,55.67765567765568,0.0,100.21978021978022,50.20757020757021,34.57875457875458,-16.214896214896214,0.0,147.1062271062271,29.499389499389498,4.102564102564102,-12.698412698412698,0.0,-43.17460317460318,-120.92796092796092,137.33821733821733,22.857142857142858,4.102564102564102
-54.114774114774114,88.4981684981685,48.25396825396825,-29.89010989010989,0.0,-50.5982905982906,70.91575091575092,46.69108669108669,-14.261294261294262,0.0,76.38583638583638,58.41269841269841,0.0,101.001221001221,50.5982905982906,42.78388278388278,-25.982905982905983,0.0,148.2783882783883,32.62515262515262,11.916971916971915,-24.81074481074481,0.0,-47.86324786324786,-90.45177045177046,107.64346764346764,25.982905982905983,11.916971916971915
-54.114774114774114,86.54456654456655,52.55189255189255,-30.671550671550676,0.0,-43.17460317460318,62.31990231990232,47.081807081807085,-11.526251526251526,0.0,66.22710622710623,58.02197802197802,0.0,96.31257631257633,47.081807081807085,50.20757020757021,-25.982905982905983,0.0,144.37118437118437,32.62515262515262,20.903540903540904,-30.28083028083028,0.0,-52.16117216117216,-42.39316239316239,61.14774114774115,26.37362637362637,20.903540903540904
-51.77045177045177,86.15384615384616,52.16117216117216,-31.843711843711844,0.0,-31.45299145299145,49.81684981684982,47.86324786324786,-11.526251526251526,0.0,56.06837606837607,56.84981684981685,0.0,95.53113553113552,40.83028083028083,48.64468864468864,-22.857142857142858,0.0,138.1196581196581,28.71794871794872,21.68498168498169,-27.545787545787547,0.0,-51.77045177045177,-70.91575091575092,86.93528693528694,26.37362637362637,21.68498168498169
-45.90964590964591,84.59096459096459,54.114774114774114,-34.969474969474966,0.0,-15.433455433455434,36.14163614163614,51.37973137973138,-14.652014652014651,0.0,45.90964590964591,56.84981684981685,0.0,99.04761904761904,33.7973137973138,47.081807081807085,-27.936507936507937,0.0,132.64957264957266,24.81074481074481,20.903540903540904,-27.545787545787547,0.0,-53.724053724053725,-77.55799755799755,90.06105006105007,28.32722832722833,20.903540903540904
-45.12820512820513,80.68376068376068,55.67765567765568,-29.10866910866911,0.0,-3.3211233211233213,18.94993894993895,54.89621489621489,-8.00976800976801,0.0,33.01587301587302,60.757020757020754,0.0,102.95482295482296,26.37362637362637,41.61172161172161,-27.155067155067155,0.0,127.17948717948718,16.996336996336996,21.294261294261293,-22.857142857142858,0.0,-55.28693528693529,-77.55799755799755,91.62393162393164,26.37362637362637,21.294261294261293
-42.78388278388278,77.16727716727716,51.37973137973138,-20.12210012210012,0.0,4.493284493284493,6.837606837606837,58.02197802197802,-5.665445665445666,0.0,23.63858363858364,67.78998778998779,0.0,105.2991452991453,20.12210012210012,36.14163614163614,-24.42002442002442,0.0,120.14652014652016,9.963369963369964,23.63858363858364,-17.77777777777778,0.0,-50.989010989010985,-93.96825396825396,105.68986568986568,29.10866910866911,23.63858363858364
-38.095238095238095,72.86935286935287,50.20757020757021,-22.857142857142858,0.0,12.698412698412698,0.9768009768009768,61.14774114774115,-13.870573870573873,0.0,16.605616605616607,74.43223443223444,0.0,107.64346764346764,18.94993894993895,36.92307692307692,-33.40659340659341,0.0,115.84859584859583,9.572649572649572,30.671550671550676,-26.37362637362637,0.0,-49.81684981684982,-58.8034188034188,74.82295482295483,30.671550671550676,30.671550671550676
-33.01587301587302,64.27350427350427,46.69108669108669,-23.247863247863247,0.0,15.042735042735044,-4.884004884004884,60.757020757020754,-16.996336996336996,0.0,6.837606837606837,76.38583638583638,0.0,101.001221001221,16.214896214896214,40.43956043956044,-36.14163614163614,0.0,108.8156288156288,9.18192918192918,36.53235653235653,-33.40659340659341,0.0,-46.3003663003663,-26.37362637362637,49.03540903540904,30.28083028083028,36.53235653235653
-28.32722832722833,50.20757020757021,37.704517704517706,-20.903540903540904,0.0,14.261294261294262,-20.903540903540904,54.89621489621489,-9.963369963369964,0.0,-4.884004884004884,72.86935286935287,0.0,86.93528693528694,6.056166056166056,36.92307692307692,-26.37362637362637,0.0,96.31257631257633,4.884004884004884,32.234432234432234,-30.28083028083028,0.0,-37.31379731379732,-58.02197802197802,81.07448107448107,29.499389499389498,32.234432234432234
-23.247863247863247,36.53235653235653,31.062271062271066,-20.903540903540904,0.0,16.605616605616607,-39.65811965811966,50.20757020757021,-4.884004884004884,0.0,-20.12210012210012,67.00854700854701,0.0,71.6971916971917,-3.711843711843712,35.36019536019536,-25.2014652014652,0.0,79.51159951159951,2.5396825396825395,25.592185592185597,-31.062271062271066,0.0,-30.671550671550676,-47.081807081807085,72.47863247863248,25.982905982905983,25.592185592185597
-18.168498168498168,25.2014652014652,24.81074481074481,-18.94993894993895,0.0,21.294261294261293,-59.1941391941392,49.81684981684982,1.3675213675213675,0.0,-38.48595848595848,62.71062271062271,0.0,55.67765567765568,-13.089133089133089,35.36019536019536,-26.764346764346765,0.0,60.757020757020754,-0.1953601953601953,19.73137973137973,-30.28083028083028,0.0,-24.42002442002442,8.791208791208792,15.042735042735044,22.075702075702075,19.73137973137973
-16.214896214896214,13.089133089133089,14.652014652014651,-8.4004884004884,0.0,23.63858363858364,-83.41880341880342,47.86324786324786,13.47985347985348,0.0,-56.45909645909646,56.45909645909646,0.0,41.22100122100122,-24.42002442002442,30.28083028083028,-22.857142857142858,0.0,40.43956043956044,-6.446886446886447,14.261294261294262,-24.42002442002442,0.0,-14.261294261294262,15.042735042735044,3.3211233211233213,18.94993894993895,14.261294261294262
-14.261294261294262,1.7582417582417582,4.493284493284493,-0.1953601953601953,0.0,29.499389499389498,-104.12698412698413,44.737484737484735,20.12210012210012,0.0,-72.47863247863248,52.16117216117216,0.0,31.062271062271066,-36.14163614163614,26.764346764346765,-20.903540903540904,0.0,21.294261294261293,-13.089133089133089,11.526251526251526,-20.12210012210012,0.0,-4.102564102564102,-25.982905982905983,42.39316239316239,15.433455433455434,11.526251526251526
-6.837606837606837,-6.446886446886447,-2.93040293040293,-2.93040293040293,0.0,38.48595848595848,-117.02075702075702,41.22100122100122,15.433455433455434,0.0,-85.37240537240537,45.51892551892552,0.0,23.247863247863247,-45.51892551892552,23.63858363858364,-24.02930402930403,0.0,3.3211233211233213,-15.824175824175825,12.698412698412698,-22.857142857142858,0.0,3.3211233211233213,2.93040293040293,8.4004884004884,13.47985347985348,12.698412698412698
0.1953601953601953,-19.73137973137973,-11.526251526251526,-5.665445665445666,0.0,43.95604395604396,-131.08669108669108,33.01587301587302,13.870573870573873,0.0,-93.96825396825396,34.18803418803419,0.0,13.47985347985348,-57.24053724053724,21.294261294261293,-20.903540903540904,0.0,-15.824175824175825,-18.168498168498168,10.744810744810744,-20.512820512820515,0.0,11.916971916971915,69.35286935286935,-62.31990231990232,11.526251526251526,10.744810744810744
5.274725274725275,-36.14163614163614,-20.512820512820515,-6.056166056166056,0.0,43.17460317460318,-143.98046398046398,24.81074481074481,15.433455433455434,0.0,-102.17338217338218,21.294261294261293,0.0,-1.7582417582417582,-72.86935286935287,18.55921855921856,-12.698412698412698,0.0,-40.04884004884005,-19.34065934065934,4.493284493284493,-14.652014652014651,0.0,20.903540903540904,69.74358974358974,-66.61782661782662,8.791208791208792,4.493284493284493
10.354090354090356,-47.86324786324786,-24.42002442002442,-15.042735042735044,0.0,39.26739926739927,-148.66910866910868,21.68498168498169,7.619047619047619,0.0,-109.98778998778998,10.744810744810744,0.0,-17.77777777777778,-81.07448107448107,17.387057387057386,-15.824175824175825,0.0,-63.88278388278388,-16.214896214896214,1.3675213675213675,-18.94993894993895,0.0,24.81074481074481,83.41880341880342,-82.24664224664225,6.837606837606837,1.3675213675213675
16.214896214896214,-61.92918192918193,-31.45299145299145,-15.433455433455434,0.0,35.75091575091575,-157.26495726495727,22.075702075702075,3.711843711843712,0.0,-118.97435897435898,1.3675213675213675,0.0,-38.87667887667888,-86.93528693528694,19.73137973137973,-14.652014652014651,0.0,-87.32600732600733,-15.042735042735044,-0.1953601953601953,-17.387057387057386,0.0,31.843711843711844,130.3052503052503,-127.57020757020756,0.1953601953601953,-0.1953601953601953
16.214896214896214,-74.04151404151405,-43.17460317460318,-9.963369963369964,0.0,29.89010989010989,-166.64224664224665,19.34065934065934,2.93040293040293,0.0,-127.96092796092796,-4.884004884004884,0.0,-53.333333333333336,-94.35897435897436,16.605616605616607,-10.744810744810744,0.0,-106.47130647130648,-20.903540903540904,-2.5396825396825395,-11.526251526251526,0.0,43.56532356532357,136.55677655677655,-133.43101343101344,-5.665445665445666,-2.5396825396825395
22.075702075702075,-84.59096459096459,-52.16117216117216,-7.619047619047619,0.0,27.936507936507937,-170.94017094017093,17.387057387057386,0.5860805860805861,0.0,-136.55677655677655,-7.619047619047619,0.0,-61.53846153846154,-97.48473748473748,12.307692307692308,-11.135531135531137,0.0,-119.75579975579976,-27.155067155067155,-4.102564102564102,-7.228327228327228,0.0,52.55189255189255,103.73626373626374,-102.95482295482296,-9.18192918192918,-4.102564102564102
31.843711843711844,-88.4981684981685,-58.8034188034188,-10.354090354090356,0.0,33.7973137973138,-171.33089133089132,12.698412698412698,-3.3211233211233213,0.0,-138.1196581196581,-10.744810744810744,0.0,-66.61782661782662,-96.7032967032967,4.884004884004884,-10.744810744810744,0.0,-128.74236874236874,-27.545787545787547,-7.228327228327228,-5.665445665445666,0.0,59.1941391941392,96.31257631257633,-98.26617826617829,-11.526251526251526,-7.228327228327228
35.75091575091575,-94.35897435897436,-65.83638583638583,-3.711843711843712,0.0,30.671550671550676,-171.33089133089132,6.837606837606837,2.5396825396825395,0.0,-138.9010989010989,-20.512820512820515,0.0,-72.47863247863248,-103.73626373626374,-1.3675213675213675,-0.9768009768009768,0.0,-139.68253968253967,-27.545787545787547,-11.916971916971915,-0.9768009768009768,0.0,66.22710622710623,58.41269841269841,-63.88278388278388,-13.089133089133089,-11.916971916971915
38.095238095238095,-94.35897435897436,-71.6971916971917,-0.1953601953601953,0.0,24.42002442002442,-163.9072039072039,1.3675213675213675,7.228327228327228,0.0,-137.33821733821733,-29.499389499389498,0.0,-81.85592185592185,-107.64346764346764,-8.00976800976801,6.446886446886447,0.0,-151.4041514041514,-23.63858363858364,-16.605616605616607,0.1953601953601953,0.0,72.08791208791209,27.936507936507937,-36.14163614163614,-15.042735042735044,-16.605616605616607
42.39316239316239,-90.45177045177046,-74.82295482295483,-5.665445665445666,0.0,21.68498168498169,-154.9206349206349,0.1953601953601953,1.3675213675213675,0.0,-134.21245421245422,-36.92307692307692,0.0,-89.67032967032966,-110.37851037851038,-8.791208791208792,4.884004884004884,0.0,-161.17216117216117,-18.168498168498168,-18.168498168498168,-6.056166056166056,0.0,75.21367521367522,60.757020757020754,-67.00854700854701,-20.12210012210012,-18.168498168498168
41.61172161172161,-86.93528693528694,-79.12087912087912,-9.18192918192918,0.0,12.698412698412698,-148.2783882783883,0.1953601953601953,-0.5860805860805861,0.0,-134.6031746031746,-44.737484737484735,0.0,-99.04761904761904,-115.45787545787546,-5.665445665445666,8.00976800976801,0.0,-168.98656898656898,-19.34065934065934,-20.12210012210012,-3.3211233211233213,0.0,79.51159951159951,67.3992673992674,-74.04151404151405,-29.89010989010989,-20.12210012210012
40.43956043956044,-82.63736263736264,-89.27960927960928,-5.665445665445666,0.0,4.102564102564102,-140.0732600732601,-4.102564102564102,0.5860805860805861,0.0,-134.993894993895,-48.25396825396825,0.0,-108.42490842490842,-122.88156288156289,-6.446886446886447,16.214896214896214,0.0,-176.8009768009768,-26.37362637362637,-26.764346764346765,8.4004884004884,0.0,89.67032967032966,-0.9768009768009768,-10.744810744810744,-38.87667887667888,-26.764346764346765
40.04884004884005,-74.82295482295483,-89.67032967032966,-12.698412698412698,0.0,0.1953601953601953,-128.74236874236874,-2.93040293040293,-5.665445665445666,0.0,-130.6959706959707,-46.3003663003663,0.0,-112.72283272283272,-119.75579975579976,-5.665445665445666,14.261294261294262,0.0,-176.01953601953602,-31.843711843711844,-29.10866910866911,13.089133089133089,0.0,90.06105006105007,-6.056166056166056,-8.791208791208792,-45.12820512820513,-29.10866910866911
36.53235653235653,-65.83638583638583,-83.41880341880342,-19.34065934065934,0.0,-4.102564102564102,-118.1929181929182,-0.1953601953601953,-10.744810744810744,0.0,-123.27228327228327,-45.51892551892552,0.0,-115.06715506715508,-114.28571428571428,-4.102564102564102,10.354090354090356,0.0,-172.8937728937729,-34.969474969474966,-28.71794871794872,13.089133089133089,0.0,83.80952380952381,47.472527472527474,-59.975579975579976,-51.77045177045177,-28.71794871794872
31.062271062271066,-63.10134310134311,-80.29304029304029,-18.55921855921856,0.0,-9.963369963369964,-108.03418803418803,-2.5396825396825395,-10.354090354090356,0.0,-115.84859584859583,-45.90964590964591,0.0,-118.5836385836386,-111.15995115995116,-8.791208791208792,16.214896214896214,0.0,-169.76800976800976,-39.26739926739927,-28.71794871794872,14.652014652014651,0.0,80.68376068376068,25.2014652014652,-32.62515262515262,-53.724053724053725,-28.71794871794872
27.155067155067155,-59.1941391941392,-76.77655677655677,-20.903540903540904,0.0,-13.089133089133089,-97.09401709401708,-3.711843711843712,-15.042735042735044,0.0,-109.98778998778998,-45.90964590964591,0.0,-117.02075702075702,-109.2063492063492,-13.089133089133089,16.605616605616607,0.0,-165.47008547008548,-40.04884004884005,-27.936507936507937,10.744810744810744,0.0,77.16727716727716,0.5860805860805861,1.7582417582417582,-55.28693528693529,-27.936507936507937
22.466422466422465,-57.24053724053724,-74.04151404151405,-27.936507936507937,0.0,-19.34065934065934,-89.67032967032966,-3.3211233211233213,-24.81074481074481,0.0,-104.51770451770452,-46.3003663003663,0.0,-115.06715506715508,-106.86202686202688,-12.307692307692308,11.135531135531137,0.0,-161.17216117216117,-38.095238095238095,-25.592185592185597,0.9768009768009768,0.0,74.43223443223444,26.764346764346765,-13.47985347985348,-57.24053724053724,-25.592185592185597
16.605616605616607,-57.63125763125763,-77.16727716727716,-27.155067155067155,0.0,-30.28083028083028,-81.07448107448107,-4.884004884004884,-29.10866910866911,0.0,-101.78266178266178,-45.90964590964591,0.0,-115.84859584859583,-107.25274725274726,-13.870573870573873,13.870573870573873,0.0,-159.6092796092796,-38.87667887667888,-26.37362637362637,1.3675213675213675,0.0,77.55799755799755,43.95604395604396,-24.42002442002442,-58.8034188034188,-26.37362637362637
8.4004884004884,-54.89621489621489,-80.68376068376068,-21.68498168498169,0.0,-42.78388278388278,-73.26007326007326,-5.665445665445666,-26.764346764346765,0.0,-95.92185592185592,-40.43956043956044,0.0,-118.5836385836386,-103.34554334554336,-13.47985347985348,14.652014652014651,0.0,-158.82783882783883,-40.43956043956044,-25.982905982905983,4.493284493284493,0.0,81.07448107448107,18.168498168498168,0.9768009768009768,-58.02197802197802,-25.982905982905983
0.1953601953601953,-50.5982905982906,-75.995115995116,-20.512820512820515,0.0,-56.84981684981685,-63.88278388278388,0.1953601953601953,-27.155067155067155,0.0,-86.54456654456655,-32.234432234432234,0.0,-123.27228327228327,-88.4981684981685,-8.4004884004884,8.4004884004884,0.0,-156.0927960927961,-36.92307692307692,-18.94993894993895,0.1953601953601953,0.0,76.38583638583638,-6.056166056166056,28.32722832722833,-56.06837606837607,-18.94993894993895
-6.446886446886447,-45.51892551892552,-66.22710622710623,-16.996336996336996,0.0,-66.22710622710623,-54.89621489621489,5.665445665445666,-22.466422466422465,0.0,-76.38583638583638,-23.63858363858364,0.0,-127.96092796092796,-71.6971916971917,-2.93040293040293,4.493284493284493,0.0,-148.2783882783883,-34.969474969474966,-10.744810744810744,-3.711843711843712,0.0,66.61782661782662,42.002442002442,-13.870573870573873,-53.724053724053725,-10.744810744810744
-8.4004884004884,-43.17460317460318,-56.84981684981685,-9.18192918192918,0.0,-68.57142857142857,-48.25396825396825,8.791208791208792,-11.526251526251526,0.0,-65.83638583638583,-17.387057387057386,0.0,-134.993894993895,-58.02197802197802,-1.7582417582417582,9.572649572649572,0.0,-143.98046398046398,-33.7973137973138,-5.665445665445666,-1.7582417582417582,0.0,57.24053724053724,19.73137973137973,9.963369963369964,-50.989010989010985,-5.665445665445666
-9.963369963369964,-40.04884004884005,-44.737484737484735,-9.18192918192918,0.0,-68.18070818070818,-42.002442002442,13.089133089133089,-8.791208791208792,0.0,-57.24053724053724,-10.744810744810744,0.0,-137.72893772893772,-45.12820512820513,1.7582417582417582,6.837606837606837,0.0,-137.33821733821733,-29.10866910866911,-1.3675213675213675,-5.274725274725275,0.0,45.12820512820513,6.056166056166056,27.936507936507937,-49.03540903540904,-1.3675213675213675
-6.056166056166056,-38.095238095238095,-32.234432234432234,-10.744810744810744,0.0,-68.18070818070818,-30.28083028083028,16.605616605616607,-7.619047619047619,0.0,-47.472527472527474,-3.711843711843712,0.0,-136.94749694749694,-34.969474969474966,7.228327228327228,6.056166056166056,0.0,-128.74236874236874,-22.466422466422465,0.9768009768009768,-7.619047619047619,0.0,32.62515262515262,3.711843711843712,36.14163614163614,-47.472527472527474,0.9768009768009768
-5.665445665445666,-42.002442002442,-27.155067155067155,-1.7582417582417582,0.0,-75.21367521367522,-24.02930402930403,15.824175824175825,4.884004884004884,0.0,-39.26739926739927,-0.9768009768009768,0.0,-142.8083028083028,-31.45299145299145,8.4004884004884,18.55921855921856,0.0,-126.7887667887668,-20.12210012210012,-2.5396825396825395,3.3211233211233213,0.0,27.545787545787547,-39.65811965811966,83.02808302808303,-49.03540903540904,-2.5396825396825395
-6.837606837606837,-45.90964590964591,-18.94993894993895,0.9768009768009768,0.0,-83.02808302808303,-18.55921855921856,14.652014652014651,13.870573870573873,0.0,-30.28083028083028,1.3675213675213675,0.0,-148.2783882783883,-24.42002442002442,11.135531135531137,25.592185592185597,0.0,-125.6166056166056,-14.261294261294262,-4.884004884004884,9.572649572649572,0.0,19.34065934065934,-40.04884004884005,88.1074481074481,-49.03540903540904,-4.884004884004884
-2.93040293040293,-47.081807081807085,-7.619047619047619,-0.9768009768009768,0.0,-91.23321123321124,-7.228327228327228,19.34065934065934,17.387057387057386,0.0,-18.94993894993895,4.493284493284493,0.0,-149.84126984126985,-13.870573870573873,18.168498168498168,24.81074481074481,0.0,-119.36507936507935,-4.493284493284493,-0.5860805860805861,4.884004884004884,0.0,8.00976800976801,20.903540903540904,31.45299145299145,-46.69108669108669,-0.5860805860805861
0.1953601953601953,-47.081807081807085,1.7582417582417582,0.1953601953601953,0.0,-101.3919413919414,2.148962148962149,22.466422466422465,29.10866910866911,0.0,-6.837606837606837,5.665445665445666,0.0,-154.13919413919413,-5.274725274725275,23.63858363858364,35.36019536019536,0.0,-113.11355311355312,1.3675213675213675,2.5396825396825395,8.00976800976801,0.0,-1.3675213675213675,23.63858363858364,25.982905982905983,-42.39316239316239,2.5396825396825395
2.5396825396825395,-43.95604395604396,9.572649572649572,2.5396825396825395,0.0,-107.64346764346764,12.698412698412698,24.42002442002442,39.26739926739927,0.0,5.665445665445666,7.619047619047619,0.0,-157.65567765567766,4.493284493284493,25.592185592185597,47.472527472527474,0.0,-105.68986568986568,6.837606837606837,3.711843711843712,14.261294261294262,0.0,-9.18192918192918,-32.62515262515262,74.04151404151405,-33.7973137973138,3.711843711843712
7.228327228327228,-35.75091575091575,15.433455433455434,-0.5860805860805861,0.0,-113.89499389499387,29.89010989010989,30.671550671550676,38.48595848595848,0.0,19.73137973137973,13.870573870573873,0.0,-154.13919413919413,18.55921855921856,32.234432234432234,49.42612942612943,0.0,-90.06105006105007,15.042735042735044,9.18192918192918,11.916971916971915,0.0,-15.042735042735044,-24.42002442002442,65.83638583638583,-30.28083028083028,9.18192918192918
7.619047619047619,-27.155067155067155,14.652014652014651,2.5396825396825395,0.0,-119.75579975579976,43.17460317460318,32.62515262515262,41.22100122100122,0.0,33.7973137973138,18.55921855921856,0.0,-150.23199023199024,27.545787545787547,36.53235653235653,54.5054945054945,0.0,-76.77655677655677,19.34065934065934,8.4004884004884,16.996336996336996,0.0,-14.261294261294262,-5.665445665445666,45.90964590964591,-28.32722832722833,8.4004884004884
4.102564102564102,-23.247863247863247,9.18192918192918,13.47985347985348,0.0,-125.22588522588522,52.16117216117216,29.10866910866911,46.69108669108669,0.0,45.90964590964591,19.73137973137973,0.0,-149.05982905982907,36.53235653235653,34.969474969474966,60.757020757020754,0.0,-66.22710622710623,21.68498168498169,4.884004884004884,22.466422466422465,0.0,-8.791208791208792,-52.94261294261294,95.14041514041514,-29.10866910866911,4.884004884004884
1.3675213675213675,-17.387057387057386,8.4004884004884,18.168498168498168,0.0,-127.17948717948718,63.49206349206349,27.545787545787547,45.90964590964591,0.0,60.757020757020754,22.857142857142858,0.0,-141.24542124542126,47.86324786324786,36.92307692307692,58.02197802197802,0.0,-49.81684981684982,28.32722832722833,6.446886446886447,16.605616605616607,0.0,-8.00976800976801,-98.65689865689866,150.62271062271063,-27.936507936507937,6.446886446886447
3.711843711843712,-11.526251526251526,12.307692307692308,20.12210012210012,0.0,-122.88156288156289,74.04151404151405,26.764346764346765,44.737484737484735,0.0,75.995115995116,25.592185592185597,0.0,-129.9145299145299,60.366300366300365,39.26739926739927,54.5054945054945,0.0,-31.062271062271066,37.31379731379732,9.18192918192918,9.18192918192918,0.0,-11.916971916971915,-79.9023199023199,136.94749694749694,-22.466422466422465,9.18192918192918
1.7582417582417582,-1.3675213675213675,17.387057387057386,25.2014652014652,0.0,-119.36507936507935,82.63736263736264,28.71794871794872,50.20757020757021,0.0,88.4981684981685,27.936507936507937,0.0,-118.97435897435898,71.6971916971917,39.65811965811966,57.63125763125763,0.0,-12.307692307692308,44.346764346764346,11.916971916971915,5.665445665445666,0.0,-16.996336996336996,-63.49206349206349,123.66300366300366,-16.996336996336996,11.916971916971915
-2.93040293040293,15.042735042735044,26.764346764346765,26.37362637362637,0.0,-120.53724053724054,95.53113553113552,32.62515262515262,56.84981684981685,0.0,101.78266178266178,33.40659340659341,0.0,-104.12698412698413,80.68376068376068,42.002442002442,63.88278388278388,0.0,7.228327228327228,51.77045177045177,15.824175824175825,7.228327228327228,0.0,-26.37362637362637,-98.26617826617829,158.04639804639805,-10.354090354090356,15.824175824175825
-4.884004884004884,35.36019536019536,34.57875457875458,16.605616605616607,0.0,-115.45787545787546,106.08058608058607,36.92307692307692,53.333333333333336,0.0,112.33211233211232,36.92307692307692,0.0,-84.98168498168498,86.15384615384616,42.78388278388278,63.49206349206349,0.0,25.2014652014652,56.45909645909646,16.996336996336996,7.228327228327228,0.0,-34.18803418803419,-100.21978021978022,152.96703296703296,-3.3211233211233213,16.996336996336996
-11.916971916971915,56.06837606837607,42.002442002442,12.698412698412698,0.0,-113.89499389499387,114.67643467643468,38.48595848595848,59.1941391941392,0.0,119.36507936507935,39.26739926739927,0.0,-69.74358974358974,85.37240537240537,45.51892551892552,67.3992673992674,0.0,39.26739926739927,55.28693528693529,16.996336996336996,15.042735042735044,0.0,-41.61172161172161,-141.63614163614164,186.56898656898656,-0.1953601953601953,16.996336996336996
-18.55921855921856,74.43223443223444,49.81684981684982,7.228327228327228,0.0,-109.2063492063492,123.66300366300366,36.14163614163614,62.31990231990232,0.0,126.007326007326,43.56532356532357,0.0,-49.42612942612943,84.98168498168498,46.69108669108669,71.30647130647131,0.0,56.45909645909646,56.84981684981685,16.996336996336996,21.294261294261293,0.0,-49.42612942612943,-182.27106227106228,222.9059829059829,3.3211233211233213,16.996336996336996
-20.12210012210012,92.014652014652,58.02197802197802,0.1953601953601953,0.0,-98.26617826617829,131.08669108669108,36.14163614163614,59.1941391941392,0.0,133.04029304029305,48.64468864468864,0.0,-25.2014652014652,91.23321123321124,47.081807081807085,67.78998778998779,0.0,75.995115995116,62.31990231990232,18.94993894993895,21.294261294261293,0.0,-57.63125763125763,-174.45665445665446,206.8864468864469,12.307692307692308,18.94993894993895
-22.466422466422465,109.2063492063492,66.61782661782662,-6.056166056166056,0.0,-84.59096459096459,135.77533577533578,39.26739926739927,56.06837606837607,0.0,136.55677655677655,55.67765567765568,0.0,-4.493284493284493,102.17338217338218,48.25396825396825,60.757020757020754,0.0,93.96825396825396,70.91575091575092,22.857142857142858,18.168498168498168,0.0,-66.22710622710623,-164.6886446886447,186.95970695970692,22.466422466422465,22.857142857142858
-32.234432234432234,122.1001221001221,70.91575091575092,0.1953601953601953,0.0,-77.55799755799755,134.21245421245422,38.87667887667888,64.27350427350427,0.0,140.46398046398048,59.975579975579976,0.0,13.47985347985348,108.42490842490842,43.95604395604396,68.18070818070818,0.0,105.2991452991453,78.33943833943835,22.466422466422465,27.155067155067155,0.0,-70.52503052503053,-191.2576312576313,202.97924297924297,31.843711843711844,22.466422466422465
-40.43956043956044,132.64957264957266,75.6043956043956,3.3211233211233213,0.0,-71.30647130647131,133.43101343101344,39.26739926739927,68.18070818070818,0.0,143.98046398046398,61.92918192918193,0.0,28.71794871794872,113.11355311355312,38.095238095238095,72.08791208791209,0.0,113.11355311355312,81.07448107448107,22.466422466422465,34.969474969474966,0.0,-75.21367521367522,-177.1916971916972,175.23809523809524,41.22100122100122,22.466422466422465
-43.95604395604396,142.02686202686203,81.85592185592185,-0.5860805860805861,0.0,-59.1941391941392,131.86813186813183,42.78388278388278,61.92918192918193,0.0,149.05982905982907,61.14774114774115,0.0,43.56532356532357,114.67643467643468,38.87667887667888,66.61782661782662,0.0,119.75579975579976,83.80952380952381,27.545787545787547,32.62515262515262,0.0,-81.46520146520146,-115.06715506715508,105.68986568986568,44.737484737484735,27.545787545787547
-49.42612942612943,140.85470085470087,87.32600732600733,2.148962148962149,0.0,-52.16117216117216,127.17948717948718,40.83028083028083,63.49206349206349,0.0,150.62271062271063,56.45909645909646,0.0,54.89621489621489,107.25274725274726,40.43956043956044,70.52503052503053,0.0,123.66300366300366,79.9023199023199,31.45299145299145,37.31379731379732,0.0,-86.93528693528694,-92.4053724053724,83.02808302808303,43.95604395604396,31.45299145299145
-51.37973137973138,138.9010989010989,89.67032967032966,7.619047619047619,0.0,-40.43956043956044,121.31868131868131,37.31379731379732,64.27350427350427,0.0,147.88766788766787,52.55189255189255,0.0,65.83638583638583,101.3919413919414,40.43956043956044,74.43223443223444,0.0,126.7887667887668,76.38583638583638,37.704517704517706,40.43956043956044,0.0,-89.27960927960928,-111.55067155067157,99.04761904761904,47.081807081807085,37.704517704517706
-45.51892551892552,136.55677655677655,88.88888888888889,7.619047619047619,0.0,-19.73137973137973,113.11355311355312,37.704517704517706,55.28693528693529,0.0,143.1990231990232,52.16117216117216,0.0,81.46520146520146,98.26617826617829,42.002442002442,71.30647130647131,0.0,131.86813186813183,77.94871794871794,45.90964590964591,36.53235653235653,0.0,-88.4981684981685,-101.3919413919414,84.59096459096459,50.20757020757021,45.90964590964591
-40.83028083028083,134.6031746031746,86.15384615384616,11.916971916971915,0.0,3.3211233211233213,101.3919413919414,36.53235653235653,48.64468864468864,0.0,136.94749694749694,49.42612942612943,0.0,98.65689865689866,94.74969474969475,41.22100122100122,70.52503052503053,0.0,136.16605616605617,78.73015873015873,52.16117216117216,37.704517704517706,0.0,-85.76312576312576,-84.59096459096459,60.366300366300365,52.94261294261294,52.16117216117216
-36.92307692307692,130.6959706959707,81.46520146520146,22.075702075702075,0.0,27.155067155067155,88.1074481074481,32.62515262515262,47.472527472527474,0.0,131.08669108669108,45.12820512820513,0.0,115.45787545787546,90.06105006105007,39.26739926739927,76.38583638583638,0.0,137.72893772893772,77.94871794871794,59.975579975579976,45.90964590964591,0.0,-81.07448107448107,-118.97435897435898,84.98168498168498,54.5054945054945,59.975579975579976
-29.89010989010989,129.52380952380952,80.29304029304029,25.982905982905983,0.0,52.16117216117216,81.85592185592185,32.234432234432234,36.92307692307692,0.0,131.08669108669108,39.26739926739927,0.0,135.77533577533578,88.88888888888889,41.22100122100122,74.43223443223444,0.0,144.76190476190476,77.94871794871794,70.13431013431014,47.472527472527474,0.0,-79.9023199023199,-162.34432234432234,121.31868131868131,52.55189255189255,70.13431013431014
-21.68498168498169,130.3052503052503,78.33943833943835,25.592185592185597,0.0,76.77655677655677,76.38583638583638,32.62515262515262,24.42002442002442,0.0,131.4774114774115,29.499389499389498,0.0,152.57631257631255,86.15384615384616,45.90964590964591,72.47863247863248,0.0,152.18559218559218,76.77655677655677,81.07448107448107,47.081807081807085,0.0,-77.94871794871794,-136.16605616605617,88.4981684981685,49.42612942612943,81.07448107448107
-16.214896214896214,126.3980463980464,77.94871794871794,29.499389499389498,0.0,95.53113553113552,67.00854700854701,29.89010989010989,22.075702075702075,0.0,126.7887667887668,17.77777777777778,0.0,160.78144078144078,83.02808302808303,49.42612942612943,74.04151404151405,0.0,154.13919413919413,73.26007326007326,90.84249084249085,48.64468864468864,0.0,-77.55799755799755,-79.9023199023199,26.37362637362637,46.3003663003663,90.84249084249085
-8.4004884004884,121.31868131868131,71.30647130647131,32.234432234432234,0.0,109.98778998778998,57.63125763125763,24.02930402930403,22.857142857142858,0.0,121.31868131868131,8.00976800976801,0.0,168.2051282051282,77.55799755799755,44.737484737484735,75.21367521367522,0.0,153.74847374847374,70.52503052503053,90.84249084249085,49.81684981684982,0.0,-70.91575091575092,-98.26617826617829,34.969474969474966,48.64468864468864,90.84249084249085
4.102564102564102,112.72283272283272,64.27350427350427,27.545787545787547,0.0,128.35164835164835,40.04884004884005,20.12210012210012,18.55921855921856,0.0,110.76923076923076,-0.5860805860805861,0.0,176.8009768009768,69.35286935286935,37.704517704517706,70.13431013431014,0.0,151.7948717948718,66.61782661782662,89.67032967032966,44.737484737484735,0.0,-63.88278388278388,-101.001221001221,27.545787545787547,50.20757020757021,89.67032967032966
12.698412698412698,99.82905982905984,57.63125763125763,28.32722832722833,0.0,137.72893772893772,20.12210012210012,13.870573870573873,25.2014652014652,0.0,92.7960927960928,-8.4004884004884,0.0,181.4896214896215,56.06837606837607,27.545787545787547,71.6971916971917,0.0,145.15262515262515,59.1941391941392,84.2002442002442,47.86324786324786,0.0,-57.24053724053724,-98.65689865689866,16.214896214896214,49.03540903540904,84.2002442002442
19.73137973137973,83.80952380952381,51.37973137973138,25.592185592185597,0.0,141.63614163614164,0.1953601953601953,9.572649572649572,28.71794871794872,0.0,74.43223443223444,-13.870573870573873,0.0,186.17826617826617,38.095238095238095,16.996336996336996,74.04151404151405,0.0,135.77533577533578,50.20757020757021,77.94871794871794,50.989010989010985,0.0,-50.989010989010985,-108.42490842490842,18.55921855921856,46.69108669108669,77.94871794871794
29.89010989010989,70.91575091575092,47.86324786324786,13.47985347985348,0.0,146.32478632478632,-13.870573870573873,10.744810744810744,18.94993894993895,0.0,57.24053724053724,-18.94993894993895,0.0,191.64835164835165,24.81074481074481,11.135531135531137,67.3992673992674,0.0,129.52380952380952,43.56532356532357,76.77655677655677,45.12820512820513,0.0,-47.472527472527474,-71.30647130647131,-20.12210012210012,41.61172161172161,76.77655677655677
38.48595848595848,56.45909645909646,45.12820512820513,2.93040293040293,0.0,145.54334554334554,-25.2014652014652,12.698412698412698,9.572649572649572,0.0,41.22100122100122,-24.02930402930403,0.0,191.2576312576313,11.916971916971915,8.791208791208792,61.92918192918193,0.0,120.92796092796092,36.14163614163614,75.6043956043956,40.04884004884005,0.0,-44.737484737484735,-42.002442002442,-45.90964590964591,34.969474969474966,75.6043956043956
46.69108669108669,36.14163614163614,36.14163614163614,4.102564102564102,0.0,142.02686202686203,-40.83028083028083,9.18192918192918,12.307692307692308,0.0,25.982905982905983,-31.843711843711844,0.0,183.44322344322345,-1.7582417582417582,2.93040293040293,67.3992673992674,0.0,108.42490842490842,24.81074481074481,71.30647130647131,45.51892551892552,0.0,-35.75091575091575,-72.08791208791209,-14.652014652014651,27.936507936507937,71.30647130647131
58.8034188034188,15.433455433455434,25.982905982905983,6.056166056166056,0.0,145.15262515262515,-56.84981684981685,5.665445665445666,12.307692307692308,0.0,11.526251526251526,-37.704517704517706,0.0,174.45665445665446,-13.47985347985348,-1.3675213675213675,68.57142857142857,0.0,95.92185592185592,13.870573870573873,67.3992673992674,48.25396825396825,0.0,-25.592185592185597,-70.91575091575092,-13.870573870573873,20.903540903540904,67.3992673992674
70.13431013431014,-7.228327228327228,21.294261294261293,2.5396825396825395,0.0,145.15262515262515,-72.47863247863248,4.884004884004884,8.4004884004884,0.0,-2.93040293040293,-43.17460317460318,0.0,163.5164835164835,-24.81074481074481,-2.5396825396825395,63.10134310134311,0.0,81.46520146520146,4.102564102564102,65.83638583638583,45.51892551892552,0.0,-20.903540903540904,-11.526251526251526,-68.96214896214896,13.870573870573873,65.83638583638583
75.6043956043956,-31.45299145299145,14.652014652014651,8.791208791208792,0.0,141.63614163614164,-90.84249084249085,-2.93040293040293,19.73137973137973,0.0,-21.68498168498169,-50.989010989010985,0.0,149.45054945054946,-43.17460317460318,-9.572649572649572,71.30647130647131,0.0,62.31990231990232,-8.791208791208792,59.975579975579976,52.55189255189255,0.0,-14.261294261294262,-15.824175824175825,-64.27350427350427,4.493284493284493,59.975579975579976
82.24664224664225,-52.16117216117216,9.963369963369964,6.056166056166056,0.0,140.0732600732601,-106.08058608058607,-11.135531135531137,23.63858363858364,0.0,-36.92307692307692,-58.02197802197802,0.0,136.55677655677655,-58.02197802197802,-16.996336996336996,71.30647130647131,0.0,43.95604395604396,-18.55921855921856,52.94261294261294,52.94261294261294,0.0,-9.572649572649572,-62.71062271062271,-18.55921855921856,-2.148962148962149,52.94261294261294
86.15384615384616,-69.74358974358974,6.056166056166056,-4.102564102564102,0.0,135.3846153846154,-120.14652014652016,-15.433455433455434,18.94993894993895,0.0,-50.989010989010985,-65.05494505494505,0.0,126.3980463980464,-71.6971916971917,-22.075702075702075,60.757020757020754,0.0,26.37362637362637,-27.155067155067155,49.42612942612943,43.95604395604396,0.0,-5.665445665445666,-33.40659340659341,-43.95604395604396,-11.916971916971915,49.42612942612943
88.4981684981685,-83.80952380952381,-0.1953601953601953,-10.744810744810744,0.0,127.96092796092796,-132.64957264957266,-19.73137973137973,16.605616605616607,0.0,-65.05494505494505,-69.74358974358974,0.0,113.5042735042735,-83.80952380952381,-27.936507936507937,56.06837606837607,0.0,8.4004884004884,-36.53235653235653,42.002442002442,42.39316239316239,0.0,0.5860805860805861,-6.056166056166056,-67.78998778998779,-24.02930402930403,42.002442002442
88.1074481074481,-98.26617826617829,-8.4004884004884,-13.870573870573873,0.0,115.45787545787546,-144.37118437118437,-22.075702075702075,17.387057387057386,0.0,-77.55799755799755,-72.86935286935287,0.0,95.14041514041514,-93.57753357753356,-32.62515262515262,54.89621489621489,0.0,-13.089133089133089,-45.51892551892552,33.7973137973138,47.86324786324786,0.0,8.791208791208792,-45.12820512820513,-28.71794871794872,-33.01587301587302,33.7973137973138
84.59096459096459,-108.03418803418803,-13.870573870573873,-20.12210012210012,0.0,102.17338217338218,-151.4041514041514,-20.12210012210012,11.526251526251526,0.0,-90.06105006105007,-75.21367521367522,0.0,78.33943833943835,-100.21978021978022,-34.57875457875458,49.42612942612943,0.0,-32.62515262515262,-51.77045177045177,29.89010989010989,46.69108669108669,0.0,14.261294261294262,-55.67765567765568,-14.261294261294262,-39.65811965811966,29.89010989010989
78.33943833943835,-117.8021978021978,-20.12210012210012,-19.34065934065934,0.0,83.02808302808303,-155.3113553113553,-18.168498168498168,10.354090354090356,0.0,-104.12698412698413,-79.12087912087912,0.0,60.366300366300365,-108.8156288156288,-33.7973137973138,50.20757020757021,0.0,-51.77045177045177,-57.24053724053724,26.37362637362637,49.03540903540904,0.0,20.512820512820515,-28.71794871794872,-37.704517704517706,-45.12820512820513,26.37362637362637
72.86935286935287,-124.83516483516485,-30.671550671550676,-14.261294261294262,0.0,67.3992673992674,-158.43711843711844,-22.466422466422465,15.433455433455434,0.0,-113.89499389499387,-85.37240537240537,0.0,45.90964590964591,-121.7094017094017,-36.14163614163614,59.1941391941392,0.0,-69.35286935286935,-63.49206349206349,24.42002442002442,54.5054945054945,0.0,31.062271062271066,-29.499389499389498,-38.87667887667888,-49.03540903540904,24.42002442002442
68.96214896214896,-130.6959706959707,-43.56532356532357,-13.089133089133089,0.0,54.89621489621489,-163.5164835164835,-27.545787545787547,17.387057387057386,0.0,-124.83516483516485,-90.84249084249085,0.0,33.40659340659341,-135.77533577533578,-38.095238095238095,61.14774114774115,0.0,-86.54456654456655,-70.13431013431014,21.294261294261293,54.5054945054945,0.0,43.95604395604396,-29.89010989010989,-43.95604395604396,-50.20757020757021,21.294261294261293
68.96214896214896,-135.3846153846154,-57.24053724053724,-13.089133089133089,0.0,44.737484737484735,-167.81440781440782,-29.499389499389498,15.042735042735044,0.0,-134.993894993895,-93.18681318681318,0.0,24.81074481074481,-148.2783882783883,-37.31379731379732,53.333333333333336,0.0,-99.82905982905984,-75.21367521367522,20.12210012210012,47.86324786324786,0.0,57.63125763125763,-3.3211233211233213,-73.65079365079364,-52.94261294261294,20.12210012210012
68.57142857142857,-138.9010989010989,-72.86935286935287,-7.619047619047619,0.0,35.75091575091575,-175.23809523809524,-34.18803418803419,21.68498168498169,0.0,-142.02686202686203,-93.57753357753356,0.0,17.77777777777778,-160.3907203907204,-38.48595848595848,53.724053724053725,0.0,-109.5970695970696,-81.46520146520146,12.698412698412698,50.989010989010985,0.0,73.26007326007326,-13.870573870573873,-67.3992673992674,-57.24053724053724,12.698412698412698
65.05494505494505,-141.63614163614164,-84.59096459096459,-4.884004884004884,0.0,23.247863247863247,-178.36385836385836,-39.26739926739927,26.764346764346765,0.0,-148.66910866910868,-93.96825396825396,0.0,4.884004884004884,-168.5958485958486,-41.22100122100122,54.114774114774114,0.0,-120.14652014652016,-87.32600732600733,2.93040293040293,54.89621489621489,0.0,84.98168498168498,-13.089133089133089,-68.57142857142857,-61.14774114774115,2.93040293040293
63.10134310134311,-138.5103785103785,-88.4981684981685,-12.698412698412698,0.0,14.652014652014651,-171.33089133089132,-38.48595848595848,17.77777777777778,0.0,-149.84126984126985,-89.67032967032966,0.0,-1.7582417582417582,-168.2051282051282,-36.92307692307692,42.39316239316239,0.0,-121.7094017094017,-89.27960927960928,-0.1953601953601953,45.90964590964591,0.0,88.88888888888889,39.26739926739927,-118.1929181929182,-63.49206349206349,-0.1953601953601953
61.14774114774115,-134.993894993895,-88.88888888888889,-19.34065934065934,0.0,3.711843711843712,-161.56288156288156,-41.61172161172161,15.824175824175825,0.0,-151.01343101343102,-85.76312576312576,0.0,-8.00976800976801,-167.42368742368745,-33.7973137973138,42.39316239316239,0.0,-120.53724053724054,-92.7960927960928,-0.5860805860805861,45.90964590964591,0.0,89.27960927960928,50.5982905982906,-125.22588522588522,-68.18070818070818,-0.5860805860805861
57.24053724053724,-130.6959706959707,-91.23321123321124,-25.2014652014652,0.0,-7.228327228327228,-154.52991452991452,-47.081807081807085,18.55921855921856,0.0,-153.35775335775335,-83.02808302808303,0.0,-16.996336996336996,-167.81440781440782,-35.75091575091575,47.472527472527474,0.0,-122.88156288156289,-96.31257631257633,-3.3211233211233213,49.03540903540904,0.0,91.62393162393164,-0.1953601953601953,-72.47863247863248,-74.82295482295483,-3.3211233211233213
52.55189255189255,-124.05372405372404,-92.014652014652,-33.7973137973138,0.0,-17.387057387057386,-146.7155067155067,-47.472527472527474,14.261294261294262,0.0,-153.35775335775335,-77.55799755799755,0.0,-21.68498168498169,-161.95360195360195,-34.57875457875458,42.39316239316239,0.0,-120.53724053724054,-94.35897435897436,-3.711843711843712,41.61172161172161,0.0,92.4053724053724,8.00976800976801,-75.995115995116,-75.995115995116,-3.711843711843712
50.5982905982906,-116.23931623931624,-91.23321123321124,-38.48595848595848,0.0,-26.764346764346765,-139.68253968253967,-43.95604395604396,14.261294261294262,0.0,-150.62271062271063,-73.26007326007326,0.0,-23.63858363858364,-155.3113553113553,-31.45299145299145,39.26739926739927,0.0,-115.06715506715508,-89.67032967032966,-3.3211233211233213,35.36019536019536,0.0,91.62393162393164,58.02197802197802,-122.1001221001221,-73.26007326007326,-3.3211233211233213
43.56532356532357,-108.42490842490842,-90.84249084249085,-31.062271062271066,0.0,-35.75091575091575,-132.64957264957266,-43.17460317460318,24.42002442002442,0.0,-145.54334554334554,-67.78998778998779,0.0,-24.42002442002442,-152.96703296703296,-31.843711843711844,45.51892551892552,0.0,-108.8156288156288,-85.76312576312576,-9.572649572649572,39.26739926739927,0.0,91.23321123321124,33.40659340659341,-90.45177045177046,-69.35286935286935,-9.572649572649572
37.31379731379732,-98.65689865689866,-84.2002442002442,-24.81074481074481,0.0,-42.002442002442,-117.8021978021978,-39.65811965811966,29.499389499389498,0.0,-133.43101343101344,-63.10134310134311,0.0,-25.982905982905983,-145.15262515262515,-28.71794871794872,46.3003663003663,0.0,-96.7032967032967,-77.94871794871794,-16.996336996336996,36.92307692307692,0.0,84.59096459096459,-15.824175824175825,-27.936507936507937,-58.41269841269841,-16.996336996336996
33.40659340659341,-87.32600732600733,-69.74358974358974,-21.294261294261293,0.0,-48.25396825396825,-99.43833943833944,-32.234432234432234,34.57875457875458,0.0,-121.31868131868131,-56.84981684981685,0.0,-24.02930402930403,-134.21245421245422,-20.903540903540904,42.002442002442,0.0,-79.12087912087912,-68.57142857142857,-18.94993894993895,29.10866910866911,0.0,70.13431013431014,-9.18192918192918,-19.34065934065934,-49.42612942612943,-18.94993894993895
24.81074481074481,-75.21367521367522,-56.84981684981685,-13.870573870573873,0.0,-53.724053724053725,-86.54456654456655,-26.764346764346765,45.51892551892552,0.0,-113.89499389499387,-50.989010989010985,0.0,-25.2014652014652,-125.6166056166056,-13.870573870573873,43.17460317460318,0.0,-65.83638583638583,-59.975579975579976,-22.075702075702075,25.982905982905983,0.0,57.24053724053724,2.5396825396825395,-12.698412698412698,-45.51892551892552,-22.075702075702075
10.744810744810744,-61.92918192918193,-48.64468864468864,-6.837606837606837,0.0,-62.71062271062271,-78.73015873015873,-22.857142857142858,57.63125763125763,0.0,-106.86202686202688,-45.51892551892552,0.0,-34.57875457875458,-114.28571428571428,-11.526251526251526,48.64468864468864,0.0,-57.24053724053724,-51.37973137973138,-28.32722832722833,24.81074481074481,0.0,49.03540903540904,-41.61172161172161,46.3003663003663,-37.704517704517706,-28.32722832722833
-4.493284493284493,-48.25396825396825,-33.7973137973138,-4.884004884004884,0.0,-78.73015873015873,-69.74358974358974,-11.135531135531137,66.61782661782662,0.0,-101.3919413919414,-41.61172161172161,0.0,-44.346764346764346,-98.65689865689866,-6.056166056166056,48.64468864468864,0.0,-50.20757020757021,-40.43956043956044,-25.2014652014652,14.652014652014651,0.0,34.18803418803419,-65.05494505494505,80.68376068376068,-28.71794871794872,-25.2014652014652
-13.089133089133089,-32.62515262515262,-24.02930402930403,-4.493284493284493,0.0,-82.24664224664225,-59.975579975579976,-6.056166056166056,72.47863247863248,0.0,-88.88888888888889,-37.704517704517706,0.0,-52.16117216117216,-86.15384615384616,-4.102564102564102,54.114774114774114,0.0,-46.69108669108669,-31.843711843711844,-22.857142857142858,12.698412698412698,0.0,24.42002442002442,-44.346764346764346,64.66422466422466,-23.247863247863247,-22.857142857142858
-24.42002442002442,-22.075702075702075,-15.824175824175825,0.1953601953601953,0.0,-93.18681318681318,-46.69108669108669,-3.711843711843712,81.07448107448107,0.0,-74.43223443223444,-35.75091575091575,0.0,-63.49206349206349,-74.43223443223444,-4.493284493284493,65.05494505494505,0.0,-45.51892551892552,-25.2014652014652,-23.247863247863247,15.824175824175825,0.0,16.214896214896214,-53.724053724053725,80.29304029304029,-17.387057387057386,-23.247863247863247
-28.71794871794872,-15.824175824175825,-6.056166056166056,-0.9768009768009768,0.0,-99.43833943833944,-32.62515262515262,-0.9768009768009768,79.51159951159951,0.0,-56.45909645909646,-31.062271062271066,0.0,-68.57142857142857,-64.66422466422466,-3.3211233211233213,65.83638583638583,0.0,-43.17460317460318,-20.12210012210012,-18.168498168498168,9.572649572649572,0.0,6.446886446886447,-49.42612942612943,83.41880341880342,-13.47985347985348,-18.168498168498168
-33.01587301587302,-8.00976800976801,0.1953601953601953,-5.274725274725275,0.0,-102.17338217338218,-16.996336996336996,-0.1953601953601953,73.26007326007326,0.0,-40.43956043956044,-26.37362637362637,0.0,-71.6971916971917,-52.94261294261294,0.9768009768009768,59.1941391941392,0.0,-40.04884004884005,-13.870573870573873,-12.698412698412698,2.5396825396825395,0.0,0.1953601953601953,-30.671550671550676,71.6971916971917,-11.135531135531137,-12.698412698412698
-44.737484737484735,-3.711843711843712,1.7582417582417582,-2.148962148962149,0.0,-110.76923076923076,-9.18192918192918,-3.3211233211233213,74.82295482295483,0.0,-29.89010989010989,-20.903540903540904,0.0,-79.12087912087912,-42.39316239316239,3.3211233211233213,56.45909645909646,0.0,-41.61172161172161,-10.354090354090356,-14.261294261294262,4.884004884004884,0.0,-1.3675213675213675,-67.3992673992674,115.06715506715508,-10.354090354090356,-14.261294261294262
-55.67765567765568,-0.5860805860805861,7.619047619047619,-2.148962148962149,0.0,-120.53724053724054,-1.3675213675213675,-2.5396825396825395,73.65079365079364,0.0,-22.466422466422465,-13.089133089133089,0.0,-88.1074481074481,-29.10866910866911,4.102564102564102,50.20757020757021,0.0,-45.51892551892552,-6.446886446886447,-16.996336996336996,6.837606837606837,0.0,-7.228327228327228,-86.93528693528694,139.29181929181928,-8.00976800976801,-16.996336996336996
-63.49206349206349,9.572649572649572,19.34065934065934,-11.135531135531137,0.0,-127.17948717948718,14.652014652014651,2.148962148962149,63.10134310134311,0.0,-11.916971916971915,-4.102564102564102,0.0,-89.67032967032966,-13.47985347985348,11.526251526251526,33.01587301587302,0.0,-45.90964590964591,0.1953601953601953,-12.698412698412698,0.5860805860805861,0.0,-18.94993894993895,-41.61172161172161,95.14041514041514,-7.228327228327228,-12.698412698412698
-68.96214896214896,15.433455433455434,28.32722832722833,-11.916971916971915,0.0,-136.16605616605617,31.843711843711844,3.711843711843712,63.10134310134311,0.0,-1.7582417582417582,4.493284493284493,0.0,-91.62393162393164,0.1953601953601953,15.042735042735044,28.71794871794872,0.0,-45.51892551892552,6.446886446886447,-11.135531135531137,3.3211233211233213,0.0,-27.936507936507937,-43.17460317460318,98.65689865689866,-6.446886446886447,-11.135531135531137
-71.30647130647131,19.34065934065934,35.36019536019536,-5.274725274725275,0.0,-148.66910866910868,49.81684981684982,8.00976800976801,67.3992673992674,0.0,8.4004884004884,12.307692307692308,0.0,-91.23321123321124,8.791208791208792,16.996336996336996,33.01587301587302,0.0,-42.78388278388278,12.698412698412698,-7.228327228327228,6.056166056166056,0.0,-34.969474969474966,-86.54456654456655,143.1990231990232,-0.9768009768009768,-7.228327228327228
-70.91575091575092,26.764346764346765,43.17460317460318,-1.7582417582417582,0.0,-152.96703296703296,70.13431013431014,13.47985347985348,65.83638583638583,0.0,20.903540903540904,22.857142857142858,0.0,-83.80952380952381,20.903540903540904,23.247863247863247,28.32722832722833,0.0,-33.40659340659341,26.37362637362637,-0.9768009768009768,-1.3675213675213675,0.0,-42.78388278388278,-65.44566544566544,128.35164835164835,5.665445665445666,-0.9768009768009768
-67.00854700854701,32.234432234432234,44.737484737484735,8.00976800976801,0.0,-152.96703296703296,89.27960927960928,14.652014652014651,66.22710622710623,0.0,34.969474969474966,33.40659340659341,0.0,-75.995115995116,34.57875457875458,27.155067155067155,27.936507936507937,0.0,-22.466422466422465,41.22100122100122,0.9768009768009768,-4.884004884004884,0.0,-44.346764346764346,-17.387057387057386,89.27960927960928,13.47985347985348,0.9768009768009768
-66.22710622710623,33.01587301587302,47.472527472527474,23.63858363858364,0.0,-153.74847374847374,102.95482295482296,16.214896214896214,73.26007326007326,0.0,48.64468864468864,41.61172161172161,0.0,-68.18070818070818,45.51892551892552,25.592185592185597,34.18803418803419,0.0,-14.261294261294262,53.333333333333336,3.3211233211233213,-4.493284493284493,0.0,-47.081807081807085,-44.346764346764346,123.27228327228327,22.075702075702075,3.3211233211233213
-65.44566544566544,38.48595848595848,57.63125763125763,30.28083028083028,0.0,-148.66910866910868,117.4114774114774,19.73137973137973,72.08791208791209,0.0,62.71062271062271,50.989010989010985,0.0,-59.975579975579976,58.8034188034188,27.936507936507937,31.45299145299145,0.0,-6.446886446886447,64.27350427350427,8.00976800976801,-7.228327228327228,0.0,-57.24053724053724,-60.757020757020754,144.37118437118437,30.28083028083028,8.00976800976801
-63.10134310134311,45.90964590964591,67.78998778998779,26.764346764346765,0.0,-141.24542124542126,133.04029304029305,21.68498168498169,63.88278388278388,0.0,77.55799755799755,56.45909645909646,0.0,-46.69108669108669,70.13431013431014,27.155067155067155,25.592185592185597,0.0,1.3675213675213675,72.47863247863248,12.307692307692308,-9.963369963369964,0.0,-67.3992673992674,-27.545787545787547,112.33211233211232,33.01587301587302,12.307692307692308
-65.44566544566544,48.64468864468864,76.77655677655677,23.63858363858364,0.0,-141.24542124542126,140.85470085470087,22.466422466422465,62.31990231990232,0.0,84.2002442002442,56.84981684981685,0.0,-34.18803418803419,71.6971916971917,23.247863247863247,29.499389499389498,0.0,8.791208791208792,72.47863247863248,16.605616605616607,-6.837606837606837,0.0,-76.38583638583638,7.228327228327228,75.21367521367522,33.01587301587302,16.605616605616607
-73.65079365079364,52.16117216117216,87.32600732600733,20.903540903540904,0.0,-145.15262515262515,148.2783882783883,21.294261294261293,62.31990231990232,0.0,86.93528693528694,50.20757020757021,0.0,-25.2014652014652,72.47863247863248,20.512820512820515,33.01587301587302,0.0,11.916971916971915,73.65079365079364,17.387057387057386,-2.5396825396825395,0.0,-86.93528693528694,7.228327228327228,69.74358974358974,36.53235653235653,17.387057387057386
-77.94871794871794,61.14774114774115,89.27960927960928,10.354090354090356,0.0,-142.8083028083028,153.74847374847374,18.94993894993895,52.94261294261294,0.0,89.67032967032966,48.25396825396825,0.0,-6.056166056166056,70.13431013431014,13.47985347985348,29.499389499389498,0.0,24.42002442002442,76.77655677655677,11.135531135531137,-6.056166056166056,0.0,-88.88888888888889,15.824175824175825,62.31990231990232,36.14163614163614,11.135531135531137
-83.80952380952381,64.27350427350427,91.62393162393164,9.572649572649572,0.0,-143.5897435897436,150.23199023199024,15.042735042735044,59.58485958485959,0.0,88.88888888888889,43.95604395604396,0.0,4.884004884004884,67.78998778998779,6.837606837606837,38.095238095238095,0.0,35.75091575091575,76.77655677655677,8.791208791208792,-2.5396825396825395,0.0,-91.23321123321124,14.652014652014651,63.49206349206349,35.75091575091575,8.791208791208792
-88.4981684981685,69.74358974358974,95.14041514041514,15.433455433455434,0.0,-142.02686202686203,148.66910866910868,12.698412698412698,71.6971916971917,0.0,91.23321123321124,40.83028083028083,0.0,14.652014652014651,69.35286935286935,1.3675213675213675,50.989010989010985,0.0,47.86324786324786,77.55799755799755,8.791208791208792,1.7582417582417582,0.0,-94.74969474969475,3.711843711843712,72.47863247863248,36.14163614163614,8.791208791208792
-84.59096459096459,79.51159951159951,104.51770451770452,6.056166056166056,0.0,-129.13308913308913,152.96703296703296,17.77777777777778,63.49206349206349,0.0,99.82905982905984,45.12820512820513,0.0,31.45299145299145,77.55799755799755,0.1953601953601953,48.64468864468864,0.0,64.27350427350427,83.02808302808303,10.354090354090356,0.1953601953601953,0.0,-104.12698412698413,7.619047619047619,67.78998778998779,36.53235653235653,10.354090354090356
-76.38583638583638,85.76312576312576,115.06715506715508,0.1953601953601953,0.0,-114.28571428571428,156.0927960927961,21.294261294261293,59.975579975579976,0.0,106.08058608058607,49.03540903540904,0.0,44.346764346764346,87.71672771672772,0.1953601953601953,47.472527472527474,0.0,77.94871794871794,84.2002442002442,19.73137973137973,-0.9768009768009768,0.0,-114.67643467643468,11.135531135531137,55.67765567765568,37.31379731379732,19.73137973137973
-67.78998778998779,86.93528693528694,120.92796092796092,1.7582417582417582,0.0,-101.001221001221,160.0,19.73137973137973,61.92918192918193,0.0,109.5970695970696,49.03540903540904,0.0,54.114774114774114,91.23321123321124,0.1953601953601953,56.06837606837607,0.0,87.71672771672772,81.07448107448107,27.155067155067155,4.884004884004884,0.0,-120.53724053724054,-51.77045177045177,110.76923076923076,37.704517704517706,27.155067155067155
-56.45909645909646,88.1074481074481,122.88156288156289,1.7582417582417582,0.0,-82.63736263736264,163.9072039072039,18.55921855921856,55.67765567765568,0.0,113.11355311355312,50.20757020757021,0.0,68.18070818070818,93.96825396825396,-0.9768009768009768,59.1941391941392,0.0,98.26617826617829,81.46520146520146,30.671550671550676,9.18192918192918,0.0,-122.4908424908425,-85.37240537240537,140.46398046398048,38.48595848595848,30.671550671550676
-42.78388278388278,92.4053724053724,120.92796092796092,-1.7582417582417582,0.0,-58.8034188034188,164.2979242979243,15.433455433455434,47.081807081807085,0.0,113.5042735042735,52.16117216117216,0.0,81.85592185592185,94.74969474969475,0.1953601953601953,56.84981684981685,0.0,111.94139194139194,79.9023199023199,37.31379731379732,4.493284493284493,0.0,-120.53724053724054,-34.57875457875458,88.1074481074481,35.36019536019536,37.31379731379732
-32.234432234432234,92.4053724053724,116.63003663003664,4.493284493284493,0.0,-39.26739926739927,160.0,11.135531135531137,48.64468864468864,0.0,113.89499389499387,47.86324786324786,0.0,92.014652014652,91.62393162393164,1.3675213675213675,65.05494505494505,0.0,124.44444444444444,74.43223443223444,43.95604395604396,6.837606837606837,0.0,-116.23931623931624,-27.545787545787547,77.55799755799755,31.062271062271066,43.95604395604396
-25.2014652014652,95.92185592185592,116.23931623931624,9.18192918192918,0.0,-22.857142857142858,158.43711843711844,9.18192918192918,49.81684981684982,0.0,114.67643467643468,47.86324786324786,0.0,105.2991452991453,88.88888888888889,0.9768009768009768,73.26007326007326,0.0,137.72893772893772,72.08791208791209,48.64468864468864,9.572649572649572,0.0,-115.84859584859583,-50.989010989010985,97.87545787545788,27.545787545787547,48.64468864468864
-18.168498168498168,101.001221001221,121.7094017094017,2.5396825396825395,0.0,-6.446886446886447,158.04639804639805,11.526251526251526,42.78388278388278,0.0,112.72283272283272,49.42612942612943,0.0,120.92796092796092,86.93528693528694,3.3211233211233213,70.91575091575092,0.0,151.4041514041514,71.30647130647131,54.89621489621489,3.711843711843712,0.0,-121.31868131868131,-14.652014652014651,59.975579975579976,22.466422466422465,54.89621489621489
-16.996336996336996,98.26617826617829,126.7887667887668,0.5860805860805861,0.0,0.9768009768009768,149.84126984126985,13.47985347985348,42.39316239316239,0.0,102.17338217338218,53.333333333333336,0.0,133.82173382173383,79.9023199023199,4.102564102564102,74.04151404151405,0.0,162.34432234432234,64.66422466422466,61.53846153846154,3.3211233211233213,0.0,-126.3980463980464,19.34065934065934,26.764346764346765,16.214896214896214,61.53846153846154
-19.73137973137973,87.32600732600733,130.3052503052503,2.148962148962149,0.0,1.3675213675213675,135.3846153846154,14.261294261294262,47.081807081807085,0.0,87.32600732600733,53.724053724053725,0.0,140.46398046398048,67.78998778998779,4.884004884004884,81.07448107448107,0.0,166.64224664224665,53.724053724053725,65.44566544566544,8.4004884004884,0.0,-129.9145299145299,-13.870573870573873,67.00854700854701,9.572649572649572,65.44566544566544
-22.857142857142858,77.55799755799755,132.25885225885227,-3.3211233211233213,0.0,0.5860805860805861,122.1001221001221,16.996336996336996,42.002442002442,0.0,72.47863247863248,55.28693528693529,0.0,145.93406593406593,58.8034188034188,3.3211233211233213,81.85592185592185,0.0,169.37728937728937,42.39316239316239,70.91575091575092,7.228327228327228,0.0,-131.86813186813183,-25.2014652014652,85.76312576312576,3.3211233211233213,70.91575091575092
-22.075702075702075,70.13431013431014,131.08669108669108,-9.572649572649572,0.0,4.493284493284493,107.64346764346764,17.77777777777778,36.53235653235653,0.0,61.14774114774115,55.28693528693529,0.0,148.66910866910868,52.94261294261294,3.711843711843712,78.33943833943835,0.0,169.37728937728937,31.45299145299145,79.9023199023199,2.93040293040293,0.0,-130.6959706959707,7.228327228327228,56.84981684981685,-1.7582417582417582,79.9023199023199
-22.857142857142858,59.975579975579976,127.96092796092796,-6.446886446886447,0.0,8.791208791208792,90.06105006105007,18.168498168498168,39.26739926739927,0.0,52.94261294261294,50.5982905982906,0.0,148.66910866910868,42.78388278388278,6.056166056166056,77.94871794871794,0.0,163.5164835164835,16.996336996336996,91.23321123321124,2.93040293040293,0.0,-127.57020757020756,68.57142857142857,-5.665445665445666,-6.056166056166056,91.23321123321124
-21.68498168498169,60.757020757020754,118.97435897435898,-7.619047619047619,0.0,15.433455433455434,84.98168498168498,13.47985347985348,33.40659340659341,0.0,49.42612942612943,46.69108669108669,0.0,152.18559218559218,38.48595848595848,-4.884004884004884,79.51159951159951,0.0,156.87423687423689,12.307692307692308,88.88888888888889,6.446886446886447,0.0,-118.5836385836386,36.53235653235653,18.94993894993895,-7.619047619047619,88.88888888888889
-13.089133089133089,62.71062271062271,111.94139194139194,-11.916971916971915,0.0,30.28083028083028,81.07448107448107,13.47985347985348,21.294261294261293,0.0,46.3003663003663,45.90964590964591,0.0,157.65567765567766,34.969474969474966,-8.791208791208792,71.30647130647131,0.0,151.7948717948718,5.665445665445666,90.84249084249085,5.665445665445666,0.0,-111.55067155067157,27.155067155067155,16.996336996336996,-8.791208791208792,90.84249084249085
-4.102564102564102,60.366300366300365,99.43833943833944,-9.572649572649572,0.0,45.90964590964591,71.6971916971917,12.307692307692308,12.698412698412698,0.0,39.65811965811966,43.56532356532357,0.0,160.0,28.32722832722833,-11.526251526251526,65.83638583638583,0.0,145.15262515262515,-3.3211233211233213,86.15384615384616,13.870573870573873,0.0,-99.04761904761904,18.168498168498168,15.824175824175825,-11.135531135531137,86.15384615384616
1.7582417582417582,54.5054945054945,87.32600732600733,-8.00976800976801,0.0,55.67765567765568,63.10134310134311,13.47985347985348,1.3675213675213675,0.0,34.18803418803419,42.39316239316239,0.0,156.87423687423689,23.247863247863247,-16.214896214896214,61.92918192918193,0.0,137.33821733821733,-14.652014652014651,79.9023199023199,23.247863247863247,0.0,-86.93528693528694,-4.493284493284493,31.843711843711844,-14.261294261294262,79.9023199023199
19.73137973137973,52.55189255189255,78.33943833943835,-18.168498168498168,0.0,75.21367521367522,56.84981684981685,19.34065934065934,-19.73137973137973,0.0,33.01587301587302,46.69108669108669,0.0,157.26495726495727,27.155067155067155,-15.824175824175825,42.39316239316239,0.0,132.64957264957266,-16.605616605616607,79.12087912087912,16.214896214896214,0.0,-77.94871794871794,24.81074481074481,-8.00976800976801,-11.916971916971915,79.12087912087912
34.18803418803419,46.3003663003663,69.35286935286935,-23.63858363858364,0.0,91.62393162393164,45.90964590964591,20.512820512820515,-33.01587301587302,0.0,29.10866910866911,48.64468864468864,0.0,153.74847374847374,29.89010989010989,-12.698412698412698,24.81074481074481,0.0,124.44444444444444,-17.387057387057386,79.9023199023199,8.4004884004884,0.0,-68.96214896214896,51.37973137973138,-38.87667887667888,-13.089133089133089,79.9023199023199
45.12820512820513,38.87667887667888,54.5054945054945,-23.63858363858364,0.0,101.3919413919414,31.843711843711844,16.605616605616607,-35.36019536019536,0.0,27.545787545787547,47.472527472527474,0.0,146.32478632478632,29.89010989010989,-16.605616605616607,15.824175824175825,0.0,111.94139194139194,-17.77777777777778,73.65079365079364,8.4004884004884,0.0,-54.114774114774114,0.5860805860805861,2.148962148962149,-11.526251526251526,73.65079365079364
59.58485958485959,37.704517704517706,38.48595848595848,-31.062271062271066,0.0,112.72283272283272,22.466422466422465,14.261294261294262,-45.90964590964591,0.0,26.37362637362637,47.86324786324786,0.0,145.15262515262515,32.62515262515262,-23.63858363858364,4.493284493284493,0.0,102.56410256410255,-12.698412698412698,63.88278388278388,4.884004884004884,0.0,-38.095238095238095,-13.089133089133089,2.5396825396825395,-7.228327228327228,63.88278388278388
71.30647130647131,36.14163614163614,24.02930402930403,-41.22100122100122,0.0,118.97435897435898,12.307692307692308,14.261294261294262,-57.24053724053724,0.0,20.12210012210012,47.472527472527474,0.0,140.46398046398048,30.28083028083028,-24.81074481074481,-12.307692307692308,0.0,88.88888888888889,-10.744810744810744,56.84981684981685,-1.3675213675213675,0.0,-23.63858363858364,35.75091575091575,-57.63125763125763,-7.619047619047619,56.84981684981685
74.04151404151405,32.62515262515262,4.884004884004884,-39.26739926739927,0.0,113.89499389499387,1.3675213675213675,12.307692307692308,-56.45909645909646,0.0,11.916971916971915,42.78388278388278,0.0,128.35164835164835,22.466422466422465,-33.40659340659341,-16.996336996336996,0.0,68.18070818070818,-14.652014652014651,43.17460317460318,2.93040293040293,0.0,-4.493284493284493,23.63858363858364,-59.975579975579976,-6.837606837606837,43.17460317460318
77.16727716727716,31.45299145299145,-9.572649572649572,-36.92307692307692,0.0,108.8156288156288,-0.9768009768009768,12.698412698412698,-59.58485958485959,0.0,6.056166056166056,40.04884004884005,0.0,114.67643467643468,16.214896214896214,-40.43956043956044,-25.592185592185597,0.0,47.472527472527474,-18.55921855921856,32.62515262515262,2.5396825396825395,0.0,9.963369963369964,-23.247863247863247,-29.10866910866911,-6.056166056166056,32.62515262515262
82.24664224664225,33.7973137973138,-19.73137973137973,-39.65811965811966,0.0,107.25274725274726,1.3675213675213675,11.135531135531137,-65.05494505494505,0.0,0.9768009768009768,39.26739926739927,0.0,100.21978021978022,12.307692307692308,-38.095238095238095,-42.39316239316239,0.0,30.28083028083028,-22.466422466422465,28.71794871794872,-4.493284493284493,0.0,20.12210012210012,13.870573870573873,-75.6043956043956,-11.916971916971915,28.71794871794872
84.59096459096459,31.062271062271066,-31.843711843711844,-33.40659340659341,0.0,102.95482295482296,0.9768009768009768,5.665445665445666,-61.14774114774115,0.0,-3.3211233211233213,33.7973137973138,0.0,78.73015873015873,5.274725274725275,-33.7973137973138,-48.25396825396825,0.0,13.089133089133089,-31.062271062271066,23.247863247863247,-3.3211233211233213,0.0,32.234432234432234,56.06837606837607,-127.96092796092796,-16.605616605616607,23.247863247863247
84.2002442002442,29.10866910866911,-41.22100122100122,-27.545787545787547,0.0,95.53113553113552,0.5860805860805861,2.148962148962149,-54.89621489621489,0.0,-8.00976800976801,29.499389499389498,0.0,56.06837606837607,-0.5860805860805861,-30.671550671550676,-45.90964590964591,0.0,-2.148962148962149,-36.14163614163614,16.214896214896214,1.3675213675213675,0.0,41.61172161172161,29.499389499389498,-110.37851037851038,-17.387057387057386,16.214896214896214
82.63736263736264,31.45299145299145,-45.12820512820513,-27.155067155067155,0.0,87.71672771672772,0.5860805860805861,6.056166056166056,-54.5054945054945,0.0,-15.824175824175825,29.499389499389498,0.0,38.48595848595848,-5.665445665445666,-22.075702075702075,-44.346764346764346,0.0,-14.261294261294262,-35.75091575091575,12.698412698412698,2.93040293040293,0.0,45.51892551892552,31.062271062271066,-116.23931623931624,-15.433455433455434,12.698412698412698
76.38583638583638,33.01587301587302,-50.5982905982906,-17.77777777777778,0.0,77.55799755799755,-5.274725274725275,12.698412698412698,-45.51892551892552,0.0,-25.982905982905983,29.10866910866911,0.0,16.214896214896214,-11.526251526251526,-14.652014652014651,-35.36019536019536,0.0,-29.10866910866911,-36.92307692307692,11.135531135531137,8.00976800976801,0.0,50.989010989010985,70.13431013431014,-158.04639804639805,-13.089133089133089,11.135531135531137
66.61782661782662,34.18803418803419,-54.114774114774114,-8.00976800976801,0.0,62.71062271062271,-11.135531135531137,19.73137973137973,-34.18803418803419,0.0,-33.7973137973138,30.28083028083028,0.0,-4.493284493284493,-14.261294261294262,-15.433455433455434,-22.466422466422465,0.0,-45.12820512820513,-34.57875457875458,5.274725274725275,15.824175824175825,0.0,54.5054945054945,66.22710622710623,-153.74847374847374,-11.135531135531137,5.274725274725275
61.92918192918193,38.095238095238095,-58.41269841269841,-5.665445665445666,0.0,58.02197802197802,-14.652014652014651,24.42002442002442,-33.40659340659341,0.0,-39.26739926739927,33.7973137973138,0.0,-21.294261294261293,-12.698412698412698,-10.354090354090356,-25.982905982905983,0.0,-58.41269841269841,-30.671550671550676,4.493284493284493,11.526251526251526,0.0,58.8034188034188,40.04884004884005,-131.08669108669108,-9.18192918192918,4.493284493284493
61.53846153846154,37.704517704517706,-62.71062271062271,-8.791208791208792,0.0,58.41269841269841,-17.77777777777778,22.075702075702075,-36.14163614163614,0.0,-42.002442002442,34.969474969474966,0.0,-37.31379731379732,-11.135531135531137,-5.274725274725275,-33.40659340659341,0.0,-70.52503052503053,-27.936507936507937,2.93040293040293,6.446886446886447,0.0,63.10134310134311,49.81684981684982,-143.1990231990232,-10.354090354090356,2.93040293040293
58.41269841269841,31.062271062271066,-68.57142857142857,-8.4004884004884,0.0,56.45909645909646,-22.466422466422465,15.042735042735044,-37.704517704517706,0.0,-45.51892551892552,33.40659340659341,0.0,-54.114774114774114,-12.307692307692308,-1.7582417582417582,-35.36019536019536,0.0,-83.02808302808303,-27.155067155067155,-0.9768009768009768,6.446886446886447,0.0,68.96214896214896,15.824175824175825,-109.5970695970696,-11.916971916971915,-0.9768009768009768
53.724053724053725,22.075702075702075,-73.26007326007326,-8.791208791208792,0.0,52.55189255189255,-25.982905982905983,7.619047619047619,-41.22100122100122,0.0,-49.81684981684982,29.499389499389498,0.0,-70.13431013431014,-13.47985347985348,1.7582417582417582,-34.969474969474966,0.0,-95.14041514041514,-27.155067155067155,-3.3211233211233213,8.4004884004884,0.0,73.65079365079364,-5.665445665445666,-87.71672771672772,-10.354090354090356,-3.3211233211233213
47.86324786324786,16.214896214896214,-72.86935286935287,-15.824175824175825,0.0,47.081807081807085,-26.764346764346765,7.228327228327228,-53.333333333333336,0.0,-56.06837606837607,33.40659340659341,0.0,-85.37240537240537,-10.744810744810744,9.572649572649572,-40.83028083028083,0.0,-101.3919413919414,-25.592185592185597,-2.148962148962149,1.7582417582417582,0.0,73.26007326007326,46.69108669108669,-130.6959706959707,-11.916971916971915,-2.148962148962149
37.704517704517706,8.4004884004884,-71.6971916971917,-11.526251526251526,0.0,34.18803418803419,-28.71794871794872,9.18192918192918,-52.55189255189255,0.0,-62.71062271062271,37.704517704517706,0.0,-105.68986568986568,-8.4004884004884,16.214896214896214,-37.31379731379732,0.0,-106.47130647130648,-29.10866910866911,-2.148962148962149,2.93040293040293,0.0,72.08791208791209,50.5982905982906,-122.88156288156289,-14.652014652014651,-2.148962148962149
25.2014652014652,3.3211233211233213,-68.96214896214896,-4.493284493284493,0.0,20.12210012210012,-28.32722832722833,8.4004884004884,-45.51892551892552,0.0,-67.00854700854701,40.04884004884005,0.0,-127.96092796092796,-4.493284493284493,19.73137973137973,-30.671550671550676,0.0,-111.15995115995116,-33.40659340659341,-5.274725274725275,5.665445665445666,0.0,69.35286935286935,-25.2014652014652,-35.36019536019536,-15.824175824175825,-5.274725274725275
13.47985347985348,2.148962148962149,-61.53846153846154,-2.93040293040293,0.0,10.354090354090356,-27.155067155067155,9.572649572649572,-41.61172161172161,0.0,-68.57142857142857,43.95604395604396,0.0,-143.5897435897436,-0.9768009768009768,25.592185592185597,-34.57875457875458,0.0,-110.76923076923076,-32.62515262515262,-12.307692307692308,1.7582417582417582,0.0,61.92918192918193,-31.062271062271066,-15.433455433455434,-14.652014652014651,-12.307692307692308
2.5396825396825395,0.1953601953601953,-52.55189255189255,1.3675213675213675,0.0,3.711843711843712,-29.10866910866911,11.916971916971915,-35.36019536019536,0.0,-68.57142857142857,43.17460317460318,0.0,-154.9206349206349,0.1953601953601953,31.062271062271066,-38.48595848595848,0.0,-109.5970695970696,-31.062271062271066,-22.075702075702075,0.9768009768009768,0.0,52.94261294261294,23.63858363858364,-54.89621489621489,-12.307692307692308,-22.075702075702075
-8.00976800976801,-4.102564102564102,-48.64468864468864,9.963369963369964,0.0,-4.493284493284493,-33.40659340659341,8.4004884004884,-22.466422466422465,0.0,-66.61782661782662,40.04884004884005,0.0,-163.9072039072039,-1.3675213675213675,34.57875457875458,-36.53235653235653,0.0,-108.42490842490842,-29.89010989010989,-33.40659340659341,4.493284493284493,0.0,49.03540903540904,8.4004884004884,-24.81074481074481,-9.963369963369964,-33.40659340659341
-15.433455433455434,-9.18192918192918,-43.95604395604396,14.652014652014651,0.0,-12.698412698412698,-38.095238095238095,8.791208791208792,-13.089133089133089,0.0,-63.10134310134311,41.61172161172161,0.0,-170.54945054945054,-1.7582417582417582,40.04884004884005,-34.969474969474966,0.0,-105.2991452991453,-24.81074481074481,-43.17460317460318,6.056166056166056,0.0,44.346764346764346,-27.936507936507937,29.10866910866911,-8.00976800976801,-43.17460317460318
-20.12210012210012,-10.744810744810744,-35.36019536019536,13.47985347985348,0.0,-20.512820512820515,-37.704517704517706,14.652014652014651,-9.572649572649572,0.0,-58.8034188034188,45.90964590964591,0.0,-173.67521367521368,1.3675213675213675,49.42612942612943,-36.92307692307692,0.0,-97.87545787545788,-16.996336996336996,-46.69108669108669,2.93040293040293,0.0,35.75091575091575,-4.884004884004884,25.2014652014652,-8.00976800976801,-46.69108669108669
-25.592185592185597,-14.261294261294262,-28.32722832722833,15.433455433455434,0.0,-31.45299145299145,-38.87667887667888,14.652014652014651,0.9768009768009768,0.0,-58.02197802197802,51.37973137973138,0.0,-180.31746031746036,1.7582417582417582,55.28693528693529,-30.671550671550676,0.0,-93.57753357753356,-14.261294261294262,-50.20757020757021,4.493284493284493,0.0,28.71794871794872,13.089133089133089,21.68498168498169,-12.307692307692308,-50.20757020757021
-32.234432234432234,-14.261294261294262,-22.857142857142858,17.77777777777778,0.0,-44.346764346764346,-34.969474969474966,16.605616605616607,10.354090354090356,0.0,-56.45909645909646,57.63125763125763,0.0,-189.3040293040293,3.3211233211233213,52.55189255189255,-23.247863247863247,0.0,-92.7960927960928,-11.526251526251526,-58.02197802197802,6.056166056166056,0.0,23.247863247863247,-22.857142857142858,67.00854700854701,-11.916971916971915,-58.02197802197802
-43.56532356532357,-9.18192918192918,-11.526251526251526,16.605616605616607,0.0,-59.975579975579976,-26.764346764346765,25.592185592185597,11.526251526251526,0.0,-61.14774114774115,59.58485958485959,0.0,-195.16483516483515,5.665445665445666,52.55189255189255,-23.247863247863247,0.0,-90.06105006105007,-6.056166056166056,-65.44566544566544,2.5396825396825395,0.0,11.916971916971915,-34.969474969474966,87.71672771672772,-9.18192918192918,-65.44566544566544
-44.346764346764346,-7.619047619047619,-9.572649572649572,14.261294261294262,0.0,-64.66422466422466,-22.466422466422465,27.155067155067155,10.744810744810744,0.0,-56.45909645909646,65.05494505494505,0.0,-195.55555555555557,2.93040293040293,45.90964590964591,-20.12210012210012,0.0,-82.63736263736264,-8.791208791208792,-73.26007326007326,0.1953601953601953,0.0,9.963369963369964,0.5860805860805861,59.1941391941392,-10.744810744810744,-73.26007326007326
-49.42612942612943,-7.619047619047619,-9.18192918192918,16.605616605616607,0.0,-76.38583638583638,-19.34065934065934,29.499389499389498,14.261294261294262,0.0,-53.724053724053725,66.22710622710623,0.0,-198.6813186813187,2.148962148962149,38.87667887667888,-12.307692307692308,0.0,-74.04151404151405,-14.261294261294262,-80.29304029304029,-0.1953601953601953,0.0,9.572649572649572,-22.075702075702075,88.1074481074481,-9.963369963369964,-80.29304029304029
-52.94261294261294,-4.493284493284493,-6.056166056166056,8.791208791208792,0.0,-79.9023199023199,-16.214896214896214,31.843711843711844,7.619047619047619,0.0,-50.5982905982906,65.44566544566544,0.0,-195.16483516483515,-1.7582417582417582,34.18803418803419,-10.354090354090356,0.0,-63.49206349206349,-17.387057387057386,-84.98168498168498,-6.056166056166056,0.0,6.446886446886447,-34.57875457875458,111.15995115995116,-11.526251526251526,-84.98168498168498
-52.94261294261294,-0.5860805860805861,-3.711843711843712,-0.1953601953601953,0.0,-80.68376068376068,-13.47985347985348,30.671550671550676,3.711843711843712,0.0,-47.86324786324786,66.22710622710623,0.0,-184.6153846153846,-6.837606837606837,28.32722832722833,-9.572649572649572,0.0,-48.64468864468864,-22.075702075702075,-86.93528693528694,-13.47985347985348,0.0,4.102564102564102,-19.34065934065934,104.12698412698413,-16.214896214896214,-86.93528693528694
-61.14774114774115,3.3211233211233213,-4.102564102564102,2.148962148962149,0.0,-90.45177045177046,-12.698412698412698,26.37362637362637,16.214896214896214,0.0,-52.16117216117216,63.49206349206349,0.0,-181.8803418803419,-12.307692307692308,19.34065934065934,2.148962148962149,0.0,-40.83028083028083,-25.592185592185597,-93.18681318681318,-11.135531135531137,0.0,4.493284493284493,-49.03540903540904,136.16605616605617,-16.605616605616607,-93.18681318681318
-68.96214896214896,12.307692307692308,-2.148962148962149,-0.1953601953601953,0.0,-99.82905982905984,-8.791208791208792,26.37362637362637,22.857142857142858,0.0,-56.06837606837607,61.14774114774115,0.0,-174.84737484737485,-16.214896214896214,10.354090354090356,9.18192918192918,0.0,-35.36019536019536,-23.247863247863247,-100.21978021978022,-10.744810744810744,0.0,2.5396825396825395,-60.757020757020754,149.05982905982907,-14.261294261294262,-100.21978021978022
-74.82295482295483,25.982905982905983,4.884004884004884,-10.354090354090356,0.0,-104.9084249084249,-3.3211233211233213,33.01587301587302,20.12210012210012,0.0,-57.24053724053724,63.49206349206349,0.0,-162.73504273504273,-14.652014652014651,7.228327228327228,4.102564102564102,0.0,-24.81074481074481,-16.996336996336996,-101.3919413919414,-20.903540903540904,0.0,-4.493284493284493,-2.93040293040293,92.7960927960928,-9.963369963369964,-101.3919413919414
-78.73015873015873,33.7973137973138,9.963369963369964,-10.744810744810744,0.0,-110.76923076923076,0.1953601953601953,38.095238095238095,24.81074481074481,0.0,-54.5054945054945,64.27350427350427,0.0,-155.7020757020757,-11.526251526251526,1.7582417582417582,8.00976800976801,0.0,-15.042735042735044,-10.744810744810744,-106.47130647130648,-23.247863247863247,0.0,-9.572649572649572,1.7582417582417582,90.45177045177046,-4.102564102564102,-106.47130647130648
-85.76312576312576,42.39316239316239,11.916971916971915,-8.791208791208792,0.0,-113.89499389499387,4.493284493284493,39.65811965811966,27.155067155067155,0.0,-51.77045177045177,60.757020757020754,0.0,-146.32478632478632,-15.433455433455434,-3.3211233211233213,13.089133089133089,0.0,-6.446886446886447,-7.619047619047619,-111.94139194139194,-24.02930402930403,0.0,-11.526251526251526,-42.002442002442,134.21245421245422,2.93040293040293,-111.94139194139194
-91.23321123321124,51.77045177045177,14.652014652014651,-13.47985347985348,0.0,-109.2063492063492,8.4004884004884,39.65811965811966,20.512820512820515,0.0,-47.86324786324786,55.28693528693529,0.0,-127.96092796092796,-25.592185592185597,-6.056166056166056,12.698412698412698,0.0,2.5396825396825395,-4.102564102564102,-115.84859584859583,-28.71794871794872,0.0,-14.261294261294262,-29.10866910866911,121.31868131868131,8.791208791208792,-115.84859584859583
-96.7032967032967,60.757020757020754,14.261294261294262,-11.916971916971915,0.0,-108.03418803418803,14.652014652014651,36.14163614163614,21.294261294261293,0.0,-47.081807081807085,47.081807081807085,0.0,-109.98778998778998,-37.31379731379732,-10.354090354090356,16.996336996336996,0.0,11.526251526251526,-3.3211233211233213,-119.36507936507935,-28.32722832722833,0.0,-13.870573870573873,18.55921855921856,73.65079365079364,9.572649572649572,-119.36507936507935
-106.86202686202688,71.30647130647131,8.791208791208792,-6.837606837606837,0.0,-107.25274725274726,18.168498168498168,29.10866910866911,24.42002442002442,0.0,-49.03540903540904,36.53235653235653,0.0,-92.4053724053724,-50.989010989010985,-18.55921855921856,25.2014652014652,0.0,14.261294261294262,-4.884004884004884,-122.1001221001221,-23.247863247863247,0.0,-8.4004884004884,-0.9768009768009768,85.76312576312576,12.307692307692308,-122.1001221001221
-113.89499389499387,79.12087912087912,11.135531135531137,-8.4004884004884,0.0,-104.51770451770452,20.512820512820515,26.764346764346765,23.63858363858364,0.0,-49.42612942612943,26.37362637362637,0.0,-74.82295482295483,-58.41269841269841,-19.34065934065934,25.982905982905983,0.0,12.698412698412698,-2.5396825396825395,-112.33211233211232,-24.42002442002442,0.0,-10.744810744810744,-33.7973137973138,105.68986568986568,19.34065934065934,-112.33211233211232
-116.23931623931624,88.4981684981685,13.870573870573873,-12.307692307692308,0.0,-99.82905982905984,24.02930402930403,28.32722832722833,18.55921855921856,0.0,-47.472527472527474,16.214896214896214,0.0,-61.92918192918193,-57.24053724053724,-19.34065934065934,22.857142857142858,0.0,14.652014652014651,0.1953601953601953,-99.04761904761904,-31.45299145299145,0.0,-13.47985347985348,12.698412698412698,50.989010989010985,21.294261294261293,-99.04761904761904
-121.7094017094017,95.53113553113552,14.652014652014651,-9.572649572649572,0.0,-97.87545787545788,26.37362637362637,26.37362637362637,21.294261294261293,0.0,-46.69108669108669,9.572649572649572,0.0,-54.5054945054945,-57.24053724053724,-20.12210012210012,24.42002442002442,0.0,12.307692307692308,0.1953601953601953,-84.2002442002442,-36.14163614163614,0.0,-14.261294261294262,35.75091575091575,18.94993894993895,22.075702075702075,-84.2002442002442
-127.96092796092796,99.43833943833944,17.387057387057386,-8.791208791208792,0.0,-97.48473748473748,31.062271062271066,24.02930402930403,19.73137973137973,0.0,-42.39316239316239,0.1953601953601953,0.0,-48.64468864468864,-58.8034188034188,-14.261294261294262,21.68498168498169,0.0,9.18192918192918,-0.5860805860805861,-64.27350427350427,-44.737484737484735,0.0,-16.996336996336996,12.307692307692308,33.01587301587302,25.592185592185597,-64.27350427350427
-124.44444444444444,104.9084249084249,14.652014652014651,-14.652014652014651,0.0,-90.45177045177046,40.04884004884005,15.433455433455434,14.261294261294262,0.0,-37.31379731379732,1.3675213675213675,0.0,-33.7973137973138,-60.757020757020754,-16.214896214896214,17.387057387057386,0.0,18.168498168498168,-3.3211233211233213,-56.06837606837607,-52.16117216117216,0.0,-14.261294261294262,9.572649572649572,31.45299145299145,22.466422466422465,-56.06837606837607
-125.6166056166056,109.5970695970696,14.261294261294262,-14.652014652014651,0.0,-91.62393162393164,49.81684981684982,8.4004884004884,15.042735042735044,0.0,-34.18803418803419,3.3211233211233213,0.0,-22.857142857142858,-60.757020757020754,-14.261294261294262,10.744810744810744,0.0,23.63858363858364,-4.884004884004884,-47.86324786324786,-58.02197802197802,0.0,-13.870573870573873,0.1953601953601953,38.095238095238095,20.12210012210012,-47.86324786324786
-122.4908424908425,113.89499389499387,13.870573870573873,-18.94993894993895,0.0,-86.93528693528694,53.724053724053725,2.148962148962149,15.433455433455434,0.0,-28.32722832722833,7.619047619047619,0.0,-9.572649572649572,-58.8034188034188,-15.824175824175825,4.493284493284493,0.0,29.89010989010989,-3.711843711843712,-44.737484737484735,-60.757020757020754,0.0,-13.47985347985348,-25.2014652014652,55.67765567765568,24.02930402930403,-44.737484737484735
-116.23931623931624,118.97435897435898,20.512820512820515,-36.53235653235653,0.0,-79.9023199023199,58.41269841269841,0.1953601953601953,7.228327228327228,0.0,-22.466422466422465,15.433455433455434,0.0,4.102564102564102,-48.64468864468864,-15.042735042735044,-12.307692307692308,0.0,38.87667887667888,3.3211233211233213,-41.22100122100122,-72.86935286935287,0.0,-20.12210012210012,-4.884004884004884,29.89010989010989,30.28083028083028,-41.22100122100122
-113.11355311355312,124.05372405372404,31.843711843711844,-53.724053724053725,0.0,-74.82295482295483,60.757020757020754,2.5396825396825395,-0.5860805860805861,0.0,-14.652014652014651,22.857142857142858,0.0,13.089133089133089,-34.57875457875458,-11.135531135531137,-33.40659340659341,0.0,45.90964590964591,11.916971916971915,-36.92307692307692,-87.71672771672772,0.0,-31.45299145299145,6.446886446886447,19.73137973137973,34.57875457875458,-36.92307692307692
-112.72283272283272,123.27228327228327,39.26739926739927,-58.8034188034188,0.0,-67.78998778998779,55.67765567765568,0.9768009768009768,0.5860805860805861,0.0,-6.446886446886447,26.764346764346765,0.0,18.168498168498168,-22.466422466422465,-11.916971916971915,-42.78388278388278,0.0,50.989010989010985,16.996336996336996,-35.75091575091575,-92.7960927960928,0.0,-38.87667887667888,-38.095238095238095,63.49206349206349,42.78388278388278,-35.75091575091575
-109.5970695970696,119.36507936507935,47.472527472527474,-68.96214896214896,0.0,-60.366300366300365,55.28693528693529,-0.9768009768009768,-6.056166056166056,0.0,0.9768009768009768,31.062271062271066,0.0,25.982905982905983,-12.698412698412698,-13.089133089133089,-53.333333333333336,0.0,58.8034188034188,21.68498168498169,-34.18803418803419,-100.21978021978022,0.0,-47.081807081807085,-36.14163614163614,64.27350427350427,49.03540903540904,-34.18803418803419
-103.34554334554336,115.45787545787546,54.89621489621489,-78.73015873015873,0.0,-48.64468864468864,56.06837606837607,-1.7582417582417582,-16.996336996336996,0.0,8.4004884004884,36.14163614163614,0.0,37.704517704517706,-5.274725274725275,-9.963369963369964,-65.83638583638583,0.0,70.91575091575092,21.68498168498169,-29.89010989010989,-108.03418803418803,0.0,-54.5054945054945,16.605616605616607,15.824175824175825,50.20757020757021,-29.89010989010989
-97.09401709401708,107.25274725274726,57.24053724053724,-79.51159951159951,0.0,-38.095238095238095,52.94261294261294,-5.274725274725275,-20.903540903540904,0.0,11.526251526251526,34.18803418803419,0.0,48.64468864468864,-7.619047619047619,-6.446886446886447,-68.18070818070818,0.0,78.73015873015873,17.387057387057386,-23.63858363858364,-107.25274725274726,0.0,-56.84981684981685,21.68498168498169,11.135531135531137,49.81684981684982,-23.63858363858364
-89.27960927960928,99.82905982905984,56.84981684981685,-82.63736263736264,0.0,-26.764346764346765,50.5982905982906,-11.135531135531137,-27.936507936507937,0.0,11.526251526251526,31.45299145299145,0.0,60.366300366300365,-16.605616605616607,-1.7582417582417582,-67.3992673992674,0.0,82.63736263736264,9.963369963369964,-15.433455433455434,-104.12698412698413,0.0,-56.45909645909646,-23.247863247863247,50.5982905982906,47.081807081807085,-15.433455433455434
-78.73015873015873,97.48473748473748,59.1941391941392,-90.84249084249085,0.0,-11.526251526251526,51.37973137973138,-11.135531135531137,-41.22100122100122,0.0,16.214896214896214,25.982905982905983,0.0,73.65079365079364,-23.247863247863247,4.102564102564102,-70.52503052503053,0.0,87.32600732600733,6.446886446886447,-5.274725274725275,-104.12698412698413,0.0,-58.8034188034188,-11.526251526251526,31.45299145299145,41.22100122100122,-5.274725274725275
-67.3992673992674,93.96825396825396,59.975579975579976,-92.014652014652,0.0,2.148962148962149,46.69108669108669,-8.00976800976801,-47.081807081807085,0.0,22.857142857142858,18.168498168498168,0.0,84.59096459096459,-26.37362637362637,11.135531135531137,-70.91575091575092,0.0,88.4981684981685,2.93040293040293,3.711843711843712,-98.26617826617829,0.0,-59.58485958485959,26.37362637362637,-16.605616605616607,36.92307692307692,3.711843711843712
-53.724053724053725,79.9023199023199,62.31990231990232,-85.37240537240537,0.0,13.47985347985348,40.43956043956044,-2.93040293040293,-49.03540903540904,0.0,30.671550671550676,13.089133089133089,0.0,90.84249084249085,-28.32722832722833,17.387057387057386,-64.66422466422466,0.0,86.93528693528694,-0.5860805860805861,15.042735042735044,-86.15384615384616,0.0,-61.92918192918193,35.36019536019536,-34.57875457875458,36.14163614163614,15.042735042735044
-34.969474969474966,65.83638583638583,66.61782661782662,-77.94871794871794,0.0,25.982905982905983,39.26739926739927,4.884004884004884,-51.77045177045177,0.0,41.61172161172161,13.47985347985348,0.0,100.21978021978022,-21.68498168498169,21.294261294261293,-58.41269841269841,0.0,92.4053724053724,-0.5860805860805861,23.63858363858364,-74.04151404151405,0.0,-66.22710622710623,45.51892551892552,-43.56532356532357,33.40659340659341,23.63858363858364
-13.089133089133089,48.64468864468864,70.91575091575092,-68.57142857142857,0.0,38.48595848595848,38.095238095238095,11.916971916971915,-52.16117216117216,0.0,50.989010989010985,18.168498168498168,0.0,107.64346764346764,-10.744810744810744,29.10866910866911,-54.5054945054945,0.0,103.73626373626374,-1.7582417582417582,34.18803418803419,-65.05494505494505,0.0,-70.52503052503053,111.94139194139194,-101.78266178266178,30.28083028083028,34.18803418803419
5.274725274725275,18.55921855921856,74.04151404151405,-49.81684981684982,0.0,42.78388278388278,33.01587301587302,15.824175824175825,-44.737484737484735,0.0,51.37973137973138,24.81074481074481,0.0,107.25274725274726,-6.056166056166056,44.346764346764346,-43.17460317460318,0.0,109.98778998778998,-8.00976800976801,51.37973137973138,-51.77045177045177,0.0,-73.65079365079364,188.13186813186812,-165.0793650793651,24.42002442002442,51.37973137973138
21.294261294261293,-0.1953601953601953,66.61782661782662,-34.57875457875458,0.0,47.472527472527474,33.7973137973138,8.791208791208792,-38.48595848595848,0.0,49.42612942612943,33.7973137973138,0.0,105.2991452991453,-1.3675213675213675,45.12820512820513,-25.592185592185597,0.0,114.28571428571428,-11.526251526251526,56.84981684981685,-36.14163614163614,0.0,-66.22710622710623,122.4908424908425,-92.7960927960928,16.996336996336996,56.84981684981685
37.31379731379732,-16.605616605616607,58.8034188034188,-29.10866910866911,0.0,52.16117216117216,33.40659340659341,4.884004884004884,-41.61172161172161,0.0,48.64468864468864,41.61172161172161,0.0,101.001221001221,2.148962148962149,56.06837606837607,-19.34065934065934,0.0,117.8021978021978,-16.214896214896214,69.35286935286935,-29.89010989010989,0.0,-58.41269841269841,101.3919413919414,-75.995115995116,11.135531135531137,69.35286935286935
49.42612942612943,-35.36019536019536,50.20757020757021,-16.996336996336996,0.0,52.94261294261294,27.155067155067155,0.1953601953601953,-34.969474969474966,0.0,43.95604395604396,47.472527472527474,0.0,88.88888888888889,7.619047619047619,65.83638583638583,-5.665445665445666,0.0,114.28571428571428,-18.55921855921856,81.07448107448107,-18.168498168498168,0.0,-49.81684981684982,61.53846153846154,-43.17460317460318,6.056166056166056,81.07448107448107
58.8034188034188,-53.333333333333336,40.83028083028083,-7.619047619047619,0.0,56.06837606837607,18.168498168498168,-7.619047619047619,-29.10866910866911,0.0,40.83028083028083,51.77045177045177,0.0,78.73015873015873,9.572649572649572,65.05494505494505,6.837606837606837,0.0,107.25274725274726,-23.63858363858364,85.37240537240537,-6.056166056166056,0.0,-40.43956043956044,24.42002442002442,-11.135531135531137,0.1953601953601953,85.37240537240537
66.61782661782662,-65.05494505494505,40.43956043956044,-7.619047619047619,0.0,58.8034188034188,13.089133089133089,-6.446886446886447,-32.62515262515262,0.0,42.002442002442,55.28693528693529,0.0,74.04151404151405,17.387057387057386,67.3992673992674,5.274725274725275,0.0,106.47130647130648,-24.42002442002442,87.71672771672772,-3.711843711843712,0.0,-40.04884004884005,75.6043956043956,-61.14774114774115,-4.102564102564102,87.71672771672772
73.26007326007326,-78.73015873015873,40.43956043956044,-1.3675213675213675,0.0,59.58485958485959,7.228327228327228,-4.884004884004884,-28.71794871794872,0.0,41.22100122100122,58.02197802197802,0.0,68.57142857142857,29.10866910866911,67.3992673992674,2.5396825396825395,0.0,106.08058608058607,-26.37362637362637,90.06105006105007,-0.5860805860805861,0.0,-40.04884004884005,114.28571428571428,-92.7960927960928,-9.572649572649572,90.06105006105007
74.82295482295483,-92.4053724053724,37.31379731379732,12.698412698412698,0.0,58.41269841269841,0.1953601953601953,-7.619047619047619,-17.77777777777778,0.0,40.43956043956044,58.02197802197802,0.0,59.975579975579976,32.62515262515262,62.31990231990232,6.056166056166056,0.0,100.6105006105006,-33.01587301587302,86.15384615384616,8.4004884004884,0.0,-36.92307692307692,84.2002442002442,-60.757020757020754,-11.135531135531137,86.15384615384616
76.38583638583638,-96.7032967032967,35.36019536019536,20.903540903540904,0.0,61.92918192918193,0.1953601953601953,-7.228327228327228,-17.387057387057386,0.0,45.51892551892552,54.89621489621489,0.0,58.02197802197802,37.704517704517706,57.24053724053724,6.837606837606837,0.0,99.43833943833944,-37.704517704517706,83.41880341880342,15.824175824175825,0.0,-34.969474969474966,77.55799755799755,-56.84981684981685,-9.572649572649572,83.41880341880342
78.33943833943835,-97.09401709401708,35.36019536019536,28.32722832722833,0.0,71.30647130647131,-0.1953601953601953,-5.274725274725275,-18.168498168498168,0.0,48.64468864468864,47.86324786324786,0.0,57.63125763125763,43.56532356532357,58.41269841269841,3.3211233211233213,0.0,95.53113553113552,-35.36019536019536,89.27960927960928,15.042735042735044,0.0,-34.969474969474966,105.68986568986568,-86.93528693528694,-5.274725274725275,89.27960927960928
77.94871794871794,-97.87545787545788,33.40659340659341,40.04884004884005,0.0,85.37240537240537,-6.056166056166056,-8.00976800976801,-14.652014652014651,0.0,49.81684981684982,36.53235653235653,0.0,58.8034188034188,40.83028083028083,53.333333333333336,9.18192918192918,0.0,86.93528693528694,-34.57875457875458,90.45177045177046,20.903540903540904,0.0,-33.01587301587302,81.46520146520146,-70.91575091575092,2.5396825396825395,90.45177045177046
76.77655677655677,-94.74969474969475,31.45299145299145,46.69108669108669,0.0,101.3919413919414,-9.963369963369964,-13.089133089133089,-15.433455433455434,0.0,49.42612942612943,22.466422466422465,0.0,63.88278388278388,34.57875457875458,47.472527472527474,11.135531135531137,0.0,77.94871794871794,-31.843711843711844,88.4981684981685,24.02930402930403,0.0,-31.062271062271066,39.65811965811966,-33.7973137973138,8.00976800976801,88.4981684981685
79.9023199023199,-90.84249084249085,30.28083028083028,45.90964590964591,0.0,118.97435897435898,-11.916971916971915,-14.652014652014651,-24.02930402930403,0.0,45.90964590964591,15.433455433455434,0.0,74.04151404151405,30.28083028083028,46.3003663003663,-0.1953601953601953,0.0,75.21367521367522,-26.37362637362637,84.59096459096459,18.94993894993895,0.0,-29.89010989010989,68.96214896214896,-59.58485958485959,9.572649572649572,84.59096459096459
81.85592185592185,-88.4981684981685,22.857142857142858,53.724053724053725,0.0,127.96092796092796,-13.089133089133089,-16.605616605616607,-24.81074481074481,0.0,42.39316239316239,13.47985347985348,0.0,76.38583638583638,25.592185592185597,45.51892551892552,-7.228327228327228,0.0,71.6971916971917,-27.545787545787547,75.6043956043956,20.512820512820515,0.0,-22.466422466422465,109.5970695970696,-98.26617826617829,8.00976800976801,75.6043956043956
81.85592185592185,-86.54456654456655,14.261294261294262,61.53846153846154,0.0,130.3052503052503,-10.354090354090356,-21.294261294261293,-24.81074481074481,0.0,40.04884004884005,14.652014652014651,0.0,75.995115995116,18.168498168498168,43.17460317460318,-11.526251526251526,0.0,68.18070818070818,-33.01587301587302,63.49206349206349,27.936507936507937,0.0,-13.870573870573873,91.23321123321124,-82.24664224664225,6.446886446886447,63.49206349206349
79.12087912087912,-83.80952380952381,8.00976800976801,61.92918192918193,0.0,127.17948717948718,-6.056166056166056,-18.94993894993895,-33.7973137973138,0.0,38.48595848595848,18.94993894993895,0.0,72.08791208791209,12.698412698412698,47.081807081807085,-22.857142857142858,0.0,65.83638583638583,-38.48595848595848,56.84981684981685,25.2014652014652,0.0,-7.619047619047619,78.33943833943835,-66.22710622710623,0.9768009768009768,56.84981684981685
75.6043956043956,-79.51159951159951,0.1953601953601953,63.88278388278388,0.0,122.1001221001221,-5.274725274725275,-19.34065934065934,-36.14163614163614,0.0,31.45299145299145,22.466422466422465,0.0,62.31990231990232,2.5396825396825395,52.16117216117216,-25.592185592185597,0.0,60.757020757020754,-47.081807081807085,52.55189255189255,25.2014652014652,0.0,0.1953601953601953,102.17338217338218,-92.4053724053724,-2.5396825396825395,52.55189255189255
68.57142857142857,-78.73015873015873,-3.3211233211233213,58.41269841269841,0.0,115.06715506715508,-9.963369963369964,-20.512820512820515,-36.92307692307692,0.0,18.94993894993895,22.466422466422465,0.0,48.64468864468864,-11.916971916971915,53.333333333333336,-23.247863247863247,0.0,49.42612942612943,-56.06837606837607,43.17460317460318,29.499389499389498,0.0,3.711843711843712,106.86202686202688,-100.6105006105006,-8.4004884004884,43.17460317460318
64.66422466422466,-79.12087912087912,-8.00976800976801,50.989010989010985,0.0,110.76923076923076,-16.605616605616607,-22.075702075702075,-41.22100122100122,0.0,5.274725274725275,22.075702075702075,0.0,37.31379731379732,-27.155067155067155,60.366300366300365,-30.28083028083028,0.0,39.26739926739927,-65.05494505494505,38.48595848595848,27.155067155067155,0.0,8.4004884004884,88.1074481074481,-83.41880341880342,-18.55921855921856,38.48595848595848
64.27350427350427,-82.63736263736264,-11.135531135531137,42.39316239316239,0.0,108.8156288156288,-26.764346764346765,-20.12210012210012,-46.3003663003663,0.0,-6.837606837606837,23.247863247863247,0.0,26.37362637362637,-35.36019536019536,66.61782661782662,-37.704517704517706,0.0,27.936507936507937,-68.57142857142857,36.14163614163614,24.02930402930403,0.0,11.526251526251526,97.87545787545788,-92.7960927960928,-24.02930402930403,36.14163614163614
59.1941391941392,-87.71672771672772,-13.870573870573873,44.737484737484735,0.0,103.34554334554336,-37.31379731379732,-20.903540903540904,-40.04884004884005,0.0,-18.168498168498168,21.68498168498169,0.0,16.214896214896214,-39.26739926739927,67.78998778998779,-36.53235653235653,0.0,15.433455433455434,-69.35286935286935,30.28083028083028,31.062271062271066,0.0,14.261294261294262,68.57142857142857,-65.83638583638583,-28.32722832722833,30.28083028083028
54.89621489621489,-90.45177045177046,-18.55921855921856,50.989010989010985,0.0,99.43833943833944,-45.12820512820513,-19.73137973137973,-35.75091575091575,0.0,-20.12210012210012,20.903540903540904,0.0,6.446886446886447,-32.234432234432234,65.83638583638583,-38.095238095238095,0.0,3.3211233211233213,-65.05494505494505,27.155067155067155,35.75091575091575,0.0,18.94993894993895,65.44566544566544,-67.00854700854701,-27.545787545787547,27.155067155067155
50.5982905982906,-86.54456654456655,-18.55921855921856,46.3003663003663,0.0,97.87545787545788,-45.90964590964591,-14.261294261294262,-43.95604395604396,0.0,-20.12210012210012,20.903540903540904,0.0,2.93040293040293,-14.652014652014651,63.49206349206349,-48.64468864468864,0.0,-1.7582417582417582,-49.03540903540904,27.545787545787547,25.592185592185597,0.0,18.94993894993895,118.1929181929182,-122.4908424908425,-19.73137973137973,27.545787545787547
47.472527472527474,-81.07448107448107,-19.34065934065934,44.737484737484735,0.0,95.92185592185592,-46.3003663003663,-11.526251526251526,-44.737484737484735,0.0,-25.982905982905983,15.824175824175825,0.0,1.7582417582417582,-7.228327228327228,55.28693528693529,-44.737484737484735,0.0,-7.619047619047619,-36.92307692307692,22.857142857142858,26.764346764346765,0.0,19.73137973137973,121.7094017094017,-133.82173382173383,-13.47985347985348,22.857142857142858
44.346764346764346,-79.12087912087912,-20.512820512820515,45.90964590964591,0.0,93.96825396825396,-50.20757020757021,-13.47985347985348,-37.31379731379732,0.0,-37.31379731379732,5.665445665445666,0.0,1.7582417582417582,-11.526251526251526,45.90964590964591,-35.75091575091575,0.0,-16.605616605616607,-32.234432234432234,15.042735042735044,34.18803418803419,0.0,20.903540903540904,63.49206349206349,-88.1074481074481,-8.791208791208792,15.042735042735044
42.78388278388278,-76.77655677655677,-18.168498168498168,40.04884004884005,0.0,92.4053724053724,-54.114774114774114,-13.47985347985348,-34.18803418803419,0.0,-50.5982905982906,-6.446886446886447,0.0,6.837606837606837,-19.34065934065934,36.53235653235653,-31.062271062271066,0.0,-21.294261294261293,-31.45299145299145,13.47985347985348,32.62515262515262,0.0,18.55921855921856,49.03540903540904,-81.07448107448107,-9.18192918192918,13.47985347985348
40.04884004884005,-77.55799755799755,-12.307692307692308,37.31379731379732,0.0,90.06105006105007,-59.975579975579976,-13.870573870573873,-26.764346764346765,0.0,-62.71062271062271,-22.075702075702075,0.0,10.744810744810744,-30.671550671550676,28.71794871794872,-24.42002442002442,0.0,-27.545787545787547,-37.704517704517706,12.698412698412698,36.53235653235653,0.0,12.698412698412698,93.18681318681318,-129.13308913308913,-14.261294261294262,12.698412698412698
32.62515262515262,-79.12087912087912,-7.619047619047619,43.95604395604396,0.0,84.2002442002442,-63.88278388278388,-17.387057387057386,-11.135531135531137,0.0,-66.61782661782662,-35.36019536019536,0.0,9.572649572649572,-34.969474969474966,20.903540903540904,-16.605616605616607,0.0,-34.18803418803419,-45.90964590964591,10.354090354090356,47.472527472527474,0.0,8.00976800976801,78.73015873015873,-120.92796092796092,-17.387057387057386,10.354090354090356
26.764346764346765,-75.6043956043956,-0.5860805860805861,42.39316239316239,0.0,79.51159951159951,-58.41269841269841,-17.387057387057386,-7.619047619047619,0.0,-58.02197802197802,-42.39316239316239,0.0,4.884004884004884,-25.982905982905983,17.387057387057386,-21.68498168498169,0.0,-36.53235653235653,-46.69108669108669,9.572649572649572,49.03540903540904,0.0,0.9768009768009768,39.65811965811966,-85.76312576312576,-17.387057387057386,9.572649572649572
19.34065934065934,-67.00854700854701,8.00976800976801,39.65811965811966,0.0,74.04151404151405,-50.5982905982906,-15.824175824175825,-4.884004884004884,0.0,-45.90964590964591,-47.472527472527474,0.0,-0.5860805860805861,-16.605616605616607,22.466422466422465,-26.764346764346765,0.0,-38.87667887667888,-44.346764346764346,11.526251526251526,49.03540903540904,0.0,-7.619047619047619,68.57142857142857,-117.4114774114774,-17.77777777777778,11.526251526251526
14.261294261294262,-58.8034188034188,13.870573870573873,39.26739926739927,0.0,68.18070818070818,-42.78388278388278,-16.605616605616607,1.7582417582417582,0.0,-34.18803418803419,-50.989010989010985,0.0,-8.4004884004884,-11.135531135531137,26.764346764346765,-23.247863247863247,0.0,-43.17460317460318,-40.83028083028083,12.307692307692308,54.89621489621489,0.0,-13.47985347985348,70.52503052503053,-125.22588522588522,-19.34065934065934,12.307692307692308
6.446886446886447,-48.64468864468864,14.652014652014651,39.26739926739927,0.0,54.5054945054945,-35.36019536019536,-16.214896214896214,10.744810744810744,0.0,-26.37362637362637,-53.333333333333336,0.0,-18.55921855921856,-8.791208791208792,30.28083028083028,-16.214896214896214,0.0,-49.42612942612943,-34.969474969474966,12.307692307692308,58.41269841269841,0.0,-14.261294261294262,30.671550671550676,-92.7960927960928,-18.55921855921856,12.307692307692308
-2.93040293040293,-38.095238095238095,13.870573870573873,34.969474969474966,0.0,38.095238095238095,-30.28083028083028,-15.433455433455434,16.214896214896214,0.0,-22.857142857142858,-56.06837606837607,0.0,-27.936507936507937,-10.744810744810744,29.89010989010989,-5.274725274725275,0.0,-55.28693528693529,-30.671550671550676,13.089133089133089,56.84981684981685,0.0,-13.47985347985348,-1.7582417582417582,-59.975579975579976,-22.466422466422465,13.089133089133089
-9.18192918192918,-32.234432234432234,8.791208791208792,29.89010989010989,0.0,25.592185592185597,-27.936507936507937,-16.214896214896214,16.605616605616607,0.0,-20.12210012210012,-59.1941391941392,0.0,-36.53235653235653,-11.916971916971915,27.936507936507937,-1.3675213675213675,0.0,-58.8034188034188,-26.764346764346765,13.089133089133089,49.81684981684982,0.0,-8.4004884004884,33.40659340659341,-89.67032967032966,-29.10866910866911,13.089133089133089
-16.996336996336996,-32.62515262515262,-0.1953601953601953,29.89010989010989,0.0,8.791208791208792,-30.28083028083028,-18.55921855921856,20.512820512820515,0.0,-20.12210012210012,-60.366300366300365,0.0,-47.472527472527474,-13.47985347985348,24.02930402930403,0.5860805860805861,0.0,-63.49206349206349,-25.592185592185597,7.228327228327228,46.3003663003663,0.0,0.5860805860805861,4.493284493284493,-54.89621489621489,-34.969474969474966,7.228327228327228
-22.857142857142858,-31.062271062271066,-7.228327228327228,19.73137973137973,0.0,-2.148962148962149,-33.01587301587302,-19.34065934065934,13.870573870573873,0.0,-18.94993894993895,-57.63125763125763,0.0,-50.989010989010985,-14.261294261294262,21.68498168498169,-5.274725274725275,0.0,-66.22710622710623,-21.68498168498169,2.148962148962149,35.75091575091575,0.0,7.619047619047619,-9.963369963369964,-31.843711843711844,-40.83028083028083,2.148962148962149
-25.982905982905983,-27.155067155067155,-10.744810744810744,9.572649572649572,0.0,-9.18192918192918,-35.75091575091575,-15.433455433455434,6.837606837606837,0.0,-16.214896214896214,-52.16117216117216,0.0,-49.42612942612943,-8.4004884004884,19.73137973137973,-16.605616605616607,0.0,-66.22710622710623,-14.261294261294262,0.1953601953601953,24.42002442002442,0.0,11.135531135531137,-9.18192918192918,-28.71794871794872,-40.83028083028083,0.1953601953601953
-36.14163614163614,-24.42002442002442,-18.168498168498168,17.77777777777778,0.0,-21.294261294261293,-39.65811965811966,-14.652014652014651,15.824175824175825,0.0,-14.652014652014651,-49.03540903540904,0.0,-51.37973137973138,-3.711843711843712,13.47985347985348,-9.18192918192918,0.0,-69.35286935286935,-9.572649572649572,-3.3211233211233213,30.671550671550676,0.0,18.55921855921856,-50.989010989010985,8.00976800976801,-36.53235653235653,-3.3211233211233213
-46.69108669108669,-15.824175824175825,-26.764346764346765,18.94993894993895,0.0,-31.45299145299145,-40.04884004884005,-15.042735042735044,16.996336996336996,0.0,-12.307692307692308,-49.03540903540904,0.0,-50.989010989010985,0.9768009768009768,2.93040293040293,-6.446886446886447,0.0,-70.91575091575092,-4.493284493284493,-8.00976800976801,31.062271062271066,0.0,27.155067155067155,-48.25396825396825,0.1953601953601953,-32.62515262515262,-8.00976800976801
-53.724053724053725,-4.102564102564102,-32.62515262515262,9.18192918192918,0.0,-36.92307692307692,-35.36019536019536,-13.47985347985348,5.274725274725275,0.0,-9.572649572649572,-51.37973137973138,0.0,-50.5982905982906,8.4004884004884,-2.93040293040293,-11.135531135531137,0.0,-69.35286935286935,-1.7582417582417582,-6.837606837606837,20.903540903540904,0.0,33.01587301587302,25.982905982905983,-77.94871794871794,-34.18803418803419,-6.837606837606837
-58.41269841269841,0.9768009768009768,-43.56532356532357,2.5396825396825395,0.0,-43.17460317460318,-31.843711843711844,-20.12210012210012,-0.5860805860805861,0.0,-9.572649572649572,-62.31990231990232,0.0,-54.114774114774114,6.446886446886447,-9.572649572649572,-10.354090354090356,0.0,-68.96214896214896,-4.493284493284493,-6.446886446886447,12.307692307692308,0.0,43.95604395604396,30.671550671550676,-85.76312576312576,-41.61172161172161,-6.446886446886447
-64.27350427350427,1.3675213675213675,-58.8034188034188,-9.572649572649572,0.0,-53.333333333333336,-36.14163614163614,-37.31379731379732,-2.5396825396825395,0.0,-18.168498168498168,-77.16727716727716,0.0,-57.63125763125763,-4.102564102564102,-24.02930402930403,-5.274725274725275,0.0,-71.6971916971917,-10.744810744810744,-12.698412698412698,2.5396825396825395,0.0,59.1941391941392,-44.737484737484735,-8.791208791208792,-50.5982905982906,-12.698412698412698
-67.78998778998779,3.3211233211233213,-67.3992673992674,-32.234432234432234,0.0,-61.14774114774115,-41.22100122100122,-48.64468864468864,-11.916971916971915,0.0,-29.10866910866911,-88.1074481074481,0.0,-54.5054945054945,-11.916971916971915,-39.26739926739927,-10.744810744810744,0.0,-67.78998778998779,-14.261294261294262,-18.55921855921856,-15.824175824175825,0.0,67.78998778998779,-47.081807081807085,1.3675213675213675,-57.24053724053724,-18.55921855921856
-74.43223443223444,3.3211233211233213,-70.91575091575092,-40.83028083028083,0.0,-70.52503052503053,-43.17460317460318,-57.63125763125763,-9.572649572649572,0.0,-35.36019536019536,-101.3919413919414,0.0,-48.25396825396825,-13.47985347985348,-58.02197802197802,-8.791208791208792,0.0,-61.53846153846154,-16.605616605616607,-27.545787545787547,-23.247863247863247,0.0,71.30647130647131,-20.12210012210012,-17.77777777777778,-56.45909645909646,-27.545787545787547
-84.2002442002442,1.3675213675213675,-72.08791208791209,-35.75091575091575,0.0,-79.51159951159951,-43.56532356532357,-68.57142857142857,1.7582417582417582,0.0,-38.87667887667888,-113.89499389499387,0.0,-41.22100122100122,-13.47985347985348,-81.07448107448107,0.5860805860805861,0.0,-54.89621489621489,-20.903540903540904,-39.65811965811966,-19.73137973137973,0.0,72.47863247863248,-61.14774114774115,30.28083028083028,-54.114774114774114,-39.65811965811966
-91.23321123321124,4.493284493284493,-65.05494505494505,-35.75091575091575,0.0,-80.29304029304029,-34.57875457875458,-70.13431013431014,0.1953601953601953,0.0,-34.969474969474966,-122.1001221001221,0.0,-33.7973137973138,-4.102564102564102,-94.35897435897436,0.1953601953601953,0.0,-44.737484737484735,-21.68498168498169,-45.12820512820513,-20.512820512820515,0.0,65.44566544566544,-83.80952380952381,56.06837606837607,-49.03540903540904,-45.12820512820513
-92.4053724053724,6.056166056166056,-55.67765567765568,-36.14163614163614,0.0,-78.73015873015873,-20.12210012210012,-69.35286935286935,-8.00976800976801,0.0,-26.764346764346765,-127.17948717948718,0.0,-24.81074481074481,6.837606837606837,-95.92185592185592,-4.102564102564102,0.0,-34.969474969474966,-19.34065934065934,-42.78388278388278,-19.34065934065934,0.0,56.06837606837607,-37.704517704517706,10.744810744810744,-49.03540903540904,-42.78388278388278
-92.4053724053724,1.7582417582417582,-53.724053724053725,-31.843711843711844,0.0,-76.77655677655677,-13.47985347985348,-75.21367521367522,-8.00976800976801,0.0,-24.02930402930403,-132.64957264957266,0.0,-22.466422466422465,8.791208791208792,-91.23321123321124,2.148962148962149,0.0,-33.40659340659341,-17.387057387057386,-39.65811965811966,-10.744810744810744,0.0,54.114774114774114,-25.982905982905983,-6.446886446886447,-49.42612942612943,-39.65811965811966
-90.84249084249085,-1.7582417582417582,-56.84981684981685,-33.01587301587302,0.0,-73.65079365079364,-15.824175824175825,-80.68376068376068,-11.135531135531137,0.0,-29.499389499389498,-134.993894993895,0.0,-18.94993894993895,4.102564102564102,-88.4981684981685,6.837606837606837,0.0,-34.57875457875458,-14.261294261294262,-40.04884004884005,-5.665445665445666,0.0,57.24053724053724,-49.03540903540904,9.572649572649572,-48.25396825396825,-40.04884004884005
-85.76312576312576,-5.274725274725275,-58.41269841269841,-38.095238095238095,0.0,-72.47863247863248,-18.168498168498168,-80.29304029304029,-15.824175824175825,0.0,-36.92307692307692,-133.43101343101344,0.0,-13.47985347985348,-2.5396825396825395,-83.41880341880342,4.884004884004884,0.0,-34.18803418803419,-11.135531135531137,-41.61172161172161,-6.837606837606837,0.0,58.8034188034188,-9.963369963369964,-25.592185592185597,-48.25396825396825,-41.61172161172161
-85.76312576312576,-7.619047619047619,-63.10134310134311,-31.062271062271066,0.0,-77.16727716727716,-24.02930402930403,-81.46520146520146,-4.493284493284493,0.0,-50.5982905982906,-131.86813186813183,0.0,-11.135531135531137,-11.916971916971915,-82.63736263736264,11.135531135531137,0.0,-31.843711843711844,-10.354090354090356,-46.69108669108669,-5.274725274725275,0.0,63.49206349206349,-0.9768009768009768,-26.764346764346765,-49.81684981684982,-46.69108669108669
-83.80952380952381,-6.056166056166056,-68.96214896214896,-25.2014652014652,0.0,-77.94871794871794,-28.71794871794872,-80.68376068376068,2.5396825396825395,0.0,-57.24053724053724,-127.96092796092796,0.0,-6.837606837606837,-15.433455433455434,-90.45177045177046,13.47985347985348,0.0,-25.982905982905983,-11.135531135531137,-54.5054945054945,-7.228327228327228,0.0,69.35286935286935,-2.148962148962149,-12.698412698412698,-52.16117216117216,-54.5054945054945
-83.02808302808303,-1.3675213675213675,-66.61782661782662,-27.545787545787547,0.0,-78.33943833943835,-25.982905982905983,-74.04151404151405,0.5860805860805861,0.0,-58.41269841269841,-122.4908424908425,0.0,-4.102564102564102,-9.572649572649572,-93.57753357753356,3.3211233211233213,0.0,-18.168498168498168,-8.00976800976801,-57.24053724053724,-19.34065934065934,0.0,67.00854700854701,50.989010989010985,-50.5982905982906,-52.55189255189255,-57.24053724053724
-82.24664224664225,3.3211233211233213,-63.49206349206349,-27.936507936507937,0.0,-75.6043956043956,-20.12210012210012,-70.91575091575092,-1.7582417582417582,0.0,-53.724053724053725,-118.5836385836386,0.0,-3.711843711843712,0.1953601953601953,-92.7960927960928,-4.102564102564102,0.0,-11.526251526251526,-2.93040293040293,-55.67765567765568,-29.499389499389498,0.0,63.88278388278388,82.63736263736264,-70.13431013431014,-50.5982905982906,-55.67765567765568
-81.85592185592185,3.711843711843712,-62.31990231990232,-16.996336996336996,0.0,-71.30647130647131,-19.34065934065934,-72.08791208791209,5.665445665445666,0.0,-49.42612942612943,-117.4114774114774,0.0,-6.446886446886447,5.665445665445666,-95.53113553113552,0.1953601953601953,0.0,-9.18192918192918,-0.5860805860805861,-54.89621489621489,-28.71794871794872,0.0,62.71062271062271,42.39316239316239,-21.294261294261293,-45.90964590964591,-54.89621489621489
-78.73015873015873,0.9768009768009768,-59.975579975579976,-10.744810744810744,0.0,-63.88278388278388,-18.94993894993895,-74.43223443223444,9.18192918192918,0.0,-46.69108669108669,-116.63003663003664,0.0,-9.18192918192918,5.665445665445666,-95.14041514041514,5.665445665445666,0.0,-9.963369963369964,1.7582417582417582,-54.5054945054945,-28.71794871794872,0.0,60.366300366300365,50.989010989010985,-21.68498168498169,-40.43956043956044,-54.5054945054945
-72.47863247863248,-2.148962148962149,-52.55189255189255,-11.135531135531137,0.0,-53.724053724053725,-20.512820512820515,-72.47863247863248,8.4004884004884,0.0,-45.12820512820513,-117.02075702075702,0.0,-11.916971916971915,7.619047619047619,-87.32600732600733,2.148962148962149,0.0,-9.572649572649572,5.665445665445666,-49.81684981684982,-34.57875457875458,0.0,52.94261294261294,113.5042735042735,-76.38583638583638,-37.704517704517706,-49.81684981684982
-64.27350427350427,-9.963369963369964,-50.20757020757021,1.7582417582417582,0.0,-44.346764346764346,-26.764346764346765,-72.08791208791209,20.512820512820515,0.0,-45.90964590964591,-118.5836385836386,0.0,-13.870573870573873,8.00976800976801,-83.02808302808303,10.744810744810744,0.0,-7.619047619047619,7.228327228327228,-47.86324786324786,-28.71794871794872,0.0,50.5982905982906,102.56410256410255,-59.1941391941392,-38.48595848595848,-47.86324786324786
-53.333333333333336,-17.77777777777778,-48.25396825396825,12.698412698412698,0.0,-34.57875457875458,-29.10866910866911,-72.08791208791209,29.89010989010989,0.0,-41.22100122100122,-120.14652014652016,0.0,-11.526251526251526,10.744810744810744,-85.76312576312576,22.075702075702075,0.0,-4.102564102564102,6.837606837606837,-47.472527472527474,-18.168498168498168,0.0,48.64468864468864,49.03540903540904,-4.493284493284493,-39.26739926739927,-47.472527472527474
-35.36019536019536,-24.81074481074481,-40.43956043956044,14.652014652014651,0.0,-16.996336996336996,-31.062271062271066,-64.27350427350427,26.37362637362637,0.0,-34.18803418803419,-118.1929181929182,0.0,-4.493284493284493,19.73137973137973,-81.46520146520146,21.294261294261293,0.0,4.102564102564102,9.963369963369964,-42.78388278388278,-15.433455433455434,0.0,40.83028083028083,61.14774114774115,-14.652014652014651,-41.61172161172161,-42.78388278388278
-15.824175824175825,-33.40659340659341,-32.234432234432234,24.81074481074481,0.0,0.1953601953601953,-29.10866910866911,-59.58485958485959,33.01587301587302,0.0,-25.592185592185597,-113.5042735042735,0.0,1.3675213675213675,30.28083028083028,-78.33943833943835,30.671550671550676,0.0,17.387057387057386,12.307692307692308,-38.095238095238095,-5.665445665445666,0.0,32.62515262515262,80.68376068376068,-36.14163614163614,-40.43956043956044,-38.095238095238095
5.274725274725275,-40.04884004884005,-27.155067155067155,38.095238095238095,0.0,18.94993894993895,-27.545787545787547,-56.45909645909646,42.39316239316239,0.0,-16.214896214896214,-104.9084249084249,0.0,7.619047619047619,38.095238095238095,-71.6971916971917,42.78388278388278,0.0,31.062271062271066,11.526251526251526,-33.7973137973138,8.4004884004884,0.0,27.545787545787547,34.57875457875458,1.7582417582417582,-36.53235653235653,-33.7973137973138
29.89010989010989,-44.737484737484735,-18.94993894993895,41.61172161172161,0.0,40.83028083028083,-24.02930402930403,-50.20757020757021,41.22100122100122,0.0,-6.446886446886447,-92.014652014652,0.0,13.870573870573873,48.25396825396825,-56.84981684981685,42.39316239316239,0.0,46.3003663003663,15.042735042735044,-28.32722832722833,14.652014652014651,0.0,19.34065934065934,-8.4004884004884,37.31379731379732,-30.28083028083028,-28.32722832722833
53.333333333333336,-47.472527472527474,-11.916971916971915,48.64468864468864,0.0,61.92918192918193,-17.387057387057386,-43.17460317460318,42.78388278388278,0.0,5.665445665445666,-78.33943833943835,0.0,18.55921855921856,58.02197802197802,-37.31379731379732,42.002442002442,0.0,60.366300366300365,20.512820512820515,-19.34065934065934,20.12210012210012,0.0,12.307692307692308,-7.619047619047619,30.671550671550676,-25.2014652014652,-19.34065934065934
74.04151404151405,-48.64468864468864,-9.18192918192918,61.53846153846154,0.0,75.6043956043956,-11.526251526251526,-33.40659340659341,47.081807081807085,0.0,16.996336996336996,-65.83638583638583,0.0,18.168498168498168,65.83638583638583,-15.433455433455434,43.95604395604396,0.0,71.6971916971917,19.73137973137973,-10.744810744810744,32.62515262515262,0.0,9.572649572649572,-8.791208791208792,26.764346764346765,-26.764346764346765,-10.744810744810744
90.84249084249085,-50.989010989010985,-12.307692307692308,74.04151404151405,0.0,86.93528693528694,-10.354090354090356,-26.37362637362637,51.77045177045177,0.0,22.466422466422465,-52.16117216117216,0.0,17.387057387057386,69.35286935286935,-2.148962148962149,47.86324786324786,0.0,77.94871794871794,15.433455433455434,-6.446886446886447,46.69108669108669,0.0,12.698412698412698,-54.114774114774114,63.10134310134311,-26.37362637362637,-6.446886446886447
113.11355311355312,-53.333333333333336,-12.307692307692308,79.51159951159951,0.0,99.04761904761904,-8.4004884004884,-15.042735042735044,51.77045177045177,0.0,29.499389499389498,-35.75091575091575,0.0,17.387057387057386,72.47863247863248,11.916971916971915,45.90964590964591,0.0,85.37240537240537,16.214896214896214,-2.148962148962149,50.20757020757021,0.0,12.698412698412698,-59.58485958485959,62.31990231990232,-26.37362637362637,-2.148962148962149
129.13308913308913,-57.63125763125763,-13.47985347985348,87.71672771672772,0.0,102.17338217338218,-10.744810744810744,-5.665445665445666,59.975579975579976,0.0,30.671550671550676,-21.68498168498169,0.0,5.665445665445666,77.55799755799755,27.155067155067155,51.37973137973138,0.0,88.1074481074481,15.433455433455434,0.1953601953601953,60.366300366300365,0.0,13.870573870573873,-76.38583638583638,70.91575091575092,-27.545787545787547,0.1953601953601953
144.76190476190476,-63.10134310134311,-18.94993894993895,92.7960927960928,0.0,108.8156288156288,-17.77777777777778,-0.9768009768009768,66.22710622710623,0.0,32.234432234432234,-7.228327228327228,0.0,-3.711843711843712,79.51159951159951,35.75091575091575,59.58485958485959,0.0,84.98168498168498,16.996336996336996,-2.148962148962149,72.08791208791209,0.0,19.34065934065934,-102.95482295482296,86.93528693528694,-27.545787545787547,-2.148962148962149
159.6092796092796,-67.78998778998779,-18.55921855921856,86.54456654456655,0.0,115.06715506715508,-20.903540903540904,8.00976800976801,57.24053724053724,0.0,38.095238095238095,2.5396825396825395,0.0,-9.572649572649572,84.2002442002442,47.86324786324786,54.5054945054945,0.0,81.07448107448107,27.545787545787547,1.7582417582417582,67.00854700854701,0.0,18.94993894993895,-70.13431013431014,46.3003663003663,-26.37362637362637,1.7582417582417582
166.64224664224665,-73.65079365079364,-18.94993894993895,79.9023199023199,0.0,114.67643467643468,-24.81074481074481,13.870573870573873,49.81684981684982,0.0,43.56532356532357,4.493284493284493,0.0,-15.824175824175825,84.59096459096459,59.58485958485959,56.45909645909646,0.0,74.43223443223444,33.40659340659341,8.4004884004884,68.57142857142857,0.0,19.34065934065934,-48.25396825396825,18.94993894993895,-28.71794871794872,8.4004884004884
163.12576312576311,-81.46520146520146,-25.592185592185597,81.46520146520146,0.0,109.98778998778998,-35.36019536019536,11.135531135531137,51.37973137973138,0.0,43.95604395604396,-0.5860805860805861,0.0,-24.02930402930403,72.47863247863248,59.58485958485959,73.65079365079364,0.0,61.53846153846154,28.32722832722833,10.354090354090356,81.07448107448107,0.0,25.982905982905983,-103.34554334554336,66.22710622710623,-34.18803418803419,10.354090354090356
158.04639804639805,-86.93528693528694,-25.2014652014652,74.04151404151405,0.0,105.68986568986568,-42.78388278388278,13.47985347985348,43.56532356532357,0.0,43.95604395604396,-8.00976800976801,0.0,-25.2014652014652,58.8034188034188,62.31990231990232,79.9023199023199,0.0,52.55189255189255,22.075702075702075,18.94993894993895,80.68376068376068,0.0,25.592185592185597,-101.78266178266178,60.757020757020754,-39.26739926739927,18.94993894993895
150.23199023199024,-89.27960927960928,-16.605616605616607,64.27350427350427,0.0,97.87545787545788,-46.69108669108669,19.34065934065934,36.53235653235653,0.0,42.78388278388278,-9.963369963369964,0.0,-27.936507936507937,51.37973137973138,70.52503052503053,81.07448107448107,0.0,46.69108669108669,16.214896214896214,27.936507936507937,82.63736263736264,0.0,16.996336996336996,-51.77045177045177,13.47985347985348,-44.737484737484735,27.936507936507937
135.3846153846154,-90.06105006105007,-9.572649572649572,63.88278388278388,0.0,87.71672771672772,-51.77045177045177,25.2014652014652,38.87667887667888,0.0,38.48595848595848,-8.4004884004884,0.0,-34.18803418803419,48.64468864468864,72.47863247863248,90.84249084249085,0.0,40.43956043956044,9.18192918192918,33.7973137973138,92.7960927960928,0.0,9.963369963369964,-77.55799755799755,43.95604395604396,-49.03540903540904,33.7973137973138
125.6166056166056,-88.1074481074481,-2.93040293040293,62.31990231990232,0.0,82.24664224664225,-53.724053724053725,34.18803418803419,33.01587301587302,0.0,40.04884004884005,-0.1953601953601953,0.0,-36.14163614163614,51.77045177045177,72.86935286935287,92.014652014652,0.0,36.14163614163614,9.18192918192918,36.92307692307692,96.7032967032967,0.0,3.3211233211233213,-113.11355311355312,83.41880341880342,-47.472527472527474,36.92307692307692
117.8021978021978,-81.85592185592185,2.148962148962149,58.02197802197802,0.0,81.46520146520146,-51.37973137973138,44.737484737484735,21.294261294261293,0.0,45.12820512820513,9.18192918192918,0.0,-34.969474969474966,62.31990231990232,74.04151404151405,83.41880341880342,0.0,34.18803418803419,15.042735042735044,36.92307692307692,97.48473748473748,0.0,-1.7582417582417582,-73.26007326007326,50.20757020757021,-43.17460317460318,36.92307692307692
108.42490842490842,-74.43223443223444,6.837606837606837,56.06837606837607,0.0,82.24664224664225,-50.5982905982906,52.94261294261294,13.47985347985348,0.0,49.42612942612943,15.042735042735044,0.0,-34.57875457875458,69.35286935286935,69.74358974358974,81.85592185592185,0.0,31.45299145299145,18.55921855921856,32.234432234432234,102.56410256410255,0.0,-6.446886446886447,-38.095238095238095,21.294261294261293,-40.04884004884005,32.234432234432234
99.04761904761904,-68.57142857142857,8.00976800976801,59.975579975579976,0.0,81.46520146520146,-50.20757020757021,55.67765567765568,11.135531135531137,0.0,51.77045177045177,15.824175824175825,0.0,-34.18803418803419,61.92918192918193,63.88278388278388,85.76312576312576,0.0,24.81074481074481,15.042735042735044,27.155067155067155,109.5970695970696,0.0,-7.619047619047619,-49.03540903540904,32.62515262515262,-38.87667887667888,27.155067155067155
94.35897435897436,-64.66422466422466,18.168498168498168,54.5054945054945,0.0,84.59096459096459,-46.3003663003663,63.49206349206349,1.3675213675213675,0.0,49.42612942612943,16.214896214896214,0.0,-28.71794871794872,52.94261294261294,68.18070818070818,78.73015873015873,0.0,19.73137973137973,11.526251526251526,31.45299145299145,107.64346764346764,0.0,-17.77777777777778,-49.42612942612943,34.18803418803419,-38.48595848595848,31.45299145299145
89.27960927960928,-61.14774114774115,31.062271062271066,52.94261294261294,0.0,85.37240537240537,-44.346764346764346,74.04151404151405,-1.7582417582417582,0.0,41.22100122100122,19.73137973137973,0.0,-25.982905982905983,44.737484737484735,78.33943833943835,75.6043956043956,0.0,18.55921855921856,7.228327228327228,43.17460317460318,102.95482295482296,0.0,-30.671550671550676,-30.28083028083028,20.512820512820515,-40.04884004884005,43.17460317460318
83.80952380952381,-60.366300366300365,36.14163614163614,59.1941391941392,0.0,84.59096459096459,-45.51892551892552,77.55799755799755,2.148962148962149,0.0,34.57875457875458,24.02930402930403,0.0,-21.68498168498169,33.40659340659341,80.68376068376068,77.94871794871794,0.0,20.12210012210012,-1.7582417582417582,46.3003663003663,104.9084249084249,0.0,-35.75091575091575,-28.71794871794872,23.63858363858364,-41.61172161172161,46.3003663003663
81.46520146520146,-55.67765567765568,38.095238095238095,58.41269841269841,0.0,84.2002442002442,-43.17460317460318,81.46520146520146,0.5860805860805861,0.0,28.71794871794872,32.62515262515262,0.0,-11.916971916971915,31.062271062271066,76.38583638583638,68.57142857142857,0.0,25.2014652014652,-4.884004884004884,47.081807081807085,95.92185592185592,0.0,-37.704517704517706,-43.95604395604396,43.56532356532357,-38.48595848595848,47.081807081807085
81.46520146520146,-47.472527472527474,38.095238095238095,54.5054945054945,0.0,85.37240537240537,-37.31379731379732,81.85592185592185,-2.5396825396825395,0.0,29.89010989010989,40.83028083028083,0.0,-3.3211233211233213,41.61172161172161,67.00854700854701,53.724053724053725,0.0,34.18803418803419,-2.5396825396825395,43.56532356532357,83.80952380952381,0.0,-37.704517704517706,-38.48595848595848,43.95604395604396,-32.62515262515262,43.56532356532357
77.16727716727716,-38.095238095238095,31.062271062271066,56.45909645909646,0.0,77.55799755799755,-27.936507936507937,74.82295482295483,3.3211233211233213,0.0,31.45299145299145,44.737484737484735,0.0,1.3675213675213675,48.64468864468864,49.81684981684982,49.42612942612943,0.0,40.04884004884005,-5.274725274725275,31.843711843711844,84.2002442002442,0.0,-30.671550671550676,-66.22710622710623,72.47863247863248,-27.936507936507937,31.843711843711844
75.6043956043956,-29.89010989010989,21.68498168498169,55.67765567765568,0.0,71.30647130647131,-17.387057387057386,64.27350427350427,5.274725274725275,0.0,33.40659340659341,43.17460317460318,0.0,5.665445665445666,50.5982905982906,34.969474969474966,43.56532356532357,0.0,40.04884004884005,-8.00976800976801,24.42002442002442,79.12087912087912,0.0,-21.294261294261293,-69.35286935286935,74.04151404151405,-27.545787545787547,24.42002442002442
77.94871794871794,-22.466422466422465,15.824175824175825,43.17460317460318,0.0,69.35286935286935,-6.056166056166056,59.1941391941392,-5.665445665445666,0.0,35.36019536019536,38.48595848595848,0.0,10.354090354090356,50.20757020757021,30.28083028083028,30.28083028083028,0.0,36.53235653235653,-6.056166056166056,26.37362637362637,66.22710622710623,0.0,-15.433455433455434,-6.056166056166056,8.4004884004884,-31.45299145299145,26.37362637362637
75.6043956043956,-16.605616605616607,6.837606837606837,39.26739926739927,0.0,62.71062271062271,-1.3675213675213675,54.89621489621489,-11.135531135531137,0.0,33.40659340659341,25.982905982905983,0.0,11.916971916971915,38.48595848595848,28.32722832722833,26.37362637362637,0.0,28.71794871794872,-8.4004884004884,24.81074481074481,61.92918192918193,0.0,-6.446886446886447,11.916971916971915,-13.089133089133089,-38.87667887667888,24.81074481074481
71.30647130647131,-15.824175824175825,-2.148962148962149,42.39316239316239,0.0,54.5054945054945,0.1953601953601953,47.86324786324786,-7.619047619047619,0.0,32.234432234432234,11.916971916971915,0.0,11.916971916971915,20.12210012210012,20.512820512820515,33.7973137973138,0.0,17.77777777777778,-14.652014652014651,21.294261294261293,63.10134310134311,0.0,2.5396825396825395,-40.83028083028083,37.31379731379732,-47.472527472527474,21.294261294261293
68.96214896214896,-9.963369963369964,-4.884004884004884,36.92307692307692,0.0,49.42612942612943,3.711843711843712,46.69108669108669,-9.18192918192918,0.0,35.75091575091575,-0.1953601953601953,0.0,15.042735042735044,10.354090354090356,10.354090354090356,32.234432234432234,0.0,10.744810744810744,-15.042735042735044,16.996336996336996,56.06837606837607,0.0,5.274725274725275,-50.989010989010985,43.56532356532357,-50.20757020757021,16.996336996336996
67.3992673992674,-4.493284493284493,-0.5860805860805861,29.89010989010989,0.0,43.56532356532357,9.963369963369964,45.51892551892552,-8.4004884004884,0.0,43.17460317460318,-12.307692307692308,0.0,16.214896214896214,9.963369963369964,-0.5860805860805861,28.32722832722833,0.0,8.4004884004884,-12.698412698412698,7.228327228327228,51.37973137973138,0.0,0.9768009768009768,-27.155067155067155,16.605616605616607,-46.69108669108669,7.228327228327228
65.44566544566544,-1.7582417582417582,-0.1953601953601953,29.10866910866911,0.0,39.65811965811966,16.214896214896214,36.92307692307692,0.1953601953601953,0.0,54.5054945054945,-26.37362637362637,0.0,15.433455433455434,10.744810744810744,-16.605616605616607,32.62515262515262,0.0,4.102564102564102,-10.744810744810744,-0.9768009768009768,50.5982905982906,0.0,0.5860805860805861,-67.78998778998779,52.94261294261294,-41.61172161172161,-0.9768009768009768
65.44566544566544,3.3211233211233213,2.148962148962149,18.94993894993895,0.0,40.83028083028083,24.81074481074481,27.936507936507937,-2.93040293040293,0.0,69.74358974358974,-37.31379731379732,0.0,20.903540903540904,17.77777777777778,-27.545787545787547,22.857142857142858,0.0,4.102564102564102,-3.711843711843712,-6.446886446886447,40.04884004884005,0.0,-1.7582417582417582,-120.14652014652016,101.78266178266178,-34.18803418803419,-6.446886446886447
60.757020757020754,9.963369963369964,4.493284493284493,11.916971916971915,0.0,41.22100122100122,31.45299145299145,25.982905982905983,-9.18192918192918,0.0,85.76312576312576,-47.081807081807085,0.0,25.982905982905983,26.764346764346765,-31.843711843711844,8.4004884004884,0.0,3.711843711843712,3.3211233211233213,-6.446886446886447,29.10866910866911,0.0,-4.102564102564102,-111.94139194139194,94.35897435897436,-29.10866910866911,-6.446886446886447
49.81684981684982,16.214896214896214,0.5860805860805861,13.47985347985348,0.0,35.75091575091575,32.62515262515262,21.294261294261293,-8.791208791208792,0.0,99.82905982905984,-56.84981684981685,0.0,31.45299145299145,30.671550671550676,-35.36019536019536,2.93040293040293,0.0,0.9768009768009768,7.228327228327228,-2.5396825396825395,24.42002442002442,0.0,-0.1953601953601953,-83.41880341880342,68.18070818070818,-28.32722832722833,-2.5396825396825395
35.75091575091575,20.903540903540904,-4.493284493284493,14.652014652014651,0.0,26.37362637362637,31.843711843711844,16.996336996336996,-8.00976800976801,0.0,109.2063492063492,-64.27350427350427,0.0,34.57875457875458,30.28083028083028,-43.95604395604396,4.102564102564102,0.0,-0.9768009768009768,5.665445665445666,-3.711843711843712,24.42002442002442,0.0,4.884004884004884,-95.14041514041514,81.07448107448107,-24.42002442002442,-3.711843711843712
20.903540903540904,23.247863247863247,-4.884004884004884,13.870573870573873,0.0,13.870573870573873,28.71794871794872,15.433455433455434,-4.884004884004884,0.0,118.1929181929182,-72.86935286935287,0.0,34.57875457875458,33.01587301587302,-51.37973137973138,2.5396825396825395,0.0,-3.711843711843712,7.228327228327228,-4.102564102564102,19.73137973137973,0.0,5.274725274725275,-104.12698412698413,94.35897435897436,-19.34065934065934,-4.102564102564102
12.698412698412698,22.466422466422465,-8.00976800976801,10.744810744810744,0.0,4.493284493284493,24.81074481074481,12.698412698412698,-4.102564102564102,0.0,120.53724053724054,-76.38583638583638,0.0,34.969474969474966,36.14163614163614,-57.24053724053724,2.93040293040293,0.0,-1.3675213675213675,11.135531135531137,-7.619047619047619,15.824175824175825,0.0,8.4004884004884,-27.545787545787547,25.982905982905983,-17.387057387057386,-7.619047619047619
10.354090354090356,17.387057387057386,-12.698412698412698,8.4004884004884,0.0,-1.7582417582417582,22.075702075702075,2.93040293040293,1.3675213675213675,0.0,124.05372405372404,-77.16727716727716,0.0,33.01587301587302,38.87667887667888,-64.66422466422466,6.837606837606837,0.0,0.1953601953601953,13.870573870573873,-14.261294261294262,14.261294261294262,0.0,13.089133089133089,-27.545787545787547,31.45299145299145,-11.135531135531137,-14.261294261294262
9.963369963369964,16.996336996336996,-14.261294261294262,2.93040293040293,0.0,-6.056166056166056,21.68498168498169,0.1953601953601953,0.5860805860805861,0.0,129.13308913308913,-69.74358974358974,0.0,33.7973137973138,49.03540903540904,-63.49206349206349,-1.7582417582417582,0.0,7.228327228327228,20.903540903540904,-14.652014652014651,3.3211233211233213,0.0,14.652014652014651,-33.01587301587302,41.22100122100122,-2.5396825396825395,-14.652014652014651
11.135531135531137,20.903540903540904,-18.168498168498168,-4.884004884004884,0.0,-13.089133089133089,26.764346764346765,0.1953601953601953,-3.3211233211233213,0.0,133.82173382173383,-57.63125763125763,0.0,36.53235653235653,59.58485958485959,-58.02197802197802,-13.47985347985348,0.0,17.77777777777778,27.545787545787547,-15.433455433455434,-6.056166056166056,0.0,18.55921855921856,-27.936507936507937,43.17460317460318,0.5860805860805861,-15.433455433455434
3.711843711843712,22.466422466422465,-27.936507936507937,-6.446886446886447,0.0,-32.234432234432234,25.592185592185597,-6.446886446886447,4.884004884004884,0.0,131.08669108669108,-49.03540903540904,0.0,30.28083028083028,61.92918192918193,-57.24053724053724,-10.354090354090356,0.0,21.68498168498169,29.10866910866911,-16.996336996336996,-9.18192918192918,0.0,28.32722832722833,-77.94871794871794,99.43833943833944,3.711843711843712,-16.996336996336996
-8.791208791208792,22.466422466422465,-33.01587301587302,-13.870573870573873,0.0,-52.16117216117216,19.73137973137973,-11.135531135531137,9.963369963369964,0.0,123.66300366300366,-45.90964590964591,0.0,24.42002442002442,58.8034188034188,-56.06837606837607,-9.572649572649572,0.0,23.63858363858364,27.545787545787547,-18.55921855921856,-14.261294261294262,0.0,33.40659340659341,-100.21978021978022,128.74236874236874,3.3211233211233213,-18.55921855921856
-20.512820512820515,22.466422466422465,-34.18803418803419,-28.32722832722833,0.0,-71.6971916971917,16.214896214896214,-13.870573870573873,8.4004884004884,0.0,113.5042735042735,-45.12820512820513,0.0,17.77777777777778,53.724053724053725,-54.114774114774114,-13.870573870573873,0.0,24.81074481074481,24.81074481074481,-19.73137973137973,-25.2014652014652,0.0,34.57875457875458,-35.36019536019536,77.16727716727716,-2.5396825396825395,-19.73137973137973
-33.01587301587302,16.996336996336996,-35.36019536019536,-32.234432234432234,0.0,-95.14041514041514,13.870573870573873,-20.12210012210012,17.387057387057386,0.0,97.09401709401708,-48.64468864468864,0.0,5.274725274725275,42.002442002442,-52.94261294261294,-5.665445665445666,0.0,20.12210012210012,15.042735042735044,-18.55921855921856,-27.545787545787547,0.0,35.75091575091575,-21.294261294261293,71.6971916971917,-10.354090354090356,-18.55921855921856
-44.737484737484735,12.698412698412698,-35.75091575091575,-30.671550671550676,0.0,-112.72283272283272,15.433455433455434,-27.155067155067155,25.2014652014652,0.0,86.15384615384616,-50.20757020757021,0.0,-2.93040293040293,31.843711843711844,-52.55189255189255,1.7582417582417582,0.0,13.870573870573873,4.884004884004884,-15.824175824175825,-24.42002442002442,0.0,36.14163614163614,-69.74358974358974,120.53724053724054,-13.47985347985348,-15.824175824175825
-49.81684981684982,15.042735042735044,-35.75091575091575,-33.40659340659341,0.0,-127.17948717948718,26.764346764346765,-25.2014652014652,21.294261294261293,0.0,78.73015873015873,-49.42612942612943,0.0,-8.4004884004884,29.89010989010989,-50.5982905982906,2.148962148962149,0.0,9.963369963369964,1.7582417582417582,-14.261294261294262,-24.42002442002442,0.0,36.14163614163614,-61.92918192918193,116.63003663003664,-17.77777777777778,-14.261294261294262
-56.06837606837607,18.94993894993895,-35.75091575091575,-32.234432234432234,0.0,-142.41758241758242,38.48595848595848,-23.63858363858364,22.075702075702075,0.0,72.47863247863248,-45.51892551892552,0.0,-13.870573870573873,28.32722832722833,-51.37973137973138,4.884004884004884,0.0,7.619047619047619,-1.3675213675213675,-13.47985347985348,-24.02930402930403,0.0,36.14163614163614,-41.61172161172161,104.51770451770452,-22.075702075702075,-13.47985347985348
-66.61782661782662,20.512820512820515,-39.26739926739927,-23.63858363858364,0.0,-158.82783882783883,44.737484737484735,-24.42002442002442,28.32722832722833,0.0,65.83638583638583,-42.39316239316239,0.0,-16.996336996336996,23.63858363858364,-60.366300366300365,15.824175824175825,0.0,2.148962148962149,-2.5396825396825395,-18.55921855921856,-17.387057387057386,0.0,39.65811965811966,-77.94871794871794,150.62271062271063,-24.02930402930403,-18.55921855921856
-75.21367521367522,23.247863247863247,-38.095238095238095,-22.075702075702075,0.0,-168.98656898656898,50.989010989010985,-23.247863247863247,27.936507936507937,0.0,64.27350427350427,-42.002442002442,0.0,-14.652014652014651,23.247863247863247,-72.47863247863248,16.605616605616607,0.0,0.1953601953601953,-4.102564102564102,-25.2014652014652,-16.214896214896214,0.0,38.48595848595848,-111.55067155067157,196.33699633699635,-25.2014652014652,-25.2014652014652
-82.63736263736264,26.764346764346765,-30.28083028083028,-25.592185592185597,0.0,-176.4102564102564,59.58485958485959,-24.42002442002442,28.71794871794872,0.0,67.00854700854701,-42.78388278388278,0.0,-11.135531135531137,24.42002442002442,-80.29304029304029,12.307692307692308,0.0,0.5860805860805861,-8.791208791208792,-25.982905982905983,-18.94993894993895,0.0,30.671550671550676,-69.35286935286935,166.64224664224665,-29.10866910866911,-25.982905982905983
-92.7960927960928,27.545787545787547,-21.294261294261293,-23.63858363858364,0.0,-184.22466422466425,67.78998778998779,-29.89010989010989,35.75091575091575,0.0,73.65079365079364,-48.25396825396825,0.0,-6.446886446886447,25.2014652014652,-88.1074481074481,13.870573870573873,0.0,-1.3675213675213675,-15.042735042735044,-25.592185592185597,-11.135531135531137,0.0,21.68498168498169,-22.075702075702075,122.88156288156289,-30.671550671550676,-25.592185592185597
-99.43833943833944,29.89010989010989,-9.18192918192918,-24.42002442002442,0.0,-189.3040293040293,79.51159951159951,-31.45299145299145,37.31379731379732,0.0,87.71672771672772,-56.45909645909646,0.0,-0.9768009768009768,30.28083028083028,-92.4053724053724,8.791208791208792,0.0,-4.884004884004884,-18.168498168498168,-24.42002442002442,-3.711843711843712,0.0,9.572649572649572,-23.63858363858364,122.4908424908425,-29.499389499389498,-24.42002442002442
-101.001221001221,38.48595848595848,1.7582417582417582,-36.14163614163614,0.0,-186.56898656898656,90.84249084249085,-29.10866910866911,28.32722832722833,0.0,101.78266178266178,-61.53846153846154,0.0,8.791208791208792,36.53235653235653,-95.14041514041514,-4.884004884004884,0.0,-3.3211233211233213,-14.652014652014651,-21.68498168498169,-11.526251526251526,0.0,-1.3675213675213675,-2.148962148962149,100.6105006105006,-28.32722832722833,-21.68498168498169
-102.95482295482296,40.43956043956044,8.791208791208792,-33.40659340659341,0.0,-186.17826617826617,93.18681318681318,-27.936507936507937,33.7973137973138,0.0,108.42490842490842,-66.22710622710623,0.0,15.433455433455434,33.7973137973138,-96.7032967032967,-4.102564102564102,0.0,-4.884004884004884,-11.135531135531137,-19.73137973137973,-12.307692307692308,0.0,-8.4004884004884,-4.493284493284493,100.6105006105006,-22.466422466422465,-19.73137973137973
-100.21978021978022,39.26739926739927,6.446886446886447,-26.764346764346765,0.0,-183.05250305250303,91.23321123321124,-25.592185592185597,36.14163614163614,0.0,110.76923076923076,-65.83638583638583,0.0,24.02930402930403,27.155067155067155,-106.47130647130648,0.5860805860805861,0.0,-4.884004884004884,-8.00976800976801,-21.68498168498169,-14.652014652014651,0.0,-6.056166056166056,-33.7973137973138,127.96092796092796,-15.433455433455434,-21.68498168498169
-93.57753357753356,40.04884004884005,9.18192918192918,-29.89010989010989,0.0,-176.01953601953602,92.7960927960928,-20.512820512820515,29.499389499389498,0.0,110.37851037851038,-63.10134310134311,0.0,33.40659340659341,20.903540903540904,-107.25274725274726,-2.93040293040293,0.0,-2.93040293040293,-4.102564102564102,-19.34065934065934,-26.764346764346765,0.0,-8.791208791208792,-17.77777777777778,113.11355311355312,-9.18192918192918,-19.34065934065934
-90.06105006105007,37.31379731379732,10.354090354090356,-31.062271062271066,0.0,-172.11233211233213,90.45177045177046,-18.168498168498168,26.764346764346765,0.0,103.73626373626374,-56.45909645909646,0.0,39.26739926739927,12.307692307692308,-102.56410256410255,-4.493284493284493,0.0,-1.3675213675213675,-3.711843711843712,-15.433455433455434,-31.843711843711844,0.0,-9.963369963369964,-6.837606837606837,104.12698412698413,-8.00976800976801,-15.433455433455434
-85.76312576312576,30.671550671550676,8.791208791208792,-24.42002442002442,0.0,-169.76800976800976,86.54456654456655,-17.77777777777778,29.10866910866911,0.0,96.31257631257633,-47.86324786324786,0.0,38.87667887667888,3.711843711843712,-96.7032967032967,-2.5396825396825395,0.0,-2.148962148962149,-8.4004884004884,-16.996336996336996,-25.592185592185597,0.0,-8.4004884004884,-43.56532356532357,141.63614163614164,-9.963369963369964,-16.996336996336996
-77.55799755799755,26.764346764346765,12.698412698412698,-25.982905982905983,0.0,-162.73504273504273,86.54456654456655,-14.652014652014651,26.37362637362637,0.0,90.84249084249085,-34.57875457875458,0.0,37.31379731379732,2.5396825396825395,-85.76312576312576,-8.00976800976801,0.0,-3.3211233211233213,-9.572649572649572,-16.605616605616607,-22.075702075702075,0.0,-12.307692307692308,-49.42612942612943,147.49694749694748,-13.47985347985348,-16.605616605616607
-66.22710622710623,25.982905982905983,19.34065934065934,-30.671550671550676,0.0,-151.7948717948718,85.76312576312576,-8.791208791208792,22.857142857142858,0.0,85.37240537240537,-20.512820512820515,0.0,35.36019536019536,6.056166056166056,-69.35286935286935,-20.512820512820515,0.0,-2.5396825396825395,-6.837606837606837,-12.698412698412698,-22.857142857142858,0.0,-18.94993894993895,3.711843711843712,93.18681318681318,-15.824175824175825,-12.698412698412698
-55.67765567765568,20.12210012210012,22.466422466422465,-27.936507936507937,0.0,-144.37118437118437,83.41880341880342,-9.18192918192918,29.10866910866911,0.0,78.33943833943835,-6.056166056166056,0.0,31.062271062271066,9.963369963369964,-59.975579975579976,-20.512820512820515,0.0,-5.274725274725275,-3.3211233211233213,-14.261294261294262,-13.47985347985348,0.0,-22.075702075702075,-4.884004884004884,97.87545787545788,-13.089133089133089,-14.261294261294262
-47.472527472527474,14.652014652014651,27.936507936507937,-28.71794871794872,0.0,-139.29181929181928,82.63736263736264,-9.963369963369964,32.234432234432234,0.0,70.91575091575092,2.148962148962149,0.0,27.155067155067155,16.605616605616607,-56.45909645909646,-18.168498168498168,0.0,-7.228327228327228,0.5860805860805861,-15.042735042735044,-6.837606837606837,0.0,-27.545787545787547,-44.737484737484735,132.25885225885227,-7.619047619047619,-15.042735042735044
-39.26739926739927,10.744810744810744,31.843711843711844,-35.75091575091575,0.0,-132.25885225885227,80.68376068376068,-6.446886446886447,25.982905982905983,0.0,61.92918192918193,10.354090354090356,0.0,22.466422466422465,25.592185592185597,-49.42612942612943,-24.42002442002442,0.0,-8.4004884004884,8.4004884004884,-12.698412698412698,-10.744810744810744,0.0,-31.45299145299145,-4.884004884004884,88.88888888888889,-2.148962148962149,-12.698412698412698
-34.18803418803419,6.056166056166056,27.545787545787547,-34.57875457875458,0.0,-124.05372405372404,72.47863247863248,-7.619047619047619,25.592185592185597,0.0,50.989010989010985,15.433455433455434,0.0,17.387057387057386,29.89010989010989,-45.51892551892552,-20.12210012210012,0.0,-9.572649572649572,12.698412698412698,-11.526251526251526,-8.00976800976801,0.0,-27.155067155067155,25.2014652014652,50.5982905982906,0.1953601953601953,-11.526251526251526
-33.40659340659341,0.5860805860805861,22.466422466422465,-26.37362637362637,0.0,-116.23931623931624,59.58485958485959,-8.791208791208792,29.10866910866911,0.0,43.95604395604396,16.605616605616607,0.0,11.135531135531137,34.18803418803419,-43.56532356532357,-13.089133089133089,0.0,-13.870573870573873,15.824175824175825,-9.572649572649572,-0.5860805860805861,0.0,-22.075702075702075,1.3675213675213675,63.88278388278388,2.93040293040293,-9.572649572649572
-27.936507936507937,0.1953601953601953,18.168498168498168,-20.903540903540904,0.0,-103.73626373626374,52.16117216117216,-5.274725274725275,26.764346764346765,0.0,43.95604395604396,14.261294261294262,0.0,9.572649572649572,42.39316239316239,-39.65811965811966,-15.433455433455434,0.0,-15.433455433455434,20.903540903540904,-4.884004884004884,-0.5860805860805861,0.0,-17.77777777777778,-20.512820512820515,76.38583638583638,5.274725274725275,-4.884004884004884
-23.63858363858364,0.1953601953601953,16.996336996336996,-13.47985347985348,0.0,-88.88888888888889,42.002442002442,-4.493284493284493,31.45299145299145,0.0,47.081807081807085,8.4004884004884,0.0,11.916971916971915,45.90964590964591,-34.57875457875458,-11.526251526251526,0.0,-15.042735042735044,23.63858363858364,0.5860805860805861,4.102564102564102,0.0,-16.605616605616607,-2.148962148962149,49.03540903540904,6.446886446886447,0.5860805860805861
-23.63858363858364,-0.1953601953601953,20.12210012210012,-2.93040293040293,0.0,-77.55799755799755,32.62515262515262,-5.274725274725275,42.78388278388278,0.0,52.55189255189255,-3.711843711843712,0.0,13.089133089133089,46.69108669108669,-31.062271062271066,-7.619047619047619,0.0,-15.824175824175825,21.68498168498169,2.93040293040293,12.698412698412698,0.0,-19.73137973137973,25.592185592185597,15.042735042735044,6.837606837606837,2.93040293040293
-23.63858363858364,-0.5860805860805861,24.02930402930403,2.5396825396825395,0.0,-65.44566544566544,23.247863247863247,-6.837606837606837,51.37973137973138,0.0,55.28693528693529,-15.824175824175825,0.0,13.870573870573873,42.002442002442,-30.671550671550676,-4.102564102564102,0.0,-15.042735042735044,15.433455433455434,4.493284493284493,16.996336996336996,0.0,-23.63858363858364,6.056166056166056,31.45299145299145,6.446886446886447,4.493284493284493
-20.512820512820515,-0.9768009768009768,25.592185592185597,-0.5860805860805861,0.0,-47.472527472527474,8.791208791208792,-10.354090354090356,52.16117216117216,0.0,53.333333333333336,-25.2014652014652,0.0,13.870573870573873,30.671550671550676,-23.247863247863247,-2.93040293040293,0.0,-16.214896214896214,9.963369963369964,10.744810744810744,13.870573870573873,0.0,-25.2014652014652,17.77777777777778,17.77777777777778,3.711843711843712,10.744810744810744
-22.466422466422465,-6.056166056166056,22.075702075702075,2.93040293040293,0.0,-38.095238095238095,-4.493284493284493,-17.387057387057386,57.63125763125763,0.0,45.12820512820513,-35.36019536019536,0.0,9.572649572649572,13.870573870573873,-17.77777777777778,6.056166056166056,0.0,-21.294261294261293,1.3675213675213675,13.47985347985348,18.55921855921856,0.0,-21.68498168498169,11.916971916971915,19.34065934065934,0.1953601953601953,13.47985347985348
-23.247863247863247,-10.744810744810744,18.55921855921856,5.665445665445666,0.0,-24.42002442002442,-18.55921855921856,-24.42002442002442,59.1941391941392,0.0,39.26739926739927,-44.346764346764346,0.0,6.446886446886447,-2.93040293040293,-16.996336996336996,15.824175824175825,0.0,-25.592185592185597,-6.056166056166056,12.698412698412698,23.247863247863247,0.0,-18.168498168498168,-9.963369963369964,40.43956043956044,-2.5396825396825395,12.698412698412698
-18.55921855921856,-10.354090354090356,16.214896214896214,-3.711843711843712,0.0,-6.446886446886447,-26.37362637362637,-28.32722832722833,44.737484737484735,0.0,31.843711843711844,-50.989010989010985,0.0,9.18192918192918,-16.996336996336996,-13.089133089133089,13.089133089133089,0.0,-26.764346764346765,-10.744810744810744,14.652014652014651,16.605616605616607,0.0,-15.824175824175825,18.94993894993895,10.354090354090356,-6.056166056166056,14.652014652014651
-15.433455433455434,-9.18192918192918,15.824175824175825,-7.228327228327228,0.0,7.228327228327228,-32.234432234432234,-29.89010989010989,38.48595848595848,0.0,26.37362637362637,-58.8034188034188,0.0,15.824175824175825,-29.499389499389498,-10.744810744810744,12.698412698412698,0.0,-25.592185592185597,-15.824175824175825,15.042735042735044,16.214896214896214,0.0,-15.433455433455434,24.02930402930403,0.1953601953601953,-7.228327228327228,15.042735042735044
-12.698412698412698,-11.135531135531137,13.870573870573873,-0.9768009768009768,0.0,20.12210012210012,-39.26739926739927,-35.36019536019536,42.78388278388278,0.0,23.247863247863247,-65.05494505494505,0.0,18.55921855921856,-38.87667887667888,-16.996336996336996,15.824175824175825,0.0,-24.81074481074481,-24.81074481074481,8.791208791208792,20.903540903540904,0.0,-13.47985347985348,-21.294261294261293,44.737484737484735,-8.791208791208792,8.791208791208792
-8.791208791208792,-11.916971916971915,10.744810744810744,-2.5396825396825395,0.0,32.234432234432234,-45.12820512820513,-38.87667887667888,37.704517704517706,0.0,18.94993894993895,-67.00854700854701,0.0,24.81074481074481,-45.12820512820513,-22.857142857142858,6.056166056166056,0.0,-21.68498168498169,-32.62515262515262,4.493284493284493,13.870573870573873,0.0,-10.354090354090356,0.1953601953601953,25.982905982905983,-9.18192918192918,4.493284493284493
-6.446886446886447,-16.605616605616607,9.572649572649572,-4.884004884004884,0.0,39.65811965811966,-51.77045177045177,-38.87667887667888,31.843711843711844,0.0,14.652014652014651,-68.57142857142857,0.0,31.062271062271066,-49.03540903540904,-25.982905982905983,-5.665445665445666,0.0,-18.55921855921856,-39.26739926739927,0.9768009768009768,7.228327228327228,0.0,-9.18192918192918,78.73015873015873,-46.69108669108669,-9.963369963369964,0.9768009768009768
-9.18192918192918,-24.42002442002442,7.228327228327228,0.9768009768009768,0.0,40.83028083028083,-60.366300366300365,-41.22100122100122,34.57875457875458,0.0,7.619047619047619,-70.13431013431014,0.0,30.28083028083028,-53.724053724053725,-34.57875457875458,-6.056166056166056,0.0,-20.12210012210012,-45.51892551892552,-10.744810744810744,13.47985347985348,0.0,-6.837606837606837,92.014652014652,-50.5982905982906,-13.089133089133089,-10.744810744810744
-9.572649572649572,-27.545787545787547,6.837606837606837,0.5860805860805861,0.0,42.78388278388278,-60.757020757020754,-41.22100122100122,29.499389499389498,0.0,2.93040293040293,-68.57142857142857,0.0,29.89010989010989,-54.114774114774114,-38.48595848595848,-12.307692307692308,0.0,-20.12210012210012,-47.86324786324786,-21.294261294261293,14.652014652014651,0.0,-6.446886446886447,65.83638583638583,-20.12210012210012,-10.354090354090356,-21.294261294261293
-5.665445665445666,-28.32722832722833,8.791208791208792,-2.5396825396825395,0.0,48.25396825396825,-57.63125763125763,-36.53235653235653,17.387057387057386,0.0,0.1953601953601953,-65.05494505494505,0.0,31.062271062271066,-50.989010989010985,-34.18803418803419,-21.294261294261293,0.0,-17.387057387057386,-42.39316239316239,-25.2014652014652,10.354090354090356,0.0,-8.4004884004884,76.38583638583638,-27.545787545787547,-4.884004884004884,-25.2014652014652
-2.93040293040293,-27.545787545787547,9.18192918192918,0.1953601953601953,0.0,51.37973137973138,-52.16117216117216,-34.18803418803419,12.307692307692308,0.0,1.7582417582417582,-60.757020757020754,0.0,29.499389499389498,-44.737484737484735,-33.40659340659341,-22.075702075702075,0.0,-17.387057387057386,-34.969474969474966,-27.936507936507937,11.526251526251526,0.0,-8.791208791208792,82.63736263736264,-37.31379731379732,2.93040293040293,-27.936507936507937
-1.7582417582417582,-29.10866910866911,4.884004884004884,8.4004884004884,0.0,51.77045177045177,-46.69108669108669,-35.75091575091575,13.089133089133089,0.0,6.446886446886447,-59.975579975579976,0.0,27.155067155067155,-43.95604395604396,-35.36019536019536,-15.433455433455434,0.0,-21.294261294261293,-30.671550671550676,-26.37362637362637,12.307692307692308,0.0,-4.493284493284493,33.01587301587302,6.446886446886447,11.916971916971915,-26.37362637362637
-0.5860805860805861,-30.28083028083028,2.93040293040293,7.228327228327228,0.0,51.37973137973138,-40.43956043956044,-32.234432234432234,1.3675213675213675,0.0,14.261294261294262,-60.366300366300365,0.0,29.499389499389498,-40.43956043956044,-37.31379731379732,-17.77777777777778,0.0,-23.63858363858364,-23.63858363858364,-23.247863247863247,5.665445665445666,0.0,-2.5396825396825395,23.63858363858364,13.089133089133089,18.55921855921856,-23.247863247863247
-1.7582417582417582,-33.40659340659341,0.9768009768009768,7.228327228327228,0.0,51.77045177045177,-42.39316239316239,-30.28083028083028,-5.665445665445666,0.0,17.77777777777778,-63.49206349206349,0.0,33.40659340659341,-39.26739926739927,-40.83028083028083,-15.433455433455434,0.0,-26.764346764346765,-19.34065934065934,-20.512820512820515,5.665445665445666,0.0,-0.5860805860805861,67.3992673992674,-27.155067155067155,18.55921855921856,-20.512820512820515
-4.884004884004884,-36.53235653235653,-2.93040293040293,9.963369963369964,0.0,52.55189255189255,-49.03540903540904,-30.28083028083028,-7.619047619047619,0.0,17.77777777777778,-71.30647130647131,0.0,34.969474969474966,-42.002442002442,-46.69108669108669,-6.837606837606837,0.0,-31.062271062271066,-20.512820512820515,-19.73137973137973,11.526251526251526,0.0,3.3211233211233213,98.65689865689866,-57.24053724053724,15.042735042735044,-19.73137973137973
-3.3211233211233213,-38.87667887667888,-6.056166056166056,4.884004884004884,0.0,56.84981684981685,-53.724053724053725,-29.10866910866911,-17.77777777777778,0.0,18.94993894993895,-75.6043956043956,0.0,37.704517704517706,-45.12820512820513,-46.69108669108669,-8.4004884004884,0.0,-33.40659340659341,-20.903540903540904,-18.55921855921856,11.526251526251526,0.0,6.446886446886447,102.95482295482296,-62.31990231990232,11.916971916971915,-18.55921855921856
-0.9768009768009768,-36.14163614163614,-9.963369963369964,0.5860805860805861,0.0,63.88278388278388,-54.5054945054945,-27.545787545787547,-28.71794871794872,0.0,21.68498168498169,-77.94871794871794,0.0,40.83028083028083,-45.51892551892552,-43.95604395604396,-10.354090354090356,0.0,-31.843711843711844,-20.12210012210012,-15.824175824175825,10.744810744810744,0.0,10.354090354090356,111.94139194139194,-72.86935286935287,10.744810744810744,-15.824175824175825
-0.5860805860805861,-36.14163614163614,-19.34065934065934,8.791208791208792,0.0,66.22710622710623,-55.28693528693529,-29.89010989010989,-28.32722832722833,0.0,24.02930402930403,-84.98168498168498,0.0,36.53235653235653,-51.37973137973138,-42.78388278388278,-0.1953601953601953,0.0,-35.75091575091575,-21.68498168498169,-16.214896214896214,17.387057387057386,0.0,19.73137973137973,53.333333333333336,-22.857142857142858,11.916971916971915,-16.214896214896214
-4.102564102564102,-34.969474969474966,-24.81074481074481,17.387057387057386,0.0,66.61782661782662,-52.94261294261294,-33.40659340659341,-26.764346764346765,0.0,29.10866910866911,-90.84249084249085,0.0,33.7973137973138,-58.02197802197802,-40.83028083028083,2.5396825396825395,0.0,-40.43956043956044,-22.466422466422465,-18.55921855921856,20.903540903540904,0.0,25.2014652014652,9.963369963369964,9.572649572649572,18.55921855921856,-18.55921855921856
-6.837606837606837,-28.71794871794872,-23.247863247863247,11.916971916971915,0.0,72.08791208791209,-48.25396825396825,-30.671550671550676,-40.43956043956044,0.0,32.62515262515262,-90.06105006105007,0.0,41.61172161172161,-59.1941391941392,-36.53235653235653,-10.354090354090356,0.0,-39.65811965811966,-18.168498168498168,-17.387057387057386,11.526251526251526,0.0,23.63858363858364,51.77045177045177,-37.704517704517706,26.37362637362637,-17.387057387057386
-14.261294261294262,-29.499389499389498,-20.512820512820515,12.698412698412698,0.0,73.26007326007326,-46.69108669108669,-31.062271062271066,-46.69108669108669,0.0,30.671550671550676,-88.4981684981685,0.0,50.20757020757021,-63.88278388278388,-36.53235653235653,-17.387057387057386,0.0,-39.26739926739927,-16.214896214896214,-15.824175824175825,5.274725274725275,0.0,20.903540903540904,70.13431013431014,-55.67765567765568,33.01587301587302,-15.824175824175825
-23.247863247863247,-35.75091575091575,-15.433455433455434,12.307692307692308,0.0,70.13431013431014,-50.5982905982906,-33.01587301587302,-48.25396825396825,0.0,24.02930402930403,-85.76312576312576,0.0,56.45909645909646,-69.35286935286935,-39.65811965811966,-19.34065934065934,0.0,-42.002442002442,-16.605616605616607,-13.089133089133089,0.9768009768009768,0.0,15.824175824175825,47.86324786324786,-30.28083028083028,40.43956043956044,-13.089133089133089
-27.155067155067155,-39.65811965811966,-8.791208791208792,5.274725274725275,0.0,72.86935286935287,-52.55189255189255,-31.843711843711844,-58.8034188034188,0.0,15.433455433455434,-78.33943833943835,0.0,65.05494505494505,-70.52503052503053,-38.87667887667888,-27.155067155067155,0.0,-40.04884004884005,-12.698412698412698,-4.884004884004884,-11.135531135531137,0.0,9.18192918192918,80.68376068376068,-55.28693528693529,43.95604395604396,-4.884004884004884
-32.234432234432234,-42.78388278388278,-8.4004884004884,4.102564102564102,0.0,71.30647130647131,-55.67765567765568,-32.62515262515262,-62.71062271062271,0.0,3.711843711843712,-72.47863247863248,0.0,67.3992673992674,-70.91575091575092,-39.26739926739927,-26.764346764346765,0.0,-40.04884004884005,-9.963369963369964,0.9768009768009768,-18.55921855921856,0.0,8.791208791208792,127.57020757020756,-97.09401709401708,46.3003663003663,0.9768009768009768
-39.65811965811966,-43.95604395604396,-10.354090354090356,9.572649572649572,0.0,68.96214896214896,-62.71062271062271,-34.57875457875458,-56.06837606837607,0.0,-5.665445665445666,-69.35286935286935,0.0,62.31990231990232,-71.6971916971917,-41.22100122100122,-21.294261294261293,0.0,-45.51892551892552,-8.4004884004884,1.3675213675213675,-18.168498168498168,0.0,10.744810744810744,88.1074481074481,-57.24053724053724,49.03540903540904,1.3675213675213675
-45.12820512820513,-38.87667887667888,-11.135531135531137,4.884004884004884,0.0,72.47863247863248,-66.22710622710623,-36.53235653235653,-59.58485958485959,0.0,-14.261294261294262,-64.27350427350427,0.0,62.71062271062271,-71.6971916971917,-43.56532356532357,-31.062271062271066,0.0,-46.69108669108669,-8.00976800976801,-4.884004884004884,-21.68498168498169,0.0,11.526251526251526,49.03540903540904,-19.34065934065934,50.989010989010985,-4.884004884004884
-52.94261294261294,-31.45299145299145,-7.619047619047619,-4.884004884004884,0.0,72.86935286935287,-69.74358974358974,-33.01587301587302,-67.3992673992674,0.0,-25.592185592185597,-57.63125763125763,0.0,65.05494505494505,-73.26007326007326,-44.346764346764346,-45.90964590964591,0.0,-45.12820512820513,-10.354090354090356,-13.47985347985348,-27.936507936507937,0.0,8.00976800976801,63.10134310134311,-33.7973137973138,51.77045177045177,-13.47985347985348
-62.71062271062271,-27.155067155067155,-6.056166056166056,-7.619047619047619,0.0,66.22710622710623,-74.43223443223444,-31.062271062271066,-65.44566544566544,0.0,-37.704517704517706,-52.94261294261294,0.0,58.8034188034188,-75.995115995116,-46.69108669108669,-51.37973137973138,0.0,-45.90964590964591,-13.870573870573873,-22.857142857142858,-30.28083028083028,0.0,6.446886446886447,94.35897435897436,-62.71062271062271,50.989010989010985,-22.857142857142858
-71.30647130647131,-24.81074481074481,-5.274725274725275,-13.089133089133089,0.0,59.975579975579976,-78.33943833943835,-31.843711843711844,-65.05494505494505,0.0,-50.5982905982906,-49.03540903540904,0.0,50.989010989010985,-79.9023199023199,-50.989010989010985,-52.55189255189255,0.0,-47.86324786324786,-19.34065934065934,-30.28083028083028,-31.45299145299145,0.0,5.665445665445666,84.2002442002442,-51.77045177045177,49.81684981684982,-30.28083028083028
-79.51159951159951,-21.68498168498169,-5.274725274725275,-20.903540903540904,0.0,49.81684981684982,-78.73015873015873,-29.89010989010989,-69.74358974358974,0.0,-59.975579975579976,-45.12820512820513,0.0,43.17460317460318,-79.51159951159951,-53.333333333333336,-54.5054945054945,0.0,-49.03540903540904,-20.512820512820515,-33.7973137973138,-38.095238095238095,0.0,5.665445665445666,55.67765567765568,-21.68498168498169,47.472527472527474,-33.7973137973138
-85.76312576312576,-19.34065934065934,-9.572649572649572,-24.42002442002442,0.0,41.22100122100122,-76.38583638583638,-30.28083028083028,-75.21367521367522,0.0,-65.05494505494505,-44.346764346764346,0.0,35.75091575091575,-73.65079365079364,-53.333333333333336,-58.41269841269841,0.0,-50.20757020757021,-18.168498168498168,-34.57875457875458,-43.95604395604396,0.0,9.963369963369964,92.4053724053724,-58.8034188034188,47.081807081807085,-34.57875457875458
-90.84249084249085,-17.77777777777778,-16.605616605616607,-27.155067155067155,0.0,36.14163614163614,-73.65079365079364,-37.31379731379732,-78.73015873015873,0.0,-64.66422466422466,-43.56532356532357,0.0,31.45299145299145,-69.35286935286935,-59.1941391941392,-61.53846153846154,0.0,-52.94261294261294,-17.77777777777778,-42.002442002442,-43.17460317460318,0.0,16.996336996336996,76.77655677655677,-47.081807081807085,48.25396825396825,-42.002442002442
-92.014652014652,-12.698412698412698,-17.387057387057386,-42.78388278388278,0.0,37.704517704517706,-66.61782661782662,-40.43956043956044,-96.31257631257633,0.0,-61.14774114774115,-42.002442002442,0.0,38.48595848595848,-64.27350427350427,-63.49206349206349,-81.85592185592185,0.0,-52.55189255189255,-15.433455433455434,-47.081807081807085,-53.333333333333336,0.0,17.77777777777778,87.71672771672772,-60.757020757020754,50.5982905982906,-47.081807081807085
-94.35897435897436,-6.446886446886447,-17.77777777777778,-53.333333333333336,0.0,37.704517704517706,-61.53846153846154,-41.22100122100122,-107.64346764346764,0.0,-57.63125763125763,-41.22100122100122,0.0,44.737484737484735,-61.14774114774115,-62.71062271062271,-99.04761904761904,0.0,-51.37973137973138,-15.433455433455434,-49.03540903540904,-60.757020757020754,0.0,18.168498168498168,118.1929181929182,-96.31257631257633,52.55189255189255,-49.03540903540904
-97.48473748473748,-2.5396825396825395,-22.466422466422465,-53.333333333333336,0.0,31.062271062271066,-56.84981684981685,-47.081807081807085,-103.73626373626374,0.0,-54.114774114774114,-41.61172161172161,0.0,45.51892551892552,-62.71062271062271,-65.44566544566544,-100.6105006105006,0.0,-52.55189255189255,-18.55921855921856,-50.20757020757021,-59.58485958485959,0.0,22.857142857142858,98.65689865689866,-84.2002442002442,53.333333333333336,-50.20757020757021
-103.34554334554336,2.148962148962149,-23.247863247863247,-57.63125763125763,0.0,23.247863247863247,-53.333333333333336,-48.25396825396825,-103.73626373626374,0.0,-48.25396825396825,-44.737484737484735,0.0,48.25396825396825,-63.88278388278388,-67.3992673992674,-101.3919413919414,0.0,-53.333333333333336,-18.55921855921856,-48.25396825396825,-61.92918192918193,0.0,23.63858363858364,99.82905982905984,-92.7960927960928,54.5054945054945,-48.25396825396825
-107.25274725274726,11.916971916971915,-20.903540903540904,-67.3992673992674,0.0,15.433455433455434,-44.346764346764346,-43.17460317460318,-111.15995115995116,0.0,-39.65811965811966,-45.12820512820513,0.0,56.45909645909646,-60.757020757020754,-61.53846153846154,-111.15995115995116,0.0,-48.25396825396825,-12.307692307692308,-39.65811965811966,-74.04151404151405,0.0,21.294261294261293,155.3113553113553,-151.7948717948718,52.94261294261294,-39.65811965811966
-109.98778998778998,18.168498168498168,-20.512820512820515,-69.35286935286935,0.0,7.228327228327228,-34.18803418803419,-44.737484737484735,-109.98778998778998,0.0,-31.45299145299145,-47.081807081807085,0.0,61.14774114774115,-58.02197802197802,-61.53846153846154,-109.5970695970696,0.0,-47.86324786324786,-4.102564102564102,-36.92307692307692,-75.6043956043956,0.0,20.903540903540904,149.05982905982907,-154.13919413919413,56.45909645909646,-36.92307692307692
-113.11355311355312,22.075702075702075,-18.55921855921856,-72.86935286935287,0.0,4.102564102564102,-27.545787545787547,-48.25396825396825,-111.55067155067157,0.0,-24.02930402930403,-48.25396825396825,0.0,66.61782661782662,-52.94261294261294,-64.27350427350427,-107.25274725274726,0.0,-47.081807081807085,2.5396825396825395,-39.65811965811966,-71.6971916971917,0.0,18.94993894993895,71.6971916971917,-82.63736263736264,59.975579975579976,-39.65811965811966
-112.33211233211232,27.936507936507937,-15.042735042735044,-80.29304029304029,0.0,8.4004884004884,-20.903540903540904,-46.69108669108669,-120.14652014652016,0.0,-17.387057387057386,-47.472527472527474,0.0,72.86935286935287,-45.51892551892552,-62.31990231990232,-117.4114774114774,0.0,-43.56532356532357,10.744810744810744,-42.39316239316239,-74.82295482295483,0.0,15.433455433455434,77.94871794871794,-89.27960927960928,61.92918192918193,-42.39316239316239
-109.98778998778998,30.671550671550676,-15.824175824175825,-78.33943833943835,0.0,13.089133089133089,-22.466422466422465,-45.51892551892552,-118.1929181929182,0.0,-16.214896214896214,-49.81684981684982,0.0,72.86935286935287,-42.39316239316239,-58.02197802197802,-118.97435897435898,0.0,-41.61172161172161,13.870573870573873,-45.90964590964591,-71.6971916971917,0.0,16.214896214896214,113.89499389499387,-128.35164835164835,61.53846153846154,-45.90964590964591
-105.68986568986568,28.32722832722833,-19.73137973137973,-67.3992673992674,0.0,17.77777777777778,-31.062271062271066,-44.346764346764346,-107.64346764346764,0.0,-20.12210012210012,-47.472527472527474,0.0,65.83638583638583,-42.002442002442,-52.55189255189255,-111.94139194139194,0.0,-40.43956043956044,13.870573870573873,-50.5982905982906,-61.92918192918193,0.0,20.12210012210012,100.6105006105006,-118.1929181929182,60.757020757020754,-50.5982905982906
-99.43833943833944,27.155067155067155,-21.294261294261293,-65.44566544566544,0.0,20.903540903540904,-38.48595848595848,-38.095238095238095,-103.34554334554336,0.0,-26.764346764346765,-40.43956043956044,0.0,61.14774114774115,-41.61172161172161,-39.26739926739927,-113.89499389499387,0.0,-37.704517704517706,16.996336996336996,-48.64468864468864,-63.10134310134311,0.0,21.68498168498169,95.92185592185592,-114.67643467643468,57.24053724053724,-48.64468864468864
-92.4053724053724,27.936507936507937,-20.903540903540904,-66.22710622710623,0.0,20.512820512820515,-42.78388278388278,-29.89010989010989,-99.04761904761904,0.0,-33.7973137973138,-29.10866910866911,0.0,54.114774114774114,-38.87667887667888,-22.857142857142858,-111.94139194139194,0.0,-36.92307692307692,25.592185592185597,-39.65811965811966,-67.78998778998779,0.0,21.294261294261293,128.35164835164835,-151.4041514041514,55.28693528693529,-39.65811965811966
-84.59096459096459,25.2014652014652,-19.34065934065934,-65.05494505494505,0.0,15.042735042735044,-46.3003663003663,-22.857142857142858,-90.45177045177046,0.0,-39.26739926739927,-15.042735042735044,0.0,41.61172161172161,-34.57875457875458,-13.089133089133089,-100.6105006105006,0.0,-37.704517704517706,29.499389499389498,-34.57875457875458,-62.71062271062271,0.0,19.73137973137973,137.33821733821733,-162.34432234432234,50.989010989010985,-34.57875457875458
-78.33943833943835,23.63858363858364,-13.870573870573873,-67.3992673992674,0.0,5.665445665445666,-41.61172161172161,-15.824175824175825,-83.80952380952381,0.0,-38.87667887667888,-1.3675213675213675,0.0,31.45299145299145,-27.155067155067155,0.1953601953601953,-95.53113553113552,0.0,-34.969474969474966,32.234432234432234,-25.2014652014652,-61.14774114774115,0.0,14.261294261294262,93.57753357753356,-120.53724053724054,44.737484737484735,-25.2014652014652
-66.61782661782662,25.2014652014652,-10.744810744810744,-69.74358974358974,0.0,5.665445665445666,-35.36019536019536,-8.4004884004884,-83.80952380952381,0.0,-30.28083028083028,7.619047619047619,0.0,29.10866910866911,-20.12210012210012,8.791208791208792,-91.62393162393164,0.0,-27.545787545787547,33.01587301587302,-16.996336996336996,-60.757020757020754,0.0,11.135531135531137,72.86935286935287,-101.001221001221,38.48595848595848,-16.996336996336996
-54.89621489621489,22.466422466422465,-8.4004884004884,-60.757020757020754,0.0,4.493284493284493,-34.18803418803419,0.1953601953601953,-72.86935286935287,0.0,-20.12210012210012,13.089133089133089,0.0,22.075702075702075,-11.135531135531137,17.387057387057386,-83.41880341880342,0.0,-18.55921855921856,32.234432234432234,-15.042735042735044,-51.37973137973138,0.0,8.791208791208792,27.545787545787547,-56.45909645909646,31.062271062271066,-15.042735042735044
-44.346764346764346,19.73137973137973,-11.526251526251526,-48.64468864468864,0.0,4.493284493284493,-35.75091575091575,3.3211233211233213,-58.02197802197802,0.0,-10.744810744810744,19.73137973137973,0.0,15.824175824175825,-2.5396825396825395,23.63858363858364,-72.08791208791209,0.0,-9.963369963369964,29.89010989010989,-15.042735042735044,-37.704517704517706,0.0,11.916971916971915,-31.843711843711844,-1.3675213675213675,26.37362637362637,-15.042735042735044
-35.75091575091575,18.94993894993895,-13.089133089133089,-47.472527472527474,0.0,3.711843711843712,-36.53235653235653,10.354090354090356,-57.24053724053724,0.0,-0.9768009768009768,25.2014652014652,0.0,10.354090354090356,7.619047619047619,29.89010989010989,-68.57142857142857,0.0,-2.148962148962149,29.499389499389498,-13.47985347985348,-31.45299145299145,0.0,13.47985347985348,-26.37362637362637,-11.526251526251526,21.294261294261293,-13.47985347985348
-32.62515262515262,17.77777777777778,-16.214896214896214,-44.346764346764346,0.0,-3.3211233211233213,-38.48595848595848,18.55921855921856,-53.333333333333336,0.0,5.274725274725275,28.71794871794872,0.0,-0.9768009768009768,18.168498168498168,35.36019536019536,-64.27350427350427,0.0,-0.1953601953601953,27.545787545787547,-11.135531135531137,-24.81074481074481,0.0,16.605616605616607,-24.42002442002442,-20.512820512820515,15.824175824175825,-11.135531135531137
-31.062271062271066,12.698412698412698,-20.512820512820515,-36.92307692307692,0.0,-18.168498168498168,-35.75091575091575,21.294261294261293,-44.346764346764346,0.0,12.307692307692308,29.10866910866911,0.0,-15.042735042735044,22.466422466422465,36.14163614163614,-50.5982905982906,0.0,0.1953601953601953,14.652014652014651,-8.4004884004884,-10.744810744810744,0.0,20.903540903540904,-80.68376068376068,27.936507936507937,3.3211233211233213,-8.4004884004884
-26.764346764346765,10.354090354090356,-24.02930402930403,-35.75091575091575,0.0,-28.71794871794872,-25.592185592185597,25.2014652014652,-47.081807081807085,0.0,23.247863247863247,28.32722832722833,0.0,-21.294261294261293,24.81074481074481,36.92307692307692,-44.346764346764346,0.0,1.3675213675213675,3.711843711843712,-2.93040293040293,-4.102564102564102,0.0,24.42002442002442,-84.59096459096459,25.982905982905983,-9.572649572649572,-2.93040293040293
-20.512820512820515,9.18192918192918,-21.68498168498169,-32.62515262515262,0.0,-34.57875457875458,-13.089133089133089,32.62515262515262,-51.37973137973138,0.0,36.92307692307692,27.936507936507937,0.0,-21.294261294261293,29.10866910866911,45.12820512820513,-46.69108669108669,0.0,6.837606837606837,-3.711843711843712,8.00976800976801,-4.493284493284493,0.0,22.075702075702075,-34.57875457875458,-25.592185592185597,-20.512820512820515,8.00976800976801
-14.652014652014651,6.837606837606837,-20.12210012210012,-18.168498168498168,0.0,-39.65811965811966,-2.93040293040293,39.26739926739927,-43.17460317460318,0.0,49.81684981684982,29.89010989010989,0.0,-21.294261294261293,30.28083028083028,53.333333333333336,-37.31379731379732,0.0,13.870573870573873,-10.354090354090356,17.387057387057386,4.493284493284493,0.0,20.512820512820515,-62.31990231990232,2.148962148962149,-29.499389499389498,17.387057387057386
-9.18192918192918,10.744810744810744,-18.94993894993895,-8.4004884004884,0.0,-40.04884004884005,4.493284493284493,45.51892551892552,-38.095238095238095,0.0,63.10134310134311,34.18803418803419,0.0,-20.512820512820515,33.7973137973138,60.757020757020754,-27.155067155067155,0.0,19.34065934065934,-8.791208791208792,25.982905982905983,9.963369963369964,0.0,19.34065934065934,-108.03418803418803,49.03540903540904,-30.671550671550676,25.982905982905983
-0.1953601953601953,17.387057387057386,-15.433455433455434,-7.228327228327228,0.0,-33.01587301587302,13.870573870573873,52.16117216117216,-40.43956043956044,0.0,77.55799755799755,40.04884004884005,0.0,-18.55921855921856,42.002442002442,68.57142857142857,-25.2014652014652,0.0,28.32722832722833,-0.5860805860805861,33.7973137973138,5.665445665445666,0.0,15.824175824175825,-93.57753357753356,36.53235653235653,-26.764346764346765,33.7973137973138
5.665445665445666,18.94993894993895,-11.526251526251526,-4.493284493284493,0.0,-28.71794871794872,20.12210012210012,55.28693528693529,-38.87667887667888,0.0,91.23321123321124,42.39316239316239,0.0,-18.94993894993895,47.081807081807085,72.08791208791209,-13.089133089133089,0.0,33.7973137973138,5.274725274725275,36.53235653235653,10.354090354090356,0.0,11.916971916971915,-70.91575091575092,18.55921855921856,-24.81074481074481,36.53235653235653
13.089133089133089,17.77777777777778,-7.228327228327228,-0.9768009768009768,0.0,-24.02930402930403,28.71794871794872,55.28693528693529,-38.095238095238095,0.0,101.3919413919414,44.346764346764346,0.0,-20.903540903540904,47.472527472527474,71.6971916971917,-1.7582417582417582,0.0,33.01587301587302,10.744810744810744,33.40659340659341,18.55921855921856,0.0,7.619047619047619,-89.27960927960928,36.14163614163614,-19.73137973137973,33.40659340659341
21.294261294261293,14.652014652014651,-0.9768009768009768,-2.5396825396825395,0.0,-20.512820512820515,41.61172161172161,57.63125763125763,-45.51892551892552,0.0,108.42490842490842,47.86324786324786,0.0,-19.34065934065934,49.03540903540904,72.86935286935287,-2.5396825396825395,0.0,31.45299145299145,13.089133089133089,34.18803418803419,19.73137973137973,0.0,1.3675213675213675,-90.45177045177046,37.31379731379732,-18.168498168498168,34.18803418803419
30.28083028083028,13.089133089133089,6.837606837606837,0.1953601953601953,0.0,-13.870573870573873,49.42612942612943,65.83638583638583,-48.25396825396825,0.0,108.03418803418803,53.333333333333336,0.0,-15.433455433455434,44.737484737484735,81.07448107448107,-1.7582417582417582,0.0,31.062271062271066,12.698412698412698,40.43956043956044,23.63858363858364,0.0,-6.446886446886447,-55.28693528693529,4.102564102564102,-21.294261294261293,40.43956043956044
34.57875457875458,15.433455433455434,10.354090354090356,9.963369963369964,0.0,-8.791208791208792,51.37973137973138,75.6043956043956,-45.12820512820513,0.0,101.78266178266178,56.84981684981685,0.0,-13.47985347985348,35.75091575091575,90.84249084249085,2.93040293040293,0.0,27.936507936507937,11.135531135531137,49.42612942612943,26.37362637362637,0.0,-9.963369963369964,-25.982905982905983,-24.42002442002442,-23.247863247863247,49.42612942612943
40.04884004884005,22.466422466422465,4.493284493284493,18.55921855921856,0.0,1.7582417582417582,51.37973137973138,79.12087912087912,-45.51892551892552,0.0,94.74969474969475,60.757020757020754,0.0,-7.228327228327228,26.37362637362637,92.7960927960928,8.791208791208792,0.0,29.10866910866911,11.135531135531137,52.94261294261294,26.764346764346765,0.0,-4.102564102564102,-70.91575091575092,19.73137973137973,-24.02930402930403,52.94261294261294
48.64468864468864,28.32722832722833,-1.3675213675213675,20.12210012210012,0.0,20.512820512820515,48.64468864468864,79.51159951159951,-52.94261294261294,0.0,88.88888888888889,61.53846153846154,0.0,-1.3675213675213675,21.294261294261293,94.74969474969475,11.135531135531137,0.0,33.40659340659341,14.261294261294262,55.28693528693529,22.857142857142858,0.0,1.7582417582417582,-106.08058608058607,57.63125763125763,-22.075702075702075,55.28693528693529
51.77045177045177,29.10866910866911,-9.963369963369964,27.936507936507937,0.0,34.18803418803419,42.002442002442,75.995115995116,-53.333333333333336,0.0,82.63736263736264,56.45909645909646,0.0,0.1953601953601953,15.433455433455434,92.7960927960928,16.996336996336996,0.0,33.7973137973138,16.605616605616607,50.20757020757021,24.42002442002442,0.0,10.354090354090356,-118.1929181929182,72.47863247863248,-19.73137973137973,50.20757020757021
56.84981684981685,24.02930402930403,-19.34065934065934,33.7973137973138,0.0,45.12820512820513,36.92307692307692,68.57142857142857,-55.28693528693529,0.0,79.51159951159951,52.55189255189255,0.0,0.9768009768009768,11.526251526251526,86.15384615384616,19.34065934065934,0.0,32.234432234432234,16.605616605616607,42.39316239316239,26.764346764346765,0.0,19.73137973137973,-132.64957264957266,89.27960927960928,-16.605616605616607,42.39316239316239
63.49206349206349,21.294261294261293,-18.55921855921856,26.37362637362637,0.0,56.84981684981685,32.62515262515262,69.74358974358974,-67.00854700854701,0.0,74.43223443223444,50.20757020757021,0.0,3.711843711843712,11.135531135531137,84.59096459096459,5.274725274725275,0.0,31.062271062271066,16.996336996336996,38.87667887667888,17.387057387057386,0.0,18.94993894993895,-81.85592185592185,41.61172161172161,-15.042735042735044,38.87667887667888
66.22710622710623,18.94993894993895,-15.824175824175825,22.466422466422465,0.0,61.14774114774115,24.81074481074481,72.47863247863248,-66.22710622710623,0.0,65.05494505494505,46.69108669108669,0.0,5.274725274725275,8.00976800976801,82.24664224664225,-3.711843711843712,0.0,30.671550671550676,13.870573870573873,36.53235653235653,10.354090354090356,0.0,16.214896214896214,-56.45909645909646,17.387057387057386,-15.824175824175825,36.53235653235653
66.61782661782662,16.214896214896214,-18.55921855921856,26.37362637362637,0.0,63.88278388278388,17.387057387057386,67.3992673992674,-57.24053724053724,0.0,56.06837606837607,42.002442002442,0.0,4.102564102564102,1.3675213675213675,71.6971916971917,-0.9768009768009768,0.0,25.2014652014652,4.493284493284493,30.671550671550676,13.870573870573873,0.0,18.94993894993895,-106.47130647130648,63.10134310134311,-16.605616605616607,30.671550671550676
68.57142857142857,16.605616605616607,-22.466422466422465,21.68498168498169,0.0,69.35286935286935,15.824175824175825,58.41269841269841,-58.8034188034188,0.0,46.69108669108669,36.53235653235653,0.0,8.00976800976801,-2.5396825396825395,57.24053724053724,-6.446886446886447,0.0,23.247863247863247,-2.148962148962149,25.592185592185597,8.791208791208792,0.0,22.857142857142858,-118.5836385836386,70.13431013431014,-17.77777777777778,25.592185592185597
68.96214896214896,16.996336996336996,-27.545787545787547,18.168498168498168,0.0,74.82295482295483,13.870573870573873,51.77045177045177,-63.49206349206349,0.0,38.48595848595848,26.764346764346765,0.0,9.572649572649572,-4.102564102564102,45.90964590964591,-11.916971916971915,0.0,18.94993894993895,-8.00976800976801,22.075702075702075,5.274725274725275,0.0,27.936507936507937,-78.33943833943835,26.37362637362637,-20.12210012210012,22.075702075702075
64.66422466422466,13.47985347985348,-38.095238095238095,28.32722832722833,0.0,76.77655677655677,10.354090354090356,41.22100122100122,-59.975579975579976,0.0,31.062271062271066,15.824175824175825,0.0,8.791208791208792,-10.744810744810744,31.843711843711844,-9.963369963369964,0.0,8.00976800976801,-13.870573870573873,12.698412698412698,11.916971916971915,0.0,38.48595848595848,-95.14041514041514,39.26739926739927,-20.512820512820515,12.698412698412698
59.58485958485959,9.963369963369964,-51.37973137973138,30.671550671550676,0.0,78.73015873015873,2.5396825396825395,34.18803418803419,-67.00854700854701,0.0,20.12210012210012,3.3211233211233213,0.0,10.354090354090356,-18.168498168498168,23.247863247863247,-17.77777777777778,0.0,-1.3675213675213675,-16.996336996336996,6.056166056166056,9.963369963369964,0.0,51.77045177045177,-139.29181929181928,83.41880341880342,-19.73137973137973,6.056166056166056
56.45909645909646,6.837606837606837,-61.53846153846154,26.764346764346765,0.0,84.59096459096459,-8.4004884004884,30.28083028083028,-77.94871794871794,0.0,6.056166056166056,-5.665445665445666,0.0,12.307692307692308,-24.81074481074481,18.168498168498168,-29.10866910866911,0.0,-8.4004884004884,-19.34065934065934,0.9768009768009768,4.884004884004884,0.0,61.92918192918193,-105.2991452991453,50.989010989010985,-18.168498168498168,0.9768009768009768
47.472527472527474,2.93040293040293,-69.35286935286935,30.671550671550676,0.0,86.54456654456655,-20.512820512820515,24.42002442002442,-77.55799755799755,0.0,-7.619047619047619,-15.824175824175825,0.0,10.744810744810744,-33.01587301587302,15.042735042735044,-31.843711843711844,0.0,-16.214896214896214,-23.63858363858364,-3.3211233211233213,5.274725274725275,0.0,69.74358974358974,-52.16117216117216,0.1953601953601953,-18.94993894993895,-3.3211233211233213
43.17460317460318,-3.711843711843712,-73.65079365079364,31.843711843711844,0.0,87.71672771672772,-28.32722832722833,13.870573870573873,-75.6043956043956,0.0,-19.73137973137973,-25.592185592185597,0.0,7.228327228327228,-38.48595848595848,11.526251526251526,-29.499389499389498,0.0,-22.857142857142858,-25.982905982905983,-7.228327228327228,7.228327228327228,0.0,74.04151404151405,-47.081807081807085,-0.1953601953601953,-19.73137973137973,-7.228327228327228
37.704517704517706,-5.665445665445666,-68.18070818070818,26.764346764346765,0.0,89.67032967032966,-30.671550671550676,8.4004884004884,-76.38583638583638,0.0,-29.10866910866911,-30.671550671550676,0.0,3.711843711843712,-37.704517704517706,9.963369963369964,-34.18803418803419,0.0,-28.32722832722833,-24.02930402930403,-8.4004884004884,4.102564102564102,0.0,68.57142857142857,-15.042735042735044,-30.28083028083028,-18.94993894993895,-8.4004884004884
30.671550671550676,-8.4004884004884,-61.53846153846154,31.062271062271066,0.0,88.1074481074481,-33.40659340659341,3.711843711843712,-66.22710622710623,0.0,-39.26739926739927,-36.14163614163614,0.0,-4.493284493284493,-31.843711843711844,9.963369963369964,-34.969474969474966,0.0,-36.14163614163614,-20.12210012210012,-9.572649572649572,4.884004884004884,0.0,61.92918192918193,32.62515262515262,-73.65079365079364,-19.73137973137973,-9.572649572649572
22.466422466422465,-10.354090354090356,-60.757020757020754,34.57875457875458,0.0,83.41880341880342,-37.31379731379732,-1.7582417582417582,-56.84981684981685,0.0,-47.86324786324786,-38.87667887667888,0.0,-12.307692307692308,-28.71794871794872,4.493284493284493,-30.28083028083028,0.0,-45.51892551892552,-15.824175824175825,-16.214896214896214,11.135531135531137,0.0,61.14774114774115,46.3003663003663,-84.59096459096459,-18.55921855921856,-16.214896214896214
14.652014652014651,-9.572649572649572,-61.92918192918193,25.592185592185597,0.0,80.29304029304029,-43.17460317460318,-4.493284493284493,-62.31990231990232,0.0,-59.975579975579976,-38.87667887667888,0.0,-18.55921855921856,-25.982905982905983,2.5396825396825395,-36.92307692307692,0.0,-52.94261294261294,-12.307692307692308,-17.77777777777778,4.884004884004884,0.0,62.31990231990232,45.51892551892552,-82.24664224664225,-16.996336996336996,-17.77777777777778
8.791208791208792,-7.619047619047619,-66.61782661782662,16.214896214896214,0.0,78.73015873015873,-51.37973137973138,-6.837606837606837,-67.78998778998779,0.0,-72.08791208791209,-37.31379731379732,0.0,-26.764346764346765,-23.63858363858364,0.1953601953601953,-38.87667887667888,0.0,-58.8034188034188,-11.916971916971915,-16.214896214896214,-1.3675213675213675,0.0,67.00854700854701,43.56532356532357,-79.9023199023199,-18.55921855921856,-16.214896214896214
2.148962148962149,-8.4004884004884,-74.82295482295483,18.94993894993895,0.0,70.13431013431014,-60.366300366300365,-11.916971916971915,-58.8034188034188,0.0,-84.98168498168498,-34.57875457875458,0.0,-35.75091575091575,-29.10866910866911,0.1953601953601953,-29.89010989010989,0.0,-63.49206349206349,-17.387057387057386,-12.307692307692308,-0.9768009768009768,0.0,75.21367521367522,17.387057387057386,-53.333333333333336,-22.466422466422465,-12.307692307692308
-2.93040293040293,-10.354090354090356,-75.6043956043956,18.94993894993895,0.0,59.1941391941392,-68.18070818070818,-12.307692307692308,-48.25396825396825,0.0,-97.48473748473748,-26.764346764346765,0.0,-47.472527472527474,-30.671550671550676,1.7582417582417582,-22.466422466422465,0.0,-67.78998778998779,-23.63858363858364,-7.228327228327228,0.1953601953601953,0.0,75.995115995116,0.9768009768009768,-37.31379731379732,-26.37362637362637,-7.228327228327228
-6.446886446886447,-8.791208791208792,-68.57142857142857,13.47985347985348,0.0,49.03540903540904,-71.6971916971917,-7.619047619047619,-39.65811965811966,0.0,-109.98778998778998,-16.996336996336996,0.0,-56.84981684981685,-25.982905982905983,7.619047619047619,-23.247863247863247,0.0,-66.61782661782662,-26.37362637362637,-0.9768009768009768,-3.711843711843712,0.0,68.96214896214896,58.41269841269841,-93.96825396825396,-29.499389499389498,-0.9768009768009768
-13.47985347985348,-9.18192918192918,-62.71062271062271,17.387057387057386,0.0,32.62515262515262,-73.65079365079364,-5.274725274725275,-21.68498168498169,0.0,-121.31868131868131,-6.837606837606837,0.0,-68.57142857142857,-23.63858363858364,10.744810744810744,-15.433455433455434,0.0,-68.57142857142857,-27.936507936507937,-0.9768009768009768,0.9768009768009768,0.0,63.10134310134311,85.37240537240537,-117.4114774114774,-31.45299145299145,-0.9768009768009768
-20.903540903540904,-10.744810744810744,-61.53846153846154,20.903540903540904,0.0,16.214896214896214,-72.47863247863248,-5.665445665445666,-9.18192918192918,0.0,-132.64957264957266,0.1953601953601953,0.0,-81.07448107448107,-23.63858363858364,8.4004884004884,-2.5396825396825395,0.0,-71.6971916971917,-30.28083028083028,-8.4004884004884,11.916971916971915,0.0,61.92918192918193,43.56532356532357,-71.6971916971917,-34.18803418803419,-8.4004884004884
-24.02930402930403,-10.744810744810744,-60.757020757020754,12.698412698412698,0.0,5.274725274725275,-70.52503052503053,-6.056166056166056,-11.135531135531137,0.0,-141.63614163614164,6.056166056166056,0.0,-91.62393162393164,-22.466422466422465,7.228327228327228,0.1953601953601953,0.0,-72.08791208791209,-28.32722832722833,-14.652014652014651,9.963369963369964,0.0,61.14774114774115,40.83028083028083,-60.366300366300365,-37.31379731379732,-14.652014652014651
-27.155067155067155,-14.652014652014651,-63.10134310134311,9.572649572649572,0.0,-5.274725274725275,-71.30647130647131,-8.4004884004884,-8.791208791208792,0.0,-151.4041514041514,10.354090354090356,0.0,-102.17338217338218,-24.02930402930403,6.837606837606837,5.274725274725275,0.0,-72.08791208791209,-28.32722832722833,-18.55921855921856,6.446886446886447,0.0,63.49206349206349,68.57142857142857,-77.16727716727716,-42.002442002442,-18.55921855921856
-31.843711843711844,-18.94993894993895,-69.74358974358974,9.963369963369964,0.0,-19.73137973137973,-74.82295482295483,-12.698412698412698,-1.7582417582417582,0.0,-160.3907203907204,13.089133089133089,0.0,-113.11355311355312,-27.936507936507937,3.711843711843712,20.12210012210012,0.0,-70.91575091575092,-32.62515262515262,-22.075702075702075,9.572649572649572,0.0,70.13431013431014,20.12210012210012,-23.247863247863247,-45.90964590964591,-22.075702075702075
-34.18803418803419,-22.466422466422465,-68.96214896214896,0.5860805860805861,0.0,-27.936507936507937,-77.94871794871794,-15.824175824175825,-1.7582417582417582,0.0,-167.81440781440782,16.214896214896214,0.0,-117.02075702075702,-29.89010989010989,2.93040293040293,24.42002442002442,0.0,-65.44566544566544,-37.31379731379732,-19.34065934065934,4.884004884004884,0.0,69.35286935286935,-32.234432234432234,30.28083028083028,-46.3003663003663,-19.34065934065934
-38.87667887667888,-22.075702075702075,-68.18070818070818,-8.4004884004884,0.0,-37.31379731379732,-81.46520146520146,-19.34065934065934,-0.5860805860805861,0.0,-174.45665445665446,17.77777777777778,0.0,-118.97435897435898,-29.10866910866911,1.7582417582417582,27.155067155067155,0.0,-57.24053724053724,-42.39316239316239,-15.824175824175825,-2.5396825396825395,0.0,68.57142857142857,-9.572649572649572,12.307692307692308,-49.03540903540904,-15.824175824175825
-45.12820512820513,-18.94993894993895,-72.08791208791209,-8.00976800976801,0.0,-45.90964590964591,-81.46520146520146,-24.81074481074481,7.619047619047619,0.0,-177.1916971916972,15.824175824175825,0.0,-120.53724053724054,-31.45299145299145,-0.1953601953601953,36.14163614163614,0.0,-48.25396825396825,-50.20757020757021,-16.996336996336996,-0.1953601953601953,0.0,72.47863247863248,4.884004884004884,-2.93040293040293,-50.20757020757021,-16.996336996336996
-51.37973137973138,-15.433455433455434,-74.04151404151405,-8.00976800976801,0.0,-50.989010989010985,-80.29304029304029,-29.10866910866911,9.18192918192918,0.0,-175.62881562881563,13.089133089133089,0.0,-121.31868131868131,-33.01587301587302,-6.446886446886447,39.65811965811966,0.0,-40.83028083028083,-56.45909645909646,-22.075702075702075,0.1953601953601953,0.0,74.43223443223444,-15.433455433455434,21.68498168498169,-51.37973137973138,-22.075702075702075
-58.41269841269841,-13.870573870573873,-75.21367521367522,-9.18192918192918,0.0,-59.975579975579976,-77.94871794871794,-33.01587301587302,12.307692307692308,0.0,-173.2844932844933,8.791208791208792,0.0,-122.4908424908425,-33.7973137973138,-13.47985347985348,38.095238095238095,0.0,-32.234432234432234,-64.66422466422466,-30.28083028083028,-2.93040293040293,0.0,75.6043956043956,-45.51892551892552,61.53846153846154,-55.28693528693529,-30.28083028083028
-64.66422466422466,-11.526251526251526,-70.52503052503053,-13.089133089133089,0.0,-66.61782661782662,-74.82295482295483,-32.62515262515262,13.089133089133089,0.0,-170.54945054945054,7.228327228327228,0.0,-118.1929181929182,-34.57875457875458,-15.433455433455434,30.671550671550676,0.0,-22.075702075702075,-71.30647130647131,-35.75091575091575,-6.837606837606837,0.0,70.91575091575092,-13.089133089133089,41.61172161172161,-61.14774114774115,-35.75091575091575
-71.6971916971917,-11.526251526251526,-69.35286935286935,-12.698412698412698,0.0,-71.30647130647131,-76.77655677655677,-32.62515262515262,14.261294261294262,0.0,-166.25152625152626,8.791208791208792,0.0,-112.72283272283272,-36.92307692307692,-21.68498168498169,27.936507936507937,0.0,-14.652014652014651,-81.07448107448107,-41.22100122100122,-4.884004884004884,0.0,69.74358974358974,-13.870573870573873,49.81684981684982,-63.49206349206349,-41.22100122100122
-75.6043956043956,-9.572649572649572,-59.975579975579976,-22.466422466422465,0.0,-70.52503052503053,-74.43223443223444,-29.10866910866911,5.274725274725275,0.0,-159.6092796092796,12.698412698412698,0.0,-101.3919413919414,-35.36019536019536,-21.294261294261293,10.744810744810744,0.0,-6.837606837606837,-83.80952380952381,-35.75091575091575,-19.34065934065934,0.0,60.366300366300365,13.870573870573873,30.671550671550676,-64.27350427350427,-35.75091575091575
-76.77655677655677,-4.884004884004884,-56.45909645909646,-27.545787545787547,0.0,-66.22710622710623,-71.30647130647131,-28.71794871794872,0.1953601953601953,0.0,-153.74847374847374,18.168498168498168,0.0,-86.54456654456655,-34.57875457875458,-19.34065934065934,1.3675213675213675,0.0,0.1953601953601953,-82.24664224664225,-29.499389499389498,-27.545787545787547,0.0,56.84981684981685,31.45299145299145,15.042735042735044,-61.92918192918193,-29.499389499389498
-80.68376068376068,-2.148962148962149,-58.02197802197802,-18.55921855921856,0.0,-63.49206349206349,-70.52503052503053,-32.62515262515262,4.884004884004884,0.0,-148.66910866910868,17.387057387057386,0.0,-77.55799755799755,-36.92307692307692,-21.68498168498169,9.18192918192918,0.0,2.148962148962149,-81.07448107448107,-25.592185592185597,-22.075702075702075,0.0,58.41269841269841,-13.47985347985348,61.14774114774115,-60.757020757020754,-25.592185592185597
-81.85592185592185,-2.93040293040293,-58.02197802197802,-16.605616605616607,0.0,-60.366300366300365,-70.52503052503053,-38.87667887667888,9.572649572649572,0.0,-145.54334554334554,11.916971916971915,0.0,-67.78998778998779,-43.17460317460318,-25.982905982905983,15.824175824175825,0.0,1.3675213675213675,-76.77655677655677,-24.81074481074481,-20.903540903540904,0.0,58.41269841269841,-31.843711843711844,81.85592185592185,-60.757020757020754,-24.81074481074481
-83.02808302808303,1.3675213675213675,-55.67765567765568,-25.592185592185597,0.0,-56.84981684981685,-73.65079365079364,-41.61172161172161,8.00976800976801,0.0,-149.45054945054946,11.135531135531137,0.0,-56.45909645909646,-48.25396825396825,-25.982905982905983,13.870573870573873,0.0,4.493284493284493,-69.74358974358974,-25.982905982905983,-25.2014652014652,0.0,56.06837606837607,22.466422466422465,30.671550671550676,-62.31990231990232,-25.982905982905983
-88.88888888888889,8.791208791208792,-53.333333333333336,-28.71794871794872,0.0,-55.28693528693529,-77.94871794871794,-43.95604395604396,14.261294261294262,0.0,-156.4835164835165,6.837606837606837,0.0,-50.5982905982906,-52.16117216117216,-27.545787545787547,15.824175824175825,0.0,4.102564102564102,-62.71062271062271,-29.10866910866911,-26.37362637362637,0.0,53.724053724053725,41.61172161172161,14.261294261294262,-62.71062271062271,-29.10866910866911
-92.7960927960928,18.55921855921856,-49.81684981684982,-34.57875457875458,0.0,-52.16117216117216,-81.07448107448107,-45.51892551892552,20.12210012210012,0.0,-160.0,5.274725274725275,0.0,-44.346764346764346,-56.06837606837607,-27.936507936507937,13.089133089133089,0.0,4.493284493284493,-55.28693528693529,-31.45299145299145,-32.62515262515262,0.0,50.20757020757021,6.056166056166056,49.42612942612943,-57.63125763125763,-31.45299145299145
-94.74969474969475,35.36019536019536,-44.737484737484735,-44.346764346764346,0.0,-46.3003663003663,-80.29304029304029,-40.83028083028083,18.55921855921856,0.0,-164.6886446886447,9.963369963369964,0.0,-34.18803418803419,-56.84981684981685,-25.982905982905983,4.493284493284493,0.0,7.619047619047619,-43.17460317460318,-27.545787545787547,-49.03540903540904,0.0,45.12820512820513,34.18803418803419,18.55921855921856,-49.42612942612943,-27.545787545787547
-97.48473748473748,48.25396825396825,-44.737484737484735,-38.48595848595848,0.0,-47.081807081807085,-75.6043956043956,-36.14163614163614,25.982905982905983,0.0,-170.15873015873015,10.744810744810744,0.0,-25.982905982905983,-60.366300366300365,-24.81074481074481,7.228327228327228,0.0,10.744810744810744,-36.53235653235653,-25.592185592185597,-53.724053724053725,0.0,45.12820512820513,62.31990231990232,-7.619047619047619,-45.90964590964591,-25.592185592185597
-99.04761904761904,52.55189255189255,-47.081807081807085,-24.02930402930403,0.0,-52.16117216117216,-71.30647130647131,-34.57875457875458,40.43956043956044,0.0,-175.23809523809524,9.963369963369964,0.0,-19.34065934065934,-71.6971916971917,-27.155067155067155,21.294261294261293,0.0,13.089133089133089,-36.14163614163614,-23.247863247863247,-50.989010989010985,0.0,47.472527472527474,3.711843711843712,52.94261294261294,-43.95604395604396,-23.247863247863247
-96.31257631257633,52.16117216117216,-44.737484737484735,-16.605616605616607,0.0,-56.45909645909646,-67.78998778998779,-30.671550671550676,48.64468864468864,0.0,-178.75457875457874,11.135531135531137,0.0,-10.354090354090356,-78.73015873015873,-27.936507936507937,30.671550671550676,0.0,17.387057387057386,-31.843711843711844,-18.94993894993895,-52.16117216117216,0.0,45.12820512820513,-45.51892551892552,108.03418803418803,-42.39316239316239,-18.94993894993895
-89.67032967032966,48.64468864468864,-40.83028083028083,-13.089133089133089,0.0,-58.8034188034188,-62.71062271062271,-27.936507936507937,54.89621489621489,0.0,-178.75457875457874,13.089133089133089,0.0,-3.3211233211233213,-77.55799755799755,-20.903540903540904,36.14163614163614,0.0,25.592185592185597,-26.764346764346765,-10.744810744810744,-54.5054945054945,0.0,41.22100122100122,-15.824175824175825,83.02808302808303,-41.61172161172161,-10.744810744810744
-82.63736263736264,46.69108669108669,-34.18803418803419,-7.619047619047619,0.0,-57.24053724053724,-58.41269841269841,-26.764346764346765,64.27350427350427,0.0,-173.67521367521368,14.652014652014651,0.0,-1.7582417582417582,-69.35286935286935,-17.387057387057386,42.78388278388278,0.0,27.545787545787547,-16.605616605616607,-4.493284493284493,-51.77045177045177,0.0,34.57875457875458,-6.446886446886447,74.82295482295483,-37.704517704517706,-4.493284493284493
-75.21367521367522,46.3003663003663,-22.857142857142858,-8.791208791208792,0.0,-56.06837606837607,-52.16117216117216,-25.2014652014652,72.47863247863248,0.0,-162.73504273504273,18.168498168498168,0.0,-2.5396825396825395,-53.724053724053725,-13.089133089133089,40.43956043956044,0.0,26.764346764346765,-4.884004884004884,0.5860805860805861,-50.989010989010985,0.0,23.247863247863247,-30.671550671550676,89.67032967032966,-29.10866910866911,0.5860805860805861
-65.44566544566544,49.81684981684982,-15.042735042735044,-12.698412698412698,0.0,-47.472527472527474,-43.17460317460318,-22.466422466422465,70.13431013431014,0.0,-146.7155067155067,21.294261294261293,0.0,-0.9768009768009768,-37.31379731379732,-9.572649572649572,33.40659340659341,0.0,25.2014652014652,2.93040293040293,7.228327228327228,-51.37973137973138,0.0,15.433455433455434,-8.00976800976801,56.84981684981685,-25.982905982905983,7.228327228327228
-57.63125763125763,47.86324786324786,-9.963369963369964,-3.711843711843712,0.0,-45.12820512820513,-33.01587301587302,-19.34065934065934,74.82295482295483,0.0,-130.3052503052503,19.34065934065934,0.0,-2.148962148962149,-24.42002442002442,-9.18192918192918,31.843711843711844,0.0,20.12210012210012,5.274725274725275,15.433455433455434,-46.69108669108669,0.0,10.354090354090356,-23.63858363858364,62.31990231990232,-24.81074481074481,15.433455433455434
-47.472527472527474,45.90964590964591,-4.102564102564102,0.5860805860805861,0.0,-39.65811965811966,-23.63858363858364,-18.168498168498168,78.33943833943835,0.0,-109.5970695970696,17.387057387057386,0.0,-0.5860805860805861,-16.214896214896214,-11.916971916971915,34.57875457875458,0.0,17.77777777777778,2.93040293040293,21.68498168498169,-39.26739926739927,0.0,4.493284493284493,-49.81684981684982,82.63736263736264,-27.155067155067155,21.68498168498169
-31.45299145299145,40.43956043956044,4.102564102564102,-2.93040293040293,0.0,-29.499389499389498,-16.996336996336996,-13.47985347985348,71.6971916971917,0.0,-88.1074481074481,20.512820512820515,0.0,8.00976800976801,-9.963369963369964,-8.4004884004884,32.234432234432234,0.0,24.42002442002442,2.5396825396825395,33.01587301587302,-40.04884004884005,0.0,-3.711843711843712,-20.12210012210012,54.114774114774114,-29.10866910866911,33.01587301587302
-19.73137973137973,33.7973137973138,16.605616605616607,-4.102564102564102,0.0,-24.02930402930403,-11.135531135531137,-8.4004884004884,72.08791208791209,0.0,-69.74358974358974,22.466422466422465,0.0,13.870573870573873,-2.5396825396825395,-1.7582417582417582,28.71794871794872,0.0,33.7973137973138,4.102564102564102,42.002442002442,-42.39316239316239,0.0,-16.214896214896214,15.824175824175825,24.81074481074481,-29.10866910866911,42.002442002442
-15.042735042735044,27.936507936507937,30.28083028083028,-1.3675213675213675,0.0,-24.02930402930403,-8.791208791208792,-6.837606837606837,83.41880341880342,0.0,-54.5054945054945,27.936507936507937,0.0,14.652014652014651,1.7582417582417582,1.7582417582417582,36.92307692307692,0.0,41.22100122100122,6.056166056166056,42.002442002442,-33.7973137973138,0.0,-29.89010989010989,-14.652014652014651,61.92918192918193,-25.982905982905983,42.002442002442
-8.00976800976801,23.247863247863247,45.12820512820513,-4.493284493284493,0.0,-21.68498168498169,-4.884004884004884,-4.493284493284493,88.88888888888889,0.0,-38.095238095238095,33.01587301587302,0.0,16.605616605616607,8.4004884004884,6.446886446886447,37.31379731379732,0.0,49.03540903540904,9.18192918192918,43.95604395604396,-33.01587301587302,0.0,-44.737484737484735,-5.274725274725275,56.45909645909646,-22.466422466422465,43.95604395604396
-2.5396825396825395,23.247863247863247,58.8034188034188,-7.619047619047619,0.0,-20.903540903540904,2.5396825396825395,0.1953601953601953,90.45177045177046,0.0,-23.247863247863247,39.26739926739927,0.0,16.605616605616607,19.34065934065934,16.605616605616607,30.671550671550676,0.0,55.67765567765568,13.089133089133089,52.55189255189255,-37.31379731379732,0.0,-58.41269841269841,41.22100122100122,11.135531135531137,-21.68498168498169,52.55189255189255
1.3675213675213675,22.075702075702075,67.78998778998779,-2.93040293040293,0.0,-25.592185592185597,13.47985347985348,3.711843711843712,97.87545787545788,0.0,-9.572649572649572,44.737484737484735,0.0,13.870573870573873,29.499389499389498,20.12210012210012,37.31379731379732,0.0,58.8034188034188,13.089133089133089,60.757020757020754,-31.45299145299145,0.0,-67.3992673992674,-8.4004884004884,54.89621489621489,-22.075702075702075,60.757020757020754
9.18192918192918,20.512820512820515,74.82295482295483,-0.1953601953601953,0.0,-29.89010989010989,25.982905982905983,8.4004884004884,100.21978021978022,0.0,3.3211233211233213,49.03540903540904,0.0,11.916971916971915,39.26739926739927,21.68498168498169,42.002442002442,0.0,61.53846153846154,15.433455433455434,65.83638583638583,-26.764346764346765,0.0,-74.43223443223444,-81.07448107448107,117.4114774114774,-18.168498168498168,65.83638583638583
17.77777777777778,20.903540903540904,81.85592185592185,-4.493284493284493,0.0,-30.671550671550676,38.095238095238095,15.433455433455434,93.18681318681318,0.0,17.387057387057386,55.28693528693529,0.0,14.652014652014651,50.20757020757021,26.764346764346765,38.095238095238095,0.0,67.00854700854701,21.294261294261293,73.26007326007326,-30.671550671550676,0.0,-81.46520146520146,-79.12087912087912,108.8156288156288,-14.652014652014651,73.26007326007326
18.55921855921856,20.512820512820515,90.45177045177046,-6.056166056166056,0.0,-36.53235653235653,50.20757020757021,20.12210012210012,90.06105006105007,0.0,28.71794871794872,58.8034188034188,0.0,15.042735042735044,59.58485958485959,25.2014652014652,37.704517704517706,0.0,70.52503052503053,28.71794871794872,70.91575091575092,-31.843711843711844,0.0,-90.06105006105007,-68.96214896214896,95.92185592185592,-6.837606837606837,70.91575091575092
18.168498168498168,20.12210012210012,95.92185592185592,-6.056166056166056,0.0,-40.43956043956044,56.45909645909646,20.903540903540904,91.62393162393164,0.0,37.31379731379732,61.14774114774115,0.0,12.698412698412698,63.10134310134311,20.903540903540904,38.095238095238095,0.0,69.35286935286935,36.14163614163614,63.49206349206349,-33.01587301587302,0.0,-95.53113553113552,-108.03418803418803,134.993894993895,0.5860805860805861,63.49206349206349
18.94993894993895,21.68498168498169,100.6105006105006,-14.261294261294262,0.0,-39.26739926739927,60.757020757020754,20.903540903540904,84.2002442002442,0.0,42.78388278388278,62.31990231990232,0.0,13.47985347985348,67.78998778998779,18.94993894993895,26.764346764346765,0.0,68.57142857142857,42.39316239316239,59.975579975579976,-43.17460317460318,0.0,-100.21978021978022,-111.55067155067157,141.24542124542126,4.884004884004884,59.975579975579976
18.94993894993895,22.466422466422465,102.56410256410255,-20.12210012210012,0.0,-37.704517704517706,62.71062271062271,22.857142857142858,76.77655677655677,0.0,42.002442002442,61.92918192918193,0.0,14.261294261294262,72.86935286935287,19.34065934065934,13.089133089133089,0.0,68.96214896214896,44.737484737484735,59.58485958485959,-52.16117216117216,0.0,-102.17338217338218,-68.57142857142857,98.26617826617829,7.619047619047619,59.58485958485959
18.55921855921856,19.73137973137973,101.3919413919414,-15.042735042735044,0.0,-37.31379731379732,62.71062271062271,23.247863247863247,75.995115995116,0.0,40.43956043956044,58.02197802197802,0.0,14.652014652014651,74.82295482295483,16.996336996336996,7.228327228327228,0.0,66.22710622710623,43.95604395604396,59.1941391941392,-54.114774114774114,0.0,-101.001221001221,-36.53235653235653,63.49206349206349,10.354090354090356,59.1941391941392
22.466422466422465,20.903540903540904,98.26617826617829,-16.605616605616607,0.0,-31.45299145299145,68.96214896214896,22.075702075702075,65.83638583638583,0.0,43.56532356532357,52.55189255189255,0.0,20.12210012210012,78.33943833943835,11.526251526251526,0.1953601953601953,0.0,66.22710622710623,43.17460317460318,57.63125763125763,-56.06837606837607,0.0,-97.87545787545788,-22.075702075702075,41.61172161172161,13.089133089133089,57.63125763125763
27.936507936507937,21.68498168498169,97.48473748473748,-22.857142857142858,0.0,-24.02930402930403,74.43223443223444,22.857142857142858,51.37973137973138,0.0,49.03540903540904,46.3003663003663,0.0,29.499389499389498,80.29304029304029,9.18192918192918,-10.354090354090356,0.0,70.13431013431014,42.78388278388278,56.84981684981685,-60.757020757020754,0.0,-97.09401709401708,-6.446886446886447,19.73137973137973,16.996336996336996,56.84981684981685
32.234432234432234,19.73137973137973,94.35897435897436,-24.02930402930403,0.0,-18.55921855921856,74.43223443223444,18.168498168498168,48.25396825396825,0.0,56.84981684981685,36.92307692307692,0.0,32.62515262515262,81.46520146520146,2.5396825396825395,-9.18192918192918,0.0,71.6971916971917,38.095238095238095,51.37973137973138,-54.114774114774114,0.0,-93.96825396825396,-43.17460317460318,52.55189255189255,14.652014652014651,51.37973137973138
39.26739926739927,18.94993894993895,88.88888888888889,-27.545787545787547,0.0,-10.744810744810744,73.26007326007326,13.870573870573873,43.17460317460318,0.0,63.49206349206349,28.71794871794872,0.0,33.40659340659341,82.24664224664225,-0.5860805860805861,-9.18192918192918,0.0,71.6971916971917,31.45299145299145,46.3003663003663,-44.737484737484735,0.0,-88.4981684981685,-72.86935286935287,72.47863247863248,12.307692307692308,46.3003663003663
44.737484737484735,20.12210012210012,84.2002442002442,-37.31379731379732,0.0,-2.5396825396825395,72.47863247863248,12.698412698412698,28.71794871794872,0.0,67.00854700854701,24.81074481074481,0.0,37.31379731379732,83.80952380952381,2.148962148962149,-22.075702075702075,0.0,72.08791208791209,26.764346764346765,46.3003663003663,-43.95604395604396,0.0,-83.80952380952381,-39.65811965811966,31.45299145299145,8.4004884004884,46.3003663003663
50.5982905982906,16.214896214896214,76.77655677655677,-39.65811965811966,0.0,4.102564102564102,69.74358974358974,10.354090354090356,18.94993894993895,0.0,68.57142857142857,21.294261294261293,0.0,38.095238095238095,88.1074481074481,6.056166056166056,-29.499389499389498,0.0,71.30647130647131,22.857142857142858,48.64468864468864,-39.26739926739927,0.0,-76.38583638583638,-29.89010989010989,13.47985347985348,4.884004884004884,48.64468864468864
49.81684981684982,13.47985347985348,65.05494505494505,-30.28083028083028,0.0,6.837606837606837,68.18070818070818,7.619047619047619,14.652014652014651,0.0,69.35286935286935,18.94993894993895,0.0,36.14163614163614,86.93528693528694,6.837606837606837,-23.247863247863247,0.0,66.61782661782662,19.34065934065934,47.472527472527474,-26.37362637362637,0.0,-64.66422466422466,-72.47863247863248,42.002442002442,11.526251526251526,47.472527472527474
50.989010989010985,18.55921855921856,56.45909645909646,-26.37362637362637,0.0,15.433455433455434,70.52503052503053,8.00976800976801,4.102564102564102,0.0,72.08791208791209,19.73137973137973,0.0,38.87667887667888,84.98168498168498,11.135531135531137,-21.68498168498169,0.0,64.66422466422466,20.512820512820515,48.64468864468864,-19.73137973137973,0.0,-56.06837606837607,-52.55189255189255,14.261294261294262,16.996336996336996,48.64468864468864
57.24053724053724,16.605616605616607,49.03540903540904,-22.075702075702075,0.0,21.68498168498169,65.44566544566544,12.307692307692308,0.9768009768009768,0.0,74.04151404151405,19.34065934065934,0.0,39.26739926739927,83.80952380952381,15.824175824175825,-14.652014652014651,0.0,65.05494505494505,22.466422466422465,51.37973137973138,-14.652014652014651,0.0,-48.64468864468864,3.3211233211233213,-45.90964590964591,20.903540903540904,51.37973137973138
57.63125763125763,20.903540903540904,42.78388278388278,-9.18192918192918,0.0,26.37362637362637,56.06837606837607,17.387057387057386,11.135531135531137,0.0,71.6971916971917,19.34065934065934,0.0,33.7973137973138,79.12087912087912,19.73137973137973,2.5396825396825395,0.0,62.71062271062271,21.68498168498169,50.989010989010985,0.5860805860805861,0.0,-42.39316239316239,-23.63858363858364,-22.857142857142858,23.247863247863247,50.989010989010985
63.10134310134311,22.857142857142858,40.43956043956044,-0.9768009768009768,0.0,33.01587301587302,47.86324786324786,23.247863247863247,19.73137973137973,0.0,65.83638583638583,22.857142857142858,0.0,30.671550671550676,71.6971916971917,24.81074481074481,15.042735042735044,0.0,58.8034188034188,18.94993894993895,52.55189255189255,11.916971916971915,0.0,-40.04884004884005,-66.22710622710623,14.652014652014651,21.294261294261293,52.55189255189255
70.91575091575092,24.81074481074481,41.61172161172161,-1.7582417582417582,0.0,41.22100122100122,42.002442002442,30.28083028083028,20.512820512820515,0.0,59.1941391941392,27.155067155067155,0.0,32.62515262515262,65.05494505494505,31.062271062271066,15.433455433455434,0.0,56.45909645909646,18.94993894993895,57.24053724053724,11.916971916971915,0.0,-41.22100122100122,-41.61172161172161,-13.870573870573873,18.94993894993895,57.24053724053724
72.47863247863248,27.155067155067155,42.39316239316239,6.056166056166056,0.0,48.64468864468864,36.14163614163614,34.57875457875458,28.71794871794872,0.0,50.5982905982906,29.89010989010989,0.0,36.53235653235653,56.06837606837607,35.75091575091575,23.247863247863247,0.0,54.114774114774114,18.94993894993895,59.58485958485959,18.55921855921856,0.0,-42.002442002442,-21.68498168498169,-41.22100122100122,22.075702075702075,59.58485958485959
71.6971916971917,28.71794871794872,40.04884004884005,15.433455433455434,0.0,54.114774114774114,32.62515262515262,33.7973137973138,35.36019536019536,0.0,40.04884004884005,32.62515262515262,0.0,42.002442002442,42.002442002442,37.704517704517706,31.45299145299145,0.0,46.69108669108669,20.12210012210012,61.14774114774115,25.592185592185597,0.0,-39.65811965811966,-50.989010989010985,-21.68498168498169,27.936507936507937,61.14774114774115
74.43223443223444,31.843711843711844,38.48595848595848,20.12210012210012,0.0,62.31990231990232,31.45299145299145,36.14163614163614,35.36019536019536,0.0,33.01587301587302,32.234432234432234,0.0,52.16117216117216,29.89010989010989,42.39316239316239,33.01587301587302,0.0,40.83028083028083,27.155067155067155,63.49206349206349,25.982905982905983,0.0,-38.095238095238095,-60.757020757020754,-18.168498168498168,34.57875457875458,63.49206349206349
72.08791208791209,34.18803418803419,35.36019536019536,33.40659340659341,0.0,66.61782661782662,25.982905982905983,36.92307692307692,46.3003663003663,0.0,22.466422466422465,28.71794871794872,0.0,57.63125763125763,20.12210012210012,49.42612942612943,39.26739926739927,0.0,36.92307692307692,33.40659340659341,68.18070818070818,28.71794871794872,0.0,-34.969474969474966,-35.36019536019536,-42.39316239316239,36.92307692307692,68.18070818070818
67.00854700854701,35.36019536019536,27.936507936507937,45.51892551892552,0.0,68.96214896214896,18.55921855921856,33.01587301587302,55.28693528693529,0.0,10.744810744810744,26.37362637362637,0.0,58.02197802197802,9.963369963369964,50.989010989010985,47.081807081807085,0.0,29.10866910866911,37.31379731379732,68.18070818070818,31.45299145299145,0.0,-27.545787545787547,-21.68498168498169,-52.16117216117216,38.87667887667888,68.18070818070818
63.88278388278388,35.75091575091575,24.42002442002442,46.69108669108669,0.0,70.91575091575092,13.870573870573873,29.499389499389498,55.67765567765568,0.0,4.884004884004884,25.592185592185597,0.0,58.41269841269841,0.9768009768009768,52.94261294261294,47.472527472527474,0.0,22.857142857142858,42.39316239316239,68.57142857142857,25.982905982905983,0.0,-24.02930402930403,-21.68498168498169,-46.69108669108669,42.39316239316239,68.57142857142857
59.1941391941392,38.87667887667888,22.466422466422465,42.39316239316239,0.0,69.35286935286935,9.572649572649572,28.71794871794872,55.67765567765568,0.0,-3.3211233211233213,26.764346764346765,0.0,60.366300366300365,-2.5396825396825395,51.37973137973138,45.51892551892552,0.0,23.63858363858364,47.472527472527474,68.96214896214896,13.47985347985348,0.0,-22.075702075702075,0.5860805860805861,-60.366300366300365,45.51892551892552,68.96214896214896
52.55189255189255,40.43956043956044,18.94993894993895,45.12820512820513,0.0,63.88278388278388,1.7582417582417582,24.02930402930403,66.61782661782662,0.0,-14.652014652014651,27.545787545787547,0.0,58.02197802197802,-9.572649572649572,42.78388278388278,55.28693528693529,0.0,22.466422466422465,46.69108669108669,62.31990231990232,13.089133089133089,0.0,-18.55921855921856,-33.01587301587302,-24.02930402930403,48.64468864468864,62.31990231990232
47.86324786324786,43.56532356532357,17.387057387057386,46.69108669108669,0.0,58.02197802197802,-1.3675213675213675,23.247863247863247,75.6043956043956,0.0,-21.294261294261293,30.671550671550676,0.0,58.02197802197802,-16.214896214896214,36.14163614163614,61.53846153846154,0.0,22.466422466422465,47.472527472527474,56.84981684981685,11.135531135531137,0.0,-16.996336996336996,-46.69108669108669,-9.18192918192918,52.16117216117216,56.84981684981685
43.17460317460318,49.42612942612943,18.168498168498168,41.61172161172161,0.0,52.55189255189255,-0.9768009768009768,28.71794871794872,73.65079365079364,0.0,-26.37362637362637,33.01587301587302,0.0,59.58485958485959,-16.605616605616607,34.969474969474966,57.63125763125763,0.0,26.764346764346765,50.20757020757021,56.06837606837607,1.3675213675213675,0.0,-17.77777777777778,11.135531135531137,-58.02197802197802,51.77045177045177,56.06837606837607
35.75091575091575,50.5982905982906,14.652014652014651,45.12820512820513,0.0,42.002442002442,-3.3211233211233213,28.32722832722833,80.29304029304029,0.0,-30.28083028083028,32.234432234432234,0.0,56.45909645909646,-19.73137973137973,33.01587301587302,61.92918192918193,0.0,29.499389499389498,50.20757020757021,52.94261294261294,-0.5860805860805861,0.0,-14.261294261294262,30.671550671550676,-64.66422466422466,49.81684981684982,52.94261294261294
28.71794871794872,45.51892551892552,9.572649572649572,48.64468864468864,0.0,27.545787545787547,-4.493284493284493,22.857142857142858,87.32600732600733,0.0,-32.234432234432234,32.234432234432234,0.0,49.42612942612943,-23.63858363858364,27.936507936507937,71.30647130647131,0.0,29.89010989010989,48.64468864468864,46.69108669108669,-0.1953601953601953,0.0,-9.18192918192918,-10.744810744810744,-5.274725274725275,47.081807081807085,46.69108669108669
24.42002442002442,40.43956043956044,6.056166056166056,40.83028083028083,0.0,14.652014652014651,-7.228327228327228,19.73137973137973,86.15384615384616,0.0,-33.40659340659341,30.28083028083028,0.0,42.39316239316239,-23.63858363858364,22.075702075702075,73.65079365079364,0.0,29.10866910866911,50.20757020757021,41.22100122100122,-6.446886446886447,0.0,-5.665445665445666,-11.526251526251526,11.526251526251526,44.737484737484735,41.22100122100122
20.903540903540904,36.14163614163614,0.1953601953601953,36.92307692307692,0.0,5.274725274725275,-11.526251526251526,13.870573870573873,86.54456654456655,0.0,-33.7973137973138,25.2014652014652,0.0,34.969474969474966,-21.68498168498169,13.089133089133089,76.77655677655677,0.0,26.764346764346765,51.37973137973138,34.57875457875458,-9.963369963369964,0.0,0.1953601953601953,11.526251526251526,-4.102564102564102,41.61172161172161,34.57875457875458
19.73137973137973,34.18803418803419,-8.791208791208792,36.14163614163614,0.0,-2.148962148962149,-15.042735042735044,8.791208791208792,91.23321123321124,0.0,-32.234432234432234,19.34065934065934,0.0,25.982905982905983,-20.12210012210012,2.93040293040293,83.80952380952381,0.0,18.55921855921856,52.55189255189255,24.02930402930403,-4.102564102564102,0.0,9.18192918192918,-48.25396825396825,47.86324786324786,42.002442002442,24.02930402930403
21.68498168498169,35.75091575091575,-16.214896214896214,28.32722832722833,0.0,-5.665445665445666,-16.996336996336996,7.619047619047619,86.93528693528694,0.0,-25.2014652014652,14.652014652014651,0.0,21.68498168498169,-18.55921855921856,-3.711843711843712,80.29304029304029,0.0,11.526251526251526,55.28693528693529,15.433455433455434,-4.493284493284493,0.0,16.605616605616607,-94.35897435897436,80.29304029304029,42.78388278388278,15.433455433455434
23.63858363858364,40.43956043956044,-21.294261294261293,21.68498168498169,0.0,-8.791208791208792,-13.47985347985348,9.18192918192918,78.73015873015873,0.0,-15.433455433455434,9.18192918192918,0.0,19.73137973137973,-16.605616605616607,-3.711843711843712,71.6971916971917,0.0,10.744810744810744,58.41269841269841,9.963369963369964,-9.572649572649572,0.0,21.68498168498169,-85.37240537240537,68.57142857142857,39.26739926739927,9.963369963369964
23.247863247863247,39.65811965811966,-25.2014652014652,19.34065934065934,0.0,-17.387057387057386,-12.698412698412698,7.228327228327228,81.07448107448107,0.0,-6.837606837606837,4.493284493284493,0.0,15.042735042735044,-20.512820512820515,-5.274725274725275,77.16727716727716,0.0,8.00976800976801,57.24053724053724,4.884004884004884,-5.665445665445666,0.0,25.592185592185597,-70.91575091575092,52.55189255189255,34.57875457875458,4.884004884004884
20.12210012210012,32.62515262515262,-26.37362637362637,18.94993894993895,0.0,-27.936507936507937,-12.698412698412698,1.3675213675213675,86.15384615384616,0.0,-1.7582417582417582,-0.9768009768009768,0.0,6.837606837606837,-28.71794871794872,-8.791208791208792,88.4981684981685,0.0,4.102564102564102,52.55189255189255,2.5396825396825395,-2.148962148962149,0.0,26.764346764346765,-82.24664224664225,72.86935286935287,29.10866910866911,2.5396825396825395
11.916971916971915,27.155067155067155,-21.68498168498169,18.168498168498168,0.0,-42.002442002442,-7.228327228327228,0.5860805860805861,86.15384615384616,0.0,0.1953601953601953,-8.00976800976801,0.0,3.711843711843712,-31.45299145299145,-9.572649572649572,96.31257631257633,0.0,4.493284493284493,52.94261294261294,4.884004884004884,-4.884004884004884,0.0,22.075702075702075,-104.12698412698413,108.8156288156288,26.37362637362637,4.884004884004884
11.526251526251526,20.512820512820515,-18.94993894993895,19.73137973137973,0.0,-45.51892551892552,-6.056166056166056,-2.5396825396825395,89.27960927960928,0.0,2.5396825396825395,-11.916971916971915,0.0,-0.9768009768009768,-35.75091575091575,-12.307692307692308,109.98778998778998,0.0,4.102564102564102,50.20757020757021,3.711843711843712,0.1953601953601953,0.0,19.34065934065934,-71.6971916971917,86.93528693528694,21.68498168498169,3.711843711843712
7.619047619047619,15.042735042735044,-18.168498168498168,23.63858363858364,0.0,-54.5054945054945,-1.7582417582417582,-5.665445665445666,93.18681318681318,0.0,0.5860805860805861,-18.55921855921856,0.0,-7.619047619047619,-40.04884004884005,-18.55921855921856,123.66300366300366,0.0,2.148962148962149,47.86324786324786,0.5860805860805861,4.102564102564102,0.0,18.55921855921856,-99.43833943833944,123.27228327228327,20.903540903540904,0.5860805860805861
7.619047619047619,14.261294261294262,-15.433455433455434,16.214896214896214,0.0,-58.02197802197802,2.93040293040293,-5.274725274725275,84.59096459096459,0.0,0.5860805860805861,-20.12210012210012,0.0,-9.18192918192918,-45.90964590964591,-18.55921855921856,122.88156288156289,0.0,6.837606837606837,46.69108669108669,-5.665445665445666,-0.5860805860805861,0.0,15.824175824175825,-84.2002442002442,120.53724053724054,15.824175824175825,-5.665445665445666
9.963369963369964,16.214896214896214,-15.824175824175825,7.228327228327228,0.0,-56.06837606837607,6.446886446886447,-6.837606837606837,76.38583638583638,0.0,2.148962148962149,-20.12210012210012,0.0,-13.089133089133089,-49.03540903540904,-17.77777777777778,123.27228327228327,0.0,12.698412698412698,43.56532356532357,-11.916971916971915,-3.3211233211233213,0.0,16.214896214896214,-62.71062271062271,108.03418803418803,9.572649572649572,-11.916971916971915
7.619047619047619,16.214896214896214,-18.94993894993895,5.665445665445666,0.0,-58.8034188034188,5.274725274725275,-12.307692307692308,78.33943833943835,0.0,3.711843711843712,-24.42002442002442,0.0,-22.075702075702075,-53.724053724053725,-18.168498168498168,133.82173382173383,0.0,13.089133089133089,38.48595848595848,-18.55921855921856,3.711843711843712,0.0,19.34065934065934,-107.25274725274726,154.52991452991452,4.102564102564102,-18.55921855921856
6.056166056166056,17.387057387057386,-20.903540903540904,-1.3675213675213675,0.0,-58.8034188034188,5.274725274725275,-18.168498168498168,74.04151404151405,0.0,5.665445665445666,-29.10866910866911,0.0,-29.10866910866911,-56.84981684981685,-18.55921855921856,138.5103785103785,0.0,13.089133089133089,35.36019536019536,-24.02930402930403,7.619047619047619,0.0,21.294261294261293,-121.7094017094017,168.2051282051282,-0.9768009768009768,-24.02930402930403
8.00976800976801,22.466422466422465,-22.466422466422465,-11.916971916971915,0.0,-55.28693528693529,8.791208791208792,-19.73137973137973,63.10134310134311,0.0,10.354090354090356,-32.62515262515262,0.0,-32.234432234432234,-50.989010989010985,-16.605616605616607,136.16605616605617,0.0,14.261294261294262,36.14163614163614,-22.857142857142858,5.665445665445666,0.0,22.857142857142858,-70.13431013431014,110.76923076923076,-4.493284493284493,-22.857142857142858
13.089133089133089,25.2014652014652,-27.545787545787547,-15.042735042735044,0.0,-54.114774114774114,13.47985347985348,-22.466422466422465,59.1941391941392,0.0,14.652014652014651,-38.87667887667888,0.0,-32.234432234432234,-49.03540903540904,-16.996336996336996,137.72893772893772,0.0,12.698412698412698,37.31379731379732,-19.73137973137973,6.446886446886447,0.0,27.936507936507937,-96.7032967032967,120.92796092796092,-4.884004884004884,-19.73137973137973
19.34065934065934,28.71794871794872,-33.40659340659341,-15.824175824175825,0.0,-52.94261294261294,22.857142857142858,-25.982905982905983,55.67765567765568,0.0,18.55921855921856,-41.61172161172161,0.0,-30.28083028083028,-47.472527472527474,-18.55921855921856,138.9010989010989,0.0,11.916971916971915,35.75091575091575,-17.387057387057386,8.4004884004884,0.0,33.7973137973138,-163.9072039072039,171.33089133089132,-3.711843711843712,-17.387057387057386
30.671550671550676,30.671550671550676,-34.18803418803419,-18.168498168498168,0.0,-44.346764346764346,33.7973137973138,-25.2014652014652,45.12820512820513,0.0,23.63858363858364,-38.48595848595848,0.0,-23.247863247863247,-41.61172161172161,-14.261294261294262,127.96092796092796,0.0,16.996336996336996,33.01587301587302,-8.791208791208792,3.3211233211233213,0.0,34.57875457875458,-131.08669108669108,127.17948717948718,-4.493284493284493,-8.791208791208792
42.78388278388278,29.10866910866911,-33.01587301587302,-13.47985347985348,0.0,-34.18803418803419,40.43956043956044,-24.81074481074481,43.95604395604396,0.0,30.28083028083028,-34.18803418803419,0.0,-13.870573870573873,-35.75091575091575,-11.135531135531137,122.1001221001221,0.0,25.2014652014652,27.545787545787547,-1.7582417582417582,6.446886446886447,0.0,33.40659340659341,-102.17338217338218,87.32600732600733,-4.884004884004884,-1.7582417582417582
51.37973137973138,27.155067155067155,-31.45299145299145,-4.884004884004884,0.0,-27.545787545787547,46.69108669108669,-27.545787545787547,50.20757020757021,0.0,38.48595848595848,-28.71794871794872,0.0,-11.526251526251526,-28.71794871794872,-10.744810744810744,123.27228327228327,0.0,29.499389499389498,22.075702075702075,-0.5860805860805861,16.996336996336996,0.0,31.843711843711844,-151.01343101343102,127.57020757020756,-3.3211233211233213,-0.5860805860805861
63.10134310134311,25.982905982905983,-23.63858363858364,-4.493284493284493,0.0,-16.996336996336996,52.55189255189255,-22.466422466422465,49.03540903540904,0.0,48.64468864468864,-24.42002442002442,0.0,-9.963369963369964,-16.996336996336996,-9.572649572649572,117.4114774114774,0.0,34.969474969474966,22.466422466422465,-0.5860805860805861,20.12210012210012,0.0,24.02930402930403,-171.33089133089132,145.15262515262515,-1.7582417582417582,-0.5860805860805861
74.82295482295483,27.545787545787547,-16.996336996336996,-6.446886446886447,0.0,-7.228327228327228,57.24053724053724,-17.387057387057386,46.69108669108669,0.0,57.63125763125763,-22.466422466422465,0.0,-6.837606837606837,-6.837606837606837,-6.056166056166056,109.98778998778998,0.0,41.61172161172161,25.592185592185597,0.1953601953601953,19.34065934065934,0.0,17.387057387057386,-164.2979242979243,134.6031746031746,-0.1953601953601953,0.1953601953601953
83.02808302808303,25.592185592185597,-11.135531135531137,-6.837606837606837,0.0,-1.3675213675213675,61.14774114774115,-13.47985347985348,44.737484737484735,0.0,63.49206349206349,-21.294261294261293,0.0,-6.837606837606837,1.7582417582417582,-4.493284493284493,106.08058608058607,0.0,42.39316239316239,31.062271062271066,-2.148962148962149,21.68498168498169,0.0,11.526251526251526,-165.86080586080587,131.4774114774115,4.493284493284493,-2.148962148962149
88.4981684981685,21.68498168498169,-4.493284493284493,-6.446886446886447,0.0,2.5396825396825395,63.49206349206349,-6.446886446886447,39.26739926739927,0.0,67.78998778998779,-22.075702075702075,0.0,-10.744810744810744,11.916971916971915,0.1953601953601953,98.65689865689866,0.0,38.48595848595848,36.92307692307692,0.5860805860805861,21.294261294261293,0.0,4.884004884004884,-161.17216117216117,120.92796092796092,10.354090354090356,0.5860805860805861
95.14041514041514,19.73137973137973,-2.5396825396825395,-11.916971916971915,0.0,8.4004884004884,68.18070818070818,-3.711843711843712,27.545787545787547,0.0,72.08791208791209,-15.433455433455434,0.0,-2.5396825396825395,18.94993894993895,2.5396825396825395,83.80952380952381,0.0,44.346764346764346,37.704517704517706,1.7582417582417582,16.996336996336996,0.0,2.93040293040293,-140.85470085470087,95.53113553113552,14.652014652014651,1.7582417582417582
96.31257631257633,15.433455433455434,-0.9768009768009768,-6.056166056166056,0.0,6.837606837606837,70.52503052503053,-1.7582417582417582,28.32722832722833,0.0,75.6043956043956,-9.18192918192918,0.0,-0.5860805860805861,25.592185592185597,6.837606837606837,79.51159951159951,0.0,47.081807081807085,38.87667887667888,2.93040293040293,20.12210012210012,0.0,1.3675213675213675,-136.94749694749694,86.54456654456655,18.55921855921856,2.93040293040293
96.31257631257633,11.135531135531137,1.3675213675213675,-2.5396825396825395,0.0,5.665445665445666,71.30647130647131,-0.5860805860805861,29.499389499389498,0.0,81.46520146520146,-2.93040293040293,0.0,-0.9768009768009768,32.62515262515262,9.18192918192918,76.77655677655677,0.0,50.989010989010985,38.095238095238095,2.148962148962149,24.42002442002442,0.0,-0.9768009768009768,-138.9010989010989,84.59096459096459,24.42002442002442,2.148962148962149
101.78266178266178,13.089133089133089,8.00976800976801,-13.870573870573873,0.0,10.354090354090356,76.77655677655677,2.148962148962149,18.168498168498168,0.0,89.67032967032966,8.00976800976801,0.0,5.665445665445666,41.61172161172161,11.526251526251526,62.31990231990232,0.0,65.44566544566544,38.48595848595848,-1.3675213675213675,17.387057387057386,0.0,-7.619047619047619,-112.72283272283272,62.31990231990232,25.592185592185597,-1.3675213675213675
105.2991452991453,15.433455433455434,13.47985347985348,-25.982905982905983,0.0,13.47985347985348,81.07448107448107,4.102564102564102,9.572649572649572,0.0,94.35897435897436,17.387057387057386,0.0,8.4004884004884,51.37973137973138,14.261294261294262,47.86324786324786,0.0,78.33943833943835,38.095238095238095,-5.665445665445666,11.526251526251526,0.0,-13.089133089133089,-103.34554334554336,53.333333333333336,28.32722832722833,-5.665445665445666
103.34554334554336,10.744810744810744,14.652014652014651,-30.28083028083028,0.0,9.572649572649572,81.46520146520146,2.148962148962149,4.493284493284493,0.0,96.7032967032967,23.247863247863247,0.0,6.837606837606837,55.67765567765568,10.744810744810744,43.56532356532357,0.0,83.02808302808303,31.45299145299145,-14.261294261294262,16.214896214896214,0.0,-14.261294261294262,-156.87423687423689,106.86202686202688,29.89010989010989,-14.261294261294262
106.08058608058607,8.4004884004884,13.089133089133089,-40.43956043956044,0.0,11.135531135531137,83.41880341880342,1.7582417582417582,-8.791208791208792,0.0,99.04761904761904,30.671550671550676,0.0,9.18192918192918,58.02197802197802,5.274725274725275,33.40659340659341,0.0,84.59096459096459,26.764346764346765,-20.903540903540904,15.433455433455434,0.0,-12.698412698412698,-156.87423687423689,106.86202686202688,27.936507936507937,-20.903540903540904
107.64346764346764,6.446886446886447,14.261294261294262,-49.03540903540904,0.0,11.526251526251526,86.54456654456655,2.5396825396825395,-21.68498168498169,0.0,97.87545787545788,36.92307692307692,0.0,10.354090354090356,59.1941391941392,7.228327228327228,22.857142857142858,0.0,80.68376068376068,25.592185592185597,-21.294261294261293,15.824175824175825,0.0,-13.870573870573873,-92.7960927960928,40.83028083028083,25.982905982905983,-21.294261294261293
106.86202686202688,-1.7582417582417582,15.042735042735044,-43.95604395604396,0.0,8.791208791208792,85.37240537240537,2.93040293040293,-22.075702075702075,0.0,95.53113553113552,40.43956043956044,0.0,4.493284493284493,56.06837606837607,6.837606837606837,26.764346764346765,0.0,68.57142857142857,22.857142857142858,-24.02930402930403,26.764346764346765,0.0,-14.652014652014651,-90.06105006105007,37.704517704517706,24.81074481074481,-24.02930402930403
109.2063492063492,-6.837606837606837,17.77777777777778,-43.17460317460318,0.0,9.572649572649572,84.59096459096459,4.102564102564102,-22.466422466422465,0.0,95.53113553113552,43.95604395604396,0.0,0.9768009768009768,55.28693528693529,6.056166056166056,27.545787545787547,0.0,58.41269841269841,25.592185592185597,-28.32722832722833,33.40659340659341,0.0,-17.387057387057386,-106.08058608058607,51.77045177045177,27.545787545787547,-28.32722832722833
112.33211233211232,-6.056166056166056,22.075702075702075,-50.989010989010985,0.0,16.214896214896214,83.02808302808303,6.446886446886447,-29.499389499389498,0.0,95.92185592185592,47.081807081807085,0.0,0.5860805860805861,58.8034188034188,6.837606837606837,18.94993894993895,0.0,56.45909645909646,28.71794871794872,-30.28083028083028,29.89010989010989,0.0,-21.68498168498169,-67.3992673992674,15.433455433455434,28.32722832722833,-30.28083028083028
115.45787545787546,-8.00976800976801,21.294261294261293,-53.724053724053725,0.0,22.075702075702075,77.16727716727716,6.446886446886447,-31.45299145299145,0.0,93.96825396825396,48.64468864468864,0.0,-0.9768009768009768,59.975579975579976,5.665445665445666,15.042735042735044,0.0,54.5054945054945,25.592185592185597,-32.62515262515262,31.062271062271066,0.0,-20.903540903540904,-37.704517704517706,-15.433455433455434,28.71794871794872,-32.62515262515262
116.63003663003664,-11.916971916971915,13.47985347985348,-51.37973137973138,0.0,29.499389499389498,67.00854700854701,1.3675213675213675,-32.234432234432234,0.0,93.96825396825396,43.56532356532357,0.0,-2.5396825396825395,57.24053724053724,2.148962148962149,13.47985347985348,0.0,49.03540903540904,17.77777777777778,-32.234432234432234,35.36019536019536,0.0,-13.089133089133089,-50.20757020757021,-10.354090354090356,28.71794871794872,-32.234432234432234
120.14652014652016,-9.963369963369964,4.493284493284493,-55.28693528693529,0.0,42.78388278388278,60.757020757020754,-1.7582417582417582,-42.78388278388278,0.0,90.84249084249085,40.04884004884005,0.0,0.1953601953601953,52.94261294261294,4.884004884004884,4.102564102564102,0.0,43.56532356532357,12.307692307692308,-29.499389499389498,35.36019536019536,0.0,-4.102564102564102,-49.42612942612943,-15.824175824175825,24.02930402930403,-29.499389499389498
122.88156288156289,-11.526251526251526,-4.493284493284493,-53.724053724053725,0.0,49.42612942612943,57.24053724053724,-6.056166056166056,-48.64468864468864,0.0,86.15384615384616,36.53235653235653,0.0,-0.5860805860805861,47.86324786324786,9.963369963369964,-0.5860805860805861,0.0,35.36019536019536,6.446886446886447,-27.155067155067155,41.22100122100122,0.0,4.884004884004884,-34.969474969474966,-36.92307692307692,18.55921855921856,-27.155067155067155
121.7094017094017,-18.55921855921856,-9.572649572649572,-43.17460317460318,0.0,51.77045177045177,48.64468864468864,-5.274725274725275,-45.90964590964591,0.0,79.51159951159951,33.40659340659341,0.0,-5.665445665445666,37.704517704517706,20.903540903540904,-0.5860805860805861,0.0,20.512820512820515,0.5860805860805861,-23.247863247863247,53.333333333333336,0.0,9.963369963369964,2.148962148962149,-75.995115995116,11.916971916971915,-23.247863247863247
120.14652014652016,-17.77777777777778,-17.77777777777778,-39.26739926739927,0.0,51.37973137973138,50.20757020757021,-10.354090354090356,-47.081807081807085,0.0,72.86935286935287,31.062271062271066,0.0,-4.493284493284493,29.89010989010989,19.73137973137973,-0.5860805860805861,0.0,10.354090354090356,0.9768009768009768,-27.936507936507937,59.975579975579976,0.0,18.168498168498168,-38.095238095238095,-36.92307692307692,9.963369963369964,-27.936507936507937
115.84859584859583,-20.12210012210012,-18.94993894993895,-39.26739926739927,0.0,46.69108669108669,46.69108669108669,-6.446886446886447,-51.37973137973138,0.0,66.22710622710623,30.671550671550676,0.0,-6.837606837606837,26.37362637362637,24.42002442002442,-4.884004884004884,0.0,4.493284493284493,-0.5860805860805861,-23.247863247863247,57.24053724053724,0.0,19.34065934065934,-36.92307692307692,-32.62515262515262,6.056166056166056,-23.247863247863247
111.15995115995116,-26.37362637362637,-22.857142857142858,-31.062271062271066,0.0,42.39316239316239,39.65811965811966,-6.056166056166056,-47.081807081807085,0.0,60.757020757020754,28.71794871794872,0.0,-13.870573870573873,20.903540903540904,27.545787545787547,-0.1953601953601953,0.0,-2.5396825396825395,-6.837606837606837,-17.387057387057386,61.92918192918193,0.0,23.247863247863247,-42.002442002442,-24.81074481074481,2.93040293040293,-17.387057387057386
104.12698412698413,-30.671550671550676,-29.499389499389498,-21.68498168498169,0.0,36.92307692307692,36.53235653235653,-9.963369963369964,-42.78388278388278,0.0,56.84981684981685,22.857142857142858,0.0,-19.73137973137973,16.605616605616607,23.63858363858364,5.274725274725275,0.0,-9.18192918192918,-9.18192918192918,-18.168498168498168,63.88278388278388,0.0,29.89010989010989,-47.472527472527474,-16.214896214896214,2.93040293040293,-18.168498168498168
100.21978021978022,-31.062271062271066,-33.01587301587302,-25.982905982905983,0.0,35.36019536019536,33.40659340659341,-7.228327228327228,-52.94261294261294,0.0,54.114774114774114,20.512820512820515,0.0,-24.81074481074481,16.996336996336996,24.02930402930403,-1.3675213675213675,0.0,-14.652014652014651,-6.837606837606837,-18.55921855921856,55.28693528693529,0.0,33.40659340659341,6.837606837606837,-66.61782661782662,1.7582417582417582,-18.55921855921856
96.31257631257633,-34.57875457875458,-35.36019536019536,-24.42002442002442,0.0,32.234432234432234,27.936507936507937,-5.274725274725275,-54.5054945054945,0.0,50.20757020757021,18.168498168498168,0.0,-31.062271062271066,13.870573870573873,25.592185592185597,-4.493284493284493,0.0,-20.903540903540904,-5.274725274725275,-21.294261294261293,52.55189255189255,0.0,35.75091575091575,12.698412698412698,-70.13431013431014,1.7582417582417582,-21.294261294261293
89.67032967032966,-38.095238095238095,-41.22100122100122,-13.870573870573873,0.0,26.37362637362637,21.294261294261293,-8.00976800976801,-44.737484737484735,0.0,45.90964590964591,13.870573870573873,0.0,-39.65811965811966,8.791208791208792,20.512820512820515,0.5860805860805861,0.0,-32.234432234432234,-2.5396825396825395,-31.45299145299145,58.41269841269841,0.0,41.61172161172161,-52.16117216117216,-5.274725274725275,3.711843711843712,-31.45299145299145
83.41880341880342,-38.87667887667888,-41.22100122100122,-11.916971916971915,0.0,22.466422466422465,15.824175824175825,-3.3211233211233213,-45.51892551892552,0.0,40.83028083028083,15.433455433455434,0.0,-44.737484737484735,7.619047619047619,20.12210012210012,-0.5860805860805861,0.0,-38.095238095238095,-0.5860805860805861,-34.18803418803419,56.06837606837607,0.0,41.61172161172161,-68.18070818070818,12.307692307692308,5.274725274725275,-34.18803418803419
77.16727716727716,-41.61172161172161,-36.14163614163614,-7.228327228327228,0.0,18.55921855921856,10.744810744810744,1.3675213675213675,-41.22100122100122,0.0,37.704517704517706,18.55921855921856,0.0,-50.20757020757021,6.056166056166056,27.936507936507937,1.7582417582417582,0.0,-40.04884004884005,-2.5396825396825395,-26.764346764346765,56.06837606837607,0.0,36.53235653235653,-13.089133089133089,-38.095238095238095,3.3211233211233213,-26.764346764346765
66.61782661782662,-43.56532356532357,-35.36019536019536,6.056166056166056,0.0,9.963369963369964,8.00976800976801,1.3675213675213675,-28.32722832722833,0.0,31.843711843711844,19.34065934065934,0.0,-56.45909645909646,3.711843711843712,30.671550671550676,15.042735042735044,0.0,-44.346764346764346,-6.056166056166056,-20.903540903540904,65.83638583638583,0.0,35.75091575091575,-20.12210012210012,-28.32722832722833,0.9768009768009768,-20.903540903540904
58.8034188034188,-44.346764346764346,-31.062271062271066,10.354090354090356,0.0,4.493284493284493,5.274725274725275,6.056166056166056,-23.247863247863247,0.0,25.592185592185597,22.075702075702075,0.0,-58.8034188034188,1.3675213675213675,31.843711843711844,23.63858363858364,0.0,-45.51892551892552,-5.665445665445666,-16.996336996336996,68.57142857142857,0.0,31.45299145299145,-41.61172161172161,-1.7582417582417582,0.1953601953601953,-16.996336996336996
53.333333333333336,-41.22100122100122,-25.982905982905983,8.791208791208792,0.0,1.3675213675213675,1.7582417582417582,10.354090354090356,-19.73137973137973,0.0,18.94993894993895,22.857142857142858,0.0,-57.63125763125763,0.1953601953601953,33.01587301587302,23.63858363858364,0.0,-43.95604395604396,-3.711843711843712,-15.042735042735044,63.10134310134311,0.0,26.37362637362637,-6.056166056166056,-28.71794871794872,-1.7582417582417582,-15.042735042735044
47.081807081807085,-39.65811965811966,-25.592185592185597,10.354090354090356,0.0,-4.884004884004884,-3.3211233211233213,13.089133089133089,-12.307692307692308,0.0,8.00976800976801,22.075702075702075,0.0,-56.06837606837607,-2.93040293040293,29.10866910866911,23.247863247863247,0.0,-44.737484737484735,-0.9768009768009768,-16.214896214896214,57.24053724053724,0.0,25.982905982905983,17.387057387057386,-46.69108669108669,-1.7582417582417582,-16.214896214896214
38.87667887667888,-42.39316239316239,-26.37362637362637,17.77777777777778,0.0,-12.698412698412698,-9.18192918192918,12.307692307692308,-1.3675213675213675,0.0,-1.3675213675213675,22.857142857142858,0.0,-57.63125763125763,-6.446886446886447,22.075702075702075,26.764346764346765,0.0,-48.25396825396825,-0.1953601953601953,-21.294261294261293,54.5054945054945,0.0,26.764346764346765,5.274725274725275,-25.592185592185597,0.1953601953601953,-21.294261294261293
31.45299145299145,-40.43956043956044,-25.982905982905983,20.903540903540904,0.0,-21.68498168498169,-7.228327228327228,14.261294261294262,0.9768009768009768,0.0,-8.791208791208792,21.68498168498169,0.0,-55.67765567765568,-8.00976800976801,18.94993894993895,20.512820512820515,0.0,-46.69108669108669,0.1953601953601953,-20.12210012210012,43.17460317460318,0.0,26.37362637362637,20.12210012210012,-31.843711843711844,1.3675213675213675,-20.12210012210012
20.12210012210012,-40.04884004884005,-26.764346764346765,31.062271062271066,0.0,-32.62515262515262,-6.056166056166056,11.916971916971915,11.135531135531137,0.0,-16.605616605616607,18.168498168498168,0.0,-55.28693528693529,-13.089133089133089,20.12210012210012,22.466422466422465,0.0,-47.472527472527474,-2.93040293040293,-12.698412698412698,38.87667887667888,0.0,27.155067155067155,56.45909645909646,-63.88278388278388,1.7582417582417582,-12.698412698412698
12.307692307692308,-42.39316239316239,-24.81074481074481,36.92307692307692,0.0,-42.002442002442,-6.056166056166056,8.791208791208792,20.903540903540904,0.0,-23.247863247863247,14.261294261294262,0.0,-56.06837606837607,-13.870573870573873,12.698412698412698,30.28083028083028,0.0,-47.081807081807085,-6.056166056166056,-12.307692307692308,40.43956043956044,0.0,25.2014652014652,80.68376068376068,-80.68376068376068,-0.9768009768009768,-12.307692307692308
8.791208791208792,-43.95604395604396,-18.55921855921856,35.36019536019536,0.0,-44.737484737484735,-7.228327228327228,10.744810744810744,22.857142857142858,0.0,-27.545787545787547,12.307692307692308,0.0,-54.114774114774114,-13.870573870573873,11.526251526251526,27.155067155067155,0.0,-43.95604395604396,-8.00976800976801,-7.619047619047619,32.234432234432234,0.0,18.94993894993895,63.88278388278388,-58.41269841269841,-0.5860805860805861,-7.619047619047619
4.493284493284493,-43.17460317460318,-10.744810744810744,30.671550671550676,0.0,-47.472527472527474,-11.135531135531137,16.605616605616607,23.247863247863247,0.0,-33.01587301587302,13.089133089133089,0.0,-52.16117216117216,-11.135531135531137,12.307692307692308,20.903540903540904,0.0,-39.65811965811966,-8.00976800976801,-4.102564102564102,22.857142857142858,0.0,11.135531135531137,49.03540903540904,-35.36019536019536,-1.3675213675213675,-4.102564102564102
-0.1953601953601953,-49.81684981684982,-5.665445665445666,37.31379731379732,0.0,-53.333333333333336,-16.996336996336996,15.042735042735044,35.36019536019536,0.0,-39.65811965811966,14.261294261294262,0.0,-55.28693528693529,-12.698412698412698,9.572649572649572,24.02930402930403,0.0,-41.61172161172161,-9.18192918192918,-7.619047619047619,24.42002442002442,0.0,6.056166056166056,13.870573870573873,8.4004884004884,-2.93040293040293,-7.619047619047619
-8.4004884004884,-54.89621489621489,-6.837606837606837,45.12820512820513,0.0,-58.8034188034188,-21.68498168498169,13.870573870573873,40.83028083028083,0.0,-45.51892551892552,13.47985347985348,0.0,-56.45909645909646,-15.824175824175825,6.056166056166056,25.2014652014652,0.0,-43.95604395604396,-9.963369963369964,-10.354090354090356,23.63858363858364,0.0,7.228327228327228,8.00976800976801,20.903540903540904,-2.5396825396825395,-10.354090354090356
-16.605616605616607,-54.5054945054945,-8.00976800976801,43.17460317460318,0.0,-60.757020757020754,-23.247863247863247,12.307692307692308,33.40659340659341,0.0,-51.37973137973138,10.744810744810744,0.0,-49.42612942612943,-20.512820512820515,6.837606837606837,15.433455433455434,0.0,-40.83028083028083,-8.4004884004884,-11.916971916971915,15.042735042735044,0.0,8.4004884004884,81.85592185592185,-43.56532356532357,-3.3211233211233213,-11.916971916971915
-27.155067155067155,-57.24053724053724,-10.744810744810744,45.51892551892552,0.0,-60.757020757020754,-28.32722832722833,3.3211233211233213,34.969474969474966,0.0,-55.67765567765568,4.493284493284493,0.0,-45.90964590964591,-25.2014652014652,2.148962148962149,14.652014652014651,0.0,-39.26739926739927,-12.307692307692308,-15.433455433455434,14.261294261294262,0.0,11.135531135531137,133.43101343101344,-84.2002442002442,-7.619047619047619,-15.433455433455434
-34.969474969474966,-58.8034188034188,-14.261294261294262,43.95604395604396,0.0,-57.24053724053724,-34.18803418803419,-7.228327228327228,34.18803418803419,0.0,-58.02197802197802,-1.7582417582417582,0.0,-42.002442002442,-28.71794871794872,-7.228327228327228,16.214896214896214,0.0,-36.14163614163614,-18.94993894993895,-19.34065934065934,13.47985347985348,0.0,14.652014652014651,100.6105006105006,-49.81684981684982,-7.228327228327228,-19.34065934065934
-40.04884004884005,-55.28693528693529,-11.526251526251526,35.36019536019536,0.0,-51.77045177045177,-36.14163614163614,-11.526251526251526,27.545787545787547,0.0,-59.1941391941392,-5.274725274725275,0.0,-38.87667887667888,-25.982905982905983,-9.572649572649572,6.446886446886447,0.0,-30.28083028083028,-23.63858363858364,-19.73137973137973,6.446886446886447,0.0,11.916971916971915,104.9084249084249,-50.989010989010985,-9.572649572649572,-19.73137973137973
-43.95604395604396,-50.989010989010985,-5.665445665445666,30.28083028083028,0.0,-45.90964590964591,-39.26739926739927,-15.433455433455434,30.28083028083028,0.0,-58.02197802197802,-8.791208791208792,0.0,-40.83028083028083,-20.512820512820515,-9.963369963369964,1.7582417582417582,0.0,-29.499389499389498,-24.81074481074481,-17.77777777777778,3.3211233211233213,0.0,6.056166056166056,136.55677655677655,-82.63736263736264,-11.135531135531137,-17.77777777777778
-48.25396825396825,-49.03540903540904,-4.102564102564102,32.62515262515262,0.0,-42.78388278388278,-42.39316239316239,-21.294261294261293,37.31379731379732,0.0,-57.63125763125763,-12.307692307692308,0.0,-45.12820512820513,-19.73137973137973,-11.526251526251526,6.837606837606837,0.0,-31.45299145299145,-24.81074481074481,-19.73137973137973,6.446886446886447,0.0,4.493284493284493,93.57753357753356,-41.61172161172161,-11.135531135531137,-19.73137973137973
-51.37973137973138,-42.39316239316239,-3.711843711843712,28.32722832722833,0.0,-35.36019536019536,-42.002442002442,-24.42002442002442,32.62515262515262,0.0,-55.67765567765568,-18.55921855921856,0.0,-42.002442002442,-18.94993894993895,-13.47985347985348,4.884004884004884,0.0,-28.71794871794872,-21.294261294261293,-22.075702075702075,3.3211233211233213,0.0,4.102564102564102,59.58485958485959,-8.4004884004884,-9.572649572649572,-22.075702075702075
-56.45909645909646,-34.969474969474966,-0.9768009768009768,22.466422466422465,0.0,-25.982905982905983,-41.61172161172161,-27.936507936507937,25.2014652014652,0.0,-52.94261294261294,-25.592185592185597,0.0,-35.75091575091575,-18.168498168498168,-13.870573870573873,0.1953601953601953,0.0,-23.63858363858364,-16.214896214896214,-24.42002442002442,-2.5396825396825395,0.0,1.3675213675213675,102.17338217338218,-48.64468864468864,-6.837606837606837,-24.42002442002442
-62.31990231990232,-27.936507936507937,-2.5396825396825395,24.42002442002442,0.0,-20.12210012210012,-38.095238095238095,-31.45299145299145,21.294261294261293,0.0,-50.989010989010985,-30.28083028083028,0.0,-27.545787545787547,-19.73137973137973,-18.94993894993895,0.1953601953601953,0.0,-19.34065934065934,-14.261294261294262,-27.155067155067155,-4.493284493284493,0.0,2.93040293040293,113.11355311355312,-60.757020757020754,-4.884004884004884,-27.155067155067155
-72.08791208791209,-20.512820512820515,-4.102564102564102,27.545787545787547,0.0,-20.512820512820515,-34.57875457875458,-34.57875457875458,19.73137973137973,0.0,-53.333333333333336,-33.40659340659341,0.0,-20.903540903540904,-20.512820512820515,-23.247863247863247,-0.5860805860805861,0.0,-20.12210012210012,-12.698412698412698,-26.37362637362637,-6.446886446886447,0.0,4.493284493284493,90.84249084249085,-47.86324786324786,1.7582417582417582,-26.37362637362637
-80.68376068376068,-11.526251526251526,-0.5860805860805861,25.982905982905983,0.0,-21.294261294261293,-31.843711843711844,-32.234432234432234,18.94993894993895,0.0,-58.8034188034188,-35.36019536019536,0.0,-17.387057387057386,-16.996336996336996,-19.73137973137973,-7.619047619047619,0.0,-20.12210012210012,-8.00976800976801,-19.73137973137973,-13.47985347985348,0.0,0.9768009768009768,77.16727716727716,-39.26739926739927,5.665445665445666,-19.73137973137973
-81.85592185592185,-4.102564102564102,0.9768009768009768,25.2014652014652,0.0,-16.996336996336996,-34.969474969474966,-31.843711843711844,24.42002442002442,0.0,-63.49206349206349,-32.234432234432234,0.0,-15.824175824175825,-16.605616605616607,-18.94993894993895,-3.711843711843712,0.0,-18.94993894993895,-8.4004884004884,-14.652014652014651,-12.698412698412698,0.0,-0.5860805860805861,108.03418803418803,-73.26007326007326,4.493284493284493,-14.652014652014651
-86.54456654456655,0.9768009768009768,6.446886446886447,25.982905982905983,0.0,-17.77777777777778,-40.83028083028083,-30.671550671550676,38.48595848595848,0.0,-72.86935286935287,-32.234432234432234,0.0,-16.214896214896214,-17.77777777777778,-19.34065934065934,4.102564102564102,0.0,-17.387057387057386,-8.791208791208792,-12.307692307692308,-8.4004884004884,0.0,-6.056166056166056,98.65689865689866,-63.49206349206349,4.102564102564102,-12.307692307692308
-83.02808302808303,6.446886446886447,13.870573870573873,19.34065934065934,0.0,-11.135531135531137,-44.737484737484735,-26.764346764346765,41.61172161172161,0.0,-77.55799755799755,-31.45299145299145,0.0,-8.791208791208792,-17.387057387057386,-19.73137973137973,3.711843711843712,0.0,-9.18192918192918,-8.00976800976801,-12.698412698412698,-11.135531135531137,0.0,-13.47985347985348,113.11355311355312,-71.6971916971917,0.9768009768009768,-12.698412698412698
-75.6043956043956,13.870573870573873,16.214896214896214,15.042735042735044,0.0,-4.102564102564102,-42.78388278388278,-22.466422466422465,41.22100122100122,0.0,-76.77655677655677,-27.936507936507937,0.0,-2.5396825396825395,-13.870573870573873,-21.68498168498169,2.93040293040293,0.0,2.93040293040293,-9.18192918192918,-13.870573870573873,-14.261294261294262,0.0,-15.824175824175825,106.08058608058607,-59.58485958485959,-3.3211233211233213,-13.870573870573873
-75.21367521367522,18.168498168498168,14.652014652014651,24.42002442002442,0.0,-6.837606837606837,-41.61172161172161,-19.34065934065934,52.94261294261294,0.0,-74.82295482295483,-28.71794871794872,0.0,-0.1953601953601953,-12.698412698412698,-24.42002442002442,13.089133089133089,0.0,7.228327228327228,-10.354090354090356,-13.47985347985348,-6.837606837606837,0.0,-14.261294261294262,26.37362637362637,18.55921855921856,-6.837606837606837,-13.47985347985348
-73.65079365079364,22.857142857142858,8.4004884004884,31.062271062271066,0.0,-8.00976800976801,-37.704517704517706,-16.214896214896214,53.724053724053725,0.0,-69.35286935286935,-30.671550671550676,0.0,2.148962148962149,-11.916971916971915,-25.2014652014652,18.94993894993895,0.0,10.354090354090356,-10.744810744810744,-13.089133089133089,-2.5396825396825395,0.0,-8.00976800976801,-5.665445665445666,48.64468864468864,-7.619047619047619,-13.089133089133089
-70.52503052503053,29.89010989010989,6.446886446886447,27.545787545787547,0.0,-5.665445665445666,-31.062271062271066,-12.698412698412698,45.12820512820513,0.0,-60.757020757020754,-29.89010989010989,0.0,4.493284493284493,-8.00976800976801,-22.466422466422465,16.996336996336996,0.0,15.433455433455434,-9.963369963369964,-9.572649572649572,-3.711843711843712,0.0,-6.056166056166056,43.56532356532357,0.5860805860805861,-11.526251526251526,-9.572649572649572
-68.57142857142857,32.62515262515262,6.446886446886447,31.062271062271066,0.0,-3.3211233211233213,-27.155067155067155,-13.870573870573873,47.86324786324786,0.0,-53.333333333333336,-33.01587301587302,0.0,4.884004884004884,-7.228327228327228,-21.68498168498169,22.075702075702075,0.0,16.996336996336996,-12.698412698412698,-8.00976800976801,2.5396825396825395,0.0,-6.056166056166056,43.95604395604396,-0.9768009768009768,-13.089133089133089,-8.00976800976801
-64.66422466422466,33.40659340659341,5.274725274725275,34.57875457875458,0.0,-0.9768009768009768,-20.903540903540904,-15.433455433455434,48.64468864468864,0.0,-44.737484737484735,-32.62515262515262,0.0,8.00976800976801,-5.665445665445666,-20.903540903540904,22.857142857142858,0.0,20.12210012210012,-15.042735042735044,-5.274725274725275,5.274725274725275,0.0,-4.884004884004884,6.837606837606837,31.843711843711844,-11.135531135531137,-5.274725274725275
-56.84981684981685,35.36019536019536,9.572649572649572,29.499389499389498,0.0,4.102564102564102,-10.354090354090356,-14.261294261294262,40.04884004884005,0.0,-34.969474969474966,-27.155067155067155,0.0,16.605616605616607,0.9768009768009768,-16.605616605616607,10.744810744810744,0.0,27.155067155067155,-13.870573870573873,0.5860805860805861,-0.5860805860805861,0.0,-9.18192918192918,27.936507936507937,10.744810744810744,-11.526251526251526,0.5860805860805861
-50.5982905982906,41.61172161172161,10.744810744810744,29.499389499389498,0.0,10.354090354090356,-0.9768009768009768,-13.870573870573873,37.31379731379732,0.0,-23.247863247863247,-21.68498168498169,0.0,26.764346764346765,7.619047619047619,-13.47985347985348,4.884004884004884,0.0,35.36019536019536,-13.47985347985348,7.228327228327228,-2.148962148962149,0.0,-10.354090354090356,43.56532356532357,-9.18192918192918,-11.526251526251526,7.228327228327228
-50.989010989010985,42.39316239316239,9.18192918192918,36.14163614163614,0.0,7.619047619047619,3.3211233211233213,-11.916971916971915,39.26739926739927,0.0,-11.916971916971915,-16.214896214896214,0.0,33.7973137973138,9.18192918192918,-11.916971916971915,8.4004884004884,0.0,35.36019536019536,-12.307692307692308,11.526251526251526,5.665445665445666,0.0,-8.791208791208792,-19.34065934065934,46.69108669108669,-11.135531135531137,11.526251526251526
-53.333333333333336,43.17460317460318,14.652014652014651,35.36019536019536,0.0,0.9768009768009768,13.870573870573873,-6.837606837606837,33.01587301587302,0.0,0.9768009768009768,-13.870573870573873,0.0,37.704517704517706,10.354090354090356,-6.446886446886447,7.619047619047619,0.0,33.40659340659341,-7.228327228327228,13.47985347985348,9.963369963369964,0.0,-14.261294261294262,-49.42612942612943,74.04151404151405,-9.963369963369964,13.47985347985348
-52.55189255189255,44.737484737484735,18.168498168498168,34.18803418803419,0.0,-2.5396825396825395,22.466422466422465,-3.3211233211233213,30.28083028083028,0.0,14.261294261294262,-13.089133089133089,0.0,39.65811965811966,11.526251526251526,-3.711843711843712,10.354090354090356,0.0,34.57875457875458,-3.3211233211233213,13.47985347985348,13.089133089133089,0.0,-17.77777777777778,-29.10866910866911,53.333333333333336,-11.526251526251526,13.47985347985348
-52.55189255189255,42.39316239316239,17.387057387057386,42.002442002442,0.0,-11.135531135531137,29.10866910866911,-4.102564102564102,36.53235653235653,0.0,22.075702075702075,-13.47985347985348,0.0,35.75091575091575,12.698412698412698,0.1953601953601953,16.214896214896214,0.0,34.18803418803419,-0.9768009768009768,13.870573870573873,18.168498168498168,0.0,-16.996336996336996,4.493284493284493,12.307692307692308,-9.18192918192918,13.870573870573873
-50.5982905982906,38.095238095238095,18.94993894993895,48.64468864468864,0.0,-16.996336996336996,36.14163614163614,-3.3211233211233213,41.22100122100122,0.0,27.936507936507937,-13.870573870573873,0.0,28.71794871794872,19.34065934065934,7.228327228327228,20.12210012210012,0.0,34.57875457875458,5.274725274725275,19.73137973137973,15.824175824175825,0.0,-18.55921855921856,26.37362637362637,-9.572649572649572,-6.446886446886447,19.73137973137973
-43.56532356532357,41.61172161172161,14.261294261294262,45.90964590964591,0.0,-13.47985347985348,42.39316239316239,-8.00976800976801,38.87667887667888,0.0,31.062271062271066,-8.791208791208792,0.0,38.095238095238095,19.73137973137973,9.572649572649572,18.55921855921856,0.0,48.64468864468864,9.18192918192918,23.247863247863247,5.665445665445666,0.0,-13.870573870573873,34.57875457875458,-19.34065934065934,-4.493284493284493,23.247863247863247
-40.04884004884005,40.83028083028083,8.00976800976801,52.16117216117216,0.0,-15.824175824175825,43.95604395604396,-12.698412698412698,47.081807081807085,0.0,28.71794871794872,-9.18192918192918,0.0,38.48595848595848,19.73137973137973,12.307692307692308,26.764346764346765,0.0,54.89621489621489,11.135531135531137,30.671550671550676,1.3675213675213675,0.0,-7.619047619047619,15.824175824175825,-1.7582417582417582,-3.3211233211233213,30.671550671550676
-38.48595848595848,37.704517704517706,4.493284493284493,54.89621489621489,0.0,-15.824175824175825,41.61172161172161,-15.042735042735044,50.20757020757021,0.0,28.32722832722833,-10.744810744810744,0.0,39.26739926739927,12.698412698412698,10.744810744810744,36.92307692307692,0.0,55.28693528693529,13.089133089133089,30.671550671550676,1.3675213675213675,0.0,-4.102564102564102,-15.824175824175825,29.10866910866911,-0.1953601953601953,30.671550671550676
-31.843711843711844,39.26739926739927,5.665445665445666,44.346764346764346,0.0,-8.4004884004884,45.90964590964591,-13.47985347985348,36.14163614163614,0.0,32.62515262515262,-7.619047619047619,0.0,47.86324786324786,9.572649572649572,8.4004884004884,33.01587301587302,0.0,59.58485958485959,19.34065934065934,31.062271062271066,-9.18192918192918,0.0,-5.274725274725275,-10.354090354090356,27.155067155067155,1.7582417582417582,31.062271062271066
-27.936507936507937,39.65811965811966,9.18192918192918,40.04884004884005,0.0,-2.5396825396825395,48.64468864468864,-10.744810744810744,27.936507936507937,0.0,33.40659340659341,-7.619047619047619,0.0,47.472527472527474,11.526251526251526,10.744810744810744,29.10866910866911,0.0,58.41269841269841,23.63858363858364,33.7973137973138,-15.824175824175825,0.0,-8.791208791208792,3.3211233211233213,13.089133089133089,5.274725274725275,33.7973137973138
-24.81074481074481,35.75091575091575,15.433455433455434,42.78388278388278,0.0,2.93040293040293,47.86324786324786,-9.572649572649572,28.32722832722833,0.0,33.40659340659341,-6.837606837606837,0.0,44.737484737484735,14.261294261294262,9.572649572649572,32.234432234432234,0.0,54.114774114774114,25.592185592185597,32.234432234432234,-9.572649572649572,0.0,-15.042735042735044,-35.36019536019536,51.77045177045177,6.446886446886447,32.234432234432234
-19.34065934065934,35.36019536019536,22.075702075702075,41.22100122100122,0.0,14.652014652014651,47.86324786324786,-7.619047619047619,25.2014652014652,0.0,34.57875457875458,-4.102564102564102,0.0,47.86324786324786,18.94993894993895,9.18192918192918,27.936507936507937,0.0,58.41269841269841,26.764346764346765,29.10866910866911,-8.791208791208792,0.0,-21.68498168498169,-47.081807081807085,64.27350427350427,8.791208791208792,29.10866910866911
-16.996336996336996,35.36019536019536,27.545787545787547,37.31379731379732,0.0,22.075702075702075,44.346764346764346,-6.056166056166056,23.63858363858364,0.0,29.89010989010989,-7.228327228327228,0.0,51.37973137973138,22.466422466422465,9.572649572649572,20.512820512820515,0.0,66.22710622710623,25.592185592185597,27.936507936507937,-13.870573870573873,0.0,-27.155067155067155,7.619047619047619,13.47985347985348,6.056166056166056,27.936507936507937
-12.698412698412698,29.499389499389498,26.764346764346765,38.87667887667888,0.0,27.155067155067155,33.7973137973138,-7.228327228327228,29.10866910866911,0.0,24.81074481074481,-13.089133089133089,0.0,51.37973137973138,20.903540903540904,6.837606837606837,22.075702075702075,0.0,68.57142857142857,20.512820512820515,25.2014652014652,-11.526251526251526,0.0,-26.37362637362637,0.9768009768009768,20.12210012210012,5.665445665445666,25.2014652014652
-6.446886446886447,23.247863247863247,22.857142857142858,36.53235653235653,0.0,34.57875457875458,23.63858363858364,-7.228327228327228,25.982905982905983,0.0,22.075702075702075,-16.214896214896214,0.0,53.333333333333336,20.903540903540904,2.5396825396825395,16.996336996336996,0.0,68.57142857142857,18.55921855921856,24.42002442002442,-16.214896214896214,0.0,-22.466422466422465,-34.18803418803419,55.28693528693529,7.228327228327228,24.42002442002442
-1.3675213675213675,18.55921855921856,22.075702075702075,28.32722832722833,0.0,41.22100122100122,17.387057387057386,-4.493284493284493,14.652014652014651,0.0,18.168498168498168,-15.042735042735044,0.0,54.89621489621489,22.857142857142858,3.711843711843712,4.493284493284493,0.0,67.3992673992674,17.387057387057386,32.62515262515262,-29.10866910866911,0.0,-21.68498168498169,4.102564102564102,19.34065934065934,3.3211233211233213,32.62515262515262
0.9768009768009768,12.698412698412698,19.34065934065934,25.982905982905983,0.0,43.56532356532357,13.089133089133089,-3.3211233211233213,8.4004884004884,0.0,11.916971916971915,-10.354090354090356,0.0,51.77045177045177,22.857142857142858,6.837606837606837,-2.148962148962149,0.0,61.14774114774115,15.042735042735044,38.095238095238095,-33.7973137973138,0.0,-18.94993894993895,46.3003663003663,-22.857142857142858,0.5860805860805861,38.095238095238095
-0.5860805860805861,8.4004884004884,18.94993894993895,25.2014652014652,0.0,41.22100122100122,8.4004884004884,-2.93040293040293,7.228327228327228,0.0,7.228327228327228,-6.056166056166056,0.0,48.64468864468864,17.77777777777778,9.572649572649572,-7.619047619047619,0.0,52.55189255189255,11.135531135531137,40.43956043956044,-34.18803418803419,0.0,-18.55921855921856,36.92307692307692,-14.652014652014651,-2.5396825396825395,40.43956043956044
-4.102564102564102,11.526251526251526,22.466422466422465,16.214896214896214,0.0,40.04884004884005,8.4004884004884,-0.1953601953601953,0.9768009768009768,0.0,3.3211233211233213,-1.3675213675213675,0.0,50.989010989010985,13.870573870573873,9.572649572649572,-17.77777777777778,0.0,50.5982905982906,9.963369963369964,37.704517704517706,-40.83028083028083,0.0,-22.075702075702075,45.12820512820513,-20.512820512820515,-3.3211233211233213,37.704517704517706
-8.4004884004884,17.77777777777778,21.68498168498169,8.00976800976801,0.0,35.75091575091575,7.619047619047619,1.3675213675213675,-4.102564102564102,0.0,-0.1953601953601953,-2.148962148962149,0.0,53.724053724053725,9.18192918192918,9.18192918192918,-28.32722832722833,0.0,50.989010989010985,9.963369963369964,30.671550671550676,-47.472527472527474,0.0,-21.294261294261293,83.02808302808303,-56.45909645909646,-2.148962148962149,30.671550671550676
-15.433455433455434,21.294261294261293,19.34065934065934,5.665445665445666,0.0,29.10866910866911,2.148962148962149,3.711843711843712,-2.93040293040293,0.0,-4.493284493284493,-6.446886446886447,0.0,54.114774114774114,2.5396825396825395,8.00976800976801,-35.36019536019536,0.0,49.81684981684982,9.18192918192918,22.466422466422465,-50.989010989010985,0.0,-18.94993894993895,144.37118437118437,-119.75579975579976,2.148962148962149,22.466422466422465
-20.12210012210012,29.10866910866911,10.744810744810744,1.7582417582417582,0.0,30.28083028083028,-0.1953601953601953,2.5396825396825395,-9.572649572649572,0.0,-9.18192918192918,-6.837606837606837,0.0,58.41269841269841,-4.493284493284493,2.148962148962149,-40.83028083028083,0.0,47.081807081807085,9.18192918192918,14.652014652014651,-55.28693528693529,0.0,-10.354090354090356,111.94139194139194,-90.45177045177046,5.274725274725275,14.652014652014651
-24.42002442002442,34.18803418803419,5.274725274725275,0.5860805860805861,0.0,31.843711843711844,-3.3211233211233213,4.102564102564102,-16.605616605616607,0.0,-18.94993894993895,-8.00976800976801,0.0,65.05494505494505,-15.433455433455434,2.93040293040293,-49.42612942612943,0.0,45.12820512820513,3.3211233211233213,14.261294261294262,-59.58485958485959,0.0,-4.884004884004884,93.96825396825396,-74.82295482295483,3.711843711843712,14.261294261294262
-31.843711843711844,34.969474969474966,-2.148962148962149,10.744810744810744,0.0,33.40659340659341,-11.135531135531137,2.148962148962149,-11.916971916971915,0.0,-31.062271062271066,-8.4004884004884,0.0,66.22710622710623,-29.89010989010989,2.5396825396825395,-45.51892551892552,0.0,37.704517704517706,-6.446886446886447,13.47985347985348,-52.16117216117216,0.0,2.5396825396825395,88.4981684981685,-71.6971916971917,-1.7582417582417582,13.47985347985348
-35.36019536019536,36.14163614163614,-8.4004884004884,16.996336996336996,0.0,40.04884004884005,-17.387057387057386,0.5860805860805861,-12.307692307692308,0.0,-41.22100122100122,-6.837606837606837,0.0,70.91575091575092,-43.17460317460318,-3.3211233211233213,-41.22100122100122,0.0,33.7973137973138,-17.77777777777778,9.963369963369964,-43.56532356532357,0.0,8.791208791208792,45.90964590964591,-28.32722832722833,-7.228327228327228,9.963369963369964
-37.704517704517706,43.95604395604396,-6.446886446886447,12.698412698412698,0.0,47.472527472527474,-16.214896214896214,3.711843711843712,-21.68498168498169,0.0,-49.42612942612943,-3.711843711843712,0.0,77.94871794871794,-44.737484737484735,-4.884004884004884,-47.86324786324786,0.0,36.53235653235653,-20.903540903540904,7.228327228327228,-43.95604395604396,0.0,6.837606837606837,75.21367521367522,-52.55189255189255,-9.963369963369964,7.228327228327228
-39.65811965811966,50.989010989010985,-9.572649572649572,17.387057387057386,0.0,52.16117216117216,-15.042735042735044,7.619047619047619,-24.02930402930403,0.0,-54.5054945054945,-2.5396825396825395,0.0,81.85592185592185,-40.83028083028083,-5.274725274725275,-49.81684981684982,0.0,41.61172161172161,-19.34065934065934,1.7582417582417582,-38.095238095238095,0.0,9.963369963369964,83.80952380952381,-55.67765567765568,-9.572649572649572,1.7582417582417582
-42.002442002442,57.24053724053724,-14.652014652014651,27.155067155067155,0.0,56.45909645909646,-17.387057387057386,8.791208791208792,-19.34065934065934,0.0,-59.1941391941392,-1.7582417582417582,0.0,84.2002442002442,-40.04884004884005,-9.18192918192918,-43.56532356532357,0.0,43.17460317460318,-16.996336996336996,-7.228327228327228,-27.155067155067155,0.0,15.042735042735044,24.81074481074481,1.7582417582417582,-3.711843711843712,-7.228327228327228
-43.17460317460318,62.71062271062271,-15.433455433455434,29.499389499389498,0.0,62.71062271062271,-18.168498168498168,10.354090354090356,-20.512820512820515,0.0,-65.05494505494505,-2.5396825396825395,0.0,91.62393162393164,-40.04884004884005,-10.354090354090356,-41.22100122100122,0.0,47.472527472527474,-12.698412698412698,-13.870573870573873,-20.903540903540904,0.0,15.824175824175825,23.63858363858364,4.493284493284493,0.1953601953601953,-13.870573870573873
-45.12820512820513,63.10134310134311,-15.824175824175825,37.704517704517706,0.0,66.22710622710623,-22.075702075702075,12.698412698412698,-16.214896214896214,0.0,-73.65079365079364,-4.493284493284493,0.0,93.57753357753356,-44.737484737484735,-8.00976800976801,-36.92307692307692,0.0,46.69108669108669,-13.47985347985348,-18.168498168498168,-10.354090354090356,0.0,16.214896214896214,95.14041514041514,-63.10134310134311,0.9768009768009768,-18.168498168498168
-51.77045177045177,57.63125763125763,-16.605616605616607,47.86324786324786,0.0,66.61782661782662,-29.10866910866911,10.354090354090356,-9.572649572649572,0.0,-84.59096459096459,-8.791208791208792,0.0,95.92185592185592,-54.89621489621489,-14.652014652014651,-25.982905982905983,0.0,41.22100122100122,-20.903540903540904,-25.982905982905983,4.493284493284493,0.0,16.996336996336996,87.71672771672772,-53.724053724053725,0.1953601953601953,-25.982905982905983
-58.41269841269841,54.114774114774114,-12.698412698412698,50.20757020757021,0.0,67.00854700854701,-32.62515262515262,9.18192918192918,-10.744810744810744,0.0,-95.14041514041514,-11.135531135531137,0.0,97.87545787545788,-59.1941391941392,-20.512820512820515,-23.63858363858364,0.0,37.704517704517706,-25.982905982905983,-31.45299145299145,13.870573870573873,0.0,13.089133089133089,50.5982905982906,-11.526251526251526,0.1953601953601953,-31.45299145299145
-61.14774114774115,53.724053724053725,-10.354090354090356,50.5982905982906,0.0,72.08791208791209,-36.14163614163614,12.307692307692308,-15.042735042735044,0.0,-100.6105006105006,-9.963369963369964,0.0,101.78266178266178,-58.8034188034188,-20.903540903540904,-28.71794871794872,0.0,34.18803418803419,-27.545787545787547,-31.843711843711844,18.168498168498168,0.0,10.744810744810744,58.8034188034188,-14.261294261294262,-0.1953601953601953,-31.843711843711844
-66.22710622710623,51.37973137973138,-8.00976800976801,58.02197802197802,0.0,74.43223443223444,-42.39316239316239,14.261294261294262,-10.744810744810744,0.0,-106.47130647130648,-10.354090354090356,0.0,104.12698412698413,-60.757020757020754,-22.857142857142858,-26.37362637362637,0.0,27.545787545787547,-28.71794871794872,-29.10866910866911,24.02930402930403,0.0,8.4004884004884,66.22710622710623,-18.55921855921856,0.5860805860805861,-29.10866910866911
-68.57142857142857,49.03540903540904,-6.446886446886447,64.27350427350427,0.0,75.995115995116,-48.64468864468864,12.307692307692308,-0.9768009768009768,0.0,-111.94139194139194,-12.307692307692308,0.0,105.2991452991453,-63.10134310134311,-27.545787545787547,-15.433455433455434,0.0,22.075702075702075,-28.32722832722833,-25.592185592185597,30.671550671550676,0.0,6.837606837606837,32.62515262515262,14.652014652014651,3.3211233211233213,-25.592185592185597
-68.96214896214896,46.3003663003663,-4.493284493284493,65.05494505494505,0.0,78.33943833943835,-54.5054945054945,11.526251526251526,2.93040293040293,0.0,-114.67643467643468,-15.042735042735044,0.0,103.34554334554336,-64.66422466422466,-27.545787545787547,-12.698412698412698,0.0,15.433455433455434,-24.81074481074481,-20.512820512820515,28.32722832722833,0.0,4.884004884004884,28.71794871794872,18.168498168498168,7.228327228327228,-20.512820512820515
-73.65079365079364,39.26739926739927,0.1953601953601953,66.61782661782662,0.0,72.86935286935287,-59.975579975579976,9.18192918192918,11.135531135531137,0.0,-123.27228327228327,-20.12210012210012,0.0,96.31257631257633,-70.91575091575092,-28.32722832722833,-3.711843711843712,0.0,8.4004884004884,-27.545787545787547,-15.042735042735044,26.764346764346765,0.0,0.1953601953601953,70.13431013431014,-24.42002442002442,9.963369963369964,-15.042735042735044
-77.94871794871794,33.40659340659341,1.7582417582417582,67.78998778998779,0.0,64.27350427350427,-63.49206349206349,6.837606837606837,17.387057387057386,0.0,-131.08669108669108,-23.247863247863247,0.0,86.93528693528694,-76.38583638583638,-31.062271062271066,2.93040293040293,0.0,1.3675213675213675,-30.28083028083028,-15.824175824175825,26.764346764346765,0.0,-1.3675213675213675,86.15384615384616,-40.83028083028083,9.963369963369964,-15.824175824175825
-82.24664224664225,31.45299145299145,5.665445665445666,58.8034188034188,0.0,58.02197802197802,-65.05494505494505,8.791208791208792,11.916971916971915,0.0,-133.82173382173383,-20.903540903540904,0.0,78.73015873015873,-77.16727716727716,-27.545787545787547,-6.056166056166056,0.0,-2.5396825396825395,-30.671550671550676,-17.77777777777778,19.34065934065934,0.0,-5.274725274725275,72.86935286935287,-27.155067155067155,10.354090354090356,-17.77777777777778
-81.85592185592185,30.28083028083028,13.47985347985348,49.42612942612943,0.0,56.84981684981685,-62.31990231990232,12.698412698412698,4.493284493284493,0.0,-131.86813186813183,-15.042735042735044,0.0,75.6043956043956,-76.38583638583638,-20.12210012210012,-17.387057387057386,0.0,-5.665445665445666,-28.71794871794872,-16.605616605616607,12.307692307692308,0.0,-13.089133089133089,75.6043956043956,-28.71794871794872,9.963369963369964,-16.605616605616607
-81.46520146520146,26.764346764346765,19.34065934065934,50.5982905982906,0.0,54.5054945054945,-58.41269841269841,11.526251526251526,8.00976800976801,0.0,-128.74236874236874,-11.916971916971915,0.0,68.57142857142857,-73.26007326007326,-16.605616605616607,-18.168498168498168,0.0,-10.744810744810744,-25.2014652014652,-20.12210012210012,16.996336996336996,0.0,-18.94993894993895,29.89010989010989,20.903540903540904,6.056166056166056,-20.12210012210012
-83.41880341880342,23.247863247863247,25.592185592185597,49.81684981684982,0.0,54.114774114774114,-56.84981684981685,9.18192918192918,9.572649572649572,0.0,-122.88156288156289,-10.354090354090356,0.0,62.31990231990232,-69.74358974358974,-15.042735042735044,-20.512820512820515,0.0,-18.94993894993895,-20.903540903540904,-22.075702075702075,19.34065934065934,0.0,-25.2014652014652,10.354090354090356,42.39316239316239,3.3211233211233213,-22.075702075702075
-82.63736263736264,20.903540903540904,36.92307692307692,38.48595848595848,0.0,56.06837606837607,-52.16117216117216,10.744810744810744,0.9768009768009768,0.0,-115.45787545787546,-13.089133089133089,0.0,59.58485958485959,-65.05494505494505,-13.47985347985348,-30.28083028083028,0.0,-24.42002442002442,-16.214896214896214,-20.903540903540904,11.916971916971915,0.0,-36.53235653235653,66.61782661782662,-8.791208791208792,0.9768009768009768,-20.903540903540904
-85.76312576312576,16.605616605616607,45.90964590964591,33.7973137973138,0.0,52.16117216117216,-54.114774114774114,10.354090354090356,3.3211233211233213,0.0,-111.15995115995116,-18.168498168498168,0.0,52.16117216117216,-65.83638583638583,-15.042735042735044,-31.45299145299145,0.0,-31.45299145299145,-17.387057387057386,-20.903540903540904,9.18192918192918,0.0,-45.51892551892552,89.67032967032966,-30.671550671550676,-0.9768009768009768,-20.903540903540904
-90.06105006105007,13.089133089133089,49.03540903540904,30.28083028083028,0.0,46.69108669108669,-56.06837606837607,6.837606837606837,6.056166056166056,0.0,-105.2991452991453,-24.81074481074481,0.0,42.39316239316239,-66.61782661782662,-20.512820512820515,-30.28083028083028,0.0,-39.26739926739927,-19.34065934065934,-25.2014652014652,9.18192918192918,0.0,-48.64468864468864,52.16117216117216,5.665445665445666,-2.5396825396825395,-25.2014652014652
-85.76312576312576,12.307692307692308,52.16117216117216,15.042735042735044,0.0,49.03540903540904,-54.89621489621489,4.493284493284493,-3.3211233211233213,0.0,-95.14041514041514,-28.32722832722833,0.0,34.57875457875458,-63.88278388278388,-19.34065934065934,-38.095238095238095,0.0,-42.002442002442,-20.12210012210012,-24.02930402930403,0.1953601953601953,0.0,-51.77045177045177,83.02808302808303,-28.32722832722833,-4.493284493284493,-24.02930402930403
-77.94871794871794,8.00976800976801,54.5054945054945,3.3211233211233213,0.0,52.94261294261294,-50.989010989010985,-0.9768009768009768,-11.526251526251526,0.0,-83.41880341880342,-31.45299145299145,0.0,24.42002442002442,-58.8034188034188,-11.526251526251526,-45.12820512820513,0.0,-43.95604395604396,-18.168498168498168,-21.68498168498169,-6.837606837606837,0.0,-54.114774114774114,140.85470085470087,-87.32600732600733,-8.00976800976801,-21.68498168498169
-70.91575091575092,0.5860805860805861,51.77045177045177,2.148962148962149,0.0,52.94261294261294,-47.081807081807085,-9.963369963369964,-10.354090354090356,0.0,-73.26007326007326,-34.969474969474966,0.0,11.916971916971915,-53.724053724053725,-8.791208791208792,-42.39316239316239,0.0,-48.25396825396825,-15.824175824175825,-22.075702075702075,-6.056166056166056,0.0,-51.37973137973138,114.28571428571428,-62.31990231990232,-12.698412698412698,-22.075702075702075
-60.757020757020754,-4.493284493284493,50.989010989010985,-4.493284493284493,0.0,54.89621489621489,-42.39316239316239,-13.47985347985348,-16.214896214896214,0.0,-63.10134310134311,-36.14163614163614,0.0,4.493284493284493,-47.86324786324786,-5.274725274725275,-46.3003663003663,0.0,-50.989010989010985,-11.916971916971915,-18.94993894993895,-11.916971916971915,0.0,-50.5982905982906,67.00854700854701,-20.12210012210012,-13.870573870573873,-18.94993894993895
-48.64468864468864,-13.089133089133089,54.114774114774114,-12.307692307692308,0.0,56.45909645909646,-42.39316239316239,-11.526251526251526,-22.075702075702075,0.0,-54.5054945054945,-34.57875457875458,0.0,1.7582417582417582,-40.83028083028083,0.9768009768009768,-53.333333333333336,0.0,-48.25396825396825,-7.228327228327228,-14.652014652014651,-20.12210012210012,0.0,-53.724053724053725,61.92918192918193,-15.824175824175825,-13.870573870573873,-14.652014652014651
-38.48595848595848,-20.903540903540904,52.94261294261294,-11.526251526251526,0.0,55.28693528693529,-43.95604395604396,-10.744810744810744,-18.55921855921856,0.0,-47.86324786324786,-30.671550671550676,0.0,-3.3211233211233213,-37.31379731379732,3.3211233211233213,-53.333333333333336,0.0,-48.25396825396825,-4.102564102564102,-13.870573870573873,-22.075702075702075,0.0,-52.55189255189255,39.65811965811966,3.3211233211233213,-13.47985347985348,-13.870573870573873
-31.062271062271066,-28.32722832722833,48.25396825396825,-11.135531135531137,0.0,50.5982905982906,-45.51892551892552,-8.791208791208792,-18.55921855921856,0.0,-41.61172161172161,-27.936507936507937,0.0,-10.744810744810744,-32.62515262515262,7.228327228327228,-51.37973137973138,0.0,-48.25396825396825,-2.5396825396825395,-9.963369963369964,-26.37362637362637,0.0,-47.86324786324786,-2.148962148962149,40.83028083028083,-10.744810744810744,-9.963369963369964
-24.42002442002442,-34.57875457875458,45.12820512820513,-16.996336996336996,0.0,45.12820512820513,-42.39316239316239,-8.00976800976801,-25.2014652014652,0.0,-34.18803418803419,-24.81074481074481,0.0,-19.34065934065934,-24.81074481074481,15.042735042735044,-52.16117216117216,0.0,-42.78388278388278,0.1953601953601953,-5.665445665445666,-32.234432234432234,0.0,-44.737484737484735,-24.81074481074481,63.10134310134311,-9.18192918192918,-5.665445665445666
-18.55921855921856,-39.26739926739927,42.39316239316239,-21.68498168498169,0.0,40.83028083028083,-36.53235653235653,-7.228327228327228,-34.57875457875458,0.0,-27.155067155067155,-23.63858363858364,0.0,-27.155067155067155,-17.387057387057386,19.73137973137973,-53.724053724053725,0.0,-39.26739926739927,1.7582417582417582,-2.5396825396825395,-38.48595848595848,0.0,-42.002442002442,-1.7582417582417582,40.83028083028083,-11.526251526251526,-2.5396825396825395
-18.168498168498168,-45.51892551892552,41.61172161172161,-20.12210012210012,0.0,33.40659340659341,-33.7973137973138,-7.228327228327228,-33.40659340659341,0.0,-21.68498168498169,-24.42002442002442,0.0,-38.095238095238095,-8.791208791208792,18.55921855921856,-48.25396825396825,0.0,-39.65811965811966,1.3675213675213675,-1.3675213675213675,-36.92307692307692,0.0,-41.22100122100122,-19.73137973137973,57.24053724053724,-13.870573870573873,-1.3675213675213675
-10.354090354090356,-52.94261294261294,45.12820512820513,-28.71794871794872,0.0,32.234432234432234,-32.62515262515262,-3.3211233211233213,-42.39316239316239,0.0,-12.698412698412698,-20.512820512820515,0.0,-38.48595848595848,0.5860805860805861,17.387057387057386,-56.06837606837607,0.0,-34.969474969474966,1.7582417582417582,-3.3211233211233213,-39.65811965811966,0.0,-44.737484737484735,7.228327228327228,27.545787545787547,-15.042735042735044,-3.3211233211233213
-2.148962148962149,-57.24053724053724,48.25396825396825,-36.53235653235653,0.0,32.62515262515262,-34.18803418803419,0.5860805860805861,-47.081807081807085,0.0,-4.884004884004884,-14.261294261294262,0.0,-37.704517704517706,8.4004884004884,13.47985347985348,-65.44566544566544,0.0,-30.671550671550676,2.148962148962149,-8.791208791208792,-42.002442002442,0.0,-47.86324786324786,42.39316239316239,-9.963369963369964,-13.47985347985348,-8.791208791208792
1.7582417582417582,-63.49206349206349,42.39316239316239,-30.671550671550676,0.0,28.32722832722833,-39.65811965811966,-0.9768009768009768,-36.14163614163614,0.0,0.9768009768009768,-11.135531135531137,0.0,-41.61172161172161,11.135531135531137,10.744810744810744,-66.22710622710623,0.0,-32.234432234432234,-0.5860805860805861,-15.042735042735044,-35.75091575091575,0.0,-42.002442002442,14.652014652014651,10.354090354090356,-10.744810744810744,-15.042735042735044
9.18192918192918,-71.6971916971917,33.01587301587302,-27.155067155067155,0.0,23.63858363858364,-43.95604395604396,-1.3675213675213675,-33.7973137973138,0.0,9.18192918192918,-5.665445665445666,0.0,-43.56532356532357,10.744810744810744,10.744810744810744,-70.13431013431014,0.0,-29.10866910866911,-5.665445665445666,-20.903540903540904,-33.40659340659341,0.0,-32.62515262515262,18.168498168498168,1.7582417582417582,-7.619047619047619,-20.903540903540904
18.94993894993895,-74.04151404151405,27.545787545787547,-30.671550671550676,0.0,21.68498168498169,-38.095238095238095,2.5396825396825395,-43.95604395604396,0.0,15.824175824175825,1.7582417582417582,0.0,-43.95604395604396,12.307692307692308,16.605616605616607,-78.33943833943835,0.0,-24.02930402930403,-6.446886446886447,-19.34065934065934,-40.83028083028083,0.0,-27.155067155067155,63.10134310134311,-45.90964590964591,-4.884004884004884,-19.34065934065934
24.42002442002442,-78.73015873015873,21.294261294261293,-24.02930402930403,0.0,18.94993894993895,-33.7973137973138,5.274725274725275,-47.081807081807085,0.0,24.02930402930403,9.572649572649572,0.0,-49.42612942612943,14.261294261294262,20.903540903540904,-76.77655677655677,0.0,-22.466422466422465,-9.963369963369964,-15.042735042735044,-40.83028083028083,0.0,-20.903540903540904,27.155067155067155,-10.744810744810744,-5.665445665445666,-15.042735042735044
29.89010989010989,-84.2002442002442,17.77777777777778,-16.214896214896214,0.0,16.605616605616607,-27.155067155067155,7.228327228327228,-49.42612942612943,0.0,29.89010989010989,20.12210012210012,0.0,-54.89621489621489,18.94993894993895,21.294261294261293,-73.26007326007326,0.0,-22.075702075702075,-12.698412698412698,-13.089133089133089,-37.704517704517706,0.0,-17.387057387057386,-39.26739926739927,54.89621489621489,-4.493284493284493,-13.089133089133089
38.48595848595848,-85.37240537240537,18.94993894993895,-18.55921855921856,0.0,21.294261294261293,-22.075702075702075,12.698412698412698,-57.63125763125763,0.0,36.92307692307692,32.62515262515262,0.0,-57.24053724053724,28.32722832722833,22.466422466422465,-82.63736263736264,0.0,-21.294261294261293,-10.744810744810744,-12.307692307692308,-41.61172161172161,0.0,-18.55921855921856,-16.214896214896214,36.14163614163614,-5.274725274725275,-12.307692307692308
42.39316239316239,-84.98168498168498,18.168498168498168,-20.12210012210012,0.0,22.466422466422465,-20.12210012210012,12.307692307692308,-59.1941391941392,0.0,41.61172161172161,41.61172161172161,0.0,-57.63125763125763,34.57875457875458,20.512820512820515,-91.62393162393164,0.0,-23.247863247863247,-8.4004884004884,-15.042735042735044,-43.95604395604396,0.0,-17.77777777777778,38.87667887667888,-16.605616605616607,-5.665445665445666,-15.042735042735044
45.51892551892552,-84.98168498168498,13.47985347985348,-18.94993894993895,0.0,24.81074481074481,-23.247863247863247,6.446886446886447,-52.16117216117216,0.0,44.346764346764346,45.51892551892552,0.0,-61.14774114774115,32.234432234432234,17.387057387057386,-92.7960927960928,0.0,-27.155067155067155,-12.698412698412698,-21.294261294261293,-39.26739926739927,0.0,-13.089133089133089,23.63858363858364,-2.148962148962149,-4.884004884004884,-21.294261294261293
52.16117216117216,-81.85592185592185,11.526251526251526,-20.512820512820515,0.0,28.32722832722833,-19.34065934065934,6.056166056166056,-52.94261294261294,0.0,43.17460317460318,51.77045177045177,0.0,-61.53846153846154,30.671550671550676,19.73137973137973,-96.31257631257633,0.0,-27.936507936507937,-13.47985347985348,-22.075702075702075,-40.43956043956044,0.0,-11.135531135531137,6.837606837606837,11.916971916971915,-2.148962148962149,-22.075702075702075
57.63125763125763,-76.38583638583638,15.042735042735044,-24.42002442002442,0.0,31.843711843711844,-14.261294261294262,8.4004884004884,-54.114774114774114,0.0,42.78388278388278,55.28693528693529,0.0,-61.14774114774115,28.71794871794872,26.37362637362637,-96.7032967032967,0.0,-23.63858363858364,-14.652014652014651,-16.605616605616607,-44.346764346764346,0.0,-14.652014652014651,32.234432234432234,-13.089133089133089,-0.5860805860805861,-16.605616605616607
57.63125763125763,-72.08791208791209,13.47985347985348,-16.996336996336996,0.0,32.62515262515262,-11.526251526251526,9.18192918192918,-47.86324786324786,0.0,39.26739926739927,56.84981684981685,0.0,-66.22710622710623,24.42002442002442,29.499389499389498,-85.76312576312576,0.0,-22.466422466422465,-19.73137973137973,-12.698412698412698,-40.43956043956044,0.0,-13.089133089133089,31.45299145299145,-9.963369963369964,-2.5396825396825395,-12.698412698412698
57.24053724053724,-66.61782661782662,14.652014652014651,-11.135531135531137,0.0,31.843711843711844,-8.00976800976801,11.135531135531137,-41.22100122100122,0.0,33.7973137973138,57.24053724053724,0.0,-69.74358974358974,23.247863247863247,30.671550671550676,-78.73015873015873,0.0,-22.075702075702075,-23.247863247863247,-7.619047619047619,-38.095238095238095,0.0,-14.261294261294262,8.4004884004884,13.089133089133089,-2.93040293040293,-7.619047619047619
56.84981684981685,-58.02197802197802,14.261294261294262,-14.652014652014651,0.0,33.01587301587302,-3.3211233211233213,12.698412698412698,-44.737484737484735,0.0,33.40659340659341,55.28693528693529,0.0,-68.57142857142857,25.592185592185597,30.28083028083028,-77.55799755799755,0.0,-18.94993894993895,-23.63858363858364,-3.3211233211233213,-40.04884004884005,0.0,-13.870573870573873,18.55921855921856,4.884004884004884,-6.056166056166056,-3.3211233211233213
53.333333333333336,-49.03540903540904,6.056166056166056,-10.744810744810744,0.0,30.28083028083028,-4.102564102564102,11.916971916971915,-38.87667887667888,0.0,32.62515262515262,51.37973137973138,0.0,-71.6971916971917,29.10866910866911,29.10866910866911,-70.52503052503053,0.0,-18.168498168498168,-24.42002442002442,-2.148962148962149,-34.969474969474966,0.0,-5.665445665445666,-9.18192918192918,33.7973137973138,-10.744810744810744,-2.148962148962149
52.55189255189255,-39.65811965811966,-1.3675213675213675,-6.056166056166056,0.0,29.499389499389498,-4.884004884004884,12.698412698412698,-32.234432234432234,0.0,32.62515262515262,51.37973137973138,0.0,-72.47863247863248,33.7973137973138,28.71794871794872,-60.366300366300365,0.0,-15.433455433455434,-24.02930402930403,-4.884004884004884,-22.075702075702075,0.0,1.7582417582417582,-45.90964590964591,63.88278388278388,-9.572649572649572,-4.884004884004884
54.89621489621489,-29.499389499389498,-2.5396825396825395,-7.619047619047619,0.0,30.28083028083028,-3.711843711843712,19.34065934065934,-31.45299145299145,0.0,35.36019536019536,56.45909645909646,0.0,-70.91575091575092,43.56532356532357,35.75091575091575,-61.14774114774115,0.0,-10.354090354090356,-16.996336996336996,-2.148962148962149,-19.73137973137973,0.0,2.93040293040293,-36.14163614163614,50.989010989010985,-7.619047619047619,-2.148962148962149
55.67765567765568,-23.247863247863247,-4.493284493284493,-3.3211233211233213,0.0,27.545787545787547,-5.665445665445666,25.592185592185597,-23.63858363858364,0.0,34.57875457875458,60.366300366300365,0.0,-72.08791208791209,48.64468864468864,42.39316239316239,-58.41269841269841,0.0,-8.00976800976801,-11.135531135531137,0.1953601953601953,-17.387057387057386,0.0,4.884004884004884,-52.94261294261294,66.61782661782662,-6.446886446886447,0.1953601953601953
53.333333333333336,-22.857142857142858,-5.274725274725275,6.446886446886447,0.0,20.903540903540904,-9.18192918192918,27.155067155067155,-6.837606837606837,0.0,28.71794871794872,63.10134310134311,0.0,-74.43223443223444,45.51892551892552,42.78388278388278,-47.472527472527474,0.0,-13.870573870573873,-9.572649572649572,2.5396825396825395,-10.354090354090356,0.0,5.665445665445666,-106.86202686202688,114.67643467643468,-3.711843711843712,2.5396825396825395
52.55189255189255,-20.512820512820515,-4.493284493284493,10.744810744810744,0.0,21.68498168498169,-15.042735042735044,29.10866910866911,1.3675213675213675,0.0,23.247863247863247,66.22710622710623,0.0,-70.13431013431014,38.48595848595848,43.95604395604396,-42.002442002442,0.0,-18.94993894993895,-6.056166056166056,10.744810744810744,-12.307692307692308,0.0,4.884004884004884,-99.43833943833944,104.9084249084249,-2.5396825396825395,10.744810744810744
47.86324786324786,-15.824175824175825,-3.711843711843712,8.791208791208792,0.0,21.294261294261293,-18.168498168498168,33.40659340659341,0.1953601953601953,0.0,19.34065934065934,67.00854700854701,0.0,-63.88278388278388,35.75091575091575,46.3003663003663,-42.78388278388278,0.0,-24.81074481074481,0.1953601953601953,22.466422466422465,-19.73137973137973,0.0,4.102564102564102,-31.45299145299145,38.87667887667888,-3.711843711843712,22.466422466422465
42.002442002442,-13.870573870573873,-8.791208791208792,14.652014652014651,0.0,18.168498168498168,-20.512820512820515,33.7973137973138,1.7582417582417582,0.0,16.605616605616607,70.13431013431014,0.0,-59.975579975579976,34.57875457875458,46.3003663003663,-35.75091575091575,0.0,-29.499389499389498,4.493284493284493,28.71794871794872,-16.605616605616607,0.0,9.18192918192918,-38.87667887667888,47.081807081807085,-1.3675213675213675,28.71794871794872
36.14163614163614,-12.698412698412698,-10.354090354090356,17.77777777777778,0.0,16.605616605616607,-20.512820512820515,33.7973137973138,0.1953601953601953,0.0,16.996336996336996,74.82295482295483,0.0,-55.67765567765568,36.53235653235653,49.81684981684982,-30.671550671550676,0.0,-31.062271062271066,11.135531135531137,35.75091575091575,-13.870573870573873,0.0,10.744810744810744,-77.94871794871794,93.18681318681318,0.9768009768009768,35.75091575091575
33.7973137973138,-15.042735042735044,-9.963369963369964,11.135531135531137,0.0,16.214896214896214,-19.73137973137973,34.18803418803419,-11.916971916971915,0.0,21.68498168498169,78.73015873015873,0.0,-48.25396825396825,42.39316239316239,56.45909645909646,-39.65811965811966,0.0,-27.936507936507937,17.387057387057386,43.95604395604396,-21.68498168498169,0.0,10.354090354090356,-63.88278388278388,89.67032967032966,0.5860805860805861,43.95604395604396
30.671550671550676,-22.857142857142858,-10.744810744810744,9.18192918192918,0.0,12.698412698412698,-17.77777777777778,30.28083028083028,-19.34065934065934,0.0,22.466422466422465,78.33943833943835,0.0,-44.737484737484735,45.12820512820513,56.06837606837607,-43.17460317460318,0.0,-27.545787545787547,21.294261294261293,47.86324786324786,-26.37362637362637,0.0,11.135531135531137,-50.5982905982906,86.15384615384616,1.7582417582417582,47.86324786324786
25.982905982905983,-32.234432234432234,-12.307692307692308,8.791208791208792,0.0,11.526251526251526,-20.903540903540904,24.02930402930403,-24.81074481074481,0.0,20.512820512820515,75.995115995116,0.0,-40.43956043956044,41.61172161172161,50.989010989010985,-44.346764346764346,0.0,-31.062271062271066,22.075702075702075,50.20757020757021,-32.234432234432234,0.0,12.698412698412698,-59.1941391941392,100.21978021978022,2.5396825396825395,50.20757020757021
23.63858363858364,-35.75091575091575,-8.4004884004884,1.7582417582417582,0.0,13.870573870573873,-19.34065934065934,21.68498168498169,-35.75091575091575,0.0,20.12210012210012,71.6971916971917,0.0,-34.969474969474966,38.48595848595848,46.69108669108669,-51.77045177045177,0.0,-34.18803418803419,25.592185592185597,53.724053724053725,-45.12820512820513,0.0,8.791208791208792,-51.77045177045177,95.92185592185592,2.5396825396825395,53.724053724053725
20.512820512820515,-34.18803418803419,-7.619047619047619,-1.3675213675213675,0.0,13.089133089133089,-16.605616605616607,20.512820512820515,-39.65811965811966,0.0,18.94993894993895,70.13431013431014,0.0,-33.01587301587302,38.48595848595848,42.002442002442,-54.89621489621489,0.0,-37.704517704517706,29.499389499389498,55.67765567765568,-54.114774114774114,0.0,8.00976800976801,-20.512820512820515,62.71062271062271,2.93040293040293,55.67765567765568
13.089133089133089,-29.10866910866911,-3.711843711843712,-0.9768009768009768,0.0,5.274725274725275,-15.824175824175825,22.075702075702075,-32.234432234432234,0.0,17.387057387057386,70.52503052503053,0.0,-38.48595848595848,40.04884004884005,40.43956043956044,-50.20757020757021,0.0,-41.22100122100122,33.7973137973138,57.24053724053724,-56.06837606837607,0.0,4.102564102564102,6.056166056166056,31.062271062271066,5.274725274725275,57.24053724053724
8.791208791208792,-20.12210012210012,1.7582417582417582,-7.619047619047619,0.0,0.9768009768009768,-11.916971916971915,24.42002442002442,-30.28083028083028,0.0,20.12210012210012,72.47863247863248,0.0,-40.04884004884005,43.17460317460318,39.65811965811966,-50.5982905982906,0.0,-43.17460317460318,39.65811965811966,55.67765567765568,-59.1941391941392,0.0,-1.3675213675213675,-32.234432234432234,64.27350427350427,9.18192918192918,55.67765567765568
5.274725274725275,-12.307692307692308,8.791208791208792,-19.34065934065934,0.0,-1.3675213675213675,-8.00976800976801,27.155067155067155,-34.18803418803419,0.0,25.592185592185597,72.86935286935287,0.0,-37.31379731379732,46.69108669108669,37.704517704517706,-57.24053724053724,0.0,-42.002442002442,42.78388278388278,57.63125763125763,-67.00854700854701,0.0,-8.4004884004884,-56.84981684981685,82.63736263736264,11.916971916971915,57.63125763125763
0.5860805860805861,-10.744810744810744,15.042735042735044,-25.2014652014652,0.0,-4.884004884004884,-6.446886446886447,23.247863247863247,-32.234432234432234,0.0,26.764346764346765,67.78998778998779,0.0,-37.31379731379732,44.346764346764346,30.671550671550676,-59.58485958485959,0.0,-44.737484737484735,40.04884004884005,54.5054945054945,-70.52503052503053,0.0,-14.652014652014651,-74.82295482295483,97.09401709401708,11.526251526251526,54.5054945054945
-1.7582417582417582,-16.214896214896214,20.903540903540904,-33.40659340659341,0.0,-3.711843711843712,-5.274725274725275,16.996336996336996,-38.87667887667888,0.0,28.71794871794872,62.31990231990232,0.0,-31.843711843711844,35.36019536019536,18.94993894993895,-65.83638583638583,0.0,-47.472527472527474,34.57875457875458,46.69108669108669,-75.995115995116,0.0,-20.512820512820515,-90.84249084249085,113.11355311355312,8.4004884004884,46.69108669108669
-0.9768009768009768,-18.168498168498168,25.2014652014652,-49.03540903540904,0.0,-1.7582417582417582,1.7582417582417582,13.870573870573873,-58.41269841269841,0.0,30.28083028083028,59.1941391941392,0.0,-22.857142857142858,29.89010989010989,13.089133089133089,-85.37240537240537,0.0,-43.56532356532357,30.671550671550676,42.39316239316239,-93.18681318681318,0.0,-24.81074481074481,-27.545787545787547,54.114774114774114,3.3211233211233213,42.39316239316239
-1.7582417582417582,-23.247863247863247,25.2014652014652,-59.58485958485959,0.0,-2.5396825396825395,3.711843711843712,7.619047619047619,-68.96214896214896,0.0,27.936507936507937,55.28693528693529,0.0,-20.12210012210012,22.857142857142858,9.18192918192918,-98.65689865689866,0.0,-44.737484737484735,26.764346764346765,34.969474969474966,-102.56410256410255,0.0,-24.81074481074481,3.711843711843712,25.2014652014652,0.1953601953601953,34.969474969474966
-6.056166056166056,-27.936507936507937,17.77777777777778,-63.88278388278388,0.0,-9.18192918192918,2.148962148962149,1.7582417582417582,-76.38583638583638,0.0,25.2014652014652,50.989010989010985,0.0,-20.12210012210012,14.261294261294262,0.1953601953601953,-102.56410256410255,0.0,-46.69108669108669,20.903540903540904,17.77777777777778,-100.21978021978022,0.0,-17.387057387057386,-49.03540903540904,79.51159951159951,-1.3675213675213675,17.77777777777778
-7.228327228327228,-26.37362637362637,9.18192918192918,-71.6971916971917,0.0,-11.526251526251526,2.5396825396825395,0.1953601953601953,-88.1074481074481,0.0,20.512820512820515,48.25396825396825,0.0,-16.996336996336996,5.274725274725275,-4.884004884004884,-111.15995115995116,0.0,-48.64468864468864,16.605616605616607,6.446886446886447,-102.17338217338218,0.0,-8.791208791208792,-47.472527472527474,76.38583638583638,-5.274725274725275,6.446886446886447
-10.744810744810744,-23.63858363858364,3.711843711843712,-78.73015873015873,0.0,-15.042735042735044,2.5396825396825395,-0.9768009768009768,-96.31257631257633,0.0,15.824175824175825,42.002442002442,0.0,-14.652014652014651,-0.9768009768009768,-9.18192918192918,-118.1929181929182,0.0,-53.333333333333336,14.261294261294262,-2.93040293040293,-101.3919413919414,0.0,-3.3211233211233213,8.00976800976801,17.387057387057386,-9.572649572649572,-2.93040293040293
-15.042735042735044,-24.42002442002442,-0.9768009768009768,-74.43223443223444,0.0,-19.34065934065934,1.3675213675213675,-3.3211233211233213,-94.35897435897436,0.0,10.354090354090356,34.57875457875458,0.0,-13.089133089133089,-11.526251526251526,-16.996336996336996,-113.5042735042735,0.0,-58.8034188034188,9.963369963369964,-15.042735042735044,-91.62393162393164,0.0,1.3675213675213675,13.089133089133089,10.744810744810744,-15.042735042735044,-15.042735042735044
-18.168498168498168,-24.02930402930403,-2.93040293040293,-74.04151404151405,0.0,-22.075702075702075,2.93040293040293,-1.7582417582417582,-99.04761904761904,0.0,5.274725274725275,28.32722832722833,0.0,-6.446886446886447,-19.73137973137973,-21.68498168498169,-111.55067155067157,0.0,-61.53846153846154,7.619047619047619,-20.12210012210012,-86.15384615384616,0.0,3.3211233211233213,1.7582417582417582,20.903540903540904,-19.34065934065934,-20.12210012210012
-18.55921855921856,-23.63858363858364,-0.5860805860805861,-79.9023199023199,0.0,-23.63858363858364,6.056166056166056,0.9768009768009768,-107.25274725274726,0.0,2.148962148962149,25.982905982905983,0.0,1.3675213675213675,-22.075702075702075,-20.12210012210012,-114.28571428571428,0.0,-60.366300366300365,7.619047619047619,-16.996336996336996,-84.59096459096459,0.0,0.9768009768009768,57.63125763125763,-34.969474969474966,-19.34065934065934,-16.996336996336996
-20.512820512820515,-26.37362637362637,-0.9768009768009768,-78.73015873015873,0.0,-26.37362637362637,5.665445665445666,0.9768009768009768,-108.42490842490842,0.0,-0.9768009768009768,25.982905982905983,0.0,6.837606837606837,-24.02930402930403,-20.12210012210012,-105.68986568986568,0.0,-59.975579975579976,6.837606837606837,-18.168498168498168,-71.30647130647131,0.0,1.3675213675213675,101.001221001221,-75.995115995116,-18.55921855921856,-18.168498168498168
-27.155067155067155,-25.982905982905983,-4.493284493284493,-77.94871794871794,0.0,-31.45299145299145,4.102564102564102,0.1953601953601953,-111.55067155067157,0.0,-5.274725274725275,25.982905982905983,0.0,10.744810744810744,-26.37362637362637,-24.02930402930403,-95.53113553113552,0.0,-61.14774114774115,2.5396825396825395,-22.857142857142858,-53.724053724053725,0.0,4.884004884004884,84.59096459096459,-60.366300366300365,-16.605616605616607,-22.857142857142858
-32.234432234432234,-22.075702075702075,-4.884004884004884,-80.29304029304029,0.0,-36.14163614163614,8.00976800976801,0.1953601953601953,-115.45787545787546,0.0,-9.18192918192918,28.32722832722833,0.0,13.870573870573873,-25.982905982905983,-22.857142857142858,-89.27960927960928,0.0,-61.92918192918193,2.93040293040293,-22.466422466422465,-41.61172161172161,0.0,5.274725274725275,68.57142857142857,-44.737484737484735,-14.261294261294262,-22.466422466422465
-39.65811965811966,-18.55921855921856,-4.493284493284493,-73.65079365079364,0.0,-42.78388278388278,11.526251526251526,0.1953601953601953,-107.25274725274726,0.0,-13.47985347985348,28.32722832722833,0.0,15.042735042735044,-24.81074481074481,-23.247863247863247,-73.26007326007326,0.0,-58.8034188034188,3.3211233211233213,-28.32722832722833,-21.294261294261293,0.0,4.884004884004884,82.63736263736264,-54.114774114774114,-14.652014652014651,-28.32722832722833
-45.90964590964591,-18.168498168498168,-7.619047619047619,-59.1941391941392,0.0,-49.03540903540904,11.135531135531137,-3.3211233211233213,-92.4053724053724,0.0,-17.387057387057386,24.02930402930403,0.0,14.652014652014651,-29.89010989010989,-29.10866910866911,-53.333333333333336,0.0,-59.1941391941392,0.1953601953601953,-38.48595848595848,0.5860805860805861,0.0,8.00976800976801,63.88278388278388,-34.18803418803419,-16.605616605616607,-38.48595848595848
-45.51892551892552,-17.387057387057386,-6.446886446886447,-50.20757020757021,0.0,-48.25396825396825,13.089133089133089,-4.493284493284493,-81.46520146520146,0.0,-17.387057387057386,22.857142857142858,0.0,19.34065934065934,-33.40659340659341,-29.499389499389498,-45.51892551892552,0.0,-56.84981684981685,-1.7582417582417582,-42.78388278388278,12.307692307692308,0.0,6.837606837606837,39.65811965811966,-9.963369963369964,-16.996336996336996,-42.78388278388278
-42.78388278388278,-17.77777777777778,-3.3211233211233213,-42.39316239316239,0.0,-43.95604395604396,13.089133089133089,-2.148962148962149,-74.82295482295483,0.0,-15.824175824175825,24.42002442002442,0.0,26.764346764346765,-33.01587301587302,-29.10866910866911,-44.346764346764346,0.0,-50.5982905982906,-0.5860805860805861,-46.3003663003663,18.168498168498168,0.0,3.711843711843712,40.83028083028083,-8.791208791208792,-16.214896214896214,-46.3003663003663
-39.65811965811966,-21.68498168498169,-6.056166056166056,-23.247863247863247,0.0,-40.83028083028083,11.526251526251526,-2.93040293040293,-60.757020757020754,0.0,-14.652014652014651,25.982905982905983,0.0,29.89010989010989,-31.45299145299145,-31.062271062271066,-34.969474969474966,0.0,-47.86324786324786,-0.5860805860805861,-50.20757020757021,31.45299145299145,0.0,6.446886446886447,13.870573870573873,15.433455433455434,-12.698412698412698,-50.20757020757021
-36.53235653235653,-21.68498168498169,-5.274725274725275,-9.18192918192918,0.0,-35.75091575091575,12.698412698412698,1.7582417582417582,-53.724053724053725,0.0,-10.354090354090356,30.671550671550676,0.0,34.969474969474966,-24.81074481074481,-27.936507936507937,-32.62515262515262,0.0,-42.78388278388278,2.148962148962149,-48.25396825396825,37.31379731379732,0.0,5.665445665445666,-0.1953601953601953,27.155067155067155,-6.446886446886447,-48.25396825396825
-30.671550671550676,-15.042735042735044,-1.3675213675213675,-5.274725274725275,0.0,-31.062271062271066,20.903540903540904,13.089133089133089,-58.41269841269841,0.0,-6.446886446886447,35.36019536019536,0.0,42.002442002442,-11.916971916971915,-22.857142857142858,-36.92307692307692,0.0,-31.843711843711844,11.135531135531137,-42.39316239316239,31.45299145299145,0.0,1.7582417582417582,58.02197802197802,-30.671550671550676,-0.5860805860805861,-42.39316239316239
-27.155067155067155,-12.698412698412698,-2.148962148962149,5.665445665445666,0.0,-32.234432234432234,27.936507936507937,16.605616605616607,-50.989010989010985,0.0,-7.228327228327228,36.14163614163614,0.0,43.95604395604396,-8.00976800976801,-22.466422466422465,-28.32722832722833,0.0,-23.63858363858364,15.433455433455434,-41.61172161172161,34.18803418803419,0.0,2.5396825396825395,68.96214896214896,-40.83028083028083,3.3211233211233213,-41.61172161172161
-22.075702075702075,-12.698412698412698,-3.711843711843712,11.916971916971915,0.0,-31.843711843711844,30.28083028083028,15.042735042735044,-42.002442002442,0.0,-10.354090354090356,33.01587301587302,0.0,45.12820512820513,-13.870573870573873,-25.2014652014652,-15.824175824175825,0.0,-16.996336996336996,13.870573870573873,-46.3003663003663,38.87667887667888,0.0,4.102564102564102,4.884004884004884,22.857142857142858,4.493284493284493,-46.3003663003663
-16.214896214896214,-9.18192918192918,-0.1953601953601953,4.493284493284493,0.0,-29.10866910866911,31.843711843711844,16.996336996336996,-42.78388278388278,0.0,-15.824175824175825,30.671550671550676,0.0,47.081807081807085,-18.168498168498168,-23.63858363858364,-15.824175824175825,0.0,-11.526251526251526,15.433455433455434,-45.51892551892552,29.10866910866911,0.0,0.5860805860805861,6.056166056166056,23.247863247863247,4.102564102564102,-45.51892551892552
-11.916971916971915,-10.354090354090356,-0.1953601953601953,3.711843711843712,0.0,-26.764346764346765,26.37362637362637,14.652014652014651,-34.18803418803419,0.0,-22.857142857142858,25.982905982905983,0.0,45.12820512820513,-25.2014652014652,-19.34065934065934,-10.354090354090356,0.0,-8.4004884004884,12.698412698412698,-42.78388278388278,27.155067155067155,0.0,0.5860805860805861,44.346764346764346,-12.307692307692308,-0.9768009768009768,-42.78388278388278
-9.18192918192918,-11.135531135531137,0.9768009768009768,5.665445665445666,0.0,-26.37362637362637,19.73137973137973,12.698412698412698,-20.512820512820515,0.0,-29.499389499389498,20.903540903540904,0.0,39.26739926739927,-30.671550671550676,-15.042735042735044,0.9768009768009768,0.0,-9.963369963369964,10.354090354090356,-38.095238095238095,32.234432234432234,0.0,-0.5860805860805861,13.870573870573873,11.916971916971915,-2.93040293040293,-38.095238095238095
-6.056166056166056,-6.056166056166056,4.493284493284493,1.3675213675213675,0.0,-27.545787545787547,21.294261294261293,15.824175824175825,-15.433455433455434,0.0,-31.45299145299145,22.075702075702075,0.0,38.095238095238095,-27.545787545787547,-7.619047619047619,4.102564102564102,0.0,-10.354090354090356,15.042735042735044,-27.936507936507937,30.671550671550676,0.0,-4.102564102564102,-29.89010989010989,49.42612942612943,-2.5396825396825395,-27.936507936507937
-1.3675213675213675,-2.148962148962149,11.916971916971915,-0.1953601953601953,0.0,-27.155067155067155,25.2014652014652,21.294261294261293,-12.307692307692308,0.0,-29.10866910866911,24.81074481074481,0.0,38.87667887667888,-19.34065934065934,2.148962148962149,3.711843711843712,0.0,-6.446886446886447,20.903540903540904,-15.824175824175825,28.32722832722833,0.0,-11.526251526251526,-13.089133089133089,31.062271062271066,-3.3211233211233213,-15.824175824175825
-2.93040293040293,-0.9768009768009768,18.55921855921856,2.5396825396825395,0.0,-29.499389499389498,25.982905982905983,24.02930402930403,-4.884004884004884,0.0,-26.764346764346765,24.02930402930403,0.0,39.65811965811966,-15.824175824175825,4.102564102564102,9.572649572649572,0.0,-3.711843711843712,24.81074481074481,-11.916971916971915,30.28083028083028,0.0,-18.168498168498168,-4.102564102564102,22.857142857142858,-0.5860805860805861,-11.916971916971915
-8.00976800976801,-0.9768009768009768,21.68498168498169,4.102564102564102,0.0,-33.01587301587302,27.545787545787547,24.81074481074481,-3.711843711843712,0.0,-24.02930402930403,22.075702075702075,0.0,43.56532356532357,-13.870573870573873,2.93040293040293,11.916971916971915,0.0,-0.1953601953601953,27.545787545787547,-10.744810744810744,29.10866910866911,0.0,-21.294261294261293,-27.936507936507937,51.77045177045177,0.5860805860805861,-10.744810744810744
-14.261294261294262,0.1953601953601953,20.512820512820515,2.93040293040293,0.0,-34.18803418803419,26.764346764346765,27.155067155067155,-11.135531135531137,0.0,-20.512820512820515,22.075702075702075,0.0,45.12820512820513,-12.307692307692308,8.00976800976801,4.493284493284493,0.0,6.446886446886447,25.2014652014652,-6.446886446886447,20.903540903540904,0.0,-20.12210012210012,-27.155067155067155,58.41269841269841,-0.1953601953601953,-6.446886446886447
-21.68498168498169,3.711843711843712,15.042735042735044,2.148962148962149,0.0,-39.65811965811966,30.671550671550676,26.37362637362637,-17.387057387057386,0.0,-18.168498168498168,20.12210012210012,0.0,42.39316239316239,-11.916971916971915,11.916971916971915,0.9768009768009768,0.0,10.354090354090356,21.68498168498169,-4.493284493284493,16.214896214896214,0.0,-14.652014652014651,31.45299145299145,2.93040293040293,-1.7582417582417582,-4.493284493284493
-27.936507936507937,8.791208791208792,10.744810744810744,1.7582417582417582,0.0,-46.69108669108669,37.31379731379732,25.592185592185597,-22.075702075702075,0.0,-13.870573870573873,22.075702075702075,0.0,37.31379731379732,-10.744810744810744,15.824175824175825,1.7582417582417582,0.0,11.135531135531137,19.34065934065934,-3.711843711843712,16.605616605616607,0.0,-10.354090354090356,31.062271062271066,2.93040293040293,-0.9768009768009768,-3.711843711843712
-26.37362637362637,19.34065934065934,12.698412698412698,-10.744810744810744,0.0,-45.90964590964591,48.25396825396825,26.764346764346765,-34.57875457875458,0.0,-3.3211233211233213,27.936507936507937,0.0,34.969474969474966,-2.5396825396825395,20.512820512820515,-5.665445665445666,0.0,14.261294261294262,20.512820512820515,2.5396825396825395,8.00976800976801,0.0,-12.307692307692308,42.002442002442,-11.916971916971915,0.5860805860805861,2.5396825396825395
-23.63858363858364,29.89010989010989,22.075702075702075,-19.34065934065934,0.0,-45.12820512820513,62.71062271062271,28.71794871794872,-37.31379731379732,0.0,8.791208791208792,32.234432234432234,0.0,35.36019536019536,9.963369963369964,24.42002442002442,-12.307692307692308,0.0,16.996336996336996,31.062271062271066,7.619047619047619,0.9768009768009768,0.0,-21.68498168498169,46.69108669108669,-19.73137973137973,6.056166056166056,7.619047619047619
-20.12210012210012,33.40659340659341,29.89010989010989,-15.433455433455434,0.0,-41.61172161172161,66.22710622710623,26.37362637362637,-24.02930402930403,0.0,21.294261294261293,34.18803418803419,0.0,35.75091575091575,20.12210012210012,20.12210012210012,-4.884004884004884,0.0,18.55921855921856,37.704517704517706,8.00976800976801,5.274725274725275,0.0,-29.499389499389498,-22.857142857142858,42.39316239316239,13.47985347985348,8.00976800976801
-14.652014652014651,36.53235653235653,34.969474969474966,-14.652014652014651,0.0,-35.36019536019536,65.83638583638583,25.592185592185597,-13.870573870573873,0.0,31.062271062271066,36.14163614163614,0.0,39.26739926739927,27.936507936507937,16.605616605616607,-2.93040293040293,0.0,23.247863247863247,43.95604395604396,10.354090354090356,4.102564102564102,0.0,-34.57875457875458,-48.64468864468864,63.10134310134311,17.387057387057386,10.354090354090356
-5.665445665445666,38.87667887667888,39.65811965811966,-18.94993894993895,0.0,-31.062271062271066,67.3992673992674,26.764346764346765,-9.963369963369964,0.0,37.31379731379732,39.65811965811966,0.0,43.56532356532357,35.36019536019536,18.94993894993895,-6.837606837606837,0.0,31.062271062271066,48.64468864468864,13.47985347985348,-2.148962148962149,0.0,-39.26739926739927,21.294261294261293,-8.791208791208792,20.12210012210012,13.47985347985348
5.665445665445666,33.7973137973138,36.53235653235653,-18.55921855921856,0.0,-26.37362637362637,65.44566544566544,24.81074481074481,-6.056166056166056,0.0,42.39316239316239,40.04884004884005,0.0,39.65811965811966,36.92307692307692,18.94993894993895,-1.7582417582417582,0.0,36.14163614163614,40.04884004884005,13.870573870573873,2.93040293040293,0.0,-36.14163614163614,21.68498168498169,-13.089133089133089,14.652014652014651,13.870573870573873
18.55921855921856,24.42002442002442,27.936507936507937,-19.34065934065934,0.0,-26.764346764346765,68.57142857142857,20.12210012210012,-9.963369963369964,0.0,46.69108669108669,40.83028083028083,0.0,34.18803418803419,36.14163614163614,18.168498168498168,-0.1953601953601953,0.0,38.87667887667888,30.671550671550676,13.870573870573873,5.665445665445666,0.0,-27.545787545787547,-19.73137973137973,30.671550671550676,5.274725274725275,13.870573870573873
32.234432234432234,15.824175824175825,24.02930402930403,-24.02930402930403,0.0,-24.81074481074481,77.16727716727716,18.94993894993895,-22.466422466422465,0.0,52.94261294261294,42.002442002442,0.0,32.62515262515262,38.095238095238095,22.857142857142858,-6.056166056166056,0.0,45.12820512820513,23.247863247863247,17.77777777777778,0.9768009768009768,0.0,-23.63858363858364,31.062271062271066,-15.824175824175825,-1.7582417582417582,17.77777777777778
39.26739926739927,6.837606837606837,22.857142857142858,-22.857142857142858,0.0,-27.936507936507937,81.46520146520146,22.075702075702075,-28.32722832722833,0.0,59.1941391941392,43.56532356532357,0.0,29.89010989010989,41.61172161172161,26.764346764346765,-11.916971916971915,0.0,44.737484737484735,21.68498168498169,21.68498168498169,-0.9768009768009768,0.0,-22.466422466422465,67.00854700854701,-48.64468864468864,-7.619047619047619,21.68498168498169
35.36019536019536,0.9768009768009768,20.12210012210012,-12.698412698412698,0.0,-37.31379731379732,78.33943833943835,22.466422466422465,-18.168498168498168,0.0,60.757020757020754,45.12820512820513,0.0,24.81074481074481,43.56532356532357,24.42002442002442,-7.228327228327228,0.0,40.83028083028083,21.68498168498169,21.68498168498169,1.3675213675213675,0.0,-19.73137973137973,31.45299145299145,-12.698412698412698,-7.228327228327228,21.68498168498169
28.71794871794872,2.5396825396825395,25.2014652014652,-11.135531135531137,0.0,-49.03540903540904,75.995115995116,29.89010989010989,-10.354090354090356,0.0,60.757020757020754,49.42612942612943,0.0,21.294261294261293,47.472527472527474,25.2014652014652,-7.228327228327228,0.0,39.65811965811966,27.545787545787547,20.903540903540904,-1.3675213675213675,0.0,-24.81074481074481,5.665445665445666,12.698412698412698,-2.93040293040293,20.903540903540904
21.294261294261293,8.4004884004884,29.10866910866911,-16.214896214896214,0.0,-57.63125763125763,70.52503052503053,36.53235653235653,-5.665445665445666,0.0,58.02197802197802,54.5054945054945,0.0,15.042735042735044,52.94261294261294,25.592185592185597,-6.446886446886447,0.0,40.83028083028083,30.28083028083028,17.387057387057386,-2.148962148962149,0.0,-28.71794871794872,15.824175824175825,2.148962148962149,-2.5396825396825395,17.387057387057386
17.77777777777778,11.135531135531137,25.2014652014652,-13.870573870573873,0.0,-65.44566544566544,68.57142857142857,35.36019536019536,2.148962148962149,0.0,54.5054945054945,55.28693528693529,0.0,2.93040293040293,53.333333333333336,22.857142857142858,0.1953601953601953,0.0,40.04884004884005,24.81074481074481,11.916971916971915,2.5396825396825395,0.0,-24.81074481074481,29.499389499389498,-9.963369963369964,-9.18192918192918,11.916971916971915
17.387057387057386,11.916971916971915,18.55921855921856,-11.135531135531137,0.0,-73.26007326007326,75.995115995116,32.62515262515262,2.5396825396825395,0.0,54.5054945054945,51.77045177045177,0.0,-5.274725274725275,51.37973137973138,23.247863247863247,3.711843711843712,0.0,42.002442002442,16.996336996336996,9.963369963369964,2.5396825396825395,0.0,-18.168498168498168,42.78388278388278,-23.247863247863247,-15.433455433455434,9.963369963369964
22.075702075702075,11.916971916971915,13.47985347985348,-17.387057387057386,0.0,-74.04151404151405,84.59096459096459,31.843711843711844,-9.963369963369964,0.0,56.06837606837607,50.989010989010985,0.0,-8.4004884004884,50.20757020757021,27.155067155067155,-2.93040293040293,0.0,46.3003663003663,11.526251526251526,12.698412698412698,-5.665445665445666,0.0,-13.089133089133089,89.67032967032966,-67.78998778998779,-21.68498168498169,12.698412698412698
24.02930402930403,11.135531135531137,8.4004884004884,-11.526251526251526,0.0,-75.995115995116,87.71672771672772,29.499389499389498,-8.00976800976801,0.0,58.8034188034188,49.81684981684982,0.0,-15.042735042735044,47.472527472527474,29.499389499389498,-0.1953601953601953,0.0,45.51892551892552,3.711843711843712,17.77777777777778,-5.274725274725275,0.0,-8.00976800976801,84.2002442002442,-64.66422466422466,-26.37362637362637,17.77777777777778
24.42002442002442,9.963369963369964,5.665445665445666,-3.3211233211233213,0.0,-74.82295482295483,86.93528693528694,29.89010989010989,-3.711843711843712,0.0,61.14774114774115,50.20757020757021,0.0,-18.168498168498168,47.472527472527474,29.10866910866911,4.493284493284493,0.0,44.346764346764346,1.3675213675213675,20.512820512820515,-2.93040293040293,0.0,-5.274725274725275,61.92918192918193,-45.51892551892552,-25.982905982905983,20.512820512820515
29.10866910866911,12.307692307692308,11.135531135531137,-11.135531135531137,0.0,-67.00854700854701,86.15384615384616,34.18803418803419,-10.744810744810744,0.0,62.71062271062271,57.63125763125763,0.0,-15.824175824175825,52.55189255189255,28.71794871794872,-0.1953601953601953,0.0,47.472527472527474,2.5396825396825395,22.466422466422465,-8.4004884004884,0.0,-10.744810744810744,54.5054945054945,-36.92307692307692,-24.81074481074481,22.466422466422465
32.62515262515262,15.042735042735044,15.042735042735044,-15.433455433455434,0.0,-60.366300366300365,83.41880341880342,36.14163614163614,-10.744810744810744,0.0,59.975579975579976,61.53846153846154,0.0,-17.77777777777778,56.84981684981685,25.982905982905983,0.1953601953601953,0.0,47.472527472527474,0.1953601953601953,26.37362637362637,-8.791208791208792,0.0,-14.652014652014651,24.02930402930403,-7.228327228327228,-29.499389499389498,26.37362637362637
35.36019536019536,12.307692307692308,13.089133089133089,-10.354090354090356,0.0,-56.45909645909646,81.85592185592185,29.499389499389498,-3.3211233211233213,0.0,55.67765567765568,60.366300366300365,0.0,-22.857142857142858,52.94261294261294,19.73137973137973,10.354090354090356,0.0,43.17460317460318,-6.837606837606837,22.857142857142858,1.3675213675213675,0.0,-12.698412698412698,-65.83638583638583,80.68376068376068,-34.18803418803419,22.857142857142858
40.83028083028083,10.354090354090356,13.47985347985348,-14.652014652014651,0.0,-51.37973137973138,86.15384615384616,24.81074481074481,-8.4004884004884,0.0,51.37973137973138,59.1941391941392,0.0,-24.81074481074481,48.64468864468864,16.605616605616607,10.744810744810744,0.0,41.22100122100122,-15.824175824175825,21.68498168498169,3.3211233211233213,0.0,-13.089133089133089,-92.7960927960928,110.37851037851038,-42.39316239316239,21.68498168498169
44.346764346764346,11.526251526251526,8.4004884004884,-16.214896214896214,0.0,-45.90964590964591,88.4981684981685,21.68498168498169,-14.261294261294262,0.0,48.25396825396825,54.114774114774114,0.0,-30.28083028083028,44.346764346764346,20.512820512820515,10.354090354090356,0.0,37.31379731379732,-22.075702075702075,24.81074481074481,4.493284493284493,0.0,-8.00976800976801,-53.333333333333336,70.13431013431014,-49.81684981684982,24.81074481074481
43.17460317460318,8.4004884004884,-2.148962148962149,-6.446886446886447,0.0,-46.69108669108669,86.54456654456655,16.605616605616607,-12.698412698412698,0.0,44.346764346764346,50.20757020757021,0.0,-39.26739926739927,39.65811965811966,22.466422466422465,18.94993894993895,0.0,32.62515262515262,-28.32722832722833,22.857142857142858,14.652014652014651,0.0,2.5396825396825395,-64.66422466422466,75.995115995116,-50.20757020757021,22.857142857142858
43.95604395604396,6.446886446886447,-11.135531135531137,-2.93040293040293,0.0,-44.346764346764346,84.2002442002442,15.042735042735044,-17.387057387057386,0.0,40.04884004884005,47.081807081807085,0.0,-47.081807081807085,38.48595848595848,23.63858363858364,21.68498168498169,0.0,27.936507936507937,-30.671550671550676,22.075702075702075,17.387057387057386,0.0,11.526251526251526,-88.4981684981685,93.18681318681318,-47.081807081807085,22.075702075702075
45.90964590964591,6.837606837606837,-17.77777777777778,-6.446886446886447,0.0,-37.704517704517706,76.77655677655677,14.652014652014651,-24.02930402930403,0.0,33.01587301587302,45.51892551892552,0.0,-52.16117216117216,39.65811965811966,26.37362637362637,20.12210012210012,0.0,24.02930402930403,-28.71794871794872,27.545787545787547,11.135531135531137,0.0,18.168498168498168,-46.69108669108669,45.12820512820513,-43.95604395604396,27.545787545787547
45.90964590964591,4.102564102564102,-21.294261294261293,-8.00976800976801,0.0,-31.062271062271066,64.27350427350427,9.963369963369964,-22.857142857142858,0.0,24.81074481074481,39.26739926739927,0.0,-58.41269841269841,38.48595848595848,23.63858363858364,27.155067155067155,0.0,19.73137973137973,-29.89010989010989,29.10866910866911,11.526251526251526,0.0,21.68498168498169,-10.744810744810744,3.711843711843712,-42.78388278388278,29.10866910866911
47.081807081807085,-0.5860805860805861,-24.81074481074481,-8.791208791208792,0.0,-24.42002442002442,51.37973137973138,2.148962148962149,-16.605616605616607,0.0,15.042735042735044,31.062271062271066,0.0,-63.88278388278388,33.40659340659341,15.824175824175825,35.36019536019536,0.0,13.47985347985348,-31.062271062271066,23.63858363858364,14.652014652014651,0.0,25.2014652014652,-28.32722832722833,22.466422466422465,-44.737484737484735,23.63858363858364
46.69108669108669,-2.5396825396825395,-24.81074481074481,-14.261294261294262,0.0,-18.55921855921856,37.704517704517706,-1.7582417582417582,-12.307692307692308,0.0,4.493284493284493,24.02930402930403,0.0,-70.13431013431014,28.71794871794872,13.47985347985348,38.87667887667888,0.0,7.619047619047619,-29.499389499389498,20.512820512820515,11.526251526251526,0.0,25.2014652014652,-52.16117216117216,49.81684981684982,-48.25396825396825,20.512820512820515
44.737484737484735,-5.274725274725275,-26.764346764346765,-15.042735042735044,0.0,-18.94993894993895,25.592185592185597,-4.493284493284493,-5.274725274725275,0.0,-6.446886446886447,20.12210012210012,0.0,-79.51159951159951,29.10866910866911,14.652014652014651,43.95604395604396,0.0,3.711843711843712,-28.32722832722833,18.168498168498168,13.870573870573873,0.0,27.155067155067155,-35.75091575091575,35.36019536019536,-49.42612942612943,18.168498168498168
42.39316239316239,-7.619047619047619,-30.671550671550676,-11.916971916971915,0.0,-24.02930402930403,17.387057387057386,-5.274725274725275,2.148962148962149,0.0,-21.294261294261293,19.73137973137973,0.0,-89.67032967032966,25.2014652014652,17.387057387057386,49.42612942612943,0.0,-0.5860805860805861,-27.155067155067155,15.042735042735044,16.214896214896214,0.0,31.062271062271066,-10.744810744810744,10.354090354090356,-48.25396825396825,15.042735042735044
40.83028083028083,-8.791208791208792,-36.14163614163614,-9.572649572649572,0.0,-27.545787545787547,13.47985347985348,-7.619047619047619,7.619047619047619,0.0,-33.40659340659341,21.294261294261293,0.0,-94.35897435897436,19.73137973137973,18.55921855921856,52.94261294261294,0.0,-6.837606837606837,-25.982905982905983,13.870573870573873,16.605616605616607,0.0,36.53235653235653,-35.75091575091575,31.062271062271066,-45.51892551892552,13.870573870573873
40.83028083028083,-7.228327228327228,-35.36019536019536,-10.744810744810744,0.0,-25.982905982905983,13.089133089133089,-7.619047619047619,7.228327228327228,0.0,-44.737484737484735,25.2014652014652,0.0,-92.4053724053724,16.214896214896214,21.294261294261293,49.81684981684982,0.0,-9.572649572649572,-25.2014652014652,17.77777777777778,13.089133089133089,0.0,35.75091575091575,-29.89010989010989,19.34065934065934,-40.83028083028083,17.77777777777778
38.87667887667888,-6.446886446886447,-36.14163614163614,-1.3675213675213675,0.0,-24.42002442002442,11.135531135531137,-9.572649572649572,16.605616605616607,0.0,-54.5054945054945,22.466422466422465,0.0,-91.23321123321124,9.18192918192918,17.77777777777778,56.45909645909646,0.0,-16.996336996336996,-25.592185592185597,18.168498168498168,18.168498168498168,0.0,36.53235653235653,-47.86324786324786,28.71794871794872,-36.53235653235653,18.168498168498168
39.65811965811966,-4.884004884004884,-32.62515262515262,3.3211233211233213,0.0,-18.168498168498168,8.00976800976801,-9.572649572649572,25.592185592185597,0.0,-60.366300366300365,22.466422466422465,0.0,-84.59096459096459,1.7582417582417582,13.47985347985348,61.53846153846154,0.0,-24.02930402930403,-22.466422466422465,18.168498168498168,21.68498168498169,0.0,33.01587301587302,-65.83638583638583,38.48595848595848,-31.843711843711844,18.168498168498168
38.095238095238095,-0.1953601953601953,-24.02930402930403,-0.9768009768009768,0.0,-11.916971916971915,2.5396825396825395,-4.493284493284493,25.982905982905983,0.0,-68.57142857142857,22.857142857142858,0.0,-78.73015873015873,2.93040293040293,14.652014652014651,58.02197802197802,0.0,-28.71794871794872,-17.387057387057386,23.63858363858364,19.73137973137973,0.0,24.42002442002442,-15.433455433455434,-14.652014652014651,-29.89010989010989,23.63858363858364
35.36019536019536,3.711843711843712,-19.34065934065934,-4.102564102564102,0.0,-6.837606837606837,-5.274725274725275,-1.7582417582417582,29.499389499389498,0.0,-77.16727716727716,21.68498168498169,0.0,-79.51159951159951,2.93040293040293,15.433455433455434,59.1941391941392,0.0,-31.843711843711844,-15.042735042735044,26.764346764346765,19.73137973137973,0.0,19.73137973137973,8.791208791208792,-43.17460317460318,-29.89010989010989,26.764346764346765
32.62515262515262,8.00976800976801,-18.168498168498168,-4.102564102564102,0.0,-3.3211233211233213,-15.042735042735044,-2.148962148962149,40.04884004884005,0.0,-89.67032967032966,21.294261294261293,0.0,-79.9023199023199,-4.102564102564102,14.652014652014651,68.57142857142857,0.0,-36.14163614163614,-15.824175824175825,24.02930402930403,27.936507936507937,0.0,18.55921855921856,-39.26739926739927,0.5860805860805861,-31.45299145299145,24.02930402930403
27.936507936507937,16.214896214896214,-16.214896214896214,-13.47985347985348,0.0,0.5860805860805861,-21.68498168498169,-4.102564102564102,40.43956043956044,0.0,-102.95482295482296,21.294261294261293,0.0,-77.94871794871794,-11.916971916971915,16.214896214896214,69.74358974358974,0.0,-37.31379731379732,-19.34065934065934,24.81074481074481,28.32722832722833,0.0,16.605616605616607,-55.67765567765568,12.307692307692308,-35.36019536019536,24.81074481074481
22.075702075702075,24.81074481074481,-13.089133089133089,-20.512820512820515,0.0,0.5860805860805861,-26.764346764346765,-1.3675213675213675,40.83028083028083,0.0,-115.84859584859583,19.34065934065934,0.0,-77.55799755799755,-21.294261294261293,18.94993894993895,72.47863247863248,0.0,-40.83028083028083,-23.63858363858364,29.89010989010989,27.155067155067155,0.0,13.47985347985348,-18.55921855921856,-29.499389499389498,-39.65811965811966,29.89010989010989
16.214896214896214,31.843711843711844,-13.870573870573873,-17.77777777777778,0.0,-0.9768009768009768,-31.45299145299145,-0.5860805860805861,50.20757020757021,0.0,-127.17948717948718,14.261294261294262,0.0,-73.26007326007326,-36.53235653235653,16.214896214896214,84.2002442002442,0.0,-45.90964590964591,-29.10866910866911,29.89010989010989,36.14163614163614,0.0,14.261294261294262,-40.04884004884005,-18.55921855921856,-40.04884004884005,29.89010989010989
8.4004884004884,38.095238095238095,-13.870573870573873,-17.77777777777778,0.0,-5.274725274725275,-35.36019536019536,2.5396825396825395,52.94261294261294,0.0,-134.993894993895,10.354090354090356,0.0,-68.18070818070818,-47.081807081807085,13.870573870573873,88.1074481074481,0.0,-52.16117216117216,-31.45299145299145,29.499389499389498,40.83028083028083,0.0,14.261294261294262,-63.10134310134311,-2.5396825396825395,-39.65811965811966,29.499389499389498
4.102564102564102,44.346764346764346,-12.698412698412698,-21.68498168498169,0.0,-5.665445665445666,-38.095238095238095,7.619047619047619,49.81684981684982,0.0,-138.1196581196581,8.00976800976801,0.0,-61.14774114774115,-52.94261294261294,14.261294261294262,84.2002442002442,0.0,-55.67765567765568,-29.499389499389498,29.499389499389498,40.04884004884005,0.0,13.089133089133089,-6.837606837606837,-60.757020757020754,-37.704517704517706,29.499389499389498
-2.5396825396825395,47.86324786324786,-13.47985347985348,-15.433455433455434,0.0,-6.446886446886447,-44.737484737484735,11.135531135531137,54.89621489621489,0.0,-141.24542124542126,5.274725274725275,0.0,-56.84981684981685,-58.41269841269841,10.744810744810744,87.71672771672772,0.0,-60.757020757020754,-26.37362637362637,25.592185592185597,45.12820512820513,0.0,13.870573870573873,45.12820512820513,-113.89499389499387,-34.18803418803419,25.592185592185597
-12.307692307692308,49.81684981684982,-16.996336996336996,-8.4004884004884,0.0,-8.00976800976801,-52.55189255189255,11.135531135531137,59.975579975579976,0.0,-143.98046398046398,2.93040293040293,0.0,-54.5054945054945,-64.66422466422466,6.837606837606837,90.06105006105007,0.0,-68.18070818070818,-22.466422466422465,18.94993894993895,49.81684981684982,0.0,17.387057387057386,20.512820512820515,-90.45177045177046,-29.499389499389498,18.94993894993895
-20.512820512820515,50.5982905982906,-19.73137973137973,-7.228327228327228,0.0,-9.963369963369964,-57.24053724053724,13.089133089133089,56.06837606837607,0.0,-144.37118437118437,0.5860805860805861,0.0,-50.20757020757021,-65.83638583638583,4.884004884004884,83.02808302808303,0.0,-72.08791208791209,-16.996336996336996,16.996336996336996,43.17460317460318,0.0,20.12210012210012,-1.7582417582417582,-62.71062271062271,-27.155067155067155,16.996336996336996
-29.499389499389498,49.81684981684982,-25.982905982905983,0.5860805860805861,0.0,-23.247863247863247,-56.84981684981685,16.996336996336996,57.63125763125763,0.0,-145.93406593406593,-2.5396825396825395,0.0,-48.64468864468864,-69.74358974358974,5.665445665445666,84.2002442002442,0.0,-75.6043956043956,-16.214896214896214,18.55921855921856,45.12820512820513,0.0,26.37362637362637,-4.493284493284493,-58.8034188034188,-27.936507936507937,18.55921855921856
-37.31379731379732,49.81684981684982,-35.36019536019536,9.963369963369964,0.0,-34.969474969474966,-55.28693528693529,16.214896214896214,60.757020757020754,0.0,-146.7155067155067,-4.884004884004884,0.0,-49.42612942612943,-76.77655677655677,3.3211233211233213,95.14041514041514,0.0,-79.12087912087912,-18.94993894993895,13.47985347985348,56.84981684981685,0.0,35.75091575091575,-25.982905982905983,-40.04884004884005,-28.71794871794872,13.47985347985348
-38.87667887667888,52.94261294261294,-41.22100122100122,8.4004884004884,0.0,-43.17460317460318,-45.90964590964591,17.77777777777778,51.77045177045177,0.0,-141.63614163614164,-2.5396825396825395,0.0,-44.737484737484735,-77.16727716727716,2.93040293040293,93.18681318681318,0.0,-75.21367521367522,-18.94993894993895,11.916971916971915,56.45909645909646,0.0,41.61172161172161,-34.57875457875458,-28.71794871794872,-29.499389499389498,11.916971916971915
-41.61172161172161,56.84981684981685,-40.04884004884005,2.148962148962149,0.0,-52.55189255189255,-34.57875457875458,20.12210012210012,43.17460317460318,0.0,-137.72893772893772,1.3675213675213675,0.0,-40.83028083028083,-79.12087912087912,3.3211233211233213,90.45177045177046,0.0,-72.47863247863248,-20.512820512820515,11.135531135531137,55.67765567765568,0.0,40.43956043956044,-18.168498168498168,-44.737484737484735,-28.71794871794872,11.135531135531137
-48.25396825396825,57.24053724053724,-41.22100122100122,6.837606837606837,0.0,-59.58485958485959,-31.062271062271066,16.605616605616607,48.64468864468864,0.0,-136.16605616605617,1.7582417582417582,0.0,-42.39316239316239,-76.77655677655677,-2.148962148962149,96.31257631257633,0.0,-75.995115995116,-19.34065934065934,5.274725274725275,63.49206349206349,0.0,41.61172161172161,-33.40659340659341,-30.28083028083028,-25.982905982905983,5.274725274725275
-54.114774114774114,53.724053724053725,-39.26739926739927,9.572649572649572,0.0,-59.975579975579976,-37.704517704517706,13.47985347985348,53.724053724053725,0.0,-133.82173382173383,-0.5860805860805861,0.0,-41.22100122100122,-75.21367521367522,-10.354090354090356,92.7960927960928,0.0,-80.68376068376068,-16.605616605616607,0.1953601953601953,63.49206349206349,0.0,39.65811965811966,-28.32722832722833,-32.62515262515262,-21.294261294261293,0.1953601953601953
-59.58485958485959,48.64468864468864,-31.45299145299145,6.446886446886447,0.0,-60.366300366300365,-42.002442002442,12.698412698412698,54.114774114774114,0.0,-133.43101343101344,-4.884004884004884,0.0,-37.704517704517706,-71.30647130647131,-13.47985347985348,77.94871794871794,0.0,-84.2002442002442,-13.870573870573873,-0.5860805860805861,54.114774114774114,0.0,31.843711843711844,33.01587301587302,-86.15384615384616,-21.294261294261293,-0.5860805860805861
-63.49206349206349,39.65811965811966,-28.32722832722833,13.47985347985348,0.0,-62.31990231990232,-47.472527472527474,10.744810744810744,60.366300366300365,0.0,-133.43101343101344,-9.572649572649572,0.0,-36.92307692307692,-70.13431013431014,-15.042735042735044,73.65079365079364,0.0,-88.88888888888889,-12.307692307692308,-0.5860805860805861,53.333333333333336,0.0,28.71794871794872,52.55189255189255,-99.04761904761904,-20.512820512820515,-0.5860805860805861
-65.44566544566544,31.45299145299145,-28.71794871794872,22.857142857142858,0.0,-62.71062271062271,-50.20757020757021,2.93040293040293,68.96214896214896,0.0,-127.17948717948718,-13.47985347985348,0.0,-34.57875457875458,-73.65079365079364,-20.12210012210012,74.82295482295483,0.0,-89.27960927960928,-13.089133089133089,-5.274725274725275,54.5054945054945,0.0,29.10866910866911,1.7582417582417582,-40.83028083028083,-21.68498168498169,-5.274725274725275
-62.31990231990232,24.42002442002442,-27.936507936507937,19.73137973137973,0.0,-61.53846153846154,-46.69108669108669,-0.5860805860805861,63.10134310134311,0.0,-120.92796092796092,-16.996336996336996,0.0,-30.28083028083028,-72.47863247863248,-21.294261294261293,64.66422466422466,0.0,-84.98168498168498,-15.433455433455434,-6.446886446886447,47.081807081807085,0.0,28.32722832722833,6.837606837606837,-40.04884004884005,-24.42002442002442,-6.446886446886447
-62.31990231990232,21.68498168498169,-28.32722832722833,19.34065934065934,0.0,-62.31990231990232,-43.56532356532357,-4.102564102564102,60.366300366300365,0.0,-113.89499389499387,-18.55921855921856,0.0,-31.45299145299145,-69.35286935286935,-19.34065934065934,59.975579975579976,0.0,-81.85592185592185,-15.433455433455434,-8.00976800976801,44.346764346764346,0.0,28.71794871794872,34.18803418803419,-64.66422466422466,-26.37362637362637,-8.00976800976801
-65.44566544566544,16.996336996336996,-33.7973137973138,24.42002442002442,0.0,-64.27350427350427,-49.81684981684982,-13.47985347985348,70.52503052503053,0.0,-111.15995115995116,-22.466422466422465,0.0,-36.92307692307692,-67.78998778998779,-24.81074481074481,66.22710622710623,0.0,-81.07448107448107,-16.996336996336996,-16.214896214896214,51.77045177045177,0.0,34.18803418803419,0.5860805860805861,-28.71794871794872,-28.71794871794872,-16.214896214896214
-67.78998778998779,15.042735042735044,-33.7973137973138,22.857142857142858,0.0,-64.66422466422466,-56.06837606837607,-14.261294261294262,72.08791208791209,0.0,-109.2063492063492,-26.37362637362637,0.0,-41.61172161172161,-63.10134310134311,-24.81074481074481,62.31990231990232,0.0,-80.68376068376068,-18.55921855921856,-20.12210012210012,51.37973137973138,0.0,34.18803418803419,-28.32722832722833,1.3675213675213675,-28.71794871794872,-20.12210012210012
-69.35286935286935,16.214896214896214,-34.18803418803419,25.2014652014652,0.0,-63.49206349206349,-59.58485958485959,-13.47985347985348,75.6043956043956,0.0,-107.64346764346764,-28.71794871794872,0.0,-45.12820512820513,-57.63125763125763,-19.34065934065934,57.24053724053724,0.0,-79.9023199023199,-16.605616605616607,-16.214896214896214,47.472527472527474,0.0,34.57875457875458,-8.791208791208792,-15.042735042735044,-29.10866910866911,-16.214896214896214
-72.47863247863248,13.870573870573873,-33.7973137973138,32.62515262515262,0.0,-66.22710622710623,-61.53846153846154,-15.824175824175825,84.59096459096459,0.0,-104.12698412698413,-31.45299145299145,0.0,-47.472527472527474,-52.55189255189255,-16.996336996336996,54.5054945054945,0.0,-77.94871794871794,-17.77777777777778,-13.089133089133089,45.90964590964591,0.0,34.18803418803419,27.155067155067155,-46.69108669108669,-31.062271062271066,-13.089133089133089
-75.21367521367522,9.572649572649572,-35.36019536019536,40.43956043956044,0.0,-66.61782661782662,-63.10134310134311,-15.824175824175825,85.76312576312576,0.0,-96.7032967032967,-36.92307692307692,0.0,-47.081807081807085,-48.25396825396825,-18.168498168498168,47.86324786324786,0.0,-76.38583638583638,-20.512820512820515,-12.698412698412698,43.56532356532357,0.0,35.75091575091575,6.056166056166056,-22.075702075702075,-31.062271062271066,-12.698412698412698
-74.43223443223444,8.00976800976801,-35.75091575091575,41.22100122100122,0.0,-61.14774114774115,-65.44566544566544,-14.261294261294262,80.68376068376068,0.0,-88.88888888888889,-42.39316239316239,0.0,-42.002442002442,-43.56532356532357,-18.55921855921856,37.704517704517706,0.0,-72.86935286935287,-24.02930402930403,-6.837606837606837,36.92307692307692,0.0,36.14163614163614,-45.51892551892552,29.89010989010989,-33.7973137973138,-6.837606837606837
-74.43223443223444,6.837606837606837,-31.843711843711844,40.04884004884005,0.0,-58.8034188034188,-67.78998778998779,-11.135531135531137,79.12087912087912,0.0,-81.07448107448107,-46.69108669108669,0.0,-35.75091575091575,-41.61172161172161,-20.12210012210012,32.62515262515262,0.0,-69.74358974358974,-24.81074481074481,-4.493284493284493,34.57875457875458,0.0,32.234432234432234,-35.75091575091575,26.37362637362637,-38.87667887667888,-4.493284493284493
-71.6971916971917,4.102564102564102,-27.936507936507937,38.87667887667888,0.0,-55.28693528693529,-71.30647130647131,-10.744810744810744,81.46520146520146,0.0,-74.04151404151405,-48.64468864468864,0.0,-29.499389499389498,-46.3003663003663,-23.247863247863247,36.53235653235653,0.0,-67.78998778998779,-27.936507936507937,-9.18192918192918,42.39316239316239,0.0,28.32722832722833,-56.45909645909646,51.37973137973138,-42.78388278388278,-9.18192918192918
-64.27350427350427,8.4004884004884,-23.247863247863247,29.499389499389498,0.0,-49.81684981684982,-67.78998778998779,-6.446886446886447,75.6043956043956,0.0,-65.05494505494505,-47.081807081807085,0.0,-21.68498168498169,-45.12820512820513,-19.34065934065934,28.32722832722833,0.0,-61.53846153846154,-25.982905982905983,-5.665445665445666,35.36019536019536,0.0,23.63858363858364,-42.78388278388278,42.002442002442,-46.3003663003663,-5.665445665445666
-54.114774114774114,10.354090354090356,-15.433455433455434,21.68498168498169,0.0,-43.95604395604396,-60.366300366300365,-6.446886446886447,74.82295482295483,0.0,-54.5054945054945,-41.61172161172161,0.0,-16.214896214896214,-39.65811965811966,-13.870573870573873,22.857142857142858,0.0,-49.81684981684982,-20.512820512820515,-3.3211233211233213,26.764346764346765,0.0,15.824175824175825,8.791208791208792,-0.9768009768009768,-47.081807081807085,-3.3211233211233213
-47.86324786324786,6.056166056166056,-14.652014652014651,25.982905982905983,0.0,-45.51892551892552,-56.06837606837607,-12.307692307692308,85.37240537240537,0.0,-43.17460317460318,-41.22100122100122,0.0,-19.34065934065934,-32.62515262515262,-11.916971916971915,27.155067155067155,0.0,-41.22100122100122,-20.12210012210012,-2.148962148962149,26.37362637362637,0.0,15.042735042735044,1.7582417582417582,9.963369963369964,-46.69108669108669,-2.148962148962149
-39.26739926739927,4.884004884004884,-13.47985347985348,26.764346764346765,0.0,-42.39316239316239,-50.20757020757021,-16.214896214896214,88.4981684981685,0.0,-29.499389499389498,-42.002442002442,0.0,-16.214896214896214,-22.075702075702075,-9.963369963369964,27.155067155067155,0.0,-29.499389499389498,-18.55921855921856,6.446886446886447,18.94993894993895,0.0,13.870573870573873,-4.102564102564102,17.387057387057386,-45.51892551892552,6.446886446886447
-28.32722832722833,4.884004884004884,-6.446886446886447,22.857142857142858,0.0,-36.92307692307692,-42.39316239316239,-11.916971916971915,85.76312576312576,0.0,-14.261294261294262,-41.61172161172161,0.0,-9.963369963369964,-8.00976800976801,-6.056166056166056,20.12210012210012,0.0,-18.55921855921856,-12.307692307692308,16.605616605616607,9.963369963369964,0.0,6.837606837606837,42.78388278388278,-25.592185592185597,-45.51892551892552,16.605616605616607
-21.68498168498169,3.711843711843712,-2.148962148962149,24.02930402930403,0.0,-35.75091575091575,-38.48595848595848,-9.572649572649572,88.88888888888889,0.0,-0.5860805860805861,-42.002442002442,0.0,-6.446886446886447,-2.148962148962149,-1.7582417582417582,20.903540903540904,0.0,-14.652014652014651,-10.744810744810744,25.592185592185597,8.791208791208792,0.0,2.5396825396825395,48.25396825396825,-30.28083028083028,-48.25396825396825,25.592185592185597
-12.307692307692308,3.3211233211233213,0.9768009768009768,26.764346764346765,0.0,-29.499389499389498,-33.7973137973138,-5.274725274725275,89.27960927960928,0.0,12.307692307692308,-38.87667887667888,0.0,0.1953601953601953,3.3211233211233213,0.1953601953601953,20.12210012210012,0.0,-8.791208791208792,-10.354090354090356,32.234432234432234,10.744810744810744,0.0,-0.5860805860805861,-9.963369963369964,27.545787545787547,-48.64468864468864,32.234432234432234
-3.3211233211233213,6.446886446886447,8.00976800976801,23.63858363858364,0.0,-20.12210012210012,-27.936507936507937,2.5396825396825395,81.85592185592185,0.0,27.545787545787547,-31.062271062271066,0.0,5.274725274725275,12.698412698412698,4.493284493284493,12.698412698412698,0.0,-1.7582417582417582,-5.665445665445666,35.36019536019536,8.4004884004884,0.0,-7.619047619047619,18.168498168498168,0.1953601953601953,-47.472527472527474,35.36019536019536
5.274725274725275,8.791208791208792,9.963369963369964,24.02930402930403,0.0,-12.307692307692308,-24.81074481074481,7.619047619047619,80.68376068376068,0.0,41.22100122100122,-23.63858363858364,0.0,3.711843711843712,22.857142857142858,6.837606837606837,10.354090354090356,0.0,5.274725274725275,-4.884004884004884,35.36019536019536,9.572649572649572,0.0,-9.572649572649572,79.51159951159951,-58.41269841269841,-50.20757020757021,35.36019536019536
10.354090354090356,7.228327228327228,10.744810744810744,33.01587301587302,0.0,-8.4004884004884,-21.68498168498169,5.665445665445666,89.67032967032966,0.0,53.724053724053725,-19.34065934065934,0.0,0.1953601953601953,32.62515262515262,6.056166056166056,16.996336996336996,0.0,11.526251526251526,-6.446886446886447,34.969474969474966,16.996336996336996,0.0,-10.354090354090356,60.366300366300365,-41.22100122100122,-49.81684981684982,34.969474969474966
14.652014652014651,6.837606837606837,15.042735042735044,35.36019536019536,0.0,-5.665445665445666,-16.996336996336996,6.446886446886447,91.23321123321124,0.0,65.83638583638583,-15.433455433455434,0.0,-0.9768009768009768,44.737484737484735,6.446886446886447,16.214896214896214,0.0,20.903540903540904,-6.056166056166056,32.234432234432234,19.73137973137973,0.0,-14.652014652014651,54.114774114774114,-33.40659340659341,-48.64468864468864,32.234432234432234
20.512820512820515,3.3211233211233213,20.903540903540904,31.45299145299145,0.0,-7.228327228327228,-11.135531135531137,9.18192918192918,88.1074481074481,0.0,73.65079365079364,-11.526251526251526,0.0,-1.7582417582417582,54.5054945054945,9.572649572649572,11.526251526251526,0.0,31.062271062271066,-5.274725274725275,31.45299145299145,17.77777777777778,0.0,-20.512820512820515,99.43833943833944,-74.04151404151405,-49.81684981684982,31.45299145299145
23.247863247863247,-2.93040293040293,24.81074481074481,29.89010989010989,0.0,-8.00976800976801,-8.4004884004884,4.102564102564102,89.67032967032966,0.0,77.16727716727716,-9.18192918192918,0.0,-0.9768009768009768,56.84981684981685,11.916971916971915,11.526251526251526,0.0,38.48595848595848,-9.18192918192918,28.71794871794872,21.68498168498169,0.0,-24.42002442002442,115.06715506715508,-86.54456654456655,-52.16117216117216,28.71794871794872
23.247863247863247,-8.791208791208792,30.28083028083028,24.81074481074481,0.0,-11.135531135531137,-6.446886446886447,4.884004884004884,84.59096459096459,0.0,79.12087912087912,-6.056166056166056,0.0,-0.1953601953601953,57.63125763125763,15.042735042735044,7.228327228327228,0.0,44.737484737484735,-15.824175824175825,29.499389499389498,21.68498168498169,0.0,-29.89010989010989,89.27960927960928,-60.366300366300365,-54.89621489621489,29.499389499389498
28.32722832722833,-10.354090354090356,33.7973137973138,13.47985347985348,0.0,-11.135531135531137,-1.3675213675213675,5.274725274725275,74.04151404151405,0.0,82.24664224664225,-1.3675213675213675,0.0,4.102564102564102,55.28693528693529,16.996336996336996,1.3675213675213675,0.0,52.94261294261294,-19.73137973137973,33.01587301587302,13.47985347985348,0.0,-33.40659340659341,98.65689865689866,-68.57142857142857,-58.41269841269841,33.01587301587302
29.499389499389498,-11.526251526251526,34.57875457875458,13.870573870573873,0.0,-13.089133089133089,-0.1953601953601953,4.102564102564102,77.94871794871794,0.0,84.59096459096459,-0.1953601953601953,0.0,4.102564102564102,52.16117216117216,17.387057387057386,8.00976800976801,0.0,56.84981684981685,-25.982905982905983,36.92307692307692,15.433455433455434,0.0,-34.18803418803419,56.45909645909646,-26.764346764346765,-62.71062271062271,36.92307692307692
29.10866910866911,-12.307692307692308,34.18803418803419,16.605616605616607,0.0,-13.47985347985348,0.1953601953601953,4.493284493284493,78.73015873015873,0.0,86.93528693528694,-0.1953601953601953,0.0,7.228327228327228,50.20757020757021,13.089133089133089,15.042735042735044,0.0,61.53846153846154,-29.10866910866911,37.704517704517706,16.996336996336996,0.0,-33.7973137973138,8.00976800976801,17.77777777777778,-60.757020757020754,37.704517704517706
35.36019536019536,-11.135531135531137,37.704517704517706,10.744810744810744,0.0,-6.837606837606837,4.884004884004884,7.619047619047619,68.18070818070818,0.0,94.35897435897436,-0.5860805860805861,0.0,17.77777777777778,50.5982905982906,12.698412698412698,12.698412698412698,0.0,71.30647130647131,-23.63858363858364,35.75091575091575,12.698412698412698,0.0,-37.31379731379732,27.155067155067155,-1.7582417582417582,-53.333333333333336,35.75091575091575
38.87667887667888,-12.698412698412698,43.17460317460318,10.744810744810744,0.0,0.1953601953601953,9.18192918192918,9.18192918192918,61.53846153846154,0.0,97.48473748473748,-1.3675213675213675,0.0,26.764346764346765,54.114774114774114,14.261294261294262,12.307692307692308,0.0,79.51159951159951,-14.261294261294262,29.89010989010989,14.261294261294262,0.0,-42.78388278388278,44.737484737484735,-18.94993894993895,-45.12820512820513,29.89010989010989
38.48595848595848,-17.387057387057386,42.39316239316239,19.34065934065934,0.0,5.274725274725275,9.18192918192918,6.446886446886447,61.53846153846154,0.0,99.43833943833944,-3.711843711843712,0.0,30.671550671550676,53.724053724053725,14.652014652014651,19.34065934065934,0.0,81.46520146520146,-9.572649572649572,23.247863247863247,25.2014652014652,0.0,-42.002442002442,13.870573870573873,4.493284493284493,-36.14163614163614,23.247863247863247
39.26739926739927,-22.857142857142858,44.346764346764346,22.857142857142858,0.0,8.00976800976801,12.698412698412698,5.665445665445666,56.45909645909646,0.0,98.65689865689866,-1.7582417582417582,0.0,37.31379731379732,50.5982905982906,17.77777777777778,21.294261294261293,0.0,83.80952380952381,-4.884004884004884,23.247863247863247,26.37362637362637,0.0,-43.95604395604396,38.48595848595848,-22.857142857142858,-29.499389499389498,23.247863247863247
35.36019536019536,-27.936507936507937,47.472527472527474,20.903540903540904,0.0,4.884004884004884,14.652014652014651,4.884004884004884,50.5982905982906,0.0,94.35897435897436,-0.1953601953601953,0.0,39.26739926739927,49.03540903540904,19.34065934065934,19.34065934065934,0.0,82.63736263736264,-2.5396825396825395,26.764346764346765,22.075702075702075,0.0,-47.081807081807085,90.06105006105007,-75.21367521367522,-27.545787545787547,26.764346764346765
28.71794871794872,-34.969474969474966,43.95604395604396,24.02930402930403,0.0,-2.93040293040293,11.135531135531137,2.93040293040293,51.37973137973138,0.0,85.76312576312576,0.5860805860805861,0.0,41.22100122100122,38.87667887667888,15.824175824175825,27.155067155067155,0.0,77.94871794871794,-8.791208791208792,28.71794871794872,27.155067155067155,0.0,-43.56532356532357,49.81684981684982,-42.39316239316239,-26.37362637362637,28.71794871794872
20.903540903540904,-37.704517704517706,46.69108669108669,21.294261294261293,0.0,-11.135531135531137,12.698412698412698,4.102564102564102,45.51892551892552,0.0,79.51159951159951,1.7582417582417582,0.0,46.3003663003663,31.062271062271066,13.47985347985348,26.764346764346765,0.0,75.6043956043956,-12.307692307692308,30.28083028083028,25.592185592185597,0.0,-46.3003663003663,-9.963369963369964,16.605616605616607,-24.42002442002442,30.28083028083028
15.824175824175825,-37.704517704517706,50.5982905982906,16.605616605616607,0.0,-13.47985347985348,16.214896214896214,7.619047619047619,35.36019536019536,0.0,74.82295482295483,0.5860805860805861,0.0,54.114774114774114,25.982905982905983,14.652014652014651,20.12210012210012,0.0,78.33943833943835,-13.47985347985348,29.10866910866911,22.075702075702075,0.0,-50.20757020757021,8.00976800976801,-0.1953601953601953,-21.68498168498169,29.10866910866911
9.963369963369964,-36.53235653235653,50.989010989010985,17.387057387057386,0.0,-13.089133089133089,17.77777777777778,10.354090354090356,27.936507936507937,0.0,68.57142857142857,-0.9768009768009768,0.0,56.06837606837607,22.466422466422465,17.387057387057386,19.34065934065934,0.0,78.33943833943835,-11.916971916971915,27.936507936507937,22.466422466422465,0.0,-50.5982905982906,53.333333333333336,-44.737484737484735,-17.77777777777778,27.936507936507937
4.102564102564102,-34.57875457875458,51.77045177045177,24.02930402930403,0.0,-11.916971916971915,20.512820512820515,9.18192918192918,28.71794871794872,0.0,61.14774114774115,-1.7582417582417582,0.0,55.67765567765568,19.34065934065934,19.73137973137973,23.247863247863247,0.0,77.16727716727716,-8.4004884004884,29.89010989010989,20.903540903540904,0.0,-51.37973137973138,59.1941391941392,-50.5982905982906,-11.135531135531137,29.89010989010989
2.93040293040293,-31.062271062271066,53.333333333333336,19.73137973137973,0.0,-6.446886446886447,22.466422466422465,8.00976800976801,20.903540903540904,0.0,52.16117216117216,-0.9768009768009768,0.0,56.84981684981685,17.77777777777778,23.63858363858364,17.387057387057386,0.0,76.38583638583638,-2.5396825396825395,33.01587301587302,10.744810744810744,0.0,-52.94261294261294,74.04151404151405,-62.71062271062271,-5.665445665445666,33.01587301587302
2.93040293040293,-29.10866910866911,52.55189255189255,14.261294261294262,0.0,0.1953601953601953,18.168498168498168,5.665445665445666,16.605616605616607,0.0,42.78388278388278,0.1953601953601953,0.0,58.41269841269841,13.870573870573873,25.592185592185597,14.261294261294262,0.0,72.86935286935287,0.1953601953601953,38.87667887667888,2.148962148962149,0.0,-52.16117216117216,104.12698412698413,-97.09401709401708,-0.9768009768009768,38.87667887667888
4.102564102564102,-26.37362637362637,50.5982905982906,11.526251526251526,0.0,6.446886446886447,11.526251526251526,6.056166056166056,15.433455433455434,0.0,30.671550671550676,0.1953601953601953,0.0,59.975579975579976,8.791208791208792,25.2014652014652,14.652014652014651,0.0,65.83638583638583,1.3675213675213675,42.39316239316239,0.1953601953601953,0.0,-50.20757020757021,117.02075702075702,-116.23931623931624,1.7582417582417582,42.39316239316239
6.056166056166056,-24.81074481074481,47.472527472527474,9.18192918192918,0.0,13.47985347985348,6.446886446886447,4.884004884004884,11.916971916971915,0.0,20.903540903540904,0.1953601953601953,0.0,65.05494505494505,0.9768009768009768,19.73137973137973,13.870573870573873,0.0,60.366300366300365,2.5396825396825395,34.969474969474966,2.5396825396825395,0.0,-47.081807081807085,72.86935286935287,-78.73015873015873,5.274725274725275,34.969474969474966
10.354090354090356,-20.512820512820515,45.51892551892552,4.102564102564102,0.0,22.466422466422465,3.711843711843712,6.056166056166056,6.446886446886447,0.0,10.744810744810744,0.1953601953601953,0.0,68.18070818070818,-4.102564102564102,15.433455433455434,11.526251526251526,0.0,56.84981684981685,4.493284493284493,27.155067155067155,3.3211233211233213,0.0,-45.12820512820513,45.51892551892552,-58.02197802197802,9.963369963369964,27.155067155067155
10.744810744810744,-18.168498168498168,41.61172161172161,11.135531135531137,0.0,24.02930402930403,2.148962148962149,4.493284493284493,13.47985347985348,0.0,-0.1953601953601953,-0.5860805860805861,0.0,64.27350427350427,-9.572649572649572,11.916971916971915,19.34065934065934,0.0,52.16117216117216,6.446886446886447,18.55921855921856,8.791208791208792,0.0,-41.22100122100122,8.791208791208792,-26.764346764346765,14.652014652014651,18.55921855921856
12.698412698412698,-15.824175824175825,41.22100122100122,15.433455433455434,0.0,24.42002442002442,3.3211233211233213,3.711843711843712,21.294261294261293,0.0,-9.18192918192918,3.3211233211233213,0.0,62.31990231990232,-12.698412698412698,11.135531135531137,22.857142857142858,0.0,52.55189255189255,9.18192918192918,11.526251526251526,9.18192918192918,0.0,-40.83028083028083,-24.42002442002442,6.056166056166056,21.294261294261293,11.526251526251526
16.605616605616607,-7.619047619047619,44.737484737484735,8.791208791208792,0.0,26.764346764346765,6.056166056166056,8.791208791208792,20.12210012210012,0.0,-15.042735042735044,11.135531135531137,0.0,63.49206349206349,-10.744810744810744,18.94993894993895,13.870573870573873,0.0,56.06837606837607,16.996336996336996,16.605616605616607,-2.93040293040293,0.0,-44.346764346764346,6.446886446886447,-25.982905982905983,29.89010989010989,16.605616605616607
18.168498168498168,-1.3675213675213675,43.95604395604396,11.526251526251526,0.0,25.982905982905983,3.3211233211233213,13.47985347985348,29.10866910866911,0.0,-21.68498168498169,15.433455433455434,0.0,63.10134310134311,-10.354090354090356,24.02930402930403,13.870573870573873,0.0,56.06837606837607,20.512820512820515,24.42002442002442,-9.572649572649572,0.0,-43.56532356532357,15.433455433455434,-34.18803418803419,32.234432234432234,24.42002442002442
17.77777777777778,1.7582417582417582,39.26739926739927,17.387057387057386,0.0,21.294261294261293,-0.9768009768009768,15.042735042735044,41.22100122100122,0.0,-29.499389499389498,20.903540903540904,0.0,61.14774114774115,-14.261294261294262,24.02930402930403,18.94993894993895,0.0,53.724053724053725,19.34065934065934,26.37362637362637,-8.791208791208792,0.0,-38.87667887667888,-53.333333333333336,34.969474969474966,33.01587301587302,26.37362637362637
18.94993894993895,10.744810744810744,32.62515262515262,16.605616605616607,0.0,18.168498168498168,0.5860805860805861,17.77777777777778,42.39316239316239,0.0,-37.704517704517706,26.764346764346765,0.0,62.71062271062271,-19.34065934065934,22.075702075702075,19.73137973137973,0.0,50.5982905982906,17.77777777777778,28.32722832722833,-10.744810744810744,0.0,-32.234432234432234,-61.14774114774115,40.43956043956044,31.843711843711844,28.32722832722833
21.294261294261293,18.94993894993895,27.155067155067155,12.307692307692308,0.0,14.652014652014651,3.711843711843712,21.294261294261293,40.43956043956044,0.0,-42.002442002442,31.062271062271066,0.0,58.02197802197802,-18.55921855921856,21.294261294261293,19.34065934065934,0.0,47.081807081807085,13.870573870573873,33.01587301587302,-13.47985347985348,0.0,-26.764346764346765,-13.870573870573873,-9.572649572649572,26.37362637362637,33.01587301587302
24.02930402930403,22.075702075702075,21.294261294261293,13.47985347985348,0.0,7.228327228327228,10.744810744810744,20.12210012210012,42.78388278388278,0.0,-44.737484737484735,35.36019536019536,0.0,52.16117216117216,-18.94993894993895,17.77777777777778,25.2014652014652,0.0,43.56532356532357,9.572649572649572,32.62515262515262,-9.572649572649572,0.0,-20.903540903540904,-30.671550671550676,0.9768009768009768,23.247863247863247,32.62515262515262
29.10866910866911,28.32722832722833,20.512820512820515,6.837606837606837,0.0,3.711843711843712,20.512820512820515,20.12210012210012,40.04884004884005,0.0,-42.002442002442,37.31379731379732,0.0,47.86324786324786,-14.652014652014651,16.214896214896214,25.592185592185597,0.0,43.17460317460318,10.744810744810744,32.62515262515262,-10.744810744810744,0.0,-20.12210012210012,-47.472527472527474,12.698412698412698,23.63858363858364,32.62515262515262
38.095238095238095,33.01587301587302,20.903540903540904,-2.93040293040293,0.0,6.056166056166056,25.592185592185597,21.294261294261293,35.75091575091575,0.0,-36.92307692307692,38.87667887667888,0.0,44.737484737484735,-9.963369963369964,18.168498168498168,24.02930402930403,0.0,45.12820512820513,13.47985347985348,36.14163614163614,-17.387057387057386,0.0,-20.512820512820515,-8.791208791208792,-27.936507936507937,22.857142857142858,36.14163614163614
43.56532356532357,33.01587301587302,16.996336996336996,-5.274725274725275,0.0,7.228327228327228,23.247863247863247,18.168498168498168,38.48595848595848,0.0,-36.92307692307692,36.53235653235653,0.0,39.26739926739927,-10.354090354090356,14.652014652014651,29.499389499389498,0.0,43.56532356532357,14.652014652014651,30.671550671550676,-14.652014652014651,0.0,-16.605616605616607,16.605616605616607,-52.55189255189255,20.12210012210012,30.671550671550676
44.346764346764346,28.32722832722833,11.916971916971915,-4.884004884004884,0.0,6.056166056166056,18.55921855921856,10.744810744810744,43.17460317460318,0.0,-40.04884004884005,31.45299145299145,0.0,32.234432234432234,-14.652014652014651,9.572649572649572,38.48595848595848,0.0,38.87667887667888,12.698412698412698,22.857142857142858,-8.4004884004884,0.0,-11.526251526251526,-4.493284493284493,-27.936507936507937,18.94993894993895,22.857142857142858
45.51892551892552,24.42002442002442,7.619047619047619,-6.837606837606837,0.0,7.228327228327228,16.605616605616607,7.619047619047619,38.48595848595848,0.0,-39.65811965811966,29.10866910866911,0.0,25.982905982905983,-14.261294261294262,10.354090354090356,38.48595848595848,0.0,33.40659340659341,11.916971916971915,20.512820512820515,-5.665445665445666,0.0,-7.228327228327228,5.665445665445666,-34.57875457875458,16.996336996336996,20.512820512820515
46.3003663003663,18.94993894993895,2.148962148962149,-4.493284493284493,0.0,4.493284493284493,15.824175824175825,3.3211233211233213,37.704517704517706,0.0,-41.61172161172161,28.71794871794872,0.0,17.387057387057386,-13.089133089133089,12.307692307692308,42.39316239316239,0.0,27.545787545787547,11.916971916971915,18.94993894993895,0.1953601953601953,0.0,-1.7582417582417582,29.499389499389498,-54.114774114774114,11.916971916971915,18.94993894993895
47.86324786324786,12.698412698412698,-3.711843711843712,-0.9768009768009768,0.0,4.884004884004884,14.652014652014651,-3.711843711843712,39.65811965811966,0.0,-39.26739926739927,22.075702075702075,0.0,10.354090354090356,-11.916971916971915,9.18192918192918,50.20757020757021,0.0,21.294261294261293,13.089133089133089,16.214896214896214,6.446886446886447,0.0,4.102564102564102,38.095238095238095,-60.757020757020754,8.00976800976801,16.214896214896214
55.28693528693529,10.744810744810744,-9.572649572649572,-7.619047619047619,0.0,9.963369963369964,15.433455433455434,-9.963369963369964,32.62515262515262,0.0,-35.75091575091575,17.387057387057386,0.0,9.18192918192918,-10.744810744810744,8.00976800976801,51.77045177045177,0.0,22.075702075702075,16.214896214896214,16.605616605616607,2.93040293040293,0.0,9.963369963369964,38.48595848595848,-63.88278388278388,7.228327228327228,16.605616605616607
64.66422466422466,10.354090354090356,-12.698412698412698,-16.996336996336996,0.0,16.605616605616607,14.261294261294262,-14.652014652014651,27.936507936507937,0.0,-36.92307692307692,13.870573870573873,0.0,8.4004884004884,-12.307692307692308,6.837606837606837,53.724053724053725,0.0,24.81074481074481,17.77777777777778,16.214896214896214,-1.7582417582417582,0.0,13.089133089133089,63.49206349206349,-92.4053724053724,6.446886446886447,16.214896214896214
64.66422466422466,8.4004884004884,-15.433455433455434,-15.433455433455434,0.0,18.168498168498168,9.572649572649572,-21.68498168498169,34.57875457875458,0.0,-40.43956043956044,6.446886446886447,0.0,2.93040293040293,-18.55921855921856,1.3675213675213675,67.3992673992674,0.0,24.02930402930403,11.135531135531137,14.261294261294262,2.148962148962149,0.0,15.824175824175825,34.18803418803419,-66.61782661782662,6.837606837606837,14.261294261294262
56.84981684981685,8.791208791208792,-14.652014652014651,-11.526251526251526,0.0,13.089133089133089,9.18192918192918,-25.592185592185597,42.002442002442,0.0,-42.78388278388278,3.711843711843712,0.0,0.1953601953601953,-26.37362637362637,-1.3675213675213675,80.68376068376068,0.0,20.512820512820515,4.884004884004884,13.870573870573873,10.354090354090356,0.0,15.042735042735044,24.81074481074481,-59.1941391941392,8.00976800976801,13.870573870573873
49.03540903540904,12.307692307692308,-4.884004884004884,-17.387057387057386,0.0,9.18192918192918,11.916971916971915,-23.247863247863247,40.43956043956044,0.0,-43.56532356532357,6.056166056166056,0.0,-0.9768009768009768,-28.32722832722833,0.9768009768009768,79.9023199023199,0.0,18.94993894993895,3.711843711843712,17.387057387057386,8.791208791208792,0.0,5.274725274725275,86.93528693528694,-117.4114774114774,6.837606837606837,17.387057387057386
38.095238095238095,13.47985347985348,0.1953601953601953,-15.433455433455434,0.0,0.1953601953601953,15.824175824175825,-25.592185592185597,45.12820512820513,0.0,-42.002442002442,5.665445665445666,0.0,-3.3211233211233213,-27.545787545787547,-1.3675213675213675,83.41880341880342,0.0,12.698412698412698,1.7582417582417582,20.12210012210012,11.916971916971915,0.0,0.1953601953601953,77.16727716727716,-105.2991452991453,4.884004884004884,20.12210012210012
30.671550671550676,12.307692307692308,2.148962148962149,-14.652014652014651,0.0,-3.711843711843712,18.168498168498168,-31.843711843711844,48.64468864468864,0.0,-38.095238095238095,4.493284493284493,0.0,-3.711843711843712,-25.982905982905983,-6.056166056166056,84.2002442002442,0.0,9.18192918192918,2.148962148962149,20.12210012210012,14.261294261294262,0.0,-1.7582417582417582,22.857142857142858,-49.42612942612943,4.493284493284493,20.12210012210012
30.671550671550676,9.572649572649572,6.446886446886447,-21.68498168498169,0.0,-0.5860805860805861,17.77777777777778,-36.14163614163614,44.346764346764346,0.0,-33.7973137973138,4.493284493284493,0.0,-3.3211233211233213,-19.73137973137973,-7.228327228327228,76.38583638583638,0.0,8.4004884004884,5.274725274725275,19.73137973137973,8.791208791208792,0.0,-6.056166056166056,29.499389499389498,-54.114774114774114,4.884004884004884,19.73137973137973
32.62515262515262,4.493284493284493,4.102564102564102,-24.81074481074481,0.0,0.5860805860805861,16.214896214896214,-40.83028083028083,40.43956043956044,0.0,-30.671550671550676,0.5860805860805861,0.0,-5.665445665445666,-15.433455433455434,-6.446886446886447,70.52503052503053,0.0,6.837606837606837,4.884004884004884,20.512820512820515,6.446886446886447,0.0,-3.711843711843712,67.3992673992674,-95.14041514041514,3.3211233211233213,20.512820512820515
34.57875457875458,-1.7582417582417582,-0.5860805860805861,-16.996336996336996,0.0,2.5396825396825395,11.916971916971915,-45.12820512820513,44.346764346764346,0.0,-29.89010989010989,-2.93040293040293,0.0,-11.916971916971915,-17.387057387057386,-6.837606837606837,75.21367521367522,0.0,0.5860805860805861,2.93040293040293,17.387057387057386,15.042735042735044,0.0,0.9768009768009768,41.22100122100122,-76.77655677655677,5.665445665445666,17.387057387057386
40.04884004884005,-4.493284493284493,-2.5396825396825395,-18.168498168498168,0.0,6.837606837606837,11.916971916971915,-44.737484737484735,38.87667887667888,0.0,-27.936507936507937,-3.3211233211233213,0.0,-14.261294261294262,-19.34065934065934,-5.665445665445666,75.995115995116,0.0,-5.665445665445666,7.228327228327228,14.652014652014651,17.387057387057386,0.0,2.93040293040293,1.7582417582417582,-45.12820512820513,9.572649572649572,14.652014652014651
45.90964590964591,-4.884004884004884,-2.93040293040293,-23.247863247863247,0.0,10.744810744810744,12.307692307692308,-41.22100122100122,30.671550671550676,0.0,-24.81074481074481,-5.665445665445666,0.0,-15.433455433455434,-21.294261294261293,-0.9768009768009768,70.13431013431014,0.0,-10.744810744810744,11.916971916971915,16.605616605616607,12.307692307692308,0.0,3.3211233211233213,16.996336996336996,-64.27350427350427,8.4004884004884,16.605616605616607
52.16117216117216,-9.963369963369964,-3.711843711843712,-20.12210012210012,0.0,14.261294261294262,10.354090354090356,-39.65811965811966,30.671550671550676,0.0,-23.63858363858364,-6.056166056166056,0.0,-18.94993894993895,-20.903540903540904,0.1953601953601953,72.08791208791209,0.0,-15.824175824175825,16.996336996336996,16.605616605616607,12.698412698412698,0.0,4.102564102564102,26.37362637362637,-74.43223443223444,8.4004884004884,16.605616605616607
56.45909645909646,-15.824175824175825,-0.5860805860805861,-20.12210012210012,0.0,16.996336996336996,8.00976800976801,-38.095238095238095,31.062271062271066,0.0,-18.94993894993895,-5.274725274725275,0.0,-23.247863247863247,-19.34065934065934,2.93040293040293,73.26007326007326,0.0,-16.605616605616607,20.903540903540904,15.042735042735044,12.698412698412698,0.0,0.9768009768009768,0.1953601953601953,-40.04884004884005,6.446886446886447,15.042735042735044
58.41269841269841,-24.02930402930403,2.5396825396825395,-24.81074481074481,0.0,17.77777777777778,0.9768009768009768,-34.18803418803419,26.764346764346765,0.0,-16.996336996336996,-6.446886446886447,0.0,-28.71794871794872,-12.307692307692308,7.619047619047619,68.96214896214896,0.0,-14.261294261294262,24.42002442002442,14.652014652014651,8.00976800976801,0.0,-2.148962148962149,-23.247863247863247,-3.3211233211233213,1.7582417582417582,14.652014652014651
59.975579975579976,-36.92307692307692,2.93040293040293,-22.857142857142858,0.0,16.214896214896214,-8.4004884004884,-34.969474969474966,29.10866910866911,0.0,-18.94993894993895,-8.4004884004884,0.0,-35.36019536019536,-9.572649572649572,10.744810744810744,72.47863247863248,0.0,-13.47985347985348,27.545787545787547,11.526251526251526,10.354090354090356,0.0,-2.5396825396825395,-2.93040293040293,-15.042735042735044,3.3211233211233213,11.526251526251526
56.45909645909646,-49.03540903540904,2.148962148962149,-20.12210012210012,0.0,9.963369963369964,-17.77777777777778,-34.18803418803419,31.062271062271066,0.0,-20.12210012210012,-9.572649572649572,0.0,-42.78388278388278,-11.916971916971915,9.963369963369964,80.29304029304029,0.0,-15.824175824175825,27.936507936507937,3.3211233211233213,18.55921855921856,0.0,-1.7582417582417582,-25.592185592185597,16.214896214896214,2.5396825396825395,3.3211233211233213
55.67765567765568,-53.333333333333336,2.93040293040293,-29.499389499389498,0.0,6.056166056166056,-18.94993894993895,-31.062271062271066,20.12210012210012,0.0,-17.77777777777778,-7.228327228327228,0.0,-45.12820512820513,-14.261294261294262,12.698412698412698,77.94871794871794,0.0,-17.77777777777778,31.062271062271066,-0.1953601953601953,16.605616605616607,0.0,-2.5396825396825395,-14.261294261294262,11.526251526251526,0.1953601953601953,-0.1953601953601953
55.67765567765568,-52.16117216117216,2.5396825396825395,-37.31379731379732,0.0,1.3675213675213675,-17.387057387057386,-28.71794871794872,12.698412698412698,0.0,-15.824175824175825,-4.102564102564102,0.0,-48.64468864468864,-16.605616605616607,15.433455433455434,77.55799755799755,0.0,-23.247863247863247,34.57875457875458,0.5860805860805861,15.042735042735044,0.0,-2.148962148962149,-6.837606837606837,4.102564102564102,-0.9768009768009768,0.5860805860805861
52.55189255189255,-52.16117216117216,-0.1953601953601953,-33.01587301587302,0.0,-9.572649572649572,-13.089133089133089,-28.32722832722833,18.168498168498168,0.0,-12.698412698412698,0.5860805860805861,0.0,-56.84981684981685,-17.387057387057386,18.168498168498168,87.71672771672772,0.0,-33.01587301587302,36.14163614163614,2.93040293040293,24.42002442002442,0.0,0.5860805860805861,-62.71062271062271,59.58485958485959,-6.056166056166056,2.93040293040293
51.77045177045177,-51.37973137973138,-7.228327228327228,-28.71794871794872,0.0,-17.77777777777778,-10.744810744810744,-28.71794871794872,20.512820512820515,0.0,-6.446886446886447,5.665445665445666,0.0,-65.05494505494505,-13.089133089133089,23.63858363858364,93.57753357753356,0.0,-40.04884004884005,36.92307692307692,9.18192918192918,30.671550671550676,0.0,7.619047619047619,-64.66422466422466,60.366300366300365,-10.354090354090356,9.18192918192918
53.724053724053725,-49.81684981684982,-13.089133089133089,-32.234432234432234,0.0,-20.12210012210012,-9.572649572649572,-27.545787545787547,14.261294261294262,0.0,-3.3211233211233213,6.837606837606837,0.0,-66.22710622710623,-8.4004884004884,27.936507936507937,92.014652014652,0.0,-42.002442002442,39.26739926739927,16.214896214896214,29.499389499389498,0.0,13.47985347985348,-5.665445665445666,0.1953601953601953,-11.916971916971915,16.214896214896214
52.16117216117216,-55.67765567765568,-18.55921855921856,-27.936507936507937,0.0,-24.81074481074481,-11.916971916971915,-27.155067155067155,12.698412698412698,0.0,-4.102564102564102,7.228327228327228,0.0,-68.57142857142857,-6.446886446886447,27.936507936507937,96.31257631257633,0.0,-42.002442002442,35.36019536019536,18.168498168498168,35.36019536019536,0.0,18.94993894993895,3.711843711843712,-7.228327228327228,-15.042735042735044,18.168498168498168
51.77045177045177,-60.757020757020754,-24.02930402930403,-24.02930402930403,0.0,-24.81074481074481,-15.042735042735044,-25.2014652014652,7.228327228327228,0.0,-2.148962148962149,7.619047619047619,0.0,-69.35286935286935,-4.884004884004884,24.81074481074481,94.35897435897436,0.0,-40.43956043956044,31.45299145299145,14.261294261294262,37.31379731379732,0.0,24.42002442002442,-15.824175824175825,16.996336996336996,-18.55921855921856,14.261294261294262
53.333333333333336,-60.757020757020754,-22.466422466422465,-29.89010989010989,0.0,-17.77777777777778,-18.168498168498168,-16.214896214896214,-6.837606837606837,0.0,-3.3211233211233213,10.744810744810744,0.0,-67.3992673992674,-2.93040293040293,25.982905982905983,82.24664224664225,0.0,-38.87667887667888,32.234432234432234,12.307692307692308,29.499389499389498,0.0,22.857142857142858,16.605616605616607,-10.354090354090356,-21.68498168498169,12.307692307692308
53.724053724053725,-60.757020757020754,-21.294261294261293,-25.592185592185597,0.0,-12.698412698412698,-22.075702075702075,-10.354090354090356,-8.00976800976801,0.0,-4.493284493284493,12.307692307692308,0.0,-69.74358974358974,-0.5860805860805861,26.764346764346765,77.94871794871794,0.0,-42.39316239316239,32.62515262515262,13.47985347985348,28.71794871794872,0.0,21.68498168498169,68.18070818070818,-60.757020757020754,-25.592185592185597,13.47985347985348
52.94261294261294,-63.10134310134311,-25.2014652014652,-13.47985347985348,0.0,-9.18192918192918,-27.936507936507937,-9.18192918192918,-0.5860805860805861,0.0,-1.7582417582417582,13.089133089133089,0.0,-76.38583638583638,0.5860805860805861,24.42002442002442,77.94871794871794,0.0,-51.37973137973138,31.843711843711844,9.963369963369964,35.36019536019536,0.0,25.592185592185597,43.95604395604396,-34.969474969474966,-29.10866910866911,9.963369963369964
57.24053724053724,-61.14774114774115,-26.37362637362637,-9.963369963369964,0.0,-2.5396825396825395,-30.671550671550676,-8.00976800976801,1.3675213675213675,0.0,0.9768009768009768,11.916971916971915,0.0,-76.77655677655677,2.5396825396825395,25.592185592185597,74.04151404151405,0.0,-56.06837606837607,33.40659340659341,12.307692307692308,34.18803418803419,0.0,26.764346764346765,12.307692307692308,-8.791208791208792,-25.592185592185597,12.307692307692308
62.31990231990232,-56.45909645909646,-27.155067155067155,-8.00976800976801,0.0,4.102564102564102,-29.10866910866911,-8.791208791208792,2.93040293040293,0.0,3.711843711843712,11.135531135531137,0.0,-72.47863247863248,2.93040293040293,26.37362637362637,72.08791208791209,0.0,-54.89621489621489,34.57875457875458,13.870573870573873,34.57875457875458,0.0,27.545787545787547,18.55921855921856,-21.68498168498169,-22.075702075702075,13.870573870573873
66.61782661782662,-53.724053724053725,-28.32722832722833,-2.148962148962149,0.0,8.791208791208792,-28.71794871794872,-8.791208791208792,10.354090354090356,0.0,4.102564102564102,10.354090354090356,0.0,-73.26007326007326,4.102564102564102,27.545787545787547,72.08791208791209,0.0,-53.724053724053725,33.40659340659341,15.042735042735044,34.57875457875458,0.0,28.71794871794872,-0.9768009768009768,-6.446886446886447,-18.55921855921856,15.042735042735044
69.35286935286935,-47.081807081807085,-28.32722832722833,0.1953601953601953,0.0,11.135531135531137,-24.02930402930403,-7.228327228327228,13.089133089133089,0.0,3.711843711843712,13.47985347985348,0.0,-74.04151404151405,6.056166056166056,30.671550671550676,70.52503052503053,0.0,-48.64468864468864,34.18803418803419,14.652014652014651,31.843711843711844,0.0,28.71794871794872,-23.63858363858364,11.135531135531137,-13.089133089133089,14.652014652014651
75.6043956043956,-40.43956043956044,-25.592185592185597,-2.5396825396825395,0.0,17.387057387057386,-18.55921855921856,-4.102564102564102,11.526251526251526,0.0,3.3211233211233213,19.73137973137973,0.0,-72.86935286935287,10.354090354090356,34.969474969474966,65.44566544566544,0.0,-40.83028083028083,36.53235653235653,16.214896214896214,24.81074481074481,0.0,25.982905982905983,-5.665445665445666,-3.711843711843712,-13.870573870573873,16.214896214896214
79.12087912087912,-36.92307692307692,-27.155067155067155,10.354090354090356,0.0,21.294261294261293,-17.77777777777778,-3.3211233211233213,24.81074481074481,0.0,4.102564102564102,20.512820512820515,0.0,-77.16727716727716,12.698412698412698,37.704517704517706,70.13431013431014,0.0,-37.704517704517706,35.75091575091575,16.605616605616607,26.764346764346765,0.0,27.545787545787547,-7.228327228327228,-0.9768009768009768,-13.47985347985348,16.605616605616607
83.02808302808303,-36.92307692307692,-27.936507936507937,22.857142857142858,0.0,28.32722832722833,-16.996336996336996,-6.446886446886447,36.53235653235653,0.0,9.963369963369964,19.73137973137973,0.0,-75.995115995116,10.354090354090356,36.92307692307692,76.77655677655677,0.0,-34.57875457875458,32.62515262515262,15.433455433455434,33.01587301587302,0.0,28.32722832722833,-21.68498168498169,13.870573870573873,-12.698412698412698,15.433455433455434
89.27960927960928,-34.18803418803419,-18.168498168498168,19.34065934065934,0.0,38.095238095238095,-11.916971916971915,-7.228327228327228,36.14163614163614,0.0,17.77777777777778,17.77777777777778,0.0,-67.00854700854701,9.963369963369964,38.87667887667888,68.18070818070818,0.0,-28.32722832722833,33.7973137973138,16.996336996336996,26.764346764346765,0.0,18.55921855921856,6.837606837606837,-11.916971916971915,-10.744810744810744,16.996336996336996
93.96825396825396,-32.62515262515262,-11.916971916971915,21.68498168498169,0.0,43.95604395604396,-8.791208791208792,-8.00976800976801,43.17460317460318,0.0,25.592185592185597,12.698412698412698,0.0,-64.27350427350427,13.089133089133089,40.04884004884005,63.49206349206349,0.0,-26.37362637362637,34.18803418803419,17.387057387057386,25.982905982905983,0.0,12.307692307692308,-2.5396825396825395,-8.00976800976801,-4.493284493284493,17.387057387057386
95.14041514041514,-34.57875457875458,-8.00976800976801,23.63858363858364,0.0,42.002442002442,-6.446886446886447,-12.307692307692308,51.77045177045177,0.0,33.40659340659341,8.4004884004884,0.0,-64.66422466422466,11.916971916971915,36.14163614163614,67.78998778998779,0.0,-25.982905982905983,31.45299145299145,14.261294261294262,31.062271062271066,0.0,8.4004884004884,-50.5982905982906,33.01587301587302,-0.1953601953601953,14.261294261294262
99.82905982905984,-33.40659340659341,-6.446886446886447,16.214896214896214,0.0,43.17460317460318,-4.102564102564102,-14.652014652014651,50.989010989010985,0.0,39.65811965811966,8.00976800976801,0.0,-63.10134310134311,15.433455433455434,33.01587301587302,61.92918192918193,0.0,-20.903540903540904,29.89010989010989,9.572649572649572,29.10866910866911,0.0,6.837606837606837,-37.31379731379732,15.824175824175825,1.3675213675213675,9.572649572649572
104.12698412698413,-31.45299145299145,-9.572649572649572,10.744810744810744,0.0,46.3003663003663,-4.102564102564102,-15.824175824175825,46.69108669108669,0.0,43.56532356532357,6.837606837606837,0.0,-60.366300366300365,22.466422466422465,31.062271062271066,54.89621489621489,0.0,-16.996336996336996,29.499389499389498,8.4004884004884,26.764346764346765,0.0,9.963369963369964,29.89010989010989,-55.67765567765568,2.148962148962149,8.4004884004884
103.73626373626374,-34.57875457875458,-19.34065934065934,17.77777777777778,0.0,46.3003663003663,-6.837606837606837,-22.466422466422465,50.20757020757021,0.0,44.737484737484735,4.102564102564102,0.0,-57.63125763125763,22.466422466422465,26.764346764346765,57.24053724053724,0.0,-15.824175824175825,25.592185592185597,7.228327228327228,30.28083028083028,0.0,19.73137973137973,16.996336996336996,-46.3003663003663,0.1953601953601953,7.228327228327228
102.17338217338218,-35.36019536019536,-27.155067155067155,22.466422466422465,0.0,49.81684981684982,-8.00976800976801,-27.936507936507937,47.081807081807085,0.0,42.78388278388278,2.93040293040293,0.0,-53.724053724053725,22.857142857142858,25.2014652014652,50.989010989010985,0.0,-16.214896214896214,25.592185592185597,8.4004884004884,26.764346764346765,0.0,27.545787545787547,-29.499389499389498,2.148962148962149,-0.9768009768009768,8.4004884004884
100.6105006105006,-34.969474969474966,-29.89010989010989,20.903540903540904,0.0,55.28693528693529,-7.228327228327228,-29.89010989010989,37.704517704517706,0.0,41.61172161172161,0.1953601953601953,0.0,-47.081807081807085,25.2014652014652,23.63858363858364,43.17460317460318,0.0,-15.824175824175825,29.89010989010989,12.307692307692308,16.996336996336996,0.0,30.28083028083028,-10.744810744810744,-10.744810744810744,-0.5860805860805861,12.307692307692308
93.96825396825396,-36.53235653235653,-34.969474969474966,23.63858363858364,0.0,56.06837606837607,-13.47985347985348,-32.234432234432234,34.969474969474966,0.0,36.92307692307692,-4.493284493284493,0.0,-47.081807081807085,23.63858363858364,18.168498168498168,42.78388278388278,0.0,-18.55921855921856,30.28083028083028,13.089133089133089,11.526251526251526,0.0,35.36019536019536,14.261294261294262,-30.671550671550676,-0.5860805860805861,13.089133089133089
84.2002442002442,-41.61172161172161,-34.969474969474966,27.545787545787547,0.0,53.333333333333336,-21.68498168498169,-33.7973137973138,35.75091575091575,0.0,31.843711843711844,-8.791208791208792,0.0,-45.90964590964591,18.168498168498168,13.089133089133089,44.737484737484735,0.0,-20.512820512820515,26.764346764346765,11.916971916971915,11.135531135531137,0.0,35.36019536019536,12.307692307692308,-21.294261294261293,0.9768009768009768,11.916971916971915
77.16727716727716,-45.90964590964591,-29.499389499389498,23.63858363858364,0.0,54.89621489621489,-29.89010989010989,-31.843711843711844,32.234432234432234,0.0,25.2014652014652,-13.089133089133089,0.0,-41.61172161172161,13.47985347985348,8.791208791208792,41.61172161172161,0.0,-20.12210012210012,22.075702075702075,8.791208791208792,10.744810744810744,0.0,29.89010989010989,22.857142857142858,-27.155067155067155,4.102564102564102,8.791208791208792
66.22710622710623,-51.37973137973138,-23.63858363858364,23.247863247863247,0.0,55.67765567765568,-41.61172161172161,-31.062271062271066,31.843711843711844,0.0,15.824175824175825,-15.042735042735044,0.0,-34.969474969474966,5.274725274725275,8.4004884004884,33.7973137973138,0.0,-19.73137973137973,13.47985347985348,8.791208791208792,9.572649572649572,0.0,24.02930402930403,54.114774114774114,-53.724053724053725,4.493284493284493,8.791208791208792
54.89621489621489,-54.5054945054945,-21.294261294261293,29.10866910866911,0.0,54.114774114774114,-50.989010989010985,-33.01587301587302,37.704517704517706,0.0,7.619047619047619,-17.387057387057386,0.0,-30.28083028083028,-1.7582417582417582,11.526251526251526,25.2014652014652,0.0,-22.466422466422465,8.00976800976801,6.056166056166056,11.916971916971915,0.0,21.68498168498169,89.27960927960928,-88.1074481074481,4.884004884004884,6.056166056166056
48.64468864468864,-53.724053724053725,-21.68498168498169,26.764346764346765,0.0,57.24053724053724,-54.5054945054945,-35.36019536019536,31.843711843711844,0.0,3.3211233211233213,-16.996336996336996,0.0,-22.857142857142858,-6.837606837606837,10.354090354090356,12.698412698412698,0.0,-24.42002442002442,4.493284493284493,2.148962148962149,8.4004884004884,0.0,22.075702075702075,65.83638583638583,-63.88278388278388,4.102564102564102,2.148962148962149
42.78388278388278,-52.16117216117216,-23.63858363858364,20.903540903540904,0.0,59.975579975579976,-54.89621489621489,-35.36019536019536,18.94993894993895,0.0,0.1953601953601953,-16.996336996336996,0.0,-11.916971916971915,-9.963369963369964,4.884004884004884,-1.3675213675213675,0.0,-25.592185592185597,6.056166056166056,-0.5860805860805861,0.1953601953601953,0.0,24.02930402930403,69.74358974358974,-66.22710622710623,5.665445665445666,-0.5860805860805861
36.53235653235653,-51.77045177045177,-35.36019536019536,25.982905982905983,0.0,59.975579975579976,-60.366300366300365,-41.61172161172161,17.387057387057386,0.0,-6.446886446886447,-20.903540903540904,0.0,-6.056166056166056,-18.168498168498168,-0.9768009768009768,-4.884004884004884,0.0,-27.936507936507937,2.148962148962149,-8.00976800976801,2.148962148962149,0.0,35.75091575091575,49.81684981684982,-47.081807081807085,5.274725274725275,-8.00976800976801
30.28083028083028,-55.28693528693529,-43.95604395604396,28.71794871794872,0.0,59.1941391941392,-65.83638583638583,-44.346764346764346,10.744810744810744,0.0,-15.042735042735044,-25.592185592185597,0.0,2.5396825396825395,-28.71794871794872,-12.307692307692308,-3.3211233211233213,0.0,-29.499389499389498,-4.102564102564102,-16.605616605616607,8.00976800976801,0.0,44.346764346764346,23.63858363858364,-22.075702075702075,6.056166056166056,-16.605616605616607
25.2014652014652,-55.28693528693529,-46.3003663003663,27.545787545787547,0.0,61.14774114774115,-68.96214896214896,-41.22100122100122,0.1953601953601953,0.0,-25.982905982905983,-27.155067155067155,0.0,14.261294261294262,-37.704517704517706,-16.605616605616607,-11.135531135531137,0.0,-27.545787545787547,-7.619047619047619,-19.34065934065934,2.5396825396825395,0.0,46.69108669108669,88.4981684981685,-83.80952380952381,8.00976800976801,-19.34065934065934
20.12210012210012,-55.28693528693529,-52.94261294261294,31.843711843711844,0.0,58.8034188034188,-73.26007326007326,-40.04884004884005,-0.5860805860805861,0.0,-36.92307692307692,-29.10866910866911,0.0,18.168498168498168,-47.081807081807085,-17.77777777777778,-13.870573870573873,0.0,-26.37362637362637,-13.47985347985348,-23.63858363858364,2.148962148962149,0.0,53.333333333333336,117.8021978021978,-112.72283272283272,8.00976800976801,-23.63858363858364
15.433455433455434,-57.63125763125763,-56.84981684981685,34.969474969474966,0.0,52.16117216117216,-76.38583638583638,-40.83028083028083,0.1953601953601953,0.0,-43.95604395604396,-29.89010989010989,0.0,17.387057387057386,-54.5054945054945,-20.903540903540904,-10.744810744810744,0.0,-27.936507936507937,-19.34065934065934,-27.936507936507937,5.274725274725275,0.0,57.24053724053724,81.85592185592185,-78.33943833943835,7.619047619047619,-27.936507936507937
16.214896214896214,-54.114774114774114,-57.63125763125763,24.42002442002442,0.0,53.724053724053725,-74.82295482295483,-39.65811965811966,-9.963369963369964,0.0,-43.56532356532357,-29.499389499389498,0.0,18.55921855921856,-53.333333333333336,-20.512820512820515,-19.34065934065934,0.0,-28.71794871794872,-16.214896214896214,-29.10866910866911,-1.3675213675213675,0.0,58.02197802197802,95.53113553113552,-95.14041514041514,8.791208791208792,-29.10866910866911
17.387057387057386,-53.333333333333336,-58.8034188034188,14.261294261294262,0.0,55.28693528693529,-76.38583638583638,-38.87667887667888,-20.12210012210012,0.0,-42.002442002442,-30.671550671550676,0.0,17.387057387057386,-47.472527472527474,-20.903540903540904,-29.10866910866911,0.0,-29.499389499389498,-11.135531135531137,-31.45299145299145,-7.228327228327228,0.0,59.1941391941392,130.3052503052503,-133.43101343101344,9.572649572649572,-31.45299145299145
12.698412698412698,-55.67765567765568,-57.63125763125763,9.18192918192918,0.0,51.77045177045177,-81.46520146520146,-39.65811965811966,-21.294261294261293,0.0,-42.002442002442,-34.18803418803419,0.0,14.261294261294262,-43.56532356532357,-26.764346764346765,-29.89010989010989,0.0,-34.57875457875458,-7.619047619047619,-38.87667887667888,-5.665445665445666,0.0,58.02197802197802,92.014652014652,-98.26617826617829,12.307692307692308,-38.87667887667888
10.354090354090356,-57.24053724053724,-54.114774114774114,2.5396825396825395,0.0,51.77045177045177,-85.37240537240537,-39.26739926739927,-24.42002442002442,0.0,-43.95604395604396,-35.36019536019536,0.0,13.870573870573873,-37.704517704517706,-36.92307692307692,-34.18803418803419,0.0,-34.57875457875458,-3.711843711843712,-47.86324786324786,-8.00976800976801,0.0,54.5054945054945,59.975579975579976,-65.83638583638583,17.77777777777778,-47.86324786324786
7.619047619047619,-53.724053724053725,-49.03540903540904,-6.056166056166056,0.0,51.77045177045177,-82.24664224664225,-36.14163614163614,-34.57875457875458,0.0,-46.3003663003663,-31.062271062271066,0.0,15.433455433455434,-31.45299145299145,-42.002442002442,-43.17460317460318,0.0,-29.499389499389498,1.3675213675213675,-54.89621489621489,-18.168498168498168,0.0,49.42612942612943,86.15384615384616,-84.59096459096459,22.857142857142858,-54.89621489621489
2.5396825396825395,-48.25396825396825,-45.51892551892552,-11.135531135531137,0.0,46.69108669108669,-74.43223443223444,-36.53235653235653,-38.87667887667888,0.0,-45.12820512820513,-30.28083028083028,0.0,13.870573870573873,-29.89010989010989,-45.51892551892552,-43.56532356532357,0.0,-24.02930402930403,0.5860805860805861,-62.71062271062271,-19.34065934065934,0.0,45.90964590964591,116.23931623931624,-109.2063492063492,26.37362637362637,-62.71062271062271
-3.3211233211233213,-41.61172161172161,-44.346764346764346,-14.261294261294262,0.0,41.61172161172161,-63.10134310134311,-36.92307692307692,-46.3003663003663,0.0,-40.04884004884005,-29.10866910866911,0.0,13.870573870573873,-29.89010989010989,-46.3003663003663,-42.78388278388278,0.0,-18.168498168498168,-1.3675213675213675,-68.57142857142857,-16.996336996336996,0.0,44.737484737484735,102.17338217338218,-92.7960927960928,29.10866910866911,-68.57142857142857
-6.056166056166056,-31.843711843711844,-44.737484737484735,-17.77777777777778,0.0,40.04884004884005,-48.25396825396825,-34.57875457875458,-58.41269841269841,0.0,-33.01587301587302,-24.42002442002442,0.0,18.55921855921856,-25.2014652014652,-43.95604395604396,-47.081807081807085,0.0,-10.744810744810744,0.5860805860805861,-71.30647130647131,-16.605616605616607,0.0,45.12820512820513,106.86202686202688,-96.31257631257633,31.843711843711844,-71.30647130647131
-11.526251526251526,-25.592185592185597,-44.737484737484735,-13.089133089133089,0.0,33.01587301587302,-35.36019536019536,-31.843711843711844,-61.92918192918193,0.0,-27.936507936507937,-24.02930402930403,0.0,24.81074481074481,-21.68498168498169,-39.65811965811966,-47.86324786324786,0.0,-4.102564102564102,2.5396825396825395,-74.82295482295483,-8.4004884004884,0.0,45.12820512820513,125.6166056166056,-111.55067155067157,31.45299145299145,-74.82295482295483
-20.12210012210012,-22.466422466422465,-47.86324786324786,-2.93040293040293,0.0,25.592185592185597,-31.45299145299145,-31.843711843711844,-56.45909645909646,0.0,-27.155067155067155,-24.02930402930403,0.0,29.89010989010989,-22.857142857142858,-43.95604395604396,-40.83028083028083,0.0,-0.9768009768009768,4.102564102564102,-85.76312576312576,4.102564102564102,0.0,48.25396825396825,113.11355311355312,-95.14041514041514,31.45299145299145,-85.76312576312576
-21.68498168498169,-14.652014652014651,-47.081807081807085,-4.493284493284493,0.0,25.982905982905983,-24.42002442002442,-29.89010989010989,-59.975579975579976,0.0,-27.936507936507937,-18.94993894993895,0.0,40.04884004884005,-19.73137973137973,-46.69108669108669,-44.737484737484735,0.0,6.446886446886447,11.135531135531137,-92.4053724053724,1.7582417582417582,0.0,47.472527472527474,88.1074481074481,-61.53846153846154,33.40659340659341,-92.4053724053724
-25.982905982905983,-3.711843711843712,-47.472527472527474,-10.354090354090356,0.0,23.63858363858364,-18.55921855921856,-28.71794871794872,-65.05494505494505,0.0,-29.499389499389498,-15.433455433455434,0.0,46.69108669108669,-19.73137973137973,-47.86324786324786,-46.69108669108669,0.0,13.089133089133089,18.55921855921856,-92.7960927960928,-8.4004884004884,0.0,47.86324786324786,76.38583638583638,-39.65811965811966,35.36019536019536,-92.7960927960928
-35.36019536019536,6.056166056166056,-50.20757020757021,-9.963369963369964,0.0,15.824175824175825,-18.55921855921856,-30.28083028083028,-56.84981684981685,0.0,-31.45299145299145,-14.261294261294262,0.0,43.17460317460318,-22.466422466422465,-50.20757020757021,-34.969474969474966,0.0,15.824175824175825,18.94993894993895,-92.4053724053724,-8.00976800976801,0.0,50.5982905982906,25.592185592185597,11.526251526251526,37.31379731379732,-92.4053724053724
-42.39316239316239,19.34065934065934,-50.5982905982906,-11.135531135531137,0.0,10.744810744810744,-15.433455433455434,-25.982905982905983,-54.89621489621489,0.0,-28.71794871794872,-10.744810744810744,0.0,40.83028083028083,-19.34065934065934,-49.03540903540904,-28.32722832722833,0.0,18.168498168498168,20.12210012210012,-83.41880341880342,-11.916971916971915,0.0,50.989010989010985,10.744810744810744,24.02930402930403,40.04884004884005,-83.41880341880342
-48.64468864468864,31.843711843711844,-46.3003663003663,-11.916971916971915,0.0,6.056166056166056,-6.056166056166056,-14.652014652014651,-60.757020757020754,0.0,-22.466422466422465,-5.665445665445666,0.0,43.17460317460318,-9.18192918192918,-42.002442002442,-31.062271062271066,0.0,25.2014652014652,24.02930402930403,-68.18070818070818,-20.903540903540904,0.0,46.69108669108669,68.96214896214896,-31.843711843711844,43.56532356532357,-68.18070818070818
-57.63125763125763,39.26739926739927,-42.39316239316239,-2.148962148962149,0.0,0.1953601953601953,2.148962148962149,-7.228327228327228,-57.63125763125763,0.0,-16.214896214896214,-2.148962148962149,0.0,43.56532356532357,-4.102564102564102,-37.31379731379732,-25.2014652014652,0.0,30.671550671550676,22.466422466422465,-60.366300366300365,-17.77777777777778,0.0,42.78388278388278,66.61782661782662,-26.37362637362637,45.90964590964591,-60.366300366300365
-64.66422466422466,42.78388278388278,-34.18803418803419,5.665445665445666,0.0,-6.446886446886447,14.261294261294262,-2.5396825396825395,-54.5054945054945,0.0,-9.572649572649572,0.9768009768009768,0.0,47.86324786324786,-0.5860805860805861,-35.75091575091575,-22.075702075702075,0.0,37.704517704517706,22.075702075702075,-56.84981684981685,-15.042735042735044,0.0,34.57875457875458,4.493284493284493,42.78388278388278,50.989010989010985,-56.84981684981685
-70.91575091575092,45.12820512820513,-25.982905982905983,9.572649572649572,0.0,-9.963369963369964,27.155067155067155,-0.5860805860805861,-57.63125763125763,0.0,-3.711843711843712,6.056166056166056,0.0,57.24053724053724,1.3675213675213675,-33.01587301587302,-28.71794871794872,0.0,47.472527472527474,24.81074481074481,-54.5054945054945,-21.294261294261293,0.0,26.37362637362637,-4.102564102564102,67.78998778998779,56.06837606837607,-54.5054945054945
-80.29304029304029,45.90964590964591,-23.63858363858364,14.261294261294262,0.0,-19.73137973137973,34.969474969474966,-4.102564102564102,-53.724053724053725,0.0,-2.148962148962149,8.00976800976801,0.0,59.975579975579976,-0.9768009768009768,-31.45299145299145,-27.936507936507937,0.0,51.37973137973138,23.247863247863247,-54.5054945054945,-21.68498168498169,0.0,24.02930402930403,33.7973137973138,41.22100122100122,57.63125763125763,-54.5054945054945
-88.1074481074481,45.51892551892552,-26.37362637362637,24.02930402930403,0.0,-30.28083028083028,40.43956043956044,-10.744810744810744,-43.95604395604396,0.0,-2.148962148962149,9.18192918192918,0.0,58.8034188034188,-4.884004884004884,-32.62515262515262,-21.68498168498169,0.0,49.81684981684982,17.387057387057386,-56.06837606837607,-13.47985347985348,0.0,26.764346764346765,25.592185592185597,46.69108669108669,59.975579975579976,-56.06837606837607
-90.06105006105007,46.69108669108669,-29.89010989010989,28.32722832722833,0.0,-35.75091575091575,48.25396825396825,-10.354090354090356,-46.3003663003663,0.0,2.5396825396825395,12.307692307692308,0.0,62.71062271062271,-4.493284493284493,-33.7973137973138,-22.075702075702075,0.0,47.472527472527474,14.652014652014651,-52.16117216117216,-9.963369963369964,0.0,30.28083028083028,0.9768009768009768,63.88278388278388,62.71062271062271,-52.16117216117216
-89.67032967032966,50.20757020757021,-33.01587301587302,33.40659340659341,0.0,-38.095238095238095,57.63125763125763,-8.4004884004884,-48.25396825396825,0.0,9.963369963369964,10.744810744810744,0.0,66.22710622710623,-1.3675213675213675,-32.234432234432234,-25.2014652014652,0.0,47.86324786324786,12.307692307692308,-44.737484737484735,-9.572649572649572,0.0,33.40659340659341,44.346764346764346,11.916971916971915,62.71062271062271,-44.737484737484735
-92.4053724053724,50.989010989010985,-32.234432234432234,43.95604395604396,0.0,-43.17460317460318,62.31990231990232,-6.837606837606837,-40.04884004884005,0.0,17.77777777777778,6.446886446886447,0.0,68.18070818070818,0.1953601953601953,-32.234432234432234,-20.512820512820515,0.0,48.25396825396825,6.837606837606837,-39.65811965811966,-1.3675213675213675,0.0,32.62515262515262,80.29304029304029,-28.71794871794872,59.975579975579976,-39.65811965811966
-93.18681318681318,48.25396825396825,-27.936507936507937,48.64468864468864,0.0,-46.69108669108669,65.05494505494505,-4.493284493284493,-36.14163614163614,0.0,24.02930402930403,0.5860805860805861,0.0,74.82295482295483,0.1953601953601953,-34.18803418803419,-20.903540903540904,0.0,50.5982905982906,3.3211233211233213,-36.92307692307692,0.5860805860805861,0.0,28.32722832722833,73.26007326007326,-19.73137973137973,57.24053724053724,-36.92307692307692
-96.31257631257633,46.3003663003663,-25.592185592185597,51.37973137973138,0.0,-51.37973137973138,68.18070818070818,-4.493284493284493,-34.18803418803419,0.0,27.155067155067155,-6.056166056166056,0.0,77.94871794871794,0.1953601953601953,-34.18803418803419,-20.903540903540904,0.0,55.28693528693529,-0.9768009768009768,-33.40659340659341,0.5860805860805861,0.0,25.982905982905983,53.333333333333336,5.665445665445666,53.724053724053725,-33.40659340659341
-97.09401709401708,43.95604395604396,-20.512820512820515,53.333333333333336,0.0,-51.77045177045177,70.91575091575092,-3.711843711843712,-34.969474969474966,0.0,27.936507936507937,-8.00976800976801,0.0,81.85592185592185,0.5860805860805861,-31.843711843711844,-22.857142857142858,0.0,61.53846153846154,-4.493284493284493,-30.28083028083028,0.1953601953601953,0.0,20.903540903540904,92.014652014652,-26.37362637362637,47.472527472527474,-30.28083028083028
-95.53113553113552,39.26739926739927,-18.55921855921856,58.8034188034188,0.0,-49.03540903540904,74.82295482295483,-4.884004884004884,-34.969474969474966,0.0,33.01587301587302,-9.963369963369964,0.0,86.54456654456655,-0.9768009768009768,-32.234432234432234,-18.55921855921856,0.0,66.22710622710623,-10.744810744810744,-29.499389499389498,6.837606837606837,0.0,18.94993894993895,67.3992673992674,-0.5860805860805861,43.56532356532357,-29.499389499389498
-89.67032967032966,37.704517704517706,-7.228327228327228,53.333333333333336,0.0,-41.61172161172161,83.02808302808303,-0.5860805860805861,-45.90964590964591,0.0,42.002442002442,-7.228327228327228,0.0,94.35897435897436,1.3675213675213675,-27.155067155067155,-25.2014652014652,0.0,73.26007326007326,-9.572649572649572,-25.592185592185597,4.493284493284493,0.0,7.619047619047619,72.47863247863248,-4.493284493284493,42.78388278388278,-25.592185592185597
-83.80952380952381,34.969474969474966,4.493284493284493,47.86324786324786,0.0,-34.969474969474966,86.54456654456655,3.3211233211233213,-50.20757020757021,0.0,51.77045177045177,-7.228327228327228,0.0,101.001221001221,2.93040293040293,-18.94993894993895,-30.671550671550676,0.0,78.73015873015873,-9.572649572649572,-20.12210012210012,4.884004884004884,0.0,-4.102564102564102,96.31257631257633,-27.155067155067155,38.095238095238095,-20.12210012210012
-79.9023199023199,26.764346764346765,15.042735042735044,48.25396825396825,0.0,-33.40659340659341,84.98168498168498,3.711843711843712,-43.17460317460318,0.0,58.41269841269841,-7.619047619047619,0.0,100.21978021978022,2.5396825396825395,-15.042735042735044,-26.37362637362637,0.0,78.73015873015873,-16.996336996336996,-17.387057387057386,16.996336996336996,0.0,-14.652014652014651,54.114774114774114,13.089133089133089,29.89010989010989,-17.387057387057386
-72.47863247863248,20.12210012210012,24.02930402930403,43.95604395604396,0.0,-29.499389499389498,86.93528693528694,4.884004884004884,-43.95604395604396,0.0,65.05494505494505,-4.884004884004884,0.0,99.43833943833944,4.493284493284493,-11.526251526251526,-24.81074481074481,0.0,79.9023199023199,-24.42002442002442,-14.261294261294262,25.592185592185597,0.0,-23.63858363858364,43.95604395604396,18.94993894993895,25.2014652014652,-14.261294261294262
-63.88278388278388,16.996336996336996,30.671550671550676,38.87667887667888,0.0,-24.02930402930403,90.45177045177046,9.963369963369964,-50.989010989010985,0.0,71.30647130647131,-0.9768009768009768,0.0,99.43833943833944,11.916971916971915,-7.619047619047619,-30.28083028083028,0.0,84.2002442002442,-29.499389499389498,-5.665445665445666,24.02930402930403,0.0,-30.28083028083028,100.6105006105006,-38.095238095238095,17.77777777777778,-5.665445665445666
-57.63125763125763,14.652014652014651,34.18803418803419,44.346764346764346,0.0,-20.512820512820515,95.53113553113552,13.089133089133089,-50.989010989010985,0.0,80.29304029304029,2.148962148962149,0.0,98.65689865689866,15.433455433455434,-4.884004884004884,-27.936507936507937,0.0,86.54456654456655,-36.53235653235653,-0.5860805860805861,31.45299145299145,0.0,-33.7973137973138,95.14041514041514,-38.095238095238095,12.698412698412698,-0.5860805860805861
-50.5982905982906,13.47985347985348,36.53235653235653,51.77045177045177,0.0,-11.916971916971915,98.65689865689866,18.168498168498168,-51.37973137973138,0.0,90.45177045177046,4.102564102564102,0.0,101.001221001221,16.996336996336996,-4.102564102564102,-26.764346764346765,0.0,88.88888888888889,-39.26739926739927,0.1953601953601953,36.92307692307692,0.0,-36.14163614163614,24.42002442002442,27.155067155067155,11.916971916971915,0.1953601953601953
-43.95604395604396,18.55921855921856,44.346764346764346,44.346764346764346,0.0,-3.711843711843712,102.56410256410255,27.545787545787547,-61.53846153846154,0.0,98.65689865689866,3.711843711843712,0.0,108.03418803418803,17.387057387057386,-0.1953601953601953,-36.92307692307692,0.0,91.23321123321124,-38.48595848595848,2.5396825396825395,32.62515262515262,0.0,-43.95604395604396,60.757020757020754,-14.261294261294262,9.572649572649572,2.5396825396825395
-41.61172161172161,22.075702075702075,48.64468864468864,40.04884004884005,0.0,-0.5860805860805861,103.73626373626374,32.62515262515262,-65.05494505494505,0.0,102.17338217338218,0.1953601953601953,0.0,112.33211233211232,13.089133089133089,2.148962148962149,-42.002442002442,0.0,89.67032967032966,-42.39316239316239,1.7582417582417582,36.14163614163614,0.0,-48.25396825396825,108.42490842490842,-69.74358974358974,4.884004884004884,1.7582417582417582
-39.65811965811966,21.294261294261293,47.86324786324786,42.002442002442,0.0,1.7582417582417582,102.17338217338218,32.234432234432234,-64.66422466422466,0.0,99.43833943833944,-2.148962148962149,0.0,111.15995115995116,8.4004884004884,0.1953601953601953,-41.61172161172161,0.0,84.59096459096459,-50.989010989010985,-0.9768009768009768,45.12820512820513,0.0,-47.472527472527474,76.77655677655677,-45.51892551892552,-0.9768009768009768,-0.9768009768009768
-37.31379731379732,22.466422466422465,44.346764346764346,40.43956043956044,0.0,2.93040293040293,105.2991452991453,31.45299145299145,-68.96214896214896,0.0,97.87545787545788,-3.711843711843712,0.0,110.37851037851038,10.744810744810744,-3.3211233211233213,-43.95604395604396,0.0,83.02808302808303,-56.45909645909646,0.1953601953601953,45.12820512820513,0.0,-43.95604395604396,59.1941391941392,-34.57875457875458,-5.274725274725275,0.1953601953601953
-33.01587301587302,20.903540903540904,40.04884004884005,40.04884004884005,0.0,3.3211233211233213,105.68986568986568,29.89010989010989,-70.52503052503053,0.0,93.18681318681318,-4.102564102564102,0.0,106.86202686202688,14.652014652014651,-3.3211233211233213,-46.69108669108669,0.0,84.59096459096459,-60.757020757020754,5.665445665445666,40.43956043956044,0.0,-39.65811965811966,88.88888888888889,-66.61782661782662,-9.18192918192918,5.665445665445666
-31.062271062271066,20.12210012210012,33.7973137973138,46.69108669108669,0.0,3.711843711843712,102.56410256410255,27.155067155067155,-63.10134310134311,0.0,86.93528693528694,-2.93040293040293,0.0,97.87545787545788,18.55921855921856,-2.93040293040293,-37.704517704517706,0.0,84.59096459096459,-63.88278388278388,14.261294261294262,39.26739926739927,0.0,-33.40659340659341,85.37240537240537,-63.49206349206349,-13.870573870573873,14.261294261294262
-28.32722832722833,22.857142857142858,31.45299145299145,45.90964590964591,0.0,4.884004884004884,99.82905982905984,29.499389499389498,-61.53846153846154,0.0,81.85592185592185,1.3675213675213675,0.0,88.1074481074481,24.81074481074481,1.3675213675213675,-33.7973137973138,0.0,86.93528693528694,-63.49206349206349,24.42002442002442,31.843711843711844,0.0,-31.062271062271066,62.71062271062271,-40.83028083028083,-15.433455433455434,24.42002442002442
-23.63858363858364,26.37362637362637,32.62515262515262,33.7973137973138,0.0,6.837606837606837,99.04761904761904,32.234432234432234,-68.57142857142857,0.0,77.94871794871794,5.274725274725275,0.0,79.51159951159951,29.499389499389498,8.00976800976801,-37.704517704517706,0.0,89.27960927960928,-60.757020757020754,29.10866910866911,21.68498168498169,0.0,-32.234432234432234,102.17338217338218,-79.12087912087912,-16.605616605616607,29.10866910866911
-22.075702075702075,24.02930402930403,30.671550671550676,31.843711843711844,0.0,6.056166056166056,92.4053724053724,31.062271062271066,-64.66422466422466,0.0,70.91575091575092,6.056166056166056,0.0,66.22710622710623,27.545787545787547,13.870573870573873,-31.062271062271066,0.0,86.54456654456655,-62.71062271062271,30.28083028083028,21.68498168498169,0.0,-30.28083028083028,90.84249084249085,-66.61782661782662,-20.512820512820515,30.28083028083028
-15.824175824175825,16.996336996336996,25.982905982905983,31.843711843711844,0.0,6.837606837606837,84.59096459096459,28.71794871794872,-61.14774114774115,0.0,68.18070818070818,4.102564102564102,0.0,55.67765567765568,24.42002442002442,10.744810744810744,-24.81074481074481,0.0,81.85592185592185,-66.61782661782662,23.63858363858364,26.764346764346765,0.0,-25.592185592185597,69.35286935286935,-48.25396825396825,-21.68498168498169,23.63858363858364
-4.884004884004884,11.916971916971915,24.81074481074481,17.387057387057386,0.0,11.135531135531137,79.12087912087912,28.32722832722833,-69.35286935286935,0.0,66.61782661782662,1.7582417582417582,0.0,52.55189255189255,23.247863247863247,10.354090354090356,-34.57875457875458,0.0,79.12087912087912,-67.3992673992674,21.68498168498169,16.605616605616607,0.0,-24.42002442002442,110.37851037851038,-91.23321123321124,-24.42002442002442,21.68498168498169
8.4004884004884,1.7582417582417582,22.075702075702075,7.228327228327228,0.0,13.47985347985348,69.35286935286935,25.592185592185597,-67.78998778998779,0.0,62.71062271062271,-0.1953601953601953,0.0,42.78388278388278,21.294261294261293,10.354090354090356,-36.92307692307692,0.0,71.6971916971917,-70.52503052503053,23.63858363858364,13.089133089133089,0.0,-21.68498168498169,120.14652014652016,-104.9084249084249,-31.062271062271066,23.63858363858364
20.903540903540904,-8.791208791208792,19.34065934065934,4.102564102564102,0.0,9.963369963369964,62.71062271062271,19.73137973137973,-57.24053724053724,0.0,61.53846153846154,-3.3211233211233213,0.0,32.234432234432234,21.68498168498169,4.493284493284493,-28.71794871794872,0.0,63.49206349206349,-76.38583638583638,22.075702075702075,20.12210012210012,0.0,-18.94993894993895,62.71062271062271,-53.333333333333336,-37.704517704517706,22.075702075702075
33.40659340659341,-20.903540903540904,22.466422466422465,-4.102564102564102,0.0,7.228327228327228,59.1941391941392,15.433455433455434,-50.989010989010985,0.0,59.1941391941392,-1.3675213675213675,0.0,21.68498168498169,26.37362637362637,4.493284493284493,-29.499389499389498,0.0,57.24053724053724,-77.55799755799755,24.42002442002442,17.77777777777778,0.0,-22.075702075702075,61.92918192918193,-52.94261294261294,-44.737484737484735,24.42002442002442
38.48595848595848,-33.01587301587302,26.764346764346765,-11.135531135531137,0.0,-4.102564102564102,56.45909645909646,11.916971916971915,-43.17460317460318,0.0,54.89621489621489,-2.5396825396825395,0.0,8.791208791208792,29.89010989010989,6.446886446886447,-28.32722832722833,0.0,47.86324786324786,-73.65079365079364,24.81074481074481,16.605616605616607,0.0,-26.37362637362637,123.66300366300366,-113.5042735042735,-48.25396825396825,24.81074481074481
35.36019536019536,-47.472527472527474,24.42002442002442,-4.884004884004884,0.0,-23.63858363858364,52.16117216117216,7.228327228327228,-28.32722832722833,0.0,47.081807081807085,-6.837606837606837,0.0,-3.711843711843712,26.37362637362637,2.93040293040293,-15.824175824175825,0.0,34.969474969474966,-69.35286935286935,19.73137973137973,22.075702075702075,0.0,-24.02930402930403,105.2991452991453,-97.48473748473748,-45.51892551892552,19.73137973137973
29.499389499389498,-53.333333333333336,20.512820512820515,-2.93040293040293,0.0,-38.095238095238095,47.472527472527474,9.572649572649572,-24.81074481074481,0.0,39.26739926739927,-8.4004884004884,0.0,-12.698412698412698,19.34065934065934,4.493284493284493,-12.307692307692308,0.0,22.075702075702075,-61.14774114774115,18.168498168498168,17.77777777777778,0.0,-20.12210012210012,65.05494505494505,-60.757020757020754,-38.095238095238095,18.168498168498168
27.155067155067155,-54.114774114774114,18.94993894993895,-8.00976800976801,0.0,-46.3003663003663,42.78388278388278,15.433455433455434,-27.545787545787547,0.0,31.45299145299145,-9.18192918192918,0.0,-19.73137973137973,13.47985347985348,10.744810744810744,-15.042735042735044,0.0,10.744810744810744,-51.37973137973138,20.12210012210012,8.4004884004884,0.0,-18.55921855921856,91.23321123321124,-89.27960927960928,-34.18803418803419,20.12210012210012
28.71794871794872,-53.333333333333336,15.824175824175825,-4.493284493284493,0.0,-50.5982905982906,36.53235653235653,22.466422466422465,-21.68498168498169,0.0,26.37362637362637,-8.4004884004884,0.0,-28.32722832722833,8.4004884004884,17.387057387057386,-13.089133089133089,0.0,-0.5860805860805861,-43.56532356532357,22.466422466422465,5.274725274725275,0.0,-15.433455433455434,92.7960927960928,-96.7032967032967,-30.28083028083028,22.466422466422465
31.843711843711844,-53.724053724053725,15.042735042735044,0.1953601953601953,0.0,-48.25396825396825,28.71794871794872,25.982905982905983,-12.307692307692308,0.0,22.857142857142858,-7.228327228327228,0.0,-34.969474969474966,7.619047619047619,16.996336996336996,-9.18192918192918,0.0,-11.526251526251526,-39.26739926739927,22.075702075702075,8.4004884004884,0.0,-14.652014652014651,44.346764346764346,-52.94261294261294,-29.10866910866911,22.075702075702075
37.31379731379732,-55.67765567765568,20.512820512820515,-2.148962148962149,0.0,-43.56532356532357,19.34065934065934,27.936507936507937,-3.3211233211233213,0.0,20.903540903540904,-6.837606837606837,0.0,-38.48595848595848,11.135531135531137,17.77777777777778,-15.042735042735044,0.0,-20.12210012210012,-32.62515262515262,24.02930402930403,3.3211233211233213,0.0,-20.12210012210012,9.963369963369964,-18.168498168498168,-30.671550671550676,24.02930402930403
43.17460317460318,-59.975579975579976,24.02930402930403,-2.93040293040293,0.0,-38.87667887667888,11.526251526251526,27.545787545787547,3.3211233211233213,0.0,18.94993894993895,-8.00976800976801,0.0,-41.22100122100122,16.214896214896214,17.77777777777778,-18.168498168498168,0.0,-25.2014652014652,-25.982905982905983,20.903540903540904,4.884004884004884,0.0,-23.63858363858364,12.698412698412698,-20.512820512820515,-29.89010989010989,20.903540903540904
41.61172161172161,-67.3992673992674,22.466422466422465,1.3675213675213675,0.0,-38.87667887667888,2.93040293040293,24.81074481074481,10.744810744810744,0.0,14.652014652014651,-12.307692307692308,0.0,-43.95604395604396,16.996336996336996,18.55921855921856,-16.996336996336996,0.0,-33.40659340659341,-19.34065934065934,16.605616605616607,9.18192918192918,0.0,-22.075702075702075,52.16117216117216,-59.975579975579976,-25.982905982905983,16.605616605616607
43.17460317460318,-71.6971916971917,19.73137973137973,0.5860805860805861,0.0,-35.36019536019536,-0.5860805860805861,23.247863247863247,5.274725274725275,0.0,11.526251526251526,-12.698412698412698,0.0,-45.90964590964591,18.168498168498168,21.294261294261293,-24.02930402930403,0.0,-38.87667887667888,-10.744810744810744,11.526251526251526,7.228327228327228,0.0,-19.34065934065934,39.26739926739927,-45.51892551892552,-22.075702075702075,11.526251526251526
49.03540903540904,-74.04151404151405,15.433455433455434,-1.3675213675213675,0.0,-26.764346764346765,-4.884004884004884,23.63858363858364,-2.5396825396825395,0.0,6.446886446886447,-7.228327228327228,0.0,-47.081807081807085,18.94993894993895,28.32722832722833,-30.671550671550676,0.0,-41.61172161172161,-2.93040293040293,8.791208791208792,4.493284493284493,0.0,-15.042735042735044,38.87667887667888,-46.69108669108669,-14.652014652014651,8.791208791208792
48.64468864468864,-77.16727716727716,5.665445665445666,8.00976800976801,0.0,-21.68498168498169,-11.916971916971915,19.73137973137973,-0.1953601953601953,0.0,-0.1953601953601953,-4.884004884004884,0.0,-50.989010989010985,16.214896214896214,29.10866910866911,-24.81074481074481,0.0,-46.69108669108669,-0.5860805860805861,5.665445665445666,10.354090354090356,0.0,-5.274725274725275,15.824175824175825,-26.37362637362637,-9.963369963369964,5.665445665445666
50.20757020757021,-74.43223443223444,-4.102564102564102,8.00976800976801,0.0,-13.47985347985348,-19.34065934065934,13.870573870573873,-0.5860805860805861,0.0,-7.228327228327228,-3.711843711843712,0.0,-54.114774114774114,11.916971916971915,24.02930402930403,-18.55921855921856,0.0,-52.55189255189255,-2.93040293040293,4.102564102564102,13.47985347985348,0.0,4.493284493284493,-21.294261294261293,6.837606837606837,-11.526251526251526,4.102564102564102
56.84981684981685,-65.83638583638583,-8.00976800976801,-6.837606837606837,0.0,-1.3675213675213675,-24.02930402930403,12.307692307692308,-11.526251526251526,0.0,-15.433455433455434,-1.7582417582417582,0.0,-54.5054945054945,9.18192918192918,23.63858363858364,-18.94993894993895,0.0,-53.724053724053725,-4.493284493284493,9.963369963369964,7.228327228327228,0.0,8.4004884004884,17.77777777777778,-41.61172161172161,-13.870573870573873,9.963369963369964
60.757020757020754,-55.67765567765568,-16.996336996336996,-15.042735042735044,0.0,4.884004884004884,-26.37362637362637,8.791208791208792,-15.433455433455434,0.0,-21.68498168498169,-6.056166056166056,0.0,-57.24053724053724,4.102564102564102,22.857142857142858,-9.963369963369964,0.0,-54.5054945054945,-9.572649572649572,13.47985347985348,9.572649572649572,0.0,17.387057387057386,31.062271062271066,-66.61782661782662,-21.68498168498169,13.47985347985348
65.05494505494505,-45.12820512820513,-27.936507936507937,-18.94993894993895,0.0,11.135531135531137,-29.89010989010989,4.493284493284493,-12.698412698412698,0.0,-25.592185592185597,-8.4004884004884,0.0,-60.366300366300365,0.5860805860805861,20.12210012210012,-0.5860805860805861,0.0,-54.5054945054945,-13.870573870573873,13.089133089133089,14.652014652014651,0.0,28.32722832722833,-33.40659340659341,-17.387057387057386,-26.37362637362637,13.089133089133089
72.47863247863248,-32.234432234432234,-34.57875457875458,-29.89010989010989,0.0,22.075702075702075,-30.671550671550676,4.102564102564102,-20.512820512820515,0.0,-25.982905982905983,-4.102564102564102,0.0,-60.366300366300365,2.93040293040293,20.903540903540904,-4.884004884004884,0.0,-51.37973137973138,-12.698412698412698,13.870573870573873,8.4004884004884,0.0,34.969474969474966,-30.671550671550676,-27.936507936507937,-30.28083028083028,13.870573870573873
73.26007326007326,-22.075702075702075,-45.51892551892552,-33.01587301587302,0.0,31.062271062271066,-35.75091575091575,1.3675213675213675,-24.81074481074481,0.0,-26.37362637362637,-2.148962148962149,0.0,-61.53846153846154,6.446886446886447,22.075702075702075,-11.526251526251526,0.0,-49.42612942612943,-9.963369963369964,11.916971916971915,2.5396825396825395,0.0,45.90964590964591,0.5860805860805861,-61.92918192918193,-33.01587301587302,11.916971916971915
68.18070818070818,-18.168498168498168,-55.67765567765568,-30.28083028083028,0.0,36.53235653235653,-47.081807081807085,-6.446886446886447,-18.94993894993895,0.0,-26.764346764346765,-5.665445665445666,0.0,-67.00854700854701,7.228327228327228,16.996336996336996,-11.135531135531137,0.0,-51.77045177045177,-8.00976800976801,3.711843711843712,2.5396825396825395,0.0,56.06837606837607,-31.062271062271066,-29.10866910866911,-32.62515262515262,3.711843711843712
65.05494505494505,-14.652014652014651,-64.27350427350427,-36.53235653235653,0.0,40.04884004884005,-53.333333333333336,-13.47985347985348,-22.857142857142858,0.0,-29.10866910866911,-8.791208791208792,0.0,-72.86935286935287,4.884004884004884,12.698412698412698,-13.870573870573873,0.0,-54.5054945054945,-6.446886446886447,-3.3211233211233213,-2.148962148962149,0.0,64.66422466422466,-77.16727716727716,17.387057387057386,-34.57875457875458,-3.3211233211233213
64.27350427350427,-10.744810744810744,-70.13431013431014,-42.002442002442,0.0,43.56532356532357,-56.45909645909646,-16.605616605616607,-28.32722832722833,0.0,-29.499389499389498,-15.433455433455434,0.0,-79.12087912087912,2.5396825396825395,11.135531135531137,-15.824175824175825,0.0,-56.06837606837607,-4.102564102564102,-13.089133089133089,-6.837606837606837,0.0,70.52503052503053,-54.5054945054945,-8.4004884004884,-33.40659340659341,-13.089133089133089
63.88278388278388,-8.791208791208792,-75.21367521367522,-40.04884004884005,0.0,43.17460317460318,-61.53846153846154,-18.55921855921856,-22.857142857142858,0.0,-30.28083028083028,-21.68498168498169,0.0,-85.76312576312576,-0.9768009768009768,9.572649572649572,-9.572649572649572,0.0,-56.45909645909646,-3.3211233211233213,-22.075702075702075,-3.3211233211233213,0.0,75.6043956043956,-52.94261294261294,-11.916971916971915,-34.57875457875458,-22.075702075702075
61.53846153846154,-6.056166056166056,-79.9023199023199,-32.62515262515262,0.0,40.83028083028083,-60.757020757020754,-20.12210012210012,-17.387057387057386,0.0,-31.45299145299145,-22.857142857142858,0.0,-92.014652014652,-2.93040293040293,8.791208791208792,-0.9768009768009768,0.0,-57.63125763125763,-2.93040293040293,-26.764346764346765,0.9768009768009768,0.0,80.29304029304029,-72.08791208791209,4.493284493284493,-34.18803418803419,-26.764346764346765
59.1941391941392,-2.148962148962149,-79.12087912087912,-33.40659340659341,0.0,42.39316239316239,-59.975579975579976,-17.387057387057386,-20.512820512820515,0.0,-30.28083028083028,-24.02930402930403,0.0,-92.014652014652,-2.5396825396825395,11.526251526251526,-1.7582417582417582,0.0,-58.02197802197802,-2.148962148962149,-26.37362637362637,1.3675213675213675,0.0,79.51159951159951,-75.21367521367522,8.4004884004884,-34.57875457875458,-26.37362637362637
51.37973137973138,-1.3675213675213675,-75.995115995116,-29.89010989010989,0.0,42.39316239316239,-65.05494505494505,-17.387057387057386,-16.214896214896214,0.0,-33.7973137973138,-25.982905982905983,0.0,-93.57753357753356,-4.102564102564102,14.261294261294262,-0.1953601953601953,0.0,-59.975579975579976,-6.056166056166056,-23.247863247863247,5.665445665445666,0.0,76.38583638583638,-62.71062271062271,0.1953601953601953,-38.87667887667888,-23.247863247863247
40.04884004884005,-0.9768009768009768,-76.38583638583638,-22.466422466422465,0.0,44.737484737484735,-71.6971916971917,-21.294261294261293,-9.963369963369964,0.0,-38.87667887667888,-26.764346764346765,0.0,-95.14041514041514,-9.963369963369964,11.526251526251526,6.446886446886447,0.0,-63.88278388278388,-14.652014652014651,-24.02930402930403,15.824175824175825,0.0,76.77655677655677,-63.88278388278388,2.93040293040293,-40.43956043956044,-24.02930402930403
33.01587301587302,0.1953601953601953,-73.26007326007326,-28.71794871794872,0.0,51.77045177045177,-79.9023199023199,-21.294261294261293,-18.94993894993895,0.0,-43.17460317460318,-26.764346764346765,0.0,-90.06105006105007,-13.089133089133089,9.572649572649572,-0.5860805860805861,0.0,-63.88278388278388,-19.73137973137973,-24.42002442002442,13.47985347985348,0.0,73.65079365079364,-70.91575091575092,8.791208791208792,-38.87667887667888,-24.42002442002442
31.062271062271066,3.711843711843712,-74.43223443223444,-38.095238095238095,0.0,62.71062271062271,-86.93528693528694,-23.63858363858364,-28.32722832722833,0.0,-49.03540903540904,-26.37362637362637,0.0,-81.46520146520146,-18.94993894993895,2.93040293040293,-7.228327228327228,0.0,-59.975579975579976,-27.545787545787547,-25.982905982905983,9.18192918192918,0.0,74.82295482295483,-77.16727716727716,11.916971916971915,-36.53235653235653,-25.982905982905983
23.63858363858364,6.837606837606837,-78.73015873015873,-36.14163614163614,0.0,63.88278388278388,-92.7960927960928,-29.89010989010989,-24.02930402930403,0.0,-55.28693528693529,-32.62515262515262,0.0,-79.9023199023199,-26.764346764346765,-5.665445665445666,-0.9768009768009768,0.0,-61.53846153846154,-35.75091575091575,-29.89010989010989,12.698412698412698,0.0,79.12087912087912,-120.53724053724054,50.5982905982906,-35.36019536019536,-29.89010989010989
20.512820512820515,12.307692307692308,-79.9023199023199,-43.17460317460318,0.0,68.18070818070818,-97.09401709401708,-33.01587301587302,-27.545787545787547,0.0,-58.8034188034188,-42.39316239316239,0.0,-74.82295482295483,-35.36019536019536,-11.916971916971915,-1.3675213675213675,0.0,-63.49206349206349,-42.39316239316239,-27.936507936507937,10.354090354090356,0.0,80.29304029304029,-125.6166056166056,45.90964590964591,-34.57875457875458,-27.936507936507937
18.168498168498168,19.34065934065934,-76.38583638583638,-52.55189255189255,0.0,73.65079365079364,-97.87545787545788,-33.01587301587302,-32.234432234432234,0.0,-64.66422466422466,-50.5982905982906,0.0,-68.96214896214896,-38.87667887667888,-12.698412698412698,-8.4004884004884,0.0,-66.22710622710623,-47.081807081807085,-20.903540903540904,3.711843711843712,0.0,76.77655677655677,-57.24053724053724,-27.936507936507937,-38.87667887667888,-20.903540903540904
12.698412698412698,20.512820512820515,-72.86935286935287,-48.25396825396825,0.0,71.6971916971917,-101.3919413919414,-31.843711843711844,-25.2014652014652,0.0,-72.86935286935287,-55.67765567765568,0.0,-65.44566544566544,-46.3003663003663,-13.089133089133089,-8.791208791208792,0.0,-71.6971916971917,-52.94261294261294,-18.94993894993895,8.00976800976801,0.0,73.26007326007326,-32.234432234432234,-57.63125763125763,-41.22100122100122,-18.94993894993895
8.00976800976801,18.55921855921856,-70.91575091575092,-40.04884004884005,0.0,70.91575091575092,-106.86202686202688,-29.499389499389498,-17.77777777777778,0.0,-83.02808302808303,-53.333333333333336,0.0,-62.31990231990232,-52.16117216117216,-14.652014652014651,-6.837606837606837,0.0,-74.82295482295483,-58.41269841269841,-18.55921855921856,15.042735042735044,0.0,71.30647130647131,-70.52503052503053,-22.075702075702075,-41.61172161172161,-18.55921855921856
4.884004884004884,18.168498168498168,-65.83638583638583,-39.65811965811966,0.0,71.30647130647131,-109.2063492063492,-22.857142857142858,-20.12210012210012,0.0,-93.18681318681318,-43.95604395604396,0.0,-54.114774114774114,-54.114774114774114,-13.47985347985348,-14.652014652014651,0.0,-73.65079365079364,-57.63125763125763,-17.387057387057386,11.135531135531137,0.0,66.22710622710623,-70.52503052503053,-18.94993894993895,-38.87667887667888,-17.387057387057386
0.1953601953601953,15.824175824175825,-61.92918192918193,-36.14163614163614,0.0,69.74358974358974,-112.33211233211232,-18.94993894993895,-18.168498168498168,0.0,-100.6105006105006,-43.17460317460318,0.0,-47.472527472527474,-59.1941391941392,-15.824175824175825,-15.824175824175825,0.0,-70.52503052503053,-58.8034188034188,-22.466422466422465,11.526251526251526,0.0,62.31990231990232,-31.843711843711844,-47.86324786324786,-40.04884004884005,-22.466422466422465
-4.884004884004884,9.18192918192918,-63.88278388278388,-31.062271062271066,0.0,67.78998778998779,-120.92796092796092,-22.466422466422465,-14.261294261294262,0.0,-103.34554334554336,-51.77045177045177,0.0,-41.22100122100122,-73.65079365079364,-23.247863247863247,-14.652014652014651,0.0,-71.30647130647131,-65.83638583638583,-29.10866910866911,12.307692307692308,0.0,64.27350427350427,-65.44566544566544,-10.744810744810744,-38.095238095238095,-29.10866910866911
-11.135531135531137,6.056166056166056,-64.66422466422466,-35.36019536019536,0.0,70.13431013431014,-129.9145299145299,-26.37362637362637,-18.168498168498168,0.0,-103.34554334554336,-65.44566544566544,0.0,-28.71794871794872,-88.4981684981685,-29.89010989010989,-21.294261294261293,0.0,-72.47863247863248,-69.74358974358974,-33.7973137973138,6.837606837606837,0.0,65.05494505494505,-76.77655677655677,4.493284493284493,-38.48595848595848,-33.7973137973138
-20.12210012210012,2.5396825396825395,-61.92918192918193,-36.53235653235653,0.0,72.08791208791209,-138.1196581196581,-29.89010989010989,-19.73137973137973,0.0,-105.68986568986568,-79.51159951159951,0.0,-15.433455433455434,-101.3919413919414,-33.7973137973138,-29.499389499389498,0.0,-74.04151404151405,-74.82295482295483,-35.75091575091575,2.148962148962149,0.0,62.31990231990232,-34.969474969474966,-29.89010989010989,-42.39316239316239,-35.75091575091575
-28.71794871794872,0.1953601953601953,-60.757020757020754,-31.062271062271066,0.0,69.35286935286935,-140.85470085470087,-32.234432234432234,-17.387057387057386,0.0,-107.25274725274726,-86.54456654456655,0.0,-5.665445665445666,-113.5042735042735,-38.87667887667888,-30.28083028083028,0.0,-78.33943833943835,-80.29304029304029,-38.095238095238095,6.056166056166056,0.0,61.14774114774115,-8.4004884004884,-56.84981684981685,-40.83028083028083,-38.095238095238095
-37.31379731379732,0.9768009768009768,-55.28693528693529,-28.32722832722833,0.0,66.22710622710623,-137.33821733821733,-28.71794871794872,-19.73137973137973,0.0,-111.55067155067157,-80.29304029304029,0.0,2.5396825396825395,-116.23931623931624,-38.87667887667888,-34.57875457875458,0.0,-79.9023199023199,-78.73015873015873,-35.75091575091575,7.228327228327228,0.0,55.67765567765568,-8.4004884004884,-57.24053724053724,-38.095238095238095,-35.75091575091575
-49.03540903540904,7.619047619047619,-43.56532356532357,-28.32722832722833,0.0,57.63125763125763,-129.13308913308913,-20.12210012210012,-22.466422466422465,0.0,-118.97435897435898,-68.18070818070818,0.0,4.493284493284493,-103.73626373626374,-35.75091575091575,-44.737484737484735,0.0,-79.12087912087912,-69.35286935286935,-31.062271062271066,0.1953601953601953,0.0,43.95604395604396,-20.512820512820515,-36.14163614163614,-34.18803418803419,-31.062271062271066
-50.989010989010985,6.446886446886447,-40.04884004884005,-27.155067155067155,0.0,53.724053724053725,-127.57020757020756,-14.652014652014651,-22.857142857142858,0.0,-121.31868131868131,-53.724053724053725,0.0,5.665445665445666,-97.87545787545788,-33.01587301587302,-45.90964590964591,0.0,-76.38583638583638,-64.27350427350427,-26.764346764346765,-2.93040293040293,0.0,40.43956043956044,26.37362637362637,-75.6043956043956,-31.062271062271066,-26.764346764346765
-54.114774114774114,5.665445665445666,-40.43956043956044,-24.81074481074481,0.0,47.081807081807085,-126.7887667887668,-11.916971916971915,-21.68498168498169,0.0,-126.7887667887668,-40.04884004884005,0.0,5.274725274725275,-89.27960927960928,-34.18803418803419,-43.95604395604396,0.0,-73.65079365079364,-56.06837606837607,-24.42002442002442,-7.619047619047619,0.0,40.83028083028083,27.155067155067155,-67.78998778998779,-25.982905982905983,-24.42002442002442
-55.28693528693529,8.791208791208792,-40.83028083028083,-32.62515262515262,0.0,44.737484737484735,-121.7094017094017,-8.791208791208792,-34.18803418803419,0.0,-127.17948717948718,-26.37362637362637,0.0,9.572649572649572,-79.51159951159951,-33.40659340659341,-52.55189255189255,0.0,-68.57142857142857,-44.737484737484735,-19.34065934065934,-22.075702075702075,0.0,41.22100122100122,41.22100122100122,-72.08791208791209,-22.466422466422465,-19.34065934065934
-55.28693528693529,11.526251526251526,-40.83028083028083,-35.36019536019536,0.0,40.83028083028083,-111.15995115995116,-4.884004884004884,-44.737484737484735,0.0,-124.05372405372404,-16.605616605616607,0.0,12.698412698412698,-72.47863247863248,-33.01587301587302,-56.06837606837607,0.0,-63.88278388278388,-37.704517704517706,-14.261294261294262,-32.62515262515262,0.0,41.22100122100122,45.51892551892552,-67.78998778998779,-21.294261294261293,-14.261294261294262
-60.366300366300365,13.870573870573873,-38.095238095238095,-33.40659340659341,0.0,29.89010989010989,-97.09401709401708,-4.102564102564102,-46.69108669108669,0.0,-117.02075702075702,-13.089133089133089,0.0,10.354090354090356,-68.96214896214896,-33.7973137973138,-50.5982905982906,0.0,-63.49206349206349,-33.01587301587302,-15.433455433455434,-29.499389499389498,0.0,38.48595848595848,-22.466422466422465,-0.1953601953601953,-16.996336996336996,-15.433455433455434
-65.05494505494505,20.903540903540904,-32.234432234432234,-35.36019536019536,0.0,22.466422466422465,-85.37240537240537,-0.1953601953601953,-49.03540903540904,0.0,-109.2063492063492,-9.18192918192918,0.0,11.135531135531137,-64.27350427350427,-31.45299145299145,-54.114774114774114,0.0,-62.71062271062271,-27.155067155067155,-17.77777777777778,-29.499389499389498,0.0,32.62515262515262,-49.81684981684982,25.592185592185597,-13.089133089133089,-17.77777777777778
-69.35286935286935,24.42002442002442,-19.73137973137973,-40.43956043956044,0.0,15.824175824175825,-80.68376068376068,5.665445665445666,-46.69108669108669,0.0,-107.64346764346764,-6.056166056166056,0.0,12.698412698412698,-61.92918192918193,-27.155067155067155,-58.41269841269841,0.0,-60.366300366300365,-18.55921855921856,-21.68498168498169,-32.62515262515262,0.0,20.12210012210012,0.9768009768009768,-16.605616605616607,-10.744810744810744,-21.68498168498169
-74.04151404151405,25.592185592185597,-14.261294261294262,-35.75091575091575,0.0,12.698412698412698,-86.93528693528694,8.4004884004884,-33.01587301587302,0.0,-108.03418803418803,-4.102564102564102,0.0,13.870573870573873,-64.27350427350427,-26.37362637362637,-50.20757020757021,0.0,-57.63125763125763,-15.042735042735044,-27.155067155067155,-25.592185592185597,0.0,14.652014652014651,-3.711843711843712,-7.228327228327228,-5.665445665445666,-27.155067155067155
-80.29304029304029,29.10866910866911,-9.572649572649572,-34.969474969474966,0.0,9.572649572649572,-90.45177045177046,10.354090354090356,-26.37362637362637,0.0,-108.42490842490842,-2.148962148962149,0.0,16.605616605616607,-62.31990231990232,-28.32722832722833,-42.002442002442,0.0,-52.55189255189255,-8.4004884004884,-30.28083028083028,-23.247863247863247,0.0,9.963369963369964,-39.65811965811966,33.40659340659341,0.9768009768009768,-30.28083028083028
-81.07448107448107,33.7973137973138,-4.884004884004884,-40.43956043956044,0.0,9.572649572649572,-86.15384615384616,13.870573870573873,-31.843711843711844,0.0,-106.47130647130648,0.1953601953601953,0.0,22.075702075702075,-56.45909645909646,-28.32722832722833,-45.51892551892552,0.0,-44.737484737484735,-0.1953601953601953,-29.10866910866911,-33.40659340659341,0.0,5.274725274725275,-2.93040293040293,7.228327228327228,3.3211233211233213,-29.10866910866911
-79.51159951159951,38.095238095238095,-2.93040293040293,-38.87667887667888,0.0,10.354090354090356,-74.04151404151405,12.307692307692308,-32.234432234432234,0.0,-96.31257631257633,0.5860805860805861,0.0,23.63858363858364,-47.86324786324786,-27.936507936507937,-42.78388278388278,0.0,-34.969474969474966,4.493284493284493,-29.499389499389498,-34.18803418803419,0.0,3.3211233211233213,29.89010989010989,-20.512820512820515,5.274725274725275,-29.499389499389498
-80.29304029304029,42.78388278388278,-1.7582417582417582,-27.936507936507937,0.0,2.148962148962149,-55.28693528693529,8.791208791208792,-23.63858363858364,0.0,-80.29304029304029,1.3675213675213675,0.0,21.68498168498169,-35.75091575091575,-28.32722832722833,-35.75091575091575,0.0,-27.936507936507937,11.916971916971915,-33.40659340659341,-28.71794871794872,0.0,2.148962148962149,-4.884004884004884,15.433455433455434,11.135531135531137,-33.40659340659341
-75.21367521367522,52.16117216117216,4.884004884004884,-24.81074481074481,0.0,-1.7582417582417582,-34.18803418803419,12.307692307692308,-18.55921855921856,0.0,-65.83638583638583,6.446886446886447,0.0,25.592185592185597,-22.075702075702075,-24.02930402930403,-39.65811965811966,0.0,-16.996336996336996,25.592185592185597,-36.53235653235653,-31.45299145299145,0.0,-4.493284493284493,-25.982905982905983,38.48595848595848,18.94993894993895,-36.53235653235653
-68.96214896214896,59.975579975579976,13.089133089133089,-17.77777777777778,0.0,-4.884004884004884,-20.903540903540904,18.168498168498168,-5.665445665445666,0.0,-52.16117216117216,14.261294261294262,0.0,32.234432234432234,-11.916971916971915,-17.387057387057386,-36.92307692307692,0.0,-0.9768009768009768,37.704517704517706,-39.65811965811966,-31.45299145299145,0.0,-12.698412698412698,-13.870573870573873,29.499389499389498,29.10866910866911,-39.65811965811966
-68.96214896214896,66.61782661782662,18.94993894993895,-7.228327228327228,0.0,-13.47985347985348,-11.526251526251526,22.857142857142858,11.526251526251526,0.0,-43.56532356532357,20.12210012210012,0.0,38.095238095238095,-5.665445665445666,-16.214896214896214,-24.81074481074481,0.0,10.744810744810744,46.69108669108669,-40.43956043956044,-25.2014652014652,0.0,-18.55921855921856,-9.18192918192918,25.982905982905983,38.48595848595848,-40.43956043956044
-67.3992673992674,72.47863247863248,24.02930402930403,-8.00976800976801,0.0,-19.73137973137973,-7.619047619047619,31.843711843711844,15.824175824175825,0.0,-36.92307692307692,20.903540903540904,0.0,41.61172161172161,2.148962148962149,-13.870573870573873,-22.075702075702075,0.0,15.042735042735044,59.1941391941392,-38.095238095238095,-28.32722832722833,0.0,-23.63858363858364,-1.7582417582417582,18.55921855921856,47.081807081807085,-38.095238095238095
-58.41269841269841,76.77655677655677,22.075702075702075,-14.652014652014651,0.0,-16.214896214896214,0.1953601953601953,31.062271062271066,11.135531135531137,0.0,-28.71794871794872,24.81074481074481,0.0,56.06837606837607,3.3211233211233213,-16.214896214896214,-22.075702075702075,0.0,27.545787545787547,65.44566544566544,-39.26739926739927,-31.843711843711844,0.0,-21.68498168498169,31.062271062271066,-13.870573870573873,50.20757020757021,-39.26739926739927
-53.724053724053725,77.94871794871794,16.996336996336996,-6.837606837606837,0.0,-18.94993894993895,8.4004884004884,23.63858363858364,19.73137973137973,0.0,-20.903540903540904,23.247863247863247,0.0,54.89621489621489,9.963369963369964,-13.870573870573873,-13.47985347985348,0.0,30.28083028083028,72.47863247863248,-35.75091575091575,-28.71794871794872,0.0,-16.605616605616607,13.47985347985348,3.711843711843712,52.94261294261294,-35.75091575091575
-43.17460317460318,75.21367521367522,11.916971916971915,-5.665445665445666,0.0,-19.34065934065934,15.824175824175825,16.996336996336996,24.81074481074481,0.0,-10.744810744810744,25.592185592185597,0.0,54.114774114774114,18.94993894993895,-13.47985347985348,-6.446886446886447,0.0,31.45299145299145,82.24664224664225,-34.57875457875458,-25.2014652014652,0.0,-11.526251526251526,-9.18192918192918,27.155067155067155,57.63125763125763,-34.57875457875458
-29.89010989010989,76.38583638583638,13.47985347985348,-14.261294261294262,0.0,-12.698412698412698,23.63858363858364,11.135531135531137,22.466422466422465,0.0,0.1953601953601953,29.499389499389498,0.0,59.975579975579976,26.764346764346765,-11.526251526251526,-7.619047619047619,0.0,43.17460317460318,91.23321123321124,-35.75091575091575,-30.671550671550676,0.0,-13.089133089133089,11.526251526251526,8.791208791208792,64.27350427350427,-35.75091575091575
-21.294261294261293,75.995115995116,20.12210012210012,-19.73137973137973,0.0,-8.791208791208792,25.592185592185597,8.00976800976801,29.499389499389498,0.0,10.744810744810744,28.32722832722833,0.0,58.8034188034188,33.7973137973138,-7.619047619047619,-6.446886446886447,0.0,50.5982905982906,96.7032967032967,-35.75091575091575,-32.62515262515262,0.0,-19.73137973137973,-7.228327228327228,33.7973137973138,67.3992673992674,-35.75091575091575
-16.214896214896214,72.47863247863248,25.2014652014652,-20.12210012210012,0.0,-7.619047619047619,20.903540903540904,3.711843711843712,42.39316239316239,0.0,22.857142857142858,25.982905982905983,0.0,56.84981684981685,37.704517704517706,-10.354090354090356,-0.1953601953601953,0.0,51.37973137973138,97.09401709401708,-34.969474969474966,-27.936507936507937,0.0,-24.81074481074481,-84.2002442002442,107.25274725274726,70.52503052503053,-34.969474969474966
-8.791208791208792,73.65079365079364,33.01587301587302,-26.764346764346765,0.0,1.3675213675213675,19.34065934065934,3.711843711843712,45.12820512820513,0.0,36.53235653235653,24.42002442002442,0.0,58.41269841269841,43.95604395604396,-13.47985347985348,0.1953601953601953,0.0,53.724053724053725,99.04761904761904,-33.7973137973138,-28.71794871794872,0.0,-32.62515262515262,-88.4981684981685,109.2063492063492,70.91575091575092,-33.7973137973138
-2.148962148962149,74.43223443223444,41.22100122100122,-27.155067155067155,0.0,9.572649572649572,21.294261294261293,4.884004884004884,47.472527472527474,0.0,48.64468864468864,22.075702075702075,0.0,59.1941391941392,50.989010989010985,-12.307692307692308,-0.9768009768009768,0.0,54.89621489621489,101.001221001221,-26.37362637362637,-32.234432234432234,0.0,-40.83028083028083,-55.67765567765568,78.33943833943835,67.78998778998779,-26.37362637362637
-1.3675213675213675,70.91575091575092,43.95604395604396,-15.433455433455434,0.0,10.744810744810744,24.02930402930403,2.93040293040293,58.8034188034188,0.0,57.63125763125763,20.903540903540904,0.0,54.5054945054945,55.28693528693529,-9.572649572649572,9.18192918192918,0.0,50.5982905982906,102.95482295482296,-15.433455433455434,-27.545787545787547,0.0,-43.56532356532357,-76.77655677655677,99.43833943833944,64.27350427350427,-15.433455433455434
3.3211233211233213,72.08791208791209,46.3003663003663,-11.526251526251526,0.0,14.652014652014651,34.57875457875458,-0.5860805860805861,60.366300366300365,0.0,64.66422466422466,21.294261294261293,0.0,52.94261294261294,58.8034188034188,-9.18192918192918,19.73137973137973,0.0,51.37973137973138,106.08058608058607,-8.4004884004884,-25.982905982905983,0.0,-45.90964590964591,-101.78266178266178,125.6166056166056,61.92918192918193,-8.4004884004884
8.791208791208792,75.6043956043956,46.3003663003663,-9.572649572649572,0.0,19.73137973137973,47.86324786324786,-4.102564102564102,57.24053724053724,0.0,71.6971916971917,20.903540903540904,0.0,52.16117216117216,61.92918192918193,-2.93040293040293,20.903540903540904,0.0,54.89621489621489,105.68986568986568,2.93040293040293,-31.062271062271066,0.0,-45.90964590964591,-71.30647130647131,98.65689865689866,56.06837606837607,2.93040293040293
10.744810744810744,78.33943833943835,45.51892551892552,-6.446886446886447,0.0,22.857142857142858,58.41269841269841,-9.963369963369964,57.24053724053724,0.0,80.29304029304029,18.94993894993895,0.0,50.20757020757021,63.88278388278388,0.9768009768009768,24.42002442002442,0.0,56.84981684981685,101.78266178266178,13.47985347985348,-31.45299145299145,0.0,-45.12820512820513,-48.25396825396825,75.995115995116,47.86324786324786,13.47985347985348
14.261294261294262,78.33943833943835,42.78388278388278,-0.5860805860805861,0.0,28.32722832722833,63.49206349206349,-14.652014652014651,57.24053724053724,0.0,88.88888888888889,19.73137973137973,0.0,47.472527472527474,63.49206349206349,4.102564102564102,29.499389499389498,0.0,54.5054945054945,95.14041514041514,25.592185592185597,-29.10866910866911,0.0,-42.39316239316239,-59.1941391941392,81.07448107448107,42.78388278388278,25.592185592185597
17.387057387057386,76.38583638583638,45.12820512820513,0.1953601953601953,0.0,34.57875457875458,67.3992673992674,-13.870573870573873,50.5982905982906,0.0,95.53113553113552,18.55921855921856,0.0,47.081807081807085,63.49206349206349,7.619047619047619,24.02930402930403,0.0,49.42612942612943,90.84249084249085,36.14163614163614,-33.40659340659341,0.0,-44.737484737484735,-52.94261294261294,75.6043956043956,34.57875457875458,36.14163614163614
13.089133089133089,68.96214896214896,50.5982905982906,3.3211233211233213,0.0,34.969474969474966,63.10134310134311,-10.354090354090356,48.64468864468864,0.0,97.48473748473748,15.433455433455434,0.0,46.3003663003663,60.757020757020754,10.744810744810744,22.466422466422465,0.0,42.78388278388278,86.15384615384616,43.56532356532357,-31.062271062271066,0.0,-50.20757020757021,-38.48595848595848,63.49206349206349,27.936507936507937,43.56532356532357
7.619047619047619,54.89621489621489,60.366300366300365,11.916971916971915,0.0,33.7973137973138,52.94261294261294,-4.493284493284493,53.333333333333336,0.0,95.92185592185592,11.135531135531137,0.0,42.78388278388278,52.55189255189255,15.042735042735044,24.81074481074481,0.0,32.234432234432234,77.94871794871794,47.86324786324786,-21.294261294261293,0.0,-59.975579975579976,10.354090354090356,16.996336996336996,22.075702075702075,47.86324786324786
4.884004884004884,48.64468864468864,64.27350427350427,13.47985347985348,0.0,34.18803418803419,53.333333333333336,-4.493284493284493,49.42612942612943,0.0,95.92185592185592,9.18192918192918,0.0,45.90964590964591,49.03540903540904,9.963369963369964,20.903540903540904,0.0,27.545787545787547,73.26007326007326,42.002442002442,-15.042735042735044,0.0,-63.88278388278388,-17.387057387057386,48.25396825396825,16.996336996336996,42.002442002442
5.274725274725275,42.78388278388278,72.86935286935287,11.916971916971915,0.0,36.53235653235653,57.63125763125763,-2.93040293040293,42.78388278388278,0.0,98.65689865689866,9.963369963369964,0.0,50.5982905982906,47.86324786324786,13.47985347985348,10.744810744810744,0.0,27.545787545787547,68.18070818070818,43.56532356532357,-15.042735042735044,0.0,-72.47863247863248,-24.81074481074481,60.366300366300365,11.135531135531137,43.56532356532357
2.93040293040293,37.704517704517706,77.55799755799755,20.903540903540904,0.0,34.969474969474966,59.975579975579976,-2.148962148962149,47.081807081807085,0.0,103.73626373626374,8.00976800976801,0.0,48.25396825396825,45.12820512820513,17.387057387057386,13.47985347985348,0.0,24.42002442002442,59.58485958485959,49.03540903540904,-7.619047619047619,0.0,-77.16727716727716,-47.081807081807085,83.02808302808303,4.884004884004884,49.03540903540904
4.493284493284493,34.57875457875458,79.12087912087912,25.982905982905983,0.0,37.31379731379732,65.05494505494505,-2.93040293040293,45.12820512820513,0.0,106.86202686202688,11.135531135531137,0.0,49.81684981684982,43.17460317460318,17.77777777777778,15.824175824175825,0.0,23.63858363858364,54.89621489621489,55.28693528693529,-5.665445665445666,0.0,-78.73015873015873,-70.91575091575092,107.25274725274726,-0.1953601953601953,55.28693528693529
2.148962148962149,32.62515262515262,90.06105006105007,19.73137973137973,0.0,37.31379731379732,69.74358974358974,4.493284493284493,33.40659340659341,0.0,108.42490842490842,11.916971916971915,0.0,51.37973137973138,42.39316239316239,25.592185592185597,8.791208791208792,0.0,20.512820512820515,53.333333333333336,68.96214896214896,-13.089133089133089,0.0,-89.67032967032966,-21.68498168498169,64.27350427350427,-6.837606837606837,68.96214896214896
-2.5396825396825395,26.764346764346765,97.09401709401708,20.12210012210012,0.0,29.89010989010989,68.57142857142857,13.870573870573873,27.936507936507937,0.0,106.86202686202688,9.963369963369964,0.0,46.69108669108669,38.48595848595848,29.499389499389498,9.572649572649572,0.0,11.916971916971915,49.03540903540904,76.77655677655677,-11.526251526251526,0.0,-96.7032967032967,-5.274725274725275,47.86324786324786,-10.354090354090356,76.77655677655677
-8.00976800976801,18.55921855921856,101.3919413919414,23.247863247863247,0.0,24.81074481074481,65.05494505494505,17.77777777777778,26.37362637362637,0.0,104.51770451770452,8.00976800976801,0.0,42.78388278388278,33.7973137973138,25.592185592185597,13.47985347985348,0.0,2.93040293040293,43.95604395604396,73.26007326007326,-3.3211233211233213,0.0,-101.001221001221,-47.86324786324786,93.57753357753356,-14.261294261294262,73.26007326007326
-9.572649572649572,12.307692307692308,106.08058608058607,20.512820512820515,0.0,23.247863247863247,65.44566544566544,22.857142857142858,16.996336996336996,0.0,103.73626373626374,7.228327228327228,0.0,42.39316239316239,30.28083028083028,26.764346764346765,8.00976800976801,0.0,0.1953601953601953,41.22100122100122,70.52503052503053,-2.5396825396825395,0.0,-105.68986568986568,-24.02930402930403,74.04151404151405,-17.387057387057386,70.52503052503053
-10.354090354090356,5.665445665445666,109.2063492063492,25.592185592185597,0.0,22.075702075702075,64.27350427350427,29.499389499389498,13.870573870573873,0.0,104.12698412698413,4.884004884004884,0.0,38.87667887667888,27.936507936507937,31.062271062271066,6.837606837606837,0.0,0.5860805860805861,35.36019536019536,66.22710622710623,2.5396825396825395,0.0,-108.8156288156288,43.95604395604396,10.354090354090356,-20.903540903540904,66.22710622710623
-10.744810744810744,-1.3675213675213675,106.47130647130648,44.737484737484735,0.0,19.34065934065934,64.27350427350427,31.062271062271066,22.075702075702075,0.0,103.34554334554336,2.5396825396825395,0.0,31.45299145299145,23.63858363858364,34.18803418803419,14.652014652014651,0.0,2.148962148962149,29.499389499389498,59.58485958485959,13.47985347985348,0.0,-106.08058608058607,32.234432234432234,27.155067155067155,-24.42002442002442,59.58485958485959
-10.354090354090356,-2.93040293040293,104.51770451770452,57.24053724053724,0.0,18.168498168498168,71.30647130647131,36.53235653235653,21.294261294261293,0.0,101.78266178266178,5.665445665445666,0.0,29.499389499389498,22.075702075702075,40.83028083028083,16.214896214896214,0.0,8.4004884004884,27.936507936507937,55.67765567765568,16.605616605616607,0.0,-104.12698412698413,18.55921855921856,47.86324786324786,-27.155067155067155,55.67765567765568
-9.18192918192918,0.1953601953601953,104.12698412698413,65.05494505494505,0.0,14.261294261294262,80.29304029304029,46.3003663003663,17.387057387057386,0.0,102.56410256410255,10.744810744810744,0.0,24.81074481074481,24.02930402930403,49.42612942612943,14.652014652014651,0.0,13.47985347985348,26.37362637362637,56.84981684981685,16.605616605616607,0.0,-103.73626373626374,50.989010989010985,22.857142857142858,-32.62515262515262,56.84981684981685
-9.963369963369964,0.1953601953601953,103.34554334554336,73.26007326007326,0.0,5.274725274725275,87.71672771672772,50.5982905982906,20.512820512820515,0.0,101.78266178266178,11.526251526251526,0.0,20.12210012210012,24.81074481074481,52.94261294261294,18.168498168498168,0.0,14.652014652014651,23.63858363858364,58.8034188034188,19.34065934065934,0.0,-102.95482295482296,73.26007326007326,2.5396825396825395,-36.92307692307692,58.8034188034188
-11.916971916971915,0.1953601953601953,100.21978021978022,76.77655677655677,0.0,-2.148962148962149,89.67032967032966,51.77045177045177,24.81074481074481,0.0,100.21978021978022,13.089133089133089,0.0,18.55921855921856,24.02930402930403,48.64468864468864,25.2014652014652,0.0,15.042735042735044,18.94993894993895,59.1941391941392,23.63858363858364,0.0,-99.82905982905984,60.757020757020754,15.824175824175825,-41.22100122100122,59.1941391941392
-15.824175824175825,0.9768009768009768,102.17338217338218,70.52503052503053,0.0,-9.18192918192918,87.71672771672772,57.24053724053724,21.68498168498169,0.0,95.92185592185592,13.870573870573873,0.0,18.94993894993895,23.247863247863247,45.51892551892552,22.466422466422465,0.0,18.94993894993895,13.089133089133089,61.92918192918193,18.168498168498168,0.0,-101.78266178266178,56.84981684981685,23.63858363858364,-44.737484737484735,61.92918192918193
-22.857142857142858,-4.102564102564102,99.43833943833944,74.43223443223444,0.0,-21.68498168498169,79.51159951159951,56.84981684981685,31.062271062271066,0.0,88.4981684981685,8.791208791208792,0.0,16.605616605616607,21.294261294261293,45.12820512820513,22.466422466422465,0.0,21.294261294261293,6.056166056166056,63.10134310134311,15.042735042735044,0.0,-99.04761904761904,67.3992673992674,15.824175824175825,-45.12820512820513,63.10134310134311
-32.234432234432234,-7.228327228327228,95.14041514041514,80.68376068376068,0.0,-31.843711843711844,74.04151404151405,55.28693528693529,36.92307692307692,0.0,81.07448107448107,7.619047619047619,0.0,14.261294261294262,18.168498168498168,36.92307692307692,28.71794871794872,0.0,24.81074481074481,1.7582417582417582,55.67765567765568,17.387057387057386,0.0,-94.74969474969475,52.16117216117216,36.14163614163614,-42.78388278388278,55.67765567765568
-42.002442002442,-3.711843711843712,92.014652014652,76.38583638583638,0.0,-40.04884004884005,72.47863247863248,58.02197802197802,31.062271062271066,0.0,74.82295482295483,11.526251526251526,0.0,11.135531135531137,19.73137973137973,38.095238095238095,24.02930402930403,0.0,28.71794871794872,1.7582417582417582,54.114774114774114,8.791208791208792,0.0,-91.62393162393164,39.26739926739927,57.24053724053724,-42.78388278388278,54.114774114774114
-47.472527472527474,-0.9768009768009768,86.54456654456655,70.52503052503053,0.0,-48.64468864468864,73.26007326007326,55.67765567765568,25.982905982905983,0.0,72.47863247863248,10.744810744810744,0.0,5.665445665445666,20.903540903540904,39.65811965811966,20.12210012210012,0.0,30.28083028083028,1.3675213675213675,54.5054945054945,0.9768009768009768,0.0,-86.15384615384616,38.48595848595848,56.06837606837607,-41.61172161172161,54.5054945054945
-53.724053724053725,-0.9768009768009768,76.77655677655677,70.52503052503053,0.0,-56.84981684981685,71.6971916971917,48.25396825396825,28.32722832722833,0.0,70.52503052503053,6.837606837606837,0.0,-1.3675213675213675,14.261294261294262,33.7973137973138,30.28083028083028,0.0,24.42002442002442,-1.3675213675213675,51.37973137973138,2.93040293040293,0.0,-76.38583638583638,-10.744810744810744,99.04761904761904,-41.61172161172161,51.37973137973138
-58.02197802197802,-0.5860805860805861,68.96214896214896,65.83638583638583,0.0,-60.366300366300365,67.00854700854701,43.17460317460318,24.42002442002442,0.0,67.78998778998779,4.493284493284493,0.0,-7.619047619047619,9.18192918192918,28.32722832722833,33.40659340659341,0.0,17.77777777777778,-4.884004884004884,50.5982905982906,0.1953601953601953,0.0,-68.57142857142857,-22.857142857142858,108.03418803418803,-45.12820512820513,50.5982905982906
-59.58485958485959,-0.1953601953601953,63.49206349206349,52.55189255189255,0.0,-61.53846153846154,60.757020757020754,43.56532356532357,11.526251526251526,0.0,66.22710622710623,2.148962148962149,0.0,-7.619047619047619,5.274725274725275,27.155067155067155,19.73137973137973,0.0,15.824175824175825,-6.446886446886447,47.86324786324786,-11.135531135531137,0.0,-63.10134310134311,38.87667887667888,44.346764346764346,-46.3003663003663,47.86324786324786
-63.88278388278388,-1.7582417582417582,57.24053724053724,50.5982905982906,0.0,-64.66422466422466,55.28693528693529,42.78388278388278,6.837606837606837,0.0,61.92918192918193,-0.1953601953601953,0.0,-11.135531135531137,-0.5860805860805861,19.73137973137973,18.168498168498168,0.0,13.47985347985348,-10.744810744810744,39.26739926739927,-14.652014652014651,0.0,-56.84981684981685,34.18803418803419,51.37973137973138,-45.51892551892552,39.26739926739927
-66.61782661782662,0.9768009768009768,54.114774114774114,43.95604395604396,0.0,-61.14774114774115,51.77045177045177,43.95604395604396,-1.7582417582417582,0.0,59.975579975579976,0.1953601953601953,0.0,-11.135531135531137,-3.3211233211233213,10.744810744810744,11.526251526251526,0.0,16.996336996336996,-15.433455433455434,27.936507936507937,-21.68498168498169,0.0,-53.724053724053725,-25.982905982905983,118.5836385836386,-45.90964590964591,27.936507936507937
-63.88278388278388,8.00976800976801,51.37973137973138,27.545787545787547,0.0,-55.28693528693529,51.37973137973138,43.17460317460318,-15.042735042735044,0.0,58.02197802197802,0.1953601953601953,0.0,-11.526251526251526,-1.7582417582417582,7.228327228327228,-5.274725274725275,0.0,22.857142857142858,-17.77777777777778,20.903540903540904,-37.31379731379732,0.0,-50.989010989010985,-25.2014652014652,116.23931623931624,-43.95604395604396,20.903540903540904
-58.41269841269841,13.47985347985348,46.3003663003663,15.042735042735044,0.0,-47.472527472527474,49.81684981684982,36.92307692307692,-22.075702075702075,0.0,55.67765567765568,-6.056166056166056,0.0,-13.47985347985348,-2.5396825396825395,2.148962148962149,-13.089133089133089,0.0,27.545787545787547,-21.294261294261293,14.652014652014651,-49.03540903540904,0.0,-45.90964590964591,4.493284493284493,81.85592185592185,-43.56532356532357,14.652014652014651
-49.81684981684982,17.77777777777778,36.92307692307692,8.00976800976801,0.0,-33.7973137973138,45.51892551892552,25.592185592185597,-22.466422466422465,0.0,51.37973137973138,-11.135531135531137,0.0,-14.261294261294262,-8.4004884004884,-6.446886446886447,-15.433455433455434,0.0,27.936507936507937,-25.2014652014652,3.711843711843712,-52.16117216117216,0.0,-36.53235653235653,-25.2014652014652,103.34554334554336,-42.39316239316239,3.711843711843712
-40.43956043956044,21.68498168498169,30.28083028083028,-5.665445665445666,0.0,-24.81074481074481,42.78388278388278,19.73137973137973,-31.45299145299145,0.0,47.472527472527474,-11.526251526251526,0.0,-15.042735042735044,-11.135531135531137,-9.963369963369964,-27.545787545787547,0.0,25.592185592185597,-24.42002442002442,-6.056166056166056,-58.8034188034188,0.0,-29.89010989010989,-34.969474969474966,105.2991452991453,-41.22100122100122,-6.056166056166056
-33.40659340659341,23.247863247863247,23.63858363858364,-14.261294261294262,0.0,-22.857142857142858,40.83028083028083,16.605616605616607,-36.14163614163614,0.0,42.39316239316239,-13.089133089133089,0.0,-17.77777777777778,-12.698412698412698,-9.963369963369964,-39.65811965811966,0.0,23.63858363858364,-24.02930402930403,-13.870573870573873,-65.83638583638583,0.0,-23.247863247863247,-0.9768009768009768,66.61782661782662,-40.83028083028083,-13.870573870573873
-28.71794871794872,22.466422466422465,16.605616605616607,-16.996336996336996,0.0,-25.982905982905983,38.48595848595848,15.042735042735044,-34.18803418803419,0.0,36.14163614163614,-11.135531135531137,0.0,-26.37362637362637,-12.698412698412698,-12.698412698412698,-42.39316239316239,0.0,15.433455433455434,-24.02930402930403,-21.68498168498169,-64.27350427350427,0.0,-16.214896214896214,24.81074481074481,33.01587301587302,-39.65811965811966,-21.68498168498169
-27.936507936507937,21.68498168498169,9.572649572649572,-22.075702075702075,0.0,-36.14163614163614,37.31379731379732,14.652014652014651,-35.36019536019536,0.0,32.62515262515262,-9.18192918192918,0.0,-33.40659340659341,-10.744810744810744,-15.824175824175825,-49.81684981684982,0.0,9.18192918192918,-25.2014652014652,-29.89010989010989,-65.44566544566544,0.0,-9.18192918192918,20.903540903540904,27.545787545787547,-37.31379731379732,-29.89010989010989
-30.28083028083028,20.12210012210012,4.102564102564102,-28.32722832722833,0.0,-49.42612942612943,37.704517704517706,13.47985347985348,-36.53235653235653,0.0,27.936507936507937,-12.698412698412698,0.0,-43.56532356532357,-4.102564102564102,-15.042735042735044,-61.92918192918193,0.0,2.93040293040293,-25.2014652014652,-35.36019536019536,-68.18070818070818,0.0,-3.711843711843712,11.526251526251526,25.982905982905983,-33.40659340659341,-35.36019536019536
-25.2014652014652,16.996336996336996,-4.102564102564102,-35.36019536019536,0.0,-51.77045177045177,32.234432234432234,7.619047619047619,-38.095238095238095,0.0,25.2014652014652,-13.870573870573873,0.0,-50.989010989010985,-3.3211233211233213,-20.903540903540904,-62.31990231990232,0.0,-2.5396825396825395,-27.936507936507937,-44.737484737484735,-63.10134310134311,0.0,4.493284493284493,45.12820512820513,-16.605616605616607,-33.7973137973138,-44.737484737484735
-20.903540903540904,11.916971916971915,-10.354090354090356,-38.87667887667888,0.0,-54.5054945054945,27.545787545787547,2.148962148962149,-34.18803418803419,0.0,22.857142857142858,-18.55921855921856,0.0,-56.84981684981685,-4.884004884004884,-26.37362637362637,-59.975579975579976,0.0,-11.526251526251526,-27.545787545787547,-55.28693528693529,-53.724053724053725,0.0,10.744810744810744,3.711843711843712,16.605616605616607,-33.40659340659341,-55.28693528693529
-11.916971916971915,8.4004884004884,-9.572649572649572,-52.16117216117216,0.0,-52.16117216117216,24.81074481074481,0.9768009768009768,-40.83028083028083,0.0,20.512820512820515,-17.387057387057386,0.0,-59.58485958485959,-2.93040293040293,-24.42002442002442,-66.61782661782662,0.0,-17.387057387057386,-22.857142857142858,-58.02197802197802,-55.67765567765568,0.0,9.963369963369964,20.512820512820515,-1.3675213675213675,-34.57875457875458,-58.02197802197802
0.1953601953601953,4.102564102564102,-8.4004884004884,-57.63125763125763,0.0,-44.346764346764346,18.168498168498168,2.93040293040293,-39.26739926739927,0.0,16.605616605616607,-12.307692307692308,0.0,-63.88278388278388,-2.5396825396825395,-21.68498168498169,-63.88278388278388,0.0,-22.466422466422465,-18.94993894993895,-55.28693528693529,-55.28693528693529,0.0,8.791208791208792,16.996336996336996,0.1953601953601953,-36.92307692307692,-55.28693528693529
7.228327228327228,-2.5396825396825395,-7.228327228327228,-48.25396825396825,0.0,-41.61172161172161,9.963369963369964,3.711843711843712,-25.2014652014652,0.0,11.916971916971915,-13.870573870573873,0.0,-69.74358974358974,-6.056166056166056,-19.73137973137973,-47.081807081807085,0.0,-28.71794871794872,-19.34065934065934,-49.03540903540904,-44.737484737484735,0.0,7.619047619047619,-50.5982905982906,67.3992673992674,-39.26739926739927,-49.03540903540904
13.870573870573873,-9.963369963369964,-5.274725274725275,-41.22100122100122,0.0,-32.62515262515262,0.9768009768009768,6.837606837606837,-18.94993894993895,0.0,3.711843711843712,-9.572649572649572,0.0,-72.47863247863248,-6.056166056166056,-15.433455433455434,-36.53235653235653,0.0,-31.843711843711844,-20.12210012210012,-41.22100122100122,-36.92307692307692,0.0,5.665445665445666,-48.25396825396825,64.27350427350427,-39.65811965811966,-41.22100122100122
20.512820512820515,-13.47985347985348,-1.3675213675213675,-37.31379731379732,0.0,-20.12210012210012,-4.884004884004884,10.744810744810744,-18.168498168498168,0.0,-1.3675213675213675,-7.228327228327228,0.0,-72.08791208791209,-3.711843711843712,-9.572649572649572,-31.062271062271066,0.0,-30.671550671550676,-18.94993894993895,-34.18803418803419,-31.843711843711844,0.0,1.7582417582417582,19.73137973137973,-3.711843711843712,-38.48595848595848,-34.18803418803419
24.81074481074481,-20.512820512820515,0.1953601953601953,-26.37362637362637,0.0,-9.963369963369964,-13.089133089133089,9.572649572649572,-8.791208791208792,0.0,-9.572649572649572,-4.493284493284493,0.0,-75.995115995116,-2.93040293040293,-6.446886446886447,-19.34065934065934,0.0,-34.18803418803419,-20.512820512820515,-29.10866910866911,-20.512820512820515,0.0,0.1953601953601953,17.387057387057386,-2.5396825396825395,-34.969474969474966,-29.10866910866911
28.71794871794872,-24.81074481074481,2.93040293040293,-22.857142857142858,0.0,-1.7582417582417582,-12.698412698412698,6.056166056166056,-6.837606837606837,0.0,-14.261294261294262,0.1953601953601953,0.0,-77.94871794871794,-2.148962148962149,-4.493284493284493,-15.042735042735044,0.0,-38.48595848595848,-18.94993894993895,-28.32722832722833,-12.307692307692308,0.0,-2.5396825396825395,-12.307692307692308,22.857142857142858,-27.155067155067155,-28.32722832722833
34.57875457875458,-25.2014652014652,11.135531135531137,-28.71794871794872,0.0,3.711843711843712,-3.711843711843712,6.056166056166056,-13.870573870573873,0.0,-11.526251526251526,4.102564102564102,0.0,-77.94871794871794,1.7582417582417582,1.3675213675213675,-20.903540903540904,0.0,-39.65811965811966,-15.042735042735044,-22.466422466422465,-15.824175824175825,0.0,-10.744810744810744,24.81074481074481,-10.744810744810744,-23.63858363858364,-22.466422466422465
40.43956043956044,-27.936507936507937,14.652014652014651,-28.32722832722833,0.0,6.837606837606837,1.3675213675213675,5.274725274725275,-16.605616605616607,0.0,-8.4004884004884,8.4004884004884,0.0,-77.55799755799755,2.93040293040293,3.711843711843712,-20.903540903540904,0.0,-40.04884004884005,-15.824175824175825,-16.214896214896214,-16.996336996336996,0.0,-14.261294261294262,52.16117216117216,-34.969474969474966,-23.247863247863247,-16.214896214896214
44.346764346764346,-35.36019536019536,13.870573870573873,-22.857142857142858,0.0,8.791208791208792,2.5396825396825395,-0.1953601953601953,-11.526251526251526,0.0,-8.00976800976801,9.572649572649572,0.0,-78.33943833943835,-2.148962148962149,3.711843711843712,-14.261294261294262,0.0,-43.56532356532357,-23.247863247863247,-13.47985347985348,-7.228327228327228,0.0,-13.47985347985348,27.936507936507937,-14.652014652014651,-24.42002442002442,-13.47985347985348
50.20757020757021,-42.78388278388278,15.433455433455434,-26.764346764346765,0.0,13.47985347985348,-1.3675213675213675,-1.7582417582417582,-15.042735042735044,0.0,-11.526251526251526,11.526251526251526,0.0,-74.43223443223444,-2.93040293040293,3.711843711843712,-18.55921855921856,0.0,-44.737484737484735,-24.81074481074481,-11.916971916971915,-9.572649572649572,0.0,-15.042735042735044,26.764346764346765,-12.698412698412698,-25.982905982905983,-11.916971916971915
54.89621489621489,-52.16117216117216,9.963369963369964,-27.545787545787547,0.0,18.168498168498168,-13.870573870573873,-4.102564102564102,-15.042735042735044,0.0,-20.12210012210012,12.307692307692308,0.0,-74.04151404151405,-3.711843711843712,4.102564102564102,-22.857142857142858,0.0,-46.3003663003663,-27.545787545787547,-10.744810744810744,-10.744810744810744,0.0,-9.572649572649572,58.02197802197802,-44.737484737484735,-25.982905982905983,-10.744810744810744
56.06837606837607,-66.61782661782662,2.5396825396825395,-21.294261294261293,0.0,16.214896214896214,-29.10866910866911,-5.665445665445666,-9.572649572649572,0.0,-31.45299145299145,11.135531135531137,0.0,-78.33943833943835,-7.619047619047619,2.93040293040293,-22.466422466422465,0.0,-52.94261294261294,-31.45299145299145,-14.652014652014651,-5.665445665445666,0.0,-2.148962148962149,83.41880341880342,-73.26007326007326,-22.857142857142858,-14.652014652014651
57.24053724053724,-76.38583638583638,0.1953601953601953,-23.247863247863247,0.0,11.135531135531137,-38.095238095238095,-3.3211233211233213,-11.916971916971915,0.0,-36.92307692307692,4.102564102564102,0.0,-84.98168498168498,-7.619047619047619,5.274725274725275,-29.89010989010989,0.0,-62.71062271062271,-24.81074481074481,-15.042735042735044,-12.698412698412698,0.0,0.1953601953601953,106.47130647130648,-95.14041514041514,-16.996336996336996,-15.042735042735044
64.66422466422466,-83.41880341880342,-4.493284493284493,-27.545787545787547,0.0,11.135531135531137,-39.26739926739927,-2.93040293040293,-20.12210012210012,0.0,-34.18803418803419,0.9768009768009768,0.0,-83.02808302808303,-9.18192918192918,6.446886446886447,-36.53235653235653,0.0,-63.88278388278388,-20.512820512820515,-15.824175824175825,-19.73137973137973,0.0,4.884004884004884,125.6166056166056,-111.15995115995116,-12.698412698412698,-15.824175824175825
68.18070818070818,-95.53113553113552,-6.837606837606837,-21.294261294261293,0.0,7.619047619047619,-44.737484737484735,-4.884004884004884,-13.870573870573873,0.0,-34.969474969474966,-4.102564102564102,0.0,-88.4981684981685,-13.870573870573873,6.446886446886447,-31.843711843711844,0.0,-69.35286935286935,-17.387057387057386,-22.466422466422465,-16.605616605616607,0.0,7.228327228327228,101.001221001221,-85.37240537240537,-8.4004884004884,-22.466422466422465
74.43223443223444,-107.25274725274726,-7.228327228327228,-22.075702075702075,0.0,9.572649572649572,-52.94261294261294,-9.963369963369964,-8.791208791208792,0.0,-36.92307692307692,-8.4004884004884,0.0,-90.06105006105007,-19.34065934065934,1.7582417582417582,-28.71794871794872,0.0,-74.43223443223444,-13.47985347985348,-32.62515262515262,-13.47985347985348,0.0,7.619047619047619,77.94871794871794,-62.31990231990232,-6.837606837606837,-32.62515262515262
88.88888888888889,-113.89499389499387,-6.837606837606837,-34.969474969474966,0.0,20.512820512820515,-58.8034188034188,-11.916971916971915,-16.996336996336996,0.0,-38.87667887667888,-4.493284493284493,0.0,-82.63736263736264,-20.903540903540904,-2.93040293040293,-40.83028083028083,0.0,-70.13431013431014,-9.572649572649572,-42.39316239316239,-23.247863247863247,0.0,7.228327228327228,102.17338217338218,-85.76312576312576,-6.446886446886447,-42.39316239316239
97.87545787545788,-119.75579975579976,-9.963369963369964,-36.92307692307692,0.0,25.592185592185597,-65.83638583638583,-12.698412698412698,-15.824175824175825,0.0,-46.69108669108669,-2.5396825396825395,0.0,-81.46520146520146,-22.466422466422465,-7.228327228327228,-48.64468864468864,0.0,-66.22710622710623,-9.963369963369964,-54.114774114774114,-27.936507936507937,0.0,10.354090354090356,107.64346764346764,-92.014652014652,-6.056166056166056,-54.114774114774114
104.9084249084249,-124.44444444444444,-17.387057387057386,-34.57875457875458,0.0,24.42002442002442,-69.74358974358974,-14.652014652014651,-11.916971916971915,0.0,-51.77045177045177,-1.7582417582417582,0.0,-83.02808302808303,-23.247863247863247,-17.387057387057386,-48.64468864468864,0.0,-65.83638583638583,-11.916971916971915,-65.05494505494505,-28.71794871794872,0.0,17.77777777777778,62.31990231990232,-50.989010989010985,-5.665445665445666,-65.05494505494505
112.33211233211232,-122.4908424908425,-25.2014652014652,-36.92307692307692,0.0,24.42002442002442,-64.66422466422466,-15.042735042735044,-17.387057387057386,0.0,-49.81684981684982,-2.148962148962149,0.0,-83.80952380952381,-19.73137973137973,-21.68498168498169,-53.333333333333336,0.0,-61.53846153846154,-11.526251526251526,-68.96214896214896,-35.36019536019536,0.0,25.592185592185597,81.46520146520146,-71.6971916971917,-5.665445665445666,-68.96214896214896
113.89499389499387,-118.97435897435898,-30.671550671550676,-34.18803418803419,0.0,20.512820512820515,-53.724053724053725,-15.824175824175825,-21.294261294261293,0.0,-42.78388278388278,-5.665445665445666,0.0,-86.54456654456655,-16.605616605616607,-20.903540903540904,-52.94261294261294,0.0,-58.02197802197802,-11.526251526251526,-67.3992673992674,-38.87667887667888,0.0,31.062271062271066,133.04029304029305,-125.6166056166056,-4.884004884004884,-67.3992673992674
112.72283272283272,-120.14652014652016,-38.48595848595848,-27.545787545787547,0.0,13.47985347985348,-45.12820512820513,-24.81074481074481,-17.387057387057386,0.0,-35.75091575091575,-16.996336996336996,0.0,-92.014652014652,-20.903540903540904,-24.02930402930403,-45.12820512820513,0.0,-61.53846153846154,-18.168498168498168,-69.35286935286935,-32.62515262515262,0.0,38.87667887667888,120.14652014652016,-121.7094017094017,-4.493284493284493,-69.35286935286935
111.15995115995116,-120.92796092796092,-45.90964590964591,-31.45299145299145,0.0,10.354090354090356,-36.14163614163614,-35.75091575091575,-25.982905982905983,0.0,-30.28083028083028,-29.89010989010989,0.0,-91.62393162393164,-30.671550671550676,-27.936507936507937,-46.69108669108669,0.0,-65.83638583638583,-25.2014652014652,-74.43223443223444,-30.671550671550676,0.0,46.3003663003663,93.18681318681318,-98.26617826617829,-8.4004884004884,-74.43223443223444
112.72283272283272,-117.8021978021978,-51.77045177045177,-39.65811965811966,0.0,13.089133089133089,-27.936507936507937,-42.39316239316239,-39.26739926739927,0.0,-30.671550671550676,-38.095238095238095,0.0,-84.59096459096459,-40.83028083028083,-30.671550671550676,-57.24053724053724,0.0,-65.05494505494505,-32.234432234432234,-80.29304029304029,-34.969474969474966,0.0,52.16117216117216,113.89499389499387,-122.88156288156289,-12.307692307692308,-80.29304029304029
115.45787545787546,-118.5836385836386,-60.757020757020754,-45.51892551892552,0.0,13.47985347985348,-26.764346764346765,-50.5982905982906,-45.90964590964591,0.0,-33.40659340659341,-44.346764346764346,0.0,-79.51159951159951,-48.64468864468864,-38.48595848595848,-65.05494505494505,0.0,-65.83638583638583,-38.87667887667888,-89.27960927960928,-37.704517704517706,0.0,61.14774114774115,137.33821733821733,-147.49694749694748,-16.996336996336996,-89.27960927960928
116.23931623931624,-119.75579975579976,-70.13431013431014,-48.64468864468864,0.0,10.354090354090356,-27.936507936507937,-55.28693528693529,-49.03540903540904,0.0,-34.969474969474966,-42.78388278388278,0.0,-77.55799755799755,-51.77045177045177,-47.081807081807085,-70.13431013431014,0.0,-66.61782661782662,-43.56532356532357,-97.09401709401708,-38.48595848595848,0.0,70.52503052503053,125.6166056166056,-136.16605616605617,-18.94993894993895,-97.09401709401708
118.97435897435898,-115.45787545787546,-73.26007326007326,-56.06837606837607,0.0,7.228327228327228,-22.466422466422465,-54.114774114774114,-56.06837606837607,0.0,-31.062271062271066,-34.969474969474966,0.0,-77.16727716727716,-42.002442002442,-47.081807081807085,-83.41880341880342,0.0,-61.92918192918193,-41.22100122100122,-99.04761904761904,-47.081807081807085,0.0,73.65079365079364,110.37851037851038,-123.66300366300366,-17.387057387057386,-99.04761904761904
120.92796092796092,-110.37851037851038,-73.65079365079364,-58.02197802197802,0.0,-0.9768009768009768,-10.744810744810744,-51.37973137973138,-56.06837606837607,0.0,-22.466422466422465,-26.37362637362637,0.0,-81.46520146520146,-24.81074481074481,-43.95604395604396,-92.014652014652,0.0,-56.84981684981685,-36.53235653235653,-95.14041514041514,-52.55189255189255,0.0,74.04151404151405,106.08058608058607,-123.27228327228327,-15.042735042735044,-95.14041514041514
119.75579975579976,-105.2991452991453,-74.04151404151405,-53.724053724053725,0.0,-13.870573870573873,-0.5860805860805861,-46.3003663003663,-50.989010989010985,0.0,-14.652014652014651,-20.512820512820515,0.0,-91.23321123321124,-11.916971916971915,-39.65811965811966,-89.67032967032966,0.0,-54.89621489621489,-33.7973137973138,-91.62393162393164,-51.77045177045177,0.0,74.43223443223444,132.64957264957266,-156.87423687423689,-11.526251526251526,-91.62393162393164
116.23931623931624,-91.23321123321124,-77.16727716727716,-58.8034188034188,0.0,-20.903540903540904,13.089133089133089,-47.081807081807085,-56.45909645909646,0.0,-6.837606837606837,-18.168498168498168,0.0,-91.23321123321124,-0.1953601953601953,-43.56532356532357,-90.84249084249085,0.0,-51.37973137973138,-22.075702075702075,-93.57753357753356,-58.02197802197802,0.0,77.55799755799755,84.59096459096459,-115.06715506715508,-5.665445665445666,-93.57753357753356
112.33211233211232,-81.07448107448107,-74.82295482295483,-64.27350427350427,0.0,-27.545787545787547,22.857142857142858,-41.61172161172161,-61.53846153846154,0.0,-2.5396825396825395,-18.55921855921856,0.0,-86.93528693528694,5.665445665445666,-43.17460317460318,-93.96825396825396,0.0,-43.95604395604396,-10.354090354090356,-90.06105006105007,-72.08791208791209,0.0,75.21367521367522,45.90964590964591,-74.82295482295483,0.9768009768009768,-90.06105006105007
104.9084249084249,-74.43223443223444,-79.51159951159951,-58.02197802197802,0.0,-34.57875457875458,24.02930402930403,-43.95604395604396,-53.333333333333336,0.0,-2.5396825396825395,-21.294261294261293,0.0,-85.76312576312576,2.148962148962149,-47.86324786324786,-80.29304029304029,0.0,-40.04884004884005,-4.493284493284493,-93.57753357753356,-72.47863247863248,0.0,79.9023199023199,3.3211233211233213,-30.28083028083028,5.665445665445666,-93.57753357753356
97.87545787545788,-69.74358974358974,-80.68376068376068,-54.89621489621489,0.0,-36.92307692307692,23.247863247863247,-43.56532356532357,-50.5982905982906,0.0,-2.148962148962149,-16.605616605616607,0.0,-82.63736263736264,2.5396825396825395,-54.5054945054945,-71.6971916971917,0.0,-34.57875457875458,2.148962148962149,-97.09401709401708,-75.21367521367522,0.0,81.07448107448107,-59.58485958485959,40.43956043956044,9.18192918192918,-97.09401709401708
90.84249084249085,-63.10134310134311,-67.78998778998779,-59.975579975579976,0.0,-39.26739926739927,29.499389499389498,-32.62515262515262,-56.84981684981685,0.0,0.1953601953601953,-3.3211233211233213,0.0,-79.12087912087912,12.698412698412698,-46.3003663003663,-79.12087912087912,0.0,-24.81074481074481,10.354090354090356,-89.67032967032966,-86.93528693528694,0.0,68.18070818070818,-49.42612942612943,42.002442002442,12.698412698412698,-89.67032967032966
80.29304029304029,-56.06837606837607,-54.5054945054945,-52.94261294261294,0.0,-47.081807081807085,36.53235653235653,-25.2014652014652,-46.69108669108669,0.0,-0.9768009768009768,15.042735042735044,0.0,-81.85592185592185,29.499389499389498,-37.31379731379732,-74.04151404151405,0.0,-16.605616605616607,14.261294261294262,-79.9023199023199,-82.24664224664225,0.0,54.89621489621489,-46.69108669108669,47.081807081807085,14.261294261294262,-79.9023199023199
64.66422466422466,-46.69108669108669,-42.78388278388278,-43.56532356532357,0.0,-55.67765567765568,42.002442002442,-19.73137973137973,-35.36019536019536,0.0,-2.148962148962149,32.62515262515262,0.0,-84.98168498168498,40.04884004884005,-33.7973137973138,-62.31990231990232,0.0,-10.354090354090356,16.605616605616607,-75.6043956043956,-70.91575091575092,0.0,43.17460317460318,-101.3919413919414,108.42490842490842,15.824175824175825,-75.6043956043956
49.42612942612943,-29.499389499389498,-28.71794871794872,-44.737484737484735,0.0,-63.10134310134311,55.28693528693529,-13.47985347985348,-31.843711843711844,0.0,0.5860805860805861,45.90964590964591,0.0,-81.46520146520146,49.81684981684982,-25.2014652014652,-59.975579975579976,0.0,-3.3211233211233213,22.075702075702075,-66.22710622710623,-68.57142857142857,0.0,29.10866910866911,-101.3919413919414,113.5042735042735,18.168498168498168,-66.22710622710623
35.36019536019536,-10.354090354090356,-16.605616605616607,-41.22100122100122,0.0,-71.30647130647131,70.13431013431014,-8.791208791208792,-22.466422466422465,0.0,4.493284493284493,54.114774114774114,0.0,-75.995115995116,56.84981684981685,-16.996336996336996,-51.37973137973138,0.0,5.274725274725275,26.37362637362637,-54.5054945054945,-65.05494505494505,0.0,16.996336996336996,-55.67765567765568,68.18070818070818,20.12210012210012,-54.5054945054945
22.466422466422465,7.619047619047619,-10.354090354090356,-37.704517704517706,0.0,-79.51159951159951,79.9023199023199,-5.665445665445666,-10.744810744810744,0.0,9.572649572649572,54.114774114774114,0.0,-71.6971916971917,55.28693528693529,-17.77777777777778,-36.92307692307692,0.0,10.744810744810744,28.32722832722833,-50.989010989010985,-59.58485958485959,0.0,10.744810744810744,-99.43833943833944,108.03418803418803,22.466422466422465,-50.989010989010985
13.089133089133089,23.63858363858364,2.148962148962149,-43.56532356532357,0.0,-88.1074481074481,88.4981684981685,3.711843711843712,-7.619047619047619,0.0,18.94993894993895,57.24053724053724,0.0,-65.83638583638583,58.8034188034188,-15.433455433455434,-33.40659340659341,0.0,15.042735042735044,34.18803418803419,-43.95604395604396,-61.53846153846154,0.0,-1.7582417582417582,-148.66910866910868,156.87423687423689,22.857142857142858,-43.95604395604396
7.228327228327228,38.48595848595848,18.168498168498168,-49.42612942612943,0.0,-91.23321123321124,94.74969474969475,16.214896214896214,-4.884004884004884,0.0,28.32722832722833,62.71062271062271,0.0,-54.114774114774114,68.18070818070818,-9.963369963369964,-37.31379731379732,0.0,26.37362637362637,38.095238095238095,-34.57875457875458,-64.66422466422466,0.0,-17.77777777777778,-136.94749694749694,144.37118437118437,24.81074481074481,-34.57875457875458
0.1953601953601953,47.86324786324786,25.2014652014652,-46.69108669108669,0.0,-95.14041514041514,94.35897435897436,23.247863247863247,4.102564102564102,0.0,35.36019536019536,66.61782661782662,0.0,-46.69108669108669,74.04151404151405,-8.4004884004884,-34.969474969474966,0.0,33.01587301587302,35.75091575091575,-29.89010989010989,-56.45909645909646,0.0,-24.81074481074481,-143.98046398046398,150.23199023199024,23.63858363858364,-29.89010989010989
-8.791208791208792,54.5054945054945,28.71794871794872,-40.04884004884005,0.0,-94.74969474969475,92.7960927960928,25.592185592185597,9.18192918192918,0.0,41.22100122100122,70.91575091575092,0.0,-38.48595848595848,77.94871794871794,-9.572649572649572,-33.40659340659341,0.0,36.92307692307692,34.18803418803419,-30.28083028083028,-45.90964590964591,0.0,-28.32722832722833,-173.67521367521368,183.44322344322345,22.075702075702075,-30.28083028083028
-15.042735042735044,61.92918192918193,32.62515262515262,-36.53235653235653,0.0,-91.23321123321124,98.65689865689866,27.155067155067155,6.837606837606837,0.0,49.81684981684982,68.96214896214896,0.0,-25.592185592185597,83.80952380952381,-7.228327228327228,-39.26739926739927,0.0,45.90964590964591,33.7973137973138,-26.37362637362637,-43.17460317460318,0.0,-32.234432234432234,-179.14529914529913,188.5225885225885,25.982905982905983,-26.37362637362637
-22.075702075702075,66.61782661782662,30.671550671550676,-26.37362637362637,0.0,-92.014652014652,107.64346764346764,22.857142857142858,9.18192918192918,0.0,55.67765567765568,63.10134310134311,0.0,-17.77777777777778,84.98168498168498,-7.228327228327228,-35.36019536019536,0.0,50.989010989010985,32.62515262515262,-21.68498168498169,-38.87667887667888,0.0,-30.28083028083028,-168.98656898656898,177.97313797313797,29.499389499389498,-21.68498168498169
-30.671550671550676,69.35286935286935,31.062271062271066,-20.903540903540904,0.0,-93.18681318681318,111.94139194139194,20.12210012210012,8.791208791208792,0.0,59.975579975579976,55.67765567765568,0.0,-11.526251526251526,83.02808302808303,-10.354090354090356,-28.71794871794872,0.0,51.77045177045177,33.7973137973138,-19.34065934065934,-34.969474969474966,0.0,-30.671550671550676,-164.2979242979243,177.1916971916972,31.062271062271066,-19.34065934065934
-33.7973137973138,73.65079365079364,38.48595848595848,-25.2014652014652,0.0,-89.27960927960928,118.5836385836386,24.02930402930403,-0.1953601953601953,0.0,68.18070818070818,55.28693528693529,0.0,2.148962148962149,83.80952380952381,-8.00976800976801,-34.969474969474966,0.0,59.1941391941392,37.704517704517706,-15.433455433455434,-38.095238095238095,0.0,-38.095238095238095,-147.49694749694748,161.95360195360195,36.92307692307692,-15.433455433455434
-35.36019536019536,74.82295482295483,45.12820512820513,-27.155067155067155,0.0,-84.59096459096459,118.1929181929182,27.545787545787547,-4.102564102564102,0.0,72.47863247863248,57.24053724053724,0.0,12.307692307692308,84.59096459096459,-4.884004884004884,-37.704517704517706,0.0,66.22710622710623,36.53235653235653,-12.698412698412698,-36.53235653235653,0.0,-44.737484737484735,-122.4908424908425,139.68253968253967,38.87667887667888,-12.698412698412698
-38.87667887667888,73.65079365079364,45.12820512820513,-21.294261294261293,0.0,-80.68376068376068,109.2063492063492,26.764346764346765,1.7582417582417582,0.0,72.86935286935287,61.14774114774115,0.0,16.996336996336996,83.80952380952381,-7.619047619047619,-30.671550671550676,0.0,70.91575091575092,31.843711843711844,-17.77777777777778,-22.857142857142858,0.0,-44.737484737484735,-167.03296703296704,183.05250305250303,37.704517704517706,-17.77777777777778
-40.04884004884005,76.38583638583638,44.346764346764346,-19.73137973137973,0.0,-75.995115995116,102.17338217338218,26.764346764346765,6.056166056166056,0.0,76.38583638583638,64.66422466422466,0.0,22.075702075702075,84.2002442002442,-6.446886446886447,-27.936507936507937,0.0,75.6043956043956,28.32722832722833,-20.512820512820515,-11.526251526251526,0.0,-43.95604395604396,-177.58241758241758,184.22466422466425,41.22100122100122,-20.512820512820515
-39.26739926739927,83.41880341880342,41.61172161172161,-24.02930402930403,0.0,-73.26007326007326,103.73626373626374,27.155067155067155,2.93040293040293,0.0,84.2002442002442,65.83638583638583,0.0,27.155067155067155,91.62393162393164,-1.7582417582417582,-34.18803418803419,0.0,80.68376068376068,28.71794871794872,-15.433455433455434,-11.135531135531137,0.0,-41.22100122100122,-120.14652014652016,118.1929181929182,42.39316239316239,-15.433455433455434
-40.83028083028083,89.67032967032966,31.843711843711844,-18.168498168498168,0.0,-74.82295482295483,107.25274725274726,22.857142857142858,5.665445665445666,0.0,90.84249084249085,66.22710622710623,0.0,27.936507936507937,94.35897435897436,0.9768009768009768,-27.936507936507937,0.0,79.51159951159951,27.936507936507937,-8.791208791208792,-1.7582417582417582,0.0,-31.45299145299145,-129.13308913308913,115.84859584859583,42.39316239316239,-8.791208791208792
-42.78388278388278,97.09401709401708,21.294261294261293,-12.307692307692308,0.0,-75.6043956043956,117.4114774114774,19.34065934065934,0.9768009768009768,0.0,100.6105006105006,65.83638583638583,0.0,33.40659340659341,95.53113553113552,4.884004884004884,-25.592185592185597,0.0,77.55799755799755,28.71794871794872,-2.93040293040293,4.884004884004884,0.0,-20.903540903540904,-155.3113553113553,131.08669108669108,45.51892551892552,-2.93040293040293
-42.78388278388278,104.51770451770452,16.214896214896214,-13.089133089133089,0.0,-71.30647130647131,127.96092796092796,20.12210012210012,-11.916971916971915,0.0,109.2063492063492,69.35286935286935,0.0,43.17460317460318,98.26617826617829,11.916971916971915,-32.62515262515262,0.0,79.51159951159951,31.45299145299145,3.3211233211233213,5.274725274725275,0.0,-15.824175824175825,-120.14652014652016,90.84249084249085,46.3003663003663,3.3211233211233213
-41.22100122100122,107.25274725274726,8.00976800976801,-6.056166056166056,0.0,-66.22710622710623,130.6959706959707,20.903540903540904,-17.77777777777778,0.0,111.94139194139194,68.96214896214896,0.0,48.64468864468864,94.35897435897436,19.73137973137973,-33.40659340659341,0.0,79.12087912087912,31.843711843711844,5.274725274725275,10.354090354090356,0.0,-7.619047619047619,-76.77655677655677,42.39316239316239,46.3003663003663,5.274725274725275
-44.737484737484735,109.5970695970696,0.1953601953601953,4.493284493284493,0.0,-63.49206349206349,125.6166056166056,18.94993894993895,-13.089133089133089,0.0,111.15995115995116,66.61782661782662,0.0,52.55189255189255,84.98168498168498,25.982905982905983,-29.89010989010989,0.0,78.73015873015873,27.545787545787547,7.619047619047619,18.168498168498168,0.0,0.1953601953601953,-100.6105006105006,59.975579975579976,46.3003663003663,7.619047619047619
-45.12820512820513,112.33211233211232,0.5860805860805861,4.884004884004884,0.0,-56.06837606837607,115.06715506715508,22.075702075702075,-8.791208791208792,0.0,111.94139194139194,62.31990231990232,0.0,58.02197802197802,80.29304029304029,33.40659340659341,-32.62515262515262,0.0,79.9023199023199,26.37362637362637,15.042735042735044,16.214896214896214,0.0,-0.1953601953601953,-147.88766788766787,100.21978021978022,49.03540903540904,15.042735042735044
-44.346764346764346,113.11355311355312,1.3675213675213675,6.056166056166056,0.0,-46.69108669108669,102.17338217338218,23.247863247863247,-2.93040293040293,0.0,110.76923076923076,55.67765567765568,0.0,63.88278388278388,77.55799755799755,39.65811965811966,-35.75091575091575,0.0,81.46520146520146,26.764346764346765,23.63858363858364,12.307692307692308,0.0,-0.9768009768009768,-148.2783882783883,99.82905982905984,49.81684981684982,23.63858363858364
-48.25396825396825,111.94139194139194,2.5396825396825395,11.135531135531137,0.0,-41.22100122100122,88.1074481074481,22.466422466422465,7.228327228327228,0.0,110.37851037851038,47.472527472527474,0.0,65.44566544566544,79.12087912087912,38.095238095238095,-30.671550671550676,0.0,79.12087912087912,26.764346764346765,30.671550671550676,14.652014652014651,0.0,-2.148962148962149,-150.23199023199024,99.43833943833944,53.333333333333336,30.671550671550676
-50.20757020757021,111.15995115995116,6.056166056166056,10.354090354090356,0.0,-30.28083028083028,78.73015873015873,21.294261294261293,8.4004884004884,0.0,111.15995115995116,40.43956043956044,0.0,70.13431013431014,84.2002442002442,33.01587301587302,-30.671550671550676,0.0,77.94871794871794,31.45299145299145,32.234432234432234,14.261294261294262,0.0,-5.665445665445666,-165.0793650793651,114.67643467643468,59.975579975579976,32.234432234432234
-51.77045177045177,112.33211233211232,7.228327228327228,7.619047619047619,0.0,-19.73137973137973,74.04151404151405,19.73137973137973,2.148962148962149,0.0,109.5970695970696,35.75091575091575,0.0,75.6043956043956,89.27960927960928,32.62515262515262,-38.095238095238095,0.0,78.33943833943835,39.65811965811966,30.671550671550676,9.18192918192918,0.0,-6.837606837606837,-154.13919413919413,104.51770451770452,70.52503052503053,30.671550671550676
-54.5054945054945,115.45787545787546,4.493284493284493,9.18192918192918,0.0,-12.698412698412698,70.13431013431014,17.387057387057386,0.1953601953601953,0.0,106.47130647130648,32.62515262515262,0.0,77.55799755799755,87.32600732600733,33.01587301587302,-34.57875457875458,0.0,80.29304029304029,44.346764346764346,24.81074481074481,12.307692307692308,0.0,-4.102564102564102,-111.15995115995116,59.975579975579976,77.55799755799755,24.81074481074481
-57.63125763125763,118.97435897435898,3.711843711843712,11.916971916971915,0.0,-6.446886446886447,67.78998778998779,14.261294261294262,1.3675213675213675,0.0,102.95482295482296,31.843711843711844,0.0,80.29304029304029,81.07448107448107,34.57875457875458,-28.71794871794872,0.0,83.02808302808303,47.472527472527474,19.73137973137973,15.824175824175825,0.0,-3.3211233211233213,-110.76923076923076,57.63125763125763,85.76312576312576,19.73137973137973
-55.67765567765568,126.7887667887668,8.791208791208792,0.5860805860805861,0.0,0.1953601953601953,68.96214896214896,19.34065934065934,-9.18192918192918,0.0,99.43833943833944,38.48595848595848,0.0,91.23321123321124,74.04151404151405,42.002442002442,-34.969474969474966,0.0,90.06105006105007,50.989010989010985,22.466422466422465,7.619047619047619,0.0,-8.4004884004884,-70.13431013431014,16.996336996336996,90.06105006105007,22.466422466422465
-54.89621489621489,132.25885225885227,15.042735042735044,-4.884004884004884,0.0,-1.3675213675213675,72.08791208791209,26.764346764346765,-11.526251526251526,0.0,93.57753357753356,45.51892551892552,0.0,96.31257631257633,68.57142857142857,48.25396825396825,-31.45299145299145,0.0,92.7960927960928,50.20757020757021,33.01587301587302,4.884004884004884,0.0,-14.652014652014651,-47.081807081807085,-6.446886446886447,88.88888888888889,33.01587301587302
-57.63125763125763,131.08669108669108,20.12210012210012,0.9768009768009768,0.0,-6.446886446886447,73.65079365079364,30.28083028083028,-2.5396825396825395,0.0,88.4981684981685,50.989010989010985,0.0,95.14041514041514,67.00854700854701,47.081807081807085,-20.12210012210012,0.0,89.67032967032966,45.51892551892552,41.22100122100122,9.963369963369964,0.0,-19.73137973137973,-101.001221001221,43.56532356532357,87.71672771672772,41.22100122100122
-58.8034188034188,129.52380952380952,27.155067155067155,2.148962148962149,0.0,-9.572649572649572,77.94871794871794,34.969474969474966,-2.93040293040293,0.0,85.76312576312576,56.06837606837607,0.0,96.7032967032967,69.74358974358974,47.081807081807085,-21.294261294261293,0.0,88.1074481074481,42.39316239316239,49.81684981684982,9.963369963369964,0.0,-26.764346764346765,-113.5042735042735,52.94261294261294,88.1074481074481,49.81684981684982
-60.757020757020754,131.86813186813183,33.01587301587302,8.4004884004884,0.0,-11.916971916971915,87.32600732600733,38.87667887667888,-0.9768009768009768,0.0,87.32600732600733,57.63125763125763,0.0,93.96825396825396,75.995115995116,52.16117216117216,-24.81074481074481,0.0,85.76312576312576,44.737484737484735,57.24053724053724,7.619047619047619,0.0,-32.62515262515262,-66.61782661782662,3.711843711843712,87.71672771672772,57.24053724053724
-64.27350427350427,131.86813186813183,32.62515262515262,23.63858363858364,0.0,-16.605616605616607,95.14041514041514,38.87667887667888,6.837606837606837,0.0,90.45177045177046,54.114774114774114,0.0,87.32600732600733,74.43223443223444,56.06837606837607,-16.605616605616607,0.0,80.68376068376068,42.78388278388278,58.8034188034188,17.77777777777778,0.0,-32.234432234432234,-94.74969474969475,25.2014652014652,86.15384615384616,58.8034188034188
-63.88278388278388,133.04029304029305,33.7973137973138,28.71794871794872,0.0,-18.94993894993895,104.51770451770452,41.22100122100122,5.274725274725275,0.0,95.14041514041514,49.81684981684982,0.0,86.15384615384616,70.91575091575092,59.58485958485959,-15.433455433455434,0.0,75.6043956043956,40.83028083028083,61.92918192918193,21.68498168498169,0.0,-33.40659340659341,-142.8083028083028,66.22710622710623,83.41880341880342,61.92918192918193
-60.757020757020754,136.94749694749694,36.53235653235653,20.903540903540904,0.0,-18.55921855921856,108.8156288156288,47.081807081807085,-3.3211233211233213,0.0,98.65689865689866,46.69108669108669,0.0,88.1074481074481,66.22710622710623,65.44566544566544,-19.34065934065934,0.0,72.47863247863248,41.61172161172161,67.3992673992674,17.387057387057386,0.0,-36.14163614163614,-117.4114774114774,38.87667887667888,76.77655677655677,67.3992673992674
-59.975579975579976,132.25885225885227,38.095238095238095,18.94993894993895,0.0,-22.075702075702075,104.51770451770452,50.20757020757021,-2.5396825396825395,0.0,96.31257631257633,39.65811965811966,0.0,86.54456654456655,56.06837606837607,63.49206349206349,-12.698412698412698,0.0,65.44566544566544,36.14163614163614,68.96214896214896,20.512820512820515,0.0,-37.704517704517706,-73.26007326007326,-4.102564102564102,68.96214896214896,68.96214896214896
-63.10134310134311,122.1001221001221,42.39316239316239,14.261294261294262,0.0,-27.155067155067155,97.87545787545788,47.472527472527474,-1.7582417582417582,0.0,94.35897435897436,29.499389499389498,0.0,83.41880341880342,48.64468864468864,53.724053724053725,-8.791208791208792,0.0,58.8034188034188,27.155067155067155,65.44566544566544,23.63858363858364,0.0,-42.002442002442,-85.37240537240537,12.698412698412698,63.10134310134311,65.44566544566544
-66.22710622710623,110.37851037851038,49.42612942612943,8.4004884004884,0.0,-28.32722832722833,89.67032967032966,44.346764346764346,-2.148962148962149,0.0,93.96825396825396,20.903540903540904,0.0,79.9023199023199,44.346764346764346,47.081807081807085,-9.18192918192918,0.0,53.724053724053725,20.12210012210012,63.10134310134311,22.466422466422465,0.0,-49.03540903540904,-96.31257631257633,33.01587301587302,56.45909645909646,63.10134310134311
-69.35286935286935,100.21978021978022,53.724053724053725,8.4004884004884,0.0,-30.28083028083028,81.85592185592185,42.002442002442,0.1953601953601953,0.0,91.23321123321124,11.916971916971915,0.0,73.26007326007326,38.87667887667888,43.95604395604396,-6.446886446886447,0.0,50.5982905982906,12.698412698412698,61.53846153846154,23.63858363858364,0.0,-53.333333333333336,-71.6971916971917,16.996336996336996,50.5982905982906,61.53846153846154
-76.38583638583638,89.67032967032966,53.724053724053725,15.042735042735044,0.0,-38.095238095238095,77.55799755799755,38.87667887667888,4.493284493284493,0.0,87.71672771672772,5.274725274725275,0.0,67.3992673992674,32.62515262515262,42.002442002442,-2.5396825396825395,0.0,45.51892551892552,2.5396825396825395,62.31990231990232,27.545787545787547,0.0,-53.333333333333336,-76.77655677655677,27.545787545787547,42.002442002442,62.31990231990232
-79.9023199023199,84.98168498168498,54.114774114774114,14.261294261294262,0.0,-43.17460317460318,76.38583638583638,41.22100122100122,-0.1953601953601953,0.0,91.23321123321124,3.711843711843712,0.0,64.27350427350427,31.843711843711844,42.78388278388278,-7.228327228327228,0.0,40.04884004884005,-1.3675213675213675,69.35286935286935,22.857142857142858,0.0,-53.724053724053725,-81.46520146520146,34.969474969474966,37.31379731379732,69.35286935286935
-81.46520146520146,83.02808302808303,55.28693528693529,9.963369963369964,0.0,-45.12820512820513,73.26007326007326,45.12820512820513,-5.665445665445666,0.0,91.23321123321124,4.493284493284493,0.0,66.22710622710623,29.89010989010989,43.17460317460318,-13.47985347985348,0.0,36.92307692307692,-4.102564102564102,76.77655677655677,15.824175824175825,0.0,-54.89621489621489,-59.1941391941392,18.55921855921856,31.062271062271066,76.77655677655677
-84.98168498168498,74.82295482295483,54.89621489621489,13.47985347985348,0.0,-51.37973137973138,67.3992673992674,44.346764346764346,-1.7582417582417582,0.0,90.06105006105007,2.148962148962149,0.0,67.78998778998779,24.81074481074481,37.31379731379732,-9.18192918192918,0.0,31.843711843711844,-9.963369963369964,77.16727716727716,21.294261294261293,0.0,-54.5054945054945,-62.71062271062271,25.982905982905983,26.764346764346765,77.16727716727716
-88.88888888888889,66.22710622710623,59.1941391941392,12.698412698412698,0.0,-57.24053724053724,62.31990231990232,42.39316239316239,2.148962148962149,0.0,94.74969474969475,-2.5396825396825395,0.0,68.96214896214896,21.294261294261293,28.32722832722833,-4.493284493284493,0.0,27.936507936507937,-18.94993894993895,76.77655677655677,27.936507936507937,0.0,-58.8034188034188,-67.00854700854701,35.36019536019536,20.512820512820515,76.77655677655677
-87.32600732600733,59.1941391941392,64.27350427350427,10.744810744810744,0.0,-55.67765567765568,58.8034188034188,43.95604395604396,0.1953601953601953,0.0,94.74969474969475,-4.493284493284493,0.0,75.21367521367522,15.433455433455434,23.63858363858364,-6.446886446886447,0.0,29.499389499389498,-26.764346764346765,77.94871794871794,26.764346764346765,0.0,-63.88278388278388,-8.791208791208792,-11.916971916971915,13.870573870573873,77.94871794871794
-91.23321123321124,50.5982905982906,66.61782661782662,18.55921855921856,0.0,-60.366300366300365,60.366300366300365,41.22100122100122,4.102564102564102,0.0,92.7960927960928,-9.572649572649572,0.0,75.6043956043956,8.4004884004884,21.294261294261293,-1.3675213675213675,0.0,29.499389499389498,-35.36019536019536,79.12087912087912,30.28083028083028,0.0,-66.22710622710623,11.526251526251526,-23.63858363858364,8.791208791208792,79.12087912087912
-95.53113553113552,43.95604395604396,66.61782661782662,29.499389499389498,0.0,-63.10134310134311,65.05494505494505,36.14163614163614,7.619047619047619,0.0,90.84249084249085,-12.307692307692308,0.0,74.43223443223444,5.274725274725275,15.824175824175825,6.056166056166056,0.0,27.545787545787547,-42.002442002442,80.29304029304029,36.14163614163614,0.0,-66.22710622710623,-24.42002442002442,20.512820512820515,4.884004884004884,80.29304029304029
-97.48473748473748,40.43956043956044,64.66422466422466,31.843711843711844,0.0,-60.757020757020754,70.91575091575092,31.45299145299145,-0.9768009768009768,0.0,91.23321123321124,-12.307692307692308,0.0,77.94871794871794,5.274725274725275,13.089133089133089,2.93040293040293,0.0,27.936507936507937,-43.17460317460318,81.46520146520146,33.7973137973138,0.0,-64.27350427350427,4.102564102564102,1.3675213675213675,1.7582417582417582,81.46520146520146
-99.43833943833944,37.31379731379732,59.975579975579976,30.28083028083028,0.0,-60.366300366300365,72.47863247863248,25.592185592185597,-8.00976800976801,0.0,88.4981684981685,-13.870573870573873,0.0,77.55799755799755,8.4004884004884,11.526251526251526,-3.3211233211233213,0.0,25.592185592185597,-42.39316239316239,79.12087912087912,31.843711843711844,0.0,-59.58485958485959,54.89621489621489,-40.04884004884005,-2.5396825396825395,79.12087912087912
-100.21978021978022,29.89010989010989,52.55189255189255,31.843711843711844,0.0,-61.92918192918193,67.00854700854701,17.387057387057386,-7.619047619047619,0.0,87.71672771672772,-19.73137973137973,0.0,76.77655677655677,8.791208791208792,6.837606837606837,-6.837606837606837,0.0,21.294261294261293,-43.17460317460318,71.6971916971917,35.36019536019536,0.0,-52.16117216117216,33.7973137973138,-11.916971916971915,-9.18192918192918,71.6971916971917
-102.95482295482296,23.63858363858364,47.86324786324786,28.32722832722833,0.0,-63.49206349206349,57.63125763125763,12.307692307692308,-8.00976800976801,0.0,86.15384615384616,-24.42002442002442,0.0,78.33943833943835,4.884004884004884,3.711843711843712,-13.870573870573873,0.0,15.433455433455434,-43.95604395604396,63.88278388278388,36.92307692307692,0.0,-47.472527472527474,-11.916971916971915,33.7973137973138,-9.963369963369964,63.88278388278388
-102.17338217338218,18.55921855921856,45.90964590964591,22.466422466422465,0.0,-61.53846153846154,47.472527472527474,9.963369963369964,-9.18192918192918,0.0,80.68376068376068,-29.89010989010989,0.0,83.02808302808303,-3.711843711843712,4.102564102564102,-22.466422466422465,0.0,10.354090354090356,-45.90964590964591,60.757020757020754,34.969474969474966,0.0,-45.51892551892552,4.493284493284493,14.261294261294262,-11.135531135531137,60.757020757020754
-105.2991452991453,12.698412698412698,47.472527472527474,25.2014652014652,0.0,-58.8034188034188,35.36019536019536,6.446886446886447,-0.9768009768009768,0.0,72.86935286935287,-34.57875457875458,0.0,87.71672771672772,-13.870573870573873,2.93040293040293,-20.12210012210012,0.0,4.493284493284493,-47.86324786324786,58.41269841269841,40.43956043956044,0.0,-47.081807081807085,30.671550671550676,-11.526251526251526,-11.526251526251526,58.41269841269841
-108.8156288156288,9.963369963369964,50.20757020757021,29.89010989010989,0.0,-54.89621489621489,29.89010989010989,2.148962148962149,5.274725274725275,0.0,68.57142857142857,-34.57875457875458,0.0,93.57753357753356,-22.857142857142858,0.1953601953601953,-13.089133089133089,0.0,0.1953601953601953,-50.20757020757021,56.45909645909646,50.20757020757021,0.0,-49.81684981684982,33.40659340659341,-19.73137973137973,-7.619047619047619,56.45909645909646
-108.42490842490842,9.18192918192918,54.5054945054945,29.499389499389498,0.0,-48.25396825396825,28.71794871794872,0.1953601953601953,5.665445665445666,0.0,67.78998778998779,-34.18803418803419,0.0,101.3919413919414,-25.982905982905983,0.5860805860805861,-14.261294261294262,0.0,0.1953601953601953,-50.20757020757021,56.45909645909646,54.114774114774114,0.0,-54.114774114774114,54.114774114774114,-44.737484737484735,-3.711843711843712,56.45909645909646
-106.47130647130648,5.665445665445666,58.02197802197802,32.62515262515262,0.0,-42.002442002442,25.2014652014652,-1.3675213675213675,9.572649572649572,0.0,65.44566544566544,-31.843711843711844,0.0,102.56410256410255,-23.247863247863247,1.3675213675213675,-14.261294261294262,0.0,0.5860805860805861,-49.81684981684982,57.63125763125763,56.06837606837607,0.0,-57.63125763125763,88.88888888888889,-77.55799755799755,-3.3211233211233213,57.63125763125763
-103.73626373626374,-2.148962148962149,61.14774114774115,41.61172161172161,0.0,-43.17460317460318,24.81074481074481,-1.3675213675213675,16.996336996336996,0.0,63.88278388278388,-28.71794871794872,0.0,100.21978021978022,-18.55921855921856,-0.9768009768009768,-11.526251526251526,0.0,0.9768009768009768,-48.64468864468864,57.24053724053724,56.84981684981685,0.0,-60.757020757020754,130.3052503052503,-114.67643467643468,-1.3675213675213675,57.24053724053724
-99.43833943833944,-10.354090354090356,62.31990231990232,43.56532356532357,0.0,-42.78388278388278,23.63858363858364,-0.9768009768009768,16.214896214896214,0.0,60.757020757020754,-25.2014652014652,0.0,100.21978021978022,-17.77777777777778,-6.056166056166056,-14.261294261294262,0.0,0.5860805860805861,-49.03540903540904,54.89621489621489,52.16117216117216,0.0,-61.92918192918193,117.8021978021978,-99.04761904761904,0.1953601953601953,54.89621489621489
-94.74969474969475,-17.387057387057386,66.61782661782662,43.95604395604396,0.0,-40.83028083028083,22.857142857142858,1.7582417582417582,13.47985347985348,0.0,55.28693528693529,-20.903540903540904,0.0,100.21978021978022,-14.652014652014651,-11.135531135531137,-20.903540903540904,0.0,0.1953601953601953,-45.12820512820513,52.16117216117216,43.56532356532357,0.0,-66.22710622710623,124.44444444444444,-98.26617826617829,1.7582417582417582,52.16117216117216
-95.14041514041514,-23.63858363858364,61.14774114774115,54.5054945054945,0.0,-44.346764346764346,20.903540903540904,0.1953601953601953,20.512820512820515,0.0,50.5982905982906,-17.77777777777778,0.0,95.14041514041514,-14.652014652014651,-18.55921855921856,-15.824175824175825,0.0,-2.93040293040293,-44.737484737484735,45.51892551892552,45.90964590964591,0.0,-60.757020757020754,102.17338217338218,-73.65079365079364,4.884004884004884,45.51892551892552
-96.7032967032967,-25.2014652014652,56.06837606837607,59.58485958485959,0.0,-45.90964590964591,21.68498168498169,-2.5396825396825395,20.12210012210012,0.0,52.55189255189255,-15.824175824175825,0.0,91.23321123321124,-18.55921855921856,-21.68498168498169,-14.652014652014651,0.0,-9.18192918192918,-44.737484737484735,37.704517704517706,50.989010989010985,0.0,-55.67765567765568,91.23321123321124,-66.61782661782662,9.963369963369964,37.704517704517706
-93.96825396825396,-19.34065934065934,58.8034188034188,51.77045177045177,0.0,-44.346764346764346,29.89010989010989,-0.9768009768009768,12.307692307692308,0.0,53.333333333333336,-9.963369963369964,0.0,86.93528693528694,-14.261294261294262,-15.433455433455434,-24.02930402930403,0.0,-11.916971916971915,-40.43956043956044,38.095238095238095,45.90964590964591,0.0,-58.41269841269841,145.54334554334554,-130.6959706959707,16.996336996336996,38.095238095238095
-92.7960927960928,-15.824175824175825,55.67765567765568,55.28693528693529,0.0,-45.51892551892552,37.31379731379732,-2.5396825396825395,14.261294261294262,0.0,52.16117216117216,-6.837606837606837,0.0,79.9023199023199,-14.652014652014651,-12.307692307692308,-21.68498168498169,0.0,-15.824175824175825,-42.002442002442,37.704517704517706,49.03540903540904,0.0,-55.28693528693529,128.35164835164835,-124.05372405372404,18.168498168498168,37.704517704517706
-90.84249084249085,-14.261294261294262,54.89621489621489,58.8034188034188,0.0,-47.472527472527474,42.78388278388278,-5.274725274725275,18.94993894993895,0.0,48.25396825396825,-3.711843711843712,0.0,74.82295482295483,-18.168498168498168,-15.433455433455434,-16.996336996336996,0.0,-20.512820512820515,-45.51892551892552,35.75091575091575,52.16117216117216,0.0,-54.5054945054945,56.84981684981685,-59.975579975579976,15.042735042735044,35.75091575091575
-84.98168498168498,-11.916971916971915,56.06837606837607,51.77045177045177,0.0,-45.51892551892552,46.69108669108669,-6.837606837606837,16.605616605616607,0.0,41.61172161172161,-0.1953601953601953,0.0,77.55799755799755,-19.73137973137973,-18.94993894993895,-23.247863247863247,0.0,-19.73137973137973,-44.346764346764346,31.45299145299145,45.51892551892552,0.0,-55.67765567765568,45.51892551892552,-50.989010989010985,12.307692307692308,31.45299145299145
-80.29304029304029,-13.089133089133089,50.5982905982906,48.64468864468864,0.0,-42.78388278388278,40.04884004884005,-11.135531135531137,20.512820512820515,0.0,32.62515262515262,-2.93040293040293,0.0,77.55799755799755,-24.02930402930403,-23.63858363858364,-25.982905982905983,0.0,-21.294261294261293,-42.39316239316239,25.592185592185597,39.65811965811966,0.0,-50.20757020757021,75.6043956043956,-80.29304029304029,9.572649572649572,25.592185592185597
-77.94871794871794,-16.605616605616607,42.39316239316239,47.081807081807085,0.0,-42.78388278388278,29.89010989010989,-17.77777777777778,25.592185592185597,0.0,25.982905982905983,-6.837606837606837,0.0,79.12087912087912,-30.28083028083028,-29.89010989010989,-23.63858363858364,0.0,-24.42002442002442,-39.65811965811966,17.77777777777778,38.87667887667888,0.0,-42.002442002442,40.04884004884005,-47.081807081807085,12.698412698412698,17.77777777777778
-73.65079365079364,-17.387057387057386,37.31379731379732,37.31379731379732,0.0,-41.22100122100122,24.81074481074481,-22.857142857142858,22.857142857142858,0.0,22.857142857142858,-9.18192918192918,0.0,80.29304029304029,-31.45299145299145,-33.01587301587302,-25.982905982905983,0.0,-27.545787545787547,-31.45299145299145,11.135531135531137,35.36019536019536,0.0,-36.92307692307692,12.307692307692308,-20.512820512820515,18.94993894993895,11.135531135531137
-64.66422466422466,-14.652014652014651,34.18803418803419,27.545787545787547,0.0,-34.969474969474966,24.42002442002442,-24.81074481074481,18.168498168498168,0.0,20.12210012210012,-7.619047619047619,0.0,80.68376068376068,-28.32722832722833,-30.671550671550676,-31.843711843711844,0.0,-27.936507936507937,-22.075702075702075,8.00976800976801,29.499389499389498,0.0,-33.7973137973138,6.837606837606837,-20.512820512820515,25.982905982905983,8.00976800976801
-56.84981684981685,-13.870573870573873,31.45299145299145,24.02930402930403,0.0,-29.10866910866911,25.2014652014652,-27.545787545787547,16.214896214896214,0.0,18.94993894993895,-9.18192918192918,0.0,77.16727716727716,-25.2014652014652,-35.36019536019536,-28.32722832722833,0.0,-27.545787545787547,-17.77777777777778,0.9768009768009768,31.062271062271066,0.0,-31.062271062271066,-4.493284493284493,-11.135531135531137,28.32722832722833,0.9768009768009768
-49.81684981684982,-13.47985347985348,29.10866910866911,24.02930402930403,0.0,-22.075702075702075,26.764346764346765,-30.28083028083028,15.433455433455434,0.0,17.77777777777778,-13.089133089133089,0.0,70.52503052503053,-22.857142857142858,-41.61172161172161,-26.764346764346765,0.0,-28.71794871794872,-16.605616605616607,-8.4004884004884,32.62515262515262,0.0,-28.71794871794872,-16.214896214896214,2.93040293040293,25.592185592185597,-8.4004884004884
-40.83028083028083,-11.916971916971915,30.28083028083028,15.433455433455434,0.0,-11.916971916971915,26.37362637362637,-31.062271062271066,9.963369963369964,0.0,16.996336996336996,-21.68498168498169,0.0,64.27350427350427,-22.075702075702075,-42.39316239316239,-30.671550671550676,0.0,-27.545787545787547,-15.824175824175825,-14.261294261294262,25.982905982905983,0.0,-29.89010989010989,0.9768009768009768,-12.307692307692308,22.466422466422465,-14.261294261294262
-34.57875457875458,-13.47985347985348,28.32722832722833,13.089133089133089,0.0,-4.493284493284493,19.73137973137973,-32.234432234432234,9.572649572649572,0.0,16.996336996336996,-33.40659340659341,0.0,56.45909645909646,-25.592185592185597,-43.56532356532357,-26.764346764346765,0.0,-25.982905982905983,-17.77777777777778,-19.34065934065934,23.63858363858364,0.0,-27.936507936507937,32.62515262515262,-45.90964590964591,21.68498168498169,-19.34065934065934
-29.10866910866911,-14.261294261294262,24.42002442002442,14.261294261294262,0.0,0.1953601953601953,16.214896214896214,-34.969474969474966,12.307692307692308,0.0,16.996336996336996,-40.04884004884005,0.0,50.989010989010985,-28.71794871794872,-43.95604395604396,-20.12210012210012,0.0,-23.247863247863247,-20.12210012210012,-24.81074481074481,25.2014652014652,0.0,-24.02930402930403,47.472527472527474,-61.53846153846154,19.73137973137973,-24.81074481074481
-16.605616605616607,-12.307692307692308,21.68498168498169,3.711843711843712,0.0,9.963369963369964,14.261294261294262,-33.01587301587302,3.3211233211233213,0.0,16.605616605616607,-35.36019536019536,0.0,50.20757020757021,-29.499389499389498,-38.48595848595848,-23.247863247863247,0.0,-18.55921855921856,-16.605616605616607,-24.42002442002442,18.55921855921856,0.0,-21.294261294261293,37.704517704517706,-58.41269841269841,21.294261294261293,-24.42002442002442
-2.5396825396825395,-10.354090354090356,18.168498168498168,-3.711843711843712,0.0,18.94993894993895,16.996336996336996,-33.01587301587302,-2.5396825396825395,0.0,16.214896214896214,-27.545787545787547,0.0,49.42612942612943,-26.764346764346765,-35.75091575091575,-24.02930402930403,0.0,-11.526251526251526,-12.307692307692308,-24.81074481074481,11.135531135531137,0.0,-17.77777777777778,24.02930402930403,-49.81684981684982,22.466422466422465,-24.81074481074481
7.228327228327228,-9.572649572649572,11.526251526251526,-2.5396825396825395,0.0,22.857142857142858,20.903540903540904,-36.92307692307692,-0.1953601953601953,0.0,15.042735042735044,-22.466422466422465,0.0,42.78388278388278,-25.592185592185597,-37.704517704517706,-13.089133089133089,0.0,-5.665445665445666,-11.916971916971915,-30.28083028083028,13.870573870573873,0.0,-11.135531135531137,-31.062271062271066,6.446886446886447,20.512820512820515,-30.28083028083028
18.94993894993895,-9.572649572649572,9.572649572649572,-8.4004884004884,0.0,26.764346764346765,24.42002442002442,-37.704517704517706,-2.93040293040293,0.0,13.089133089133089,-20.512820512820515,0.0,35.36019536019536,-27.545787545787547,-37.31379731379732,-5.665445665445666,0.0,-2.5396825396825395,-9.963369963369964,-33.40659340659341,11.135531135531137,0.0,-9.18192918192918,-43.95604395604396,20.12210012210012,18.94993894993895,-33.40659340659341
27.936507936507937,-8.791208791208792,11.135531135531137,-22.075702075702075,0.0,29.10866910866911,26.37362637362637,-35.75091575091575,-11.135531135531137,0.0,11.135531135531137,-22.857142857142858,0.0,29.10866910866911,-29.89010989010989,-34.969474969474966,-5.274725274725275,0.0,-0.5860805860805861,-4.884004884004884,-33.40659340659341,-1.7582417582417582,0.0,-10.744810744810744,22.075702075702075,-42.39316239316239,19.34065934065934,-33.40659340659341
33.40659340659341,-15.433455433455434,8.791208791208792,-27.155067155067155,0.0,27.936507936507937,22.075702075702075,-37.704517704517706,-11.916971916971915,0.0,6.837606837606837,-27.155067155067155,0.0,19.73137973137973,-37.704517704517706,-34.57875457875458,3.711843711843712,0.0,-1.3675213675213675,-8.00976800976801,-38.48595848595848,-0.1953601953601953,0.0,-8.4004884004884,15.042735042735044,-32.234432234432234,17.387057387057386,-38.48595848595848
40.43956043956044,-28.32722832722833,4.884004884004884,-31.843711843711844,0.0,30.671550671550676,11.916971916971915,-40.43956043956044,-16.605616605616607,0.0,0.9768009768009768,-31.062271062271066,0.0,13.47985347985348,-47.86324786324786,-36.14163614163614,11.526251526251526,0.0,-6.446886446886447,-12.698412698412698,-43.17460317460318,3.3211233211233213,0.0,-4.493284493284493,-36.92307692307692,18.94993894993895,16.605616605616607,-43.17460317460318
49.42612942612943,-38.095238095238095,4.102564102564102,-45.12820512820513,0.0,38.095238095238095,3.3211233211233213,-43.95604395604396,-27.545787545787547,0.0,-1.3675213675213675,-33.40659340659341,0.0,11.135531135531137,-50.5982905982906,-36.92307692307692,8.00976800976801,0.0,-9.572649572649572,-15.042735042735044,-43.95604395604396,0.5860805860805861,0.0,-3.711843711843712,-17.77777777777778,0.1953601953601953,13.47985347985348,-43.95604395604396
58.8034188034188,-48.25396825396825,0.1953601953601953,-49.42612942612943,0.0,47.081807081807085,-3.711843711843712,-49.81684981684982,-31.843711843711844,0.0,-3.711843711843712,-35.36019536019536,0.0,10.354090354090356,-51.77045177045177,-38.095238095238095,8.791208791208792,0.0,-10.354090354090356,-20.512820512820515,-43.17460317460318,3.711843711843712,0.0,0.1953601953601953,25.592185592185597,-43.17460317460318,6.056166056166056,-43.17460317460318
65.83638583638583,-58.41269841269841,-4.102564102564102,-49.03540903540904,0.0,55.28693528693529,-10.354090354090356,-56.45909645909646,-33.7973137973138,0.0,-1.7582417582417582,-42.002442002442,0.0,8.4004884004884,-50.989010989010985,-44.346764346764346,12.698412698412698,0.0,-12.698412698412698,-27.155067155067155,-40.43956043956044,7.228327228327228,0.0,4.493284493284493,33.7973137973138,-52.16117216117216,2.93040293040293,-40.43956043956044
72.08791208791209,-63.88278388278388,-5.665445665445666,-54.5054945054945,0.0,62.71062271062271,-12.698412698412698,-58.8034188034188,-43.17460317460318,0.0,-0.1953601953601953,-45.90964590964591,0.0,8.4004884004884,-47.86324786324786,-47.86324786324786,9.18192918192918,0.0,-13.870573870573873,-28.71794871794872,-32.234432234432234,-1.3675213675213675,0.0,6.056166056166056,38.87667887667888,-56.84981684981685,1.7582417582417582,-32.234432234432234
76.77655677655677,-69.74358974358974,-5.274725274725275,-58.02197802197802,0.0,68.57142857142857,-17.387057387057386,-56.84981684981685,-49.81684981684982,0.0,1.3675213675213675,-49.81684981684982,0.0,8.00976800976801,-44.346764346764346,-48.25396825396825,4.493284493284493,0.0,-14.261294261294262,-27.936507936507937,-25.982905982905983,-9.572649572649572,0.0,5.665445665445666,67.78998778998779,-83.41880341880342,1.7582417582417582,-25.982905982905983
79.9023199023199,-79.12087912087912,-7.228327228327228,-54.5054945054945,0.0,69.74358974358974,-23.247863247863247,-57.24053724053724,-50.20757020757021,0.0,2.93040293040293,-56.06837606837607,0.0,6.056166056166056,-45.90964590964591,-52.55189255189255,7.619047619047619,0.0,-18.168498168498168,-27.936507936507937,-27.155067155067155,-8.791208791208792,0.0,7.619047619047619,73.65079365079364,-87.32600732600733,4.102564102564102,-27.155067155067155
81.46520146520146,-88.1074481074481,-6.446886446886447,-52.16117216117216,0.0,70.91575091575092,-29.499389499389498,-57.24053724053724,-49.81684981684982,0.0,1.7582417582417582,-57.24053724053724,0.0,0.9768009768009768,-45.90964590964591,-51.77045177045177,7.228327228327228,0.0,-22.857142857142858,-26.37362637362637,-27.545787545787547,-10.354090354090356,0.0,6.837606837606837,68.96214896214896,-78.73015873015873,4.493284493284493,-27.545787545787547
86.54456654456655,-95.53113553113552,-3.3211233211233213,-50.989010989010985,0.0,74.82295482295483,-32.62515262515262,-55.67765567765568,-49.81684981684982,0.0,-0.5860805860805861,-52.55189255189255,0.0,-0.9768009768009768,-43.56532356532357,-47.081807081807085,4.884004884004884,0.0,-23.247863247863247,-23.247863247863247,-28.71794871794872,-9.963369963369964,0.0,3.711843711843712,51.77045177045177,-56.45909645909646,4.493284493284493,-28.71794871794872
90.45177045177046,-101.001221001221,-5.665445665445666,-45.12820512820513,0.0,80.68376068376068,-36.53235653235653,-57.63125763125763,-47.472527472527474,0.0,-4.102564102564102,-48.64468864468864,0.0,-4.102564102564102,-41.61172161172161,-43.17460317460318,8.4004884004884,0.0,-24.81074481074481,-22.857142857142858,-27.936507936507937,-3.3211233211233213,0.0,6.056166056166056,88.88888888888889,-92.014652014652,2.148962148962149,-27.936507936507937
88.88888888888889,-106.08058608058607,-4.102564102564102,-38.095238095238095,0.0,84.59096459096459,-41.22100122100122,-55.67765567765568,-46.69108669108669,0.0,-8.00976800976801,-43.56532356532357,0.0,-10.354090354090356,-38.87667887667888,-40.43956043956044,14.652014652014651,0.0,-28.71794871794872,-24.81074481074481,-23.247863247863247,2.148962148962149,0.0,4.493284493284493,97.48473748473748,-98.65689865689866,0.5860805860805861,-23.247863247863247
89.27960927960928,-104.9084249084249,0.9768009768009768,-42.78388278388278,0.0,93.57753357753356,-44.346764346764346,-47.86324786324786,-57.24053724053724,0.0,-9.572649572649572,-37.704517704517706,0.0,-5.665445665445666,-36.92307692307692,-38.095238095238095,11.526251526251526,0.0,-29.10866910866911,-22.857142857142858,-18.55921855921856,1.7582417582417582,0.0,-0.5860805860805861,124.05372405372404,-124.83516483516485,0.1953601953601953,-18.55921855921856
90.84249084249085,-101.3919413919414,4.493284493284493,-43.56532356532357,0.0,101.3919413919414,-47.86324786324786,-42.002442002442,-59.1941391941392,0.0,-9.572649572649572,-36.92307692307692,0.0,-0.9768009768009768,-36.53235653235653,-36.14163614163614,9.963369963369964,0.0,-31.45299145299145,-19.34065934065934,-13.089133089133089,1.7582417582417582,0.0,-4.102564102564102,120.14652014652016,-126.007326007326,-0.1953601953601953,-13.089133089133089
89.67032967032966,-102.17338217338218,2.5396825396825395,-35.36019536019536,0.0,99.43833943833944,-52.94261294261294,-40.83028083028083,-49.42612942612943,0.0,-12.307692307692308,-39.65811965811966,0.0,-1.7582417582417582,-41.22100122100122,-36.92307692307692,17.77777777777778,0.0,-38.48595848595848,-20.512820512820515,-11.135531135531137,8.791208791208792,0.0,-2.148962148962149,43.17460317460318,-59.58485958485959,-0.1953601953601953,-11.135531135531137
93.57753357753356,-103.34554334554336,0.1953601953601953,-34.18803418803419,0.0,97.87545787545788,-56.84981684981685,-38.87667887667888,-44.737484737484735,0.0,-17.77777777777778,-37.31379731379732,0.0,-0.1953601953601953,-47.472527472527474,-32.62515262515262,17.77777777777778,0.0,-43.17460317460318,-18.55921855921856,-7.619047619047619,7.619047619047619,0.0,0.1953601953601953,4.493284493284493,-28.32722832722833,-2.5396825396825395,-7.619047619047619
97.09401709401708,-105.2991452991453,-6.837606837606837,-33.01587301587302,0.0,95.92185592185592,-63.10134310134311,-40.04884004884005,-39.65811965811966,0.0,-26.764346764346765,-34.969474969474966,0.0,-1.3675213675213675,-51.37973137973138,-24.42002442002442,15.824175824175825,0.0,-48.25396825396825,-14.261294261294262,0.5860805860805861,1.3675213675213675,0.0,7.228327228327228,42.39316239316239,-74.43223443223444,-4.102564102564102,0.5860805860805861
93.96825396825396,-110.76923076923076,-19.34065934065934,-24.42002442002442,0.0,88.1074481074481,-70.91575091575092,-43.95604395604396,-33.01587301587302,0.0,-33.40659340659341,-38.48595848595848,0.0,-6.837606837606837,-54.114774114774114,-22.857142857142858,19.73137973137973,0.0,-56.84981684981685,-13.870573870573873,3.3211233211233213,3.3211233211233213,0.0,19.73137973137973,23.63858363858364,-62.31990231990232,-3.711843711843712,3.3211233211233213
90.45177045177046,-116.23931623931624,-23.247863247863247,-22.466422466422465,0.0,81.85592185592185,-78.33943833943835,-43.17460317460318,-31.062271062271066,0.0,-37.704517704517706,-38.87667887667888,0.0,-12.698412698412698,-55.28693528693529,-21.68498168498169,16.996336996336996,0.0,-65.44566544566544,-9.963369963369964,0.1953601953601953,2.5396825396825395,0.0,23.63858363858364,-30.671550671550676,-7.228327228327228,-3.711843711843712,0.1953601953601953
91.62393162393164,-117.02075702075702,-26.37362637362637,-25.592185592185597,0.0,82.63736263736264,-84.98168498168498,-39.65811965811966,-34.18803418803419,0.0,-37.31379731379732,-37.31379731379732,0.0,-16.996336996336996,-48.25396825396825,-15.824175824175825,0.5860805860805861,0.0,-68.18070818070818,-5.274725274725275,-0.9768009768009768,-4.493284493284493,0.0,26.764346764346765,-2.93040293040293,-34.969474969474966,-2.93040293040293,-0.9768009768009768
92.7960927960928,-116.23931623931624,-31.45299145299145,-21.294261294261293,0.0,85.76312576312576,-90.45177045177046,-38.48595848595848,-32.62515262515262,0.0,-35.75091575091575,-37.31379731379732,0.0,-22.466422466422465,-39.65811965811966,-15.824175824175825,-9.963369963369964,0.0,-73.65079365079364,-2.5396825396825395,-5.665445665445666,-5.665445665445666,0.0,31.843711843711844,15.042735042735044,-55.28693528693529,-2.93040293040293,-5.665445665445666
92.4053724053724,-115.45787545787546,-39.26739926739927,-13.870573870573873,0.0,90.84249084249085,-100.21978021978022,-39.26739926739927,-27.155067155067155,0.0,-40.04884004884005,-34.57875457875458,0.0,-28.71794871794872,-35.75091575091575,-17.77777777777778,-16.996336996336996,0.0,-83.02808302808303,-2.148962148962149,-11.526251526251526,-2.148962148962149,0.0,39.65811965811966,-0.1953601953601953,-44.737484737484735,-4.493284493284493,-11.526251526251526
94.74969474969475,-112.72283272283272,-49.81684981684982,-12.698412698412698,0.0,100.21978021978022,-109.2063492063492,-39.65811965811966,-30.671550671550676,0.0,-49.42612942612943,-31.062271062271066,0.0,-31.45299145299145,-33.40659340659341,-15.433455433455434,-24.81074481074481,0.0,-88.4981684981685,-1.7582417582417582,-9.18192918192918,-4.493284493284493,0.0,50.20757020757021,-4.493284493284493,-49.42612942612943,-6.056166056166056,-9.18192918192918
93.18681318681318,-110.76923076923076,-62.71062271062271,-5.274725274725275,0.0,108.03418803418803,-118.5836385836386,-42.39316239316239,-32.234432234432234,0.0,-61.14774114774115,-33.7973137973138,0.0,-36.14163614163614,-33.01587301587302,-14.652014652014651,-21.294261294261293,0.0,-96.7032967032967,-1.7582417582417582,-1.7582417582417582,-5.274725274725275,0.0,63.10134310134311,29.89010989010989,-91.62393162393164,-6.056166056166056,-1.7582417582417582
88.4981684981685,-108.8156288156288,-73.26007326007326,3.711843711843712,0.0,113.11355311355312,-125.6166056166056,-45.51892551892552,-30.28083028083028,0.0,-68.96214896214896,-37.704517704517706,0.0,-41.61172161172161,-38.095238095238095,-11.526251526251526,-12.698412698412698,0.0,-105.2991452991453,-1.3675213675213675,0.9768009768009768,0.1953601953601953,0.0,73.65079365079364,42.78388278388278,-108.8156288156288,-6.446886446886447,0.9768009768009768
88.4981684981685,-105.68986568986568,-77.94871794871794,4.493284493284493,0.0,115.45787545787546,-126.7887667887668,-45.90964590964591,-31.843711843711844,0.0,-75.6043956043956,-36.92307692307692,0.0,-47.86324786324786,-38.87667887667888,-2.93040293040293,-15.042735042735044,0.0,-108.8156288156288,-0.1953601953601953,2.93040293040293,-0.5860805860805861,0.0,78.33943833943835,31.45299145299145,-101.001221001221,-5.274725274725275,2.93040293040293
91.23321123321124,-101.78266178266178,-79.51159951159951,1.3675213675213675,0.0,120.53724053724054,-125.6166056166056,-42.39316239316239,-39.65811965811966,0.0,-75.6043956043956,-36.14163614163614,0.0,-50.989010989010985,-33.7973137973138,4.493284493284493,-25.592185592185597,0.0,-107.64346764346764,3.3211233211233213,4.884004884004884,-8.00976800976801,0.0,79.9023199023199,43.17460317460318,-110.37851037851038,-4.493284493284493,4.884004884004884
92.014652014652,-101.78266178266178,-83.02808302808303,5.665445665445666,0.0,123.66300366300366,-131.08669108669108,-43.17460317460318,-35.75091575091575,0.0,-77.16727716727716,-36.92307692307692,0.0,-57.24053724053724,-31.45299145299145,7.228327228327228,-27.155067155067155,0.0,-110.76923076923076,3.3211233211233213,0.5860805860805861,-2.5396825396825395,0.0,83.41880341880342,13.870573870573873,-78.73015873015873,-6.056166056166056,0.5860805860805861
93.18681318681318,-104.9084249084249,-88.4981684981685,8.4004884004884,0.0,123.27228327228327,-135.77533577533578,-42.002442002442,-36.14163614163614,0.0,-80.68376068376068,-37.704517704517706,0.0,-63.88278388278388,-25.592185592185597,2.5396825396825395,-31.45299145299145,0.0,-114.67643467643468,0.5860805860805861,-4.884004884004884,-0.1953601953601953,0.0,88.88888888888889,-15.824175824175825,-49.03540903540904,-7.619047619047619,-4.884004884004884
100.21978021978022,-106.47130647130648,-93.96825396825396,0.1953601953601953,0.0,128.35164835164835,-138.9010989010989,-38.48595848595848,-49.81684981684982,0.0,-84.2002442002442,-39.26739926739927,0.0,-63.10134310134311,-20.903540903540904,-0.1953601953601953,-42.002442002442,0.0,-115.45787545787546,0.1953601953601953,-2.5396825396825395,-8.4004884004884,0.0,94.35897435897436,15.824175824175825,-83.02808302808303,-9.572649572649572,-2.5396825396825395
102.95482295482296,-109.2063492063492,-96.7032967032967,-2.5396825396825395,0.0,126.3980463980464,-144.37118437118437,-34.969474969474966,-52.16117216117216,0.0,-90.84249084249085,-42.002442002442,0.0,-68.57142857142857,-20.512820512820515,1.3675213675213675,-42.78388278388278,0.0,-124.05372405372404,1.7582417582417582,4.493284493284493,-13.089133089133089,0.0,97.09401709401708,24.02930402930403,-96.7032967032967,-8.00976800976801,4.493284493284493
103.34554334554336,-111.15995115995116,-102.56410256410255,4.102564102564102,0.0,121.7094017094017,-146.7155067155067,-35.75091575091575,-43.95604395604396,0.0,-95.92185592185592,-41.22100122100122,0.0,-75.21367521367522,-21.294261294261293,1.3675213675213675,-33.40659340659341,0.0,-133.43101343101344,5.665445665445666,9.18192918192918,-11.135531135531137,0.0,102.95482295482296,-18.168498168498168,-61.53846153846154,-4.493284493284493,9.18192918192918
107.25274725274726,-110.37851037851038,-103.34554334554336,2.5396825396825395,0.0,122.1001221001221,-143.5897435897436,-34.969474969474966,-45.90964590964591,0.0,-95.14041514041514,-40.83028083028083,0.0,-78.33943833943835,-19.34065934065934,7.228327228327228,-33.40659340659341,0.0,-135.77533577533578,13.089133089133089,15.433455433455434,-18.94993894993895,0.0,103.73626373626374,5.665445665445666,-87.32600732600733,-0.1953601953601953,15.433455433455434
104.12698412698413,-106.86202686202688,-102.95482295482296,2.93040293040293,0.0,122.1001221001221,-143.1990231990232,-34.18803418803419,-45.12820512820513,0.0,-97.09401709401708,-42.78388278388278,0.0,-83.41880341880342,-19.34065934065934,18.94993894993895,-33.7973137973138,0.0,-140.46398046398048,24.02930402930403,22.075702075702075,-25.2014652014652,0.0,103.34554334554336,55.28693528693529,-134.21245421245422,2.148962148962149,22.075702075702075
97.87545787545788,-105.2991452991453,-105.68986568986568,12.698412698412698,0.0,117.8021978021978,-143.1990231990232,-36.14163614163614,-37.31379731379732,0.0,-99.43833943833944,-45.90964590964591,0.0,-92.7960927960928,-18.168498168498168,21.68498168498169,-26.37362637362637,0.0,-144.37118437118437,29.499389499389498,18.168498168498168,-20.12210012210012,0.0,106.08058608058607,43.56532356532357,-118.5836385836386,6.446886446886447,18.168498168498168
93.18681318681318,-102.17338217338218,-110.37851037851038,16.996336996336996,0.0,117.4114774114774,-143.1990231990232,-38.48595848595848,-35.36019536019536,0.0,-99.43833943833944,-49.81684981684982,0.0,-98.65689865689866,-16.214896214896214,23.247863247863247,-27.155067155067155,0.0,-145.15262515262515,33.7973137973138,11.135531135531137,-20.12210012210012,0.0,110.76923076923076,3.3211233211233213,-72.08791208791209,9.18192918192918,11.135531135531137
92.014652014652,-94.74969474969475,-111.94139194139194,15.433455433455434,0.0,117.4114774114774,-141.24542124542126,-34.18803418803419,-39.26739926739927,0.0,-101.78266178266178,-48.64468864468864,0.0,-102.17338217338218,-11.135531135531137,27.155067155067155,-32.234432234432234,0.0,-144.37118437118437,38.48595848595848,8.791208791208792,-22.466422466422465,0.0,112.33211233211232,15.824175824175825,-86.15384615384616,13.870573870573873,8.791208791208792
88.4981684981685,-90.06105006105007,-114.67643467643468,22.857142857142858,0.0,115.06715506715508,-142.41758241758242,-30.671550671550676,-33.01587301587302,0.0,-105.2991452991453,-47.472527472527474,0.0,-108.42490842490842,-7.619047619047619,23.63858363858364,-24.81074481074481,0.0,-147.49694749694748,40.04884004884005,6.446886446886447,-17.387057387057386,0.0,115.06715506715508,25.982905982905983,-101.001221001221,17.387057387057386,6.446886446886447
82.24664224664225,-86.15384615384616,-115.84859584859583,31.843711843711844,0.0,108.03418803418803,-140.46398046398048,-28.71794871794872,-24.42002442002442,0.0,-107.25274725274726,-45.90964590964591,0.0,-116.63003663003664,-7.619047619047619,19.34065934065934,-12.307692307692308,0.0,-152.18559218559218,36.92307692307692,6.056166056166056,-10.354090354090356,0.0,116.23931623931624,1.7582417582417582,-81.85592185592185,15.824175824175825,6.056166056166056
79.12087912087912,-80.29304029304029,-116.23931623931624,28.32722832722833,0.0,100.6105006105006,-133.04029304029305,-26.37362637362637,-27.936507936507937,0.0,-109.2063492063492,-47.472527472527474,0.0,-122.1001221001221,-10.744810744810744,16.605616605616607,-5.665445665445666,0.0,-156.4835164835165,33.01587301587302,9.572649572649572,-8.791208791208792,0.0,116.63003663003664,-6.446886446886447,-78.73015873015873,9.963369963369964,9.572649572649572
72.47863247863248,-74.04151404151405,-116.23931623931624,24.81074481074481,0.0,85.76312576312576,-125.6166056166056,-22.466422466422465,-28.71794871794872,0.0,-113.5042735042735,-52.16117216117216,0.0,-131.86813186813183,-17.387057387057386,17.77777777777778,3.711843711843712,0.0,-161.95360195360195,27.155067155067155,12.307692307692308,-6.446886446886447,0.0,116.63003663003664,0.1953601953601953,-84.98168498168498,0.1953601953601953,12.307692307692308
64.27350427350427,-69.74358974358974,-119.75579975579976,22.857142857142858,0.0,67.3992673992674,-122.4908424908425,-22.466422466422465,-22.857142857142858,0.0,-116.23931623931624,-57.63125763125763,0.0,-143.5897435897436,-26.764346764346765,16.605616605616607,14.652014652014651,0.0,-165.86080586080587,18.55921855921856,7.228327228327228,0.1953601953601953,0.0,120.14652014652016,32.62515262515262,-112.72283272283272,-9.963369963369964,7.228327228327228
59.58485958485959,-61.92918192918193,-125.6166056166056,15.824175824175825,0.0,59.1941391941392,-120.53724053724054,-23.247863247863247,-25.2014652014652,0.0,-114.28571428571428,-60.366300366300365,0.0,-147.49694749694748,-33.01587301587302,15.433455433455434,14.652014652014651,0.0,-166.64224664224665,13.47985347985348,1.7582417582417582,0.1953601953601953,0.0,126.007326007326,20.512820512820515,-99.43833943833944,-15.433455433455434,1.7582417582417582
56.45909645909646,-53.333333333333336,-128.35164835164835,10.354090354090356,0.0,55.28693528693529,-118.97435897435898,-20.512820512820515,-28.71794871794872,0.0,-112.33211233211232,-56.06837606837607,0.0,-150.23199023199024,-32.62515262515262,16.605616605616607,6.837606837606837,0.0,-166.64224664224665,12.307692307692308,-1.3675213675213675,-3.711843711843712,0.0,128.74236874236874,5.274725274725275,-84.2002442002442,-17.387057387057386,-1.3675213675213675
50.989010989010985,-51.37973137973138,-131.08669108669108,20.12210012210012,0.0,49.42612942612943,-119.75579975579976,-22.857142857142858,-15.433455433455434,0.0,-107.64346764346764,-50.20757020757021,0.0,-152.96703296703296,-33.7973137973138,11.526251526251526,13.089133089133089,0.0,-168.2051282051282,5.274725274725275,-6.446886446886447,6.837606837606837,0.0,131.4774114774115,-25.592185592185597,-56.84981684981685,-20.12210012210012,-6.446886446886447
49.03540903540904,-47.86324786324786,-130.3052503052503,23.247863247863247,0.0,46.69108669108669,-114.28571428571428,-25.2014652014652,-10.744810744810744,0.0,-99.43833943833944,-45.51892551892552,0.0,-154.52991452991452,-33.40659340659341,7.228327228327228,13.870573870573873,0.0,-169.37728937728937,0.1953601953601953,-7.228327228327228,10.744810744810744,0.0,130.6959706959707,-60.366300366300365,-27.155067155067155,-24.42002442002442,-7.228327228327228
50.20757020757021,-39.65811965811966,-120.14652014652016,15.433455433455434,0.0,42.002442002442,-99.04761904761904,-20.512820512820515,-13.870573870573873,0.0,-87.32600732600733,-39.26739926739927,0.0,-155.3113553113553,-28.32722832722833,10.354090354090356,11.135531135531137,0.0,-167.42368742368745,-1.7582417582417582,-0.5860805860805861,8.00976800976801,0.0,120.53724053724054,-23.63858363858364,-65.05494505494505,-31.45299145299145,-0.5860805860805861
49.81684981684982,-33.40659340659341,-112.33211233211232,14.652014652014651,0.0,30.28083028083028,-85.37240537240537,-17.387057387057386,-5.274725274725275,0.0,-75.995115995116,-39.26739926739927,0.0,-159.6092796092796,-26.37362637362637,12.698412698412698,23.247863247863247,0.0,-162.34432234432234,-4.884004884004884,4.884004884004884,11.526251526251526,0.0,112.72283272283272,-15.042735042735044,-74.04151404151405,-36.92307692307692,4.884004884004884
48.64468864468864,-27.936507936507937,-108.03418803418803,15.433455433455434,0.0,20.12210012210012,-78.33943833943835,-18.168498168498168,6.056166056166056,0.0,-62.31990231990232,-40.04884004884005,0.0,-165.0793650793651,-27.155067155067155,13.870573870573873,38.87667887667888,0.0,-154.9206349206349,-8.00976800976801,4.493284493284493,17.387057387057386,0.0,108.42490842490842,-57.63125763125763,-27.155067155067155,-42.002442002442,4.493284493284493
50.5982905982906,-19.73137973137973,-101.78266178266178,9.963369963369964,0.0,16.214896214896214,-68.96214896214896,-15.042735042735044,8.791208791208792,0.0,-47.472527472527474,-36.53235653235653,0.0,-165.86080586080587,-20.903540903540904,19.34065934065934,43.56532356532357,0.0,-142.41758241758242,-2.93040293040293,6.056166056166056,14.261294261294262,0.0,102.17338217338218,-30.671550671550676,-45.90964590964591,-43.17460317460318,6.056166056166056
50.5982905982906,-14.652014652014651,-101.3919413919414,11.135531135531137,0.0,8.00976800976801,-61.14774114774115,-15.824175824175825,16.214896214896214,0.0,-34.969474969474966,-29.89010989010989,0.0,-167.03296703296704,-12.307692307692308,23.247863247863247,48.64468864468864,0.0,-130.3052503052503,2.148962148962149,7.228327228327228,12.698412698412698,0.0,101.78266178266178,0.1953601953601953,-71.30647130647131,-40.83028083028083,7.228327228327228
47.86324786324786,-14.652014652014651,-99.82905982905984,17.387057387057386,0.0,-1.3675213675213675,-57.24053724053724,-19.73137973137973,30.28083028083028,0.0,-22.857142857142858,-25.982905982905983,0.0,-169.37728937728937,-4.884004884004884,22.857142857142858,58.02197802197802,0.0,-122.1001221001221,6.837606837606837,6.056166056166056,15.042735042735044,0.0,100.21978021978022,-23.63858363858364,-39.65811965811966,-37.704517704517706,6.056166056166056
45.90964590964591,-9.963369963369964,-94.74969474969475,15.824175824175825,0.0,-9.572649572649572,-45.51892551892552,-18.55921855921856,33.01587301587302,0.0,-11.135531135531137,-17.387057387057386,0.0,-169.76800976800976,5.665445665445666,22.466422466422465,58.41269841269841,0.0,-115.45787545787546,13.089133089133089,6.446886446886447,11.916971916971915,0.0,95.14041514041514,-49.03540903540904,-8.00976800976801,-34.969474969474966,6.446886446886447
47.86324786324786,-5.665445665445666,-87.32600732600733,9.572649572649572,0.0,-16.996336996336996,-33.01587301587302,-15.433455433455434,31.45299145299145,0.0,0.1953601953601953,-8.4004884004884,0.0,-167.42368742368745,15.433455433455434,24.81074481074481,54.5054945054945,0.0,-107.25274725274726,19.73137973137973,10.354090354090356,4.884004884004884,0.0,87.71672771672772,-36.14163614163614,-16.214896214896214,-32.234432234432234,10.354090354090356
44.737484737484735,-4.493284493284493,-79.12087912087912,9.963369963369964,0.0,-27.936507936507937,-28.71794871794872,-12.698412698412698,43.17460317460318,0.0,7.228327228327228,-0.1953601953601953,0.0,-169.76800976800976,24.42002442002442,26.764346764346765,59.975579975579976,0.0,-101.001221001221,24.81074481074481,11.135531135531137,5.665445665445666,0.0,79.51159951159951,-20.903540903540904,-25.592185592185597,-29.499389499389498,11.135531135531137
42.78388278388278,-3.711843711843712,-68.18070818070818,7.619047619047619,0.0,-35.36019536019536,-26.37362637362637,-9.18192918192918,51.37973137973138,0.0,13.870573870573873,6.837606837606837,0.0,-169.76800976800976,32.234432234432234,27.936507936507937,62.31990231990232,0.0,-94.74969474969475,29.499389499389498,11.916971916971915,5.274725274725275,0.0,68.57142857142857,-38.87667887667888,0.1953601953601953,-27.936507936507937,11.916971916971915
38.48595848595848,-0.5860805860805861,-59.1941391941392,4.102564102564102,0.0,-42.002442002442,-20.903540903540904,-6.446886446886447,54.5054945054945,0.0,21.294261294261293,13.089133089133089,0.0,-160.0,38.87667887667888,27.545787545787547,58.41269841269841,0.0,-83.02808302808303,34.57875457875458,11.916971916971915,1.7582417582417582,0.0,59.58485958485959,-58.41269841269841,28.71794871794872,-24.02930402930403,11.916971916971915
28.71794871794872,0.9768009768009768,-50.989010989010985,11.135531135531137,0.0,-53.724053724053725,-15.433455433455434,-3.3211233211233213,65.44566544566544,0.0,27.155067155067155,15.042735042735044,0.0,-151.4041514041514,44.737484737484735,26.764346764346765,58.8034188034188,0.0,-70.91575091575092,36.92307692307692,11.135531135531137,1.7582417582417582,0.0,51.37973137973138,-69.35286935286935,51.37973137973138,-21.68498168498169,11.135531135531137
19.34065934065934,1.7582417582417582,-46.69108669108669,21.294261294261293,0.0,-59.58485958485959,-9.572649572649572,-5.665445665445666,74.43223443223444,0.0,32.234432234432234,15.433455433455434,0.0,-139.68253968253967,47.472527472527474,17.77777777777778,63.10134310134311,0.0,-59.1941391941392,32.62515262515262,6.837606837606837,9.18192918192918,0.0,47.081807081807085,-92.7960927960928,86.93528693528694,-22.466422466422465,6.837606837606837
14.652014652014651,3.711843711843712,-38.095238095238095,18.94993894993895,0.0,-57.63125763125763,-4.884004884004884,-2.93040293040293,67.78998778998779,0.0,38.87667887667888,20.903540903540904,0.0,-122.4908424908425,51.77045177045177,12.307692307692308,57.63125763125763,0.0,-44.737484737484735,31.062271062271066,4.102564102564102,8.00976800976801,0.0,38.48595848595848,-92.4053724053724,97.87545787545788,-19.34065934065934,4.102564102564102
10.354090354090356,4.493284493284493,-28.32722832722833,15.042735042735044,0.0,-56.06837606837607,-2.5396825396825395,-0.5860805860805861,63.88278388278388,0.0,36.92307692307692,27.545787545787547,0.0,-106.08058608058607,60.366300366300365,7.619047619047619,49.42612942612943,0.0,-32.62515262515262,34.57875457875458,6.056166056166056,3.3211233211233213,0.0,28.71794871794872,-84.2002442002442,101.001221001221,-15.433455433455434,6.056166056166056
6.056166056166056,1.7582417582417582,-26.37362637362637,21.68498168498169,0.0,-54.114774114774114,-9.18192918192918,-6.446886446886447,75.6043956043956,0.0,29.89010989010989,34.18803418803419,0.0,-93.18681318681318,63.49206349206349,-2.5396825396825395,54.114774114774114,0.0,-25.982905982905983,34.57875457875458,2.93040293040293,9.18192918192918,0.0,26.764346764346765,-123.66300366300366,145.15262515262515,-9.963369963369964,2.93040293040293
0.9768009768009768,-0.9768009768009768,-23.247863247863247,22.466422466422465,0.0,-51.77045177045177,-17.387057387057386,-7.228327228327228,77.16727716727716,0.0,22.466422466422465,37.704517704517706,0.0,-76.77655677655677,63.49206349206349,-11.916971916971915,52.16117216117216,0.0,-20.512820512820515,38.095238095238095,2.148962148962149,6.056166056166056,0.0,23.63858363858364,-120.92796092796092,149.84126984126985,-3.3211233211233213,2.148962148962149
-0.9768009768009768,-0.5860805860805861,-20.903540903540904,22.466422466422465,0.0,-47.86324786324786,-20.512820512820515,-5.665445665445666,75.6043956043956,0.0,14.652014652014651,38.48595848595848,0.0,-55.28693528693529,59.975579975579976,-18.168498168498168,44.346764346764346,0.0,-12.307692307692308,43.17460317460318,3.3211233211233213,-4.102564102564102,0.0,21.294261294261293,-67.3992673992674,102.56410256410255,2.93040293040293,3.3211233211233213
-6.446886446886447,-0.9768009768009768,-23.247863247863247,31.062271062271066,0.0,-46.69108669108669,-22.075702075702075,-9.963369963369964,81.85592185592185,0.0,9.572649572649572,34.18803418803419,0.0,-36.14163614163614,48.25396825396825,-26.764346764346765,47.86324786324786,0.0,-4.493284493284493,39.65811965811966,0.5860805860805861,-2.93040293040293,0.0,23.63858363858364,-75.21367521367522,111.15995115995116,9.18192918192918,0.5860805860805861
-10.744810744810744,0.1953601953601953,-19.34065934065934,34.18803418803419,0.0,-46.3003663003663,-17.77777777777778,-9.18192918192918,79.51159951159951,0.0,10.744810744810744,30.28083028083028,0.0,-18.55921855921856,40.83028083028083,-32.62515262515262,49.42612942612943,0.0,3.3211233211233213,39.26739926739927,-2.148962148962149,-1.3675213675213675,0.0,19.73137973137973,-106.86202686202688,147.1062271062271,16.214896214896214,-2.148962148962149
-13.089133089133089,5.274725274725275,-10.744810744810744,31.062271062271066,0.0,-45.12820512820513,-8.00976800976801,-2.5396825396825395,70.91575091575092,0.0,11.526251526251526,34.18803418803419,0.0,-2.148962148962149,39.65811965811966,-29.10866910866911,43.56532356532357,0.0,12.698412698412698,43.95604395604396,-0.5860805860805861,-4.102564102564102,0.0,11.135531135531137,-75.6043956043956,119.75579975579976,24.81074481074481,-0.5860805860805861
-17.387057387057386,7.228327228327228,-3.3211233211233213,36.92307692307692,0.0,-45.90964590964591,0.5860805860805861,0.5860805860805861,70.13431013431014,0.0,13.870573870573873,39.26739926739927,0.0,10.354090354090356,42.39316239316239,-25.982905982905983,42.002442002442,0.0,23.63858363858364,49.03540903540904,-0.5860805860805861,-2.5396825396825395,0.0,3.711843711843712,-13.089133089133089,65.83638583638583,31.45299145299145,-0.5860805860805861
-24.02930402930403,5.274725274725275,1.7582417582417582,48.64468864468864,0.0,-46.3003663003663,4.884004884004884,-0.1953601953601953,75.21367521367522,0.0,16.605616605616607,40.83028083028083,0.0,13.870573870573873,43.17460317460318,-24.02930402930403,49.42612942612943,0.0,25.982905982905983,54.114774114774114,-0.5860805860805861,2.93040293040293,0.0,-1.3675213675213675,-2.93040293040293,63.49206349206349,39.65811965811966,-0.5860805860805861
-25.982905982905983,2.93040293040293,8.791208791208792,55.28693528693529,0.0,-39.65811965811966,8.791208791208792,0.5860805860805861,73.26007326007326,0.0,17.387057387057386,43.56532356532357,0.0,18.94993894993895,42.78388278388278,-20.903540903540904,50.989010989010985,0.0,30.671550671550676,57.63125763125763,1.3675213675213675,0.9768009768009768,0.0,-8.4004884004884,-4.493284493284493,75.6043956043956,42.78388278388278,1.3675213675213675
-29.499389499389498,2.148962148962149,12.698412698412698,59.1941391941392,0.0,-29.89010989010989,4.884004884004884,0.5860805860805861,71.30647130647131,0.0,16.605616605616607,42.39316239316239,0.0,21.294261294261293,43.17460317460318,-15.042735042735044,50.989010989010985,0.0,36.53235653235653,58.02197802197802,6.837606837606837,-2.148962148962149,0.0,-12.307692307692308,30.671550671550676,47.081807081807085,42.39316239316239,6.837606837606837
-31.45299145299145,2.5396825396825395,13.870573870573873,66.22710622710623,0.0,-21.294261294261293,0.5860805860805861,-0.5860805860805861,75.6043956043956,0.0,13.870573870573873,37.31379731379732,0.0,19.34065934065934,41.61172161172161,-11.135531135531137,59.975579975579976,0.0,37.704517704517706,54.5054945054945,11.526251526251526,5.274725274725275,0.0,-13.47985347985348,60.366300366300365,18.168498168498168,38.87667887667888,11.526251526251526
-33.7973137973138,8.4004884004884,16.605616605616607,70.52503052503053,0.0,-16.605616605616607,0.9768009768009768,4.493284493284493,75.21367521367522,0.0,10.354090354090356,37.31379731379732,0.0,20.903540903540904,42.78388278388278,-3.3211233211233213,62.31990231990232,0.0,38.87667887667888,51.37973137973138,18.168498168498168,12.307692307692308,0.0,-16.214896214896214,51.37973137973138,24.02930402930403,33.7973137973138,18.168498168498168
-35.75091575091575,16.214896214896214,22.466422466422465,72.86935286935287,0.0,-15.433455433455434,5.665445665445666,16.605616605616607,71.30647130647131,0.0,8.00976800976801,41.61172161172161,0.0,25.2014652014652,46.69108669108669,8.4004884004884,60.366300366300365,0.0,42.002442002442,50.989010989010985,29.10866910866911,17.77777777777778,0.0,-22.075702075702075,22.466422466422465,45.90964590964591,33.40659340659341,29.10866910866911
-36.92307692307692,21.294261294261293,25.592185592185597,83.02808302808303,0.0,-12.698412698412698,9.572649572649572,21.294261294261293,76.38583638583638,0.0,6.056166056166056,44.737484737484735,0.0,30.28083028083028,45.51892551892552,15.433455433455434,67.78998778998779,0.0,45.90964590964591,49.81684981684982,32.62515262515262,29.89010989010989,0.0,-25.2014652014652,40.04884004884005,22.466422466422465,34.18803418803419,32.62515262515262
-38.87667887667888,23.247863247863247,32.62515262515262,93.18681318681318,0.0,-8.00976800976801,16.996336996336996,22.857142857142858,79.51159951159951,0.0,9.572649572649572,44.346764346764346,0.0,34.969474969474966,40.83028083028083,21.294261294261293,74.82295482295483,0.0,49.42612942612943,47.86324786324786,36.92307692307692,36.92307692307692,0.0,-32.234432234432234,24.81074481074481,35.75091575091575,34.57875457875458,36.92307692307692
-35.36019536019536,24.42002442002442,42.78388278388278,85.37240537240537,0.0,6.056166056166056,20.12210012210012,22.857142857142858,68.18070818070818,0.0,17.77777777777778,43.17460317460318,0.0,45.12820512820513,39.65811965811966,25.2014652014652,69.74358974358974,0.0,60.366300366300365,46.3003663003663,42.39316239316239,30.28083028083028,0.0,-42.39316239316239,59.58485958485959,7.619047619047619,33.7973137973138,42.39316239316239
-34.969474969474966,24.42002442002442,47.472527472527474,81.07448107448107,0.0,20.903540903540904,16.214896214896214,20.512820512820515,60.366300366300365,0.0,22.075702075702075,34.57875457875458,0.0,49.03540903540904,39.26739926739927,28.32722832722833,67.78998778998779,0.0,70.13431013431014,40.04884004884005,46.3003663003663,26.764346764346765,0.0,-47.081807081807085,107.64346764346764,-30.28083028083028,25.982905982905983,46.3003663003663
-37.31379731379732,24.42002442002442,47.472527472527474,82.63736263736264,0.0,29.10866910866911,9.963369963369964,17.387057387057386,60.366300366300365,0.0,24.42002442002442,25.2014652014652,0.0,49.81684981684982,38.48595848595848,26.37362637362637,71.6971916971917,0.0,74.43223443223444,30.671550671550676,46.3003663003663,33.7973137973138,0.0,-47.081807081807085,77.16727716727716,4.884004884004884,17.387057387057386,46.3003663003663
-36.92307692307692,28.71794871794872,49.03540903540904,75.6043956043956,0.0,36.92307692307692,4.884004884004884,23.63858363858364,51.37973137973138,0.0,26.764346764346765,22.466422466422465,0.0,56.06837606837607,43.95604395604396,27.155067155067155,65.05494505494505,0.0,81.85592185592185,24.42002442002442,49.03540903540904,35.36019536019536,0.0,-48.64468864468864,78.73015873015873,2.148962148962149,11.916971916971915,49.03540903540904
-36.92307692307692,37.704517704517706,51.77045177045177,70.52503052503053,0.0,43.56532356532357,2.5396825396825395,33.7973137973138,43.17460317460318,0.0,27.155067155067155,24.81074481074481,0.0,63.88278388278388,49.03540903540904,31.843711843711844,56.84981684981685,0.0,91.23321123321124,21.68498168498169,52.16117216117216,35.75091575091575,0.0,-51.37973137973138,112.33211233211232,-33.7973137973138,9.963369963369964,52.16117216117216
-39.26739926739927,45.90964590964591,52.94261294261294,74.04151404151405,0.0,45.51892551892552,4.102564102564102,35.36019536019536,47.86324786324786,0.0,28.32722832722833,22.466422466422465,0.0,71.30647130647131,47.081807081807085,27.936507936507937,64.27350427350427,0.0,96.7032967032967,20.12210012210012,49.81684981684982,43.95604395604396,0.0,-52.55189255189255,84.98168498168498,-12.698412698412698,10.744810744810744,49.81684981684982
-39.65811965811966,54.5054945054945,57.63125763125763,69.35286935286935,0.0,49.81684981684982,11.916971916971915,36.53235653235653,43.17460317460318,0.0,33.40659340659341,18.55921855921856,0.0,80.68376068376068,44.346764346764346,25.2014652014652,67.3992673992674,0.0,103.73626373626374,17.387057387057386,50.20757020757021,45.90964590964591,0.0,-57.24053724053724,28.32722832722833,37.704517704517706,12.307692307692308,50.20757020757021
-38.095238095238095,65.44566544566544,62.71062271062271,58.02197802197802,0.0,59.58485958485959,19.73137973137973,38.095238095238095,29.89010989010989,0.0,37.704517704517706,12.698412698412698,0.0,92.7960927960928,38.87667887667888,22.857142857142858,65.44566544566544,0.0,113.11355311355312,14.261294261294262,51.37973137973138,41.22100122100122,0.0,-62.31990231990232,61.92918192918193,0.9768009768009768,12.307692307692308,51.37973137973138
-37.704517704517706,72.47863247863248,64.27350427350427,50.989010989010985,0.0,67.78998778998779,22.857142857142858,37.704517704517706,20.512820512820515,0.0,36.53235653235653,4.493284493284493,0.0,100.21978021978022,29.499389499389498,18.55921855921856,66.22710622710623,0.0,115.06715506715508,8.00976800976801,49.03540903540904,41.61172161172161,0.0,-63.88278388278388,101.78266178266178,-41.61172161172161,7.228327228327228,49.03540903540904
-38.095238095238095,76.77655677655677,65.05494505494505,41.61172161172161,0.0,71.6971916971917,22.466422466422465,38.87667887667888,11.526251526251526,0.0,32.62515262515262,0.1953601953601953,0.0,104.9084249084249,18.55921855921856,17.387057387057386,65.44566544566544,0.0,114.28571428571428,0.1953601953601953,45.90964590964591,46.69108669108669,0.0,-64.66422466422466,72.47863247863248,-21.294261294261293,5.274725274725275,45.90964590964591
-36.53235653235653,79.9023199023199,68.18070818070818,25.982905982905983,0.0,77.94871794871794,16.605616605616607,45.51892551892552,-1.7582417582417582,0.0,25.2014652014652,-0.1953601953601953,0.0,112.33211233211232,10.744810744810744,18.94993894993895,54.5054945054945,0.0,115.84859584859583,-4.884004884004884,45.90964590964591,40.83028083028083,0.0,-67.78998778998779,56.84981684981685,-12.698412698412698,4.884004884004884,45.90964590964591
-34.18803418803419,81.46520146520146,67.78998778998779,15.433455433455434,0.0,86.15384615384616,6.837606837606837,46.69108669108669,-8.00976800976801,0.0,15.042735042735044,-1.3675213675213675,0.0,118.5836385836386,2.5396825396825395,18.94993894993895,48.64468864468864,0.0,115.84859584859583,-8.00976800976801,44.346764346764346,36.53235653235653,0.0,-67.3992673992674,65.05494505494505,-23.247863247863247,3.711843711843712,44.346764346764346
-35.36019536019536,82.63736263736264,63.88278388278388,8.791208791208792,0.0,88.4981684981685,-0.9768009768009768,42.39316239316239,-8.791208791208792,0.0,7.228327228327228,-7.619047619047619,0.0,122.1001221001221,-3.3211233211233213,13.089133089133089,48.25396825396825,0.0,116.23931623931624,-11.135531135531137,40.04884004884005,35.75091575091575,0.0,-63.49206349206349,54.89621489621489,-18.168498168498168,5.274725274725275,40.04884004884005
-33.01587301587302,85.37240537240537,56.06837606837607,5.665445665445666,0.0,93.96825396825396,-3.711843711843712,39.26739926739927,-13.870573870573873,0.0,3.711843711843712,-15.824175824175825,0.0,126.7887667887668,-2.93040293040293,5.665445665445666,43.17460317460318,0.0,115.45787545787546,-10.744810744810744,38.095238095238095,29.499389499389498,0.0,-55.67765567765568,70.13431013431014,-41.22100122100122,9.572649572649572,38.095238095238095
-27.155067155067155,90.06105006105007,47.472527472527474,-2.93040293040293,0.0,100.6105006105006,-0.9768009768009768,35.75091575091575,-28.32722832722833,0.0,4.493284493284493,-18.94993894993895,0.0,134.6031746031746,-0.9768009768009768,-0.1953601953601953,32.234432234432234,0.0,117.02075702075702,-6.446886446886447,34.18803418803419,20.12210012210012,0.0,-47.081807081807085,95.53113553113552,-70.91575091575092,10.744810744810744,34.18803418803419
-27.936507936507937,90.84249084249085,39.65811965811966,-2.148962148962149,0.0,98.65689865689866,0.1953601953601953,31.062271062271066,-29.10866910866911,0.0,4.493284493284493,-25.592185592185597,0.0,134.6031746031746,-2.93040293040293,-4.493284493284493,32.62515262515262,0.0,113.5042735042735,-7.228327228327228,30.28083028083028,22.466422466422465,0.0,-39.26739926739927,62.31990231990232,-45.90964590964591,9.572649572649572,30.28083028083028
-29.499389499389498,90.84249084249085,34.969474969474966,-6.837606837606837,0.0,93.57753357753356,-0.9768009768009768,30.671550671550676,-33.7973137973138,0.0,3.3211233211233213,-29.499389499389498,0.0,131.4774114774115,-4.493284493284493,-6.446886446886447,29.10866910866911,0.0,109.98778998778998,-9.963369963369964,28.32722832722833,20.512820512820515,0.0,-34.57875457875458,45.90964590964591,-37.31379731379732,7.619047619047619,28.32722832722833
-27.155067155067155,95.92185592185592,33.7973137973138,-29.10866910866911,0.0,94.35897435897436,-0.9768009768009768,33.01587301587302,-52.16117216117216,0.0,0.9768009768009768,-26.764346764346765,0.0,131.08669108669108,-3.711843711843712,-7.619047619047619,15.824175824175825,0.0,109.98778998778998,-10.354090354090356,26.764346764346765,8.00976800976801,0.0,-33.40659340659341,66.22710622710623,-61.92918192918193,2.93040293040293,26.764346764346765
-27.936507936507937,96.7032967032967,31.843711843711844,-41.22100122100122,0.0,89.67032967032966,-4.493284493284493,32.62515262515262,-57.24053724053724,0.0,-3.3211233211233213,-29.10866910866911,0.0,123.27228327228327,-2.5396825396825395,-10.744810744810744,11.916971916971915,0.0,108.03418803418803,-14.261294261294262,24.81074481074481,2.5396825396825395,0.0,-31.45299145299145,50.5982905982906,-48.64468864468864,-2.148962148962149,24.81074481074481
-27.155067155067155,96.31257631257633,19.73137973137973,-47.472527472527474,0.0,86.93528693528694,-10.354090354090356,24.02930402930403,-58.8034188034188,0.0,-3.3211233211233213,-32.234432234432234,0.0,114.28571428571428,-1.7582417582417582,-20.512820512820515,13.089133089133089,0.0,104.51770451770452,-20.903540903540904,16.996336996336996,3.711843711843712,0.0,-19.34065934065934,-16.214896214896214,9.572649572649572,-4.884004884004884,16.996336996336996
-18.94993894993895,96.7032967032967,9.963369963369964,-58.41269841269841,0.0,88.88888888888889,-7.228327228327228,15.433455433455434,-67.3992673992674,0.0,-0.1953601953601953,-31.062271062271066,0.0,110.76923076923076,2.93040293040293,-25.592185592185597,4.493284493284493,0.0,103.34554334554336,-19.73137973137973,8.4004884004884,0.1953601953601953,0.0,-9.572649572649572,-20.512820512820515,6.837606837606837,-4.102564102564102,8.4004884004884
-12.307692307692308,94.74969474969475,1.3675213675213675,-67.00854700854701,0.0,86.15384615384616,-1.3675213675213675,7.619047619047619,-74.04151404151405,0.0,4.102564102564102,-33.01587301587302,0.0,107.25274725274726,5.274725274725275,-26.37362637362637,-1.7582417582417582,0.0,102.17338217338218,-17.387057387057386,4.102564102564102,-4.102564102564102,0.0,-0.9768009768009768,7.619047619047619,-24.81074481074481,-6.446886446886447,4.102564102564102
-6.446886446886447,90.84249084249085,-10.354090354090356,-68.96214896214896,0.0,79.9023199023199,0.5860805860805861,-1.7582417582417582,-73.26007326007326,0.0,7.228327228327228,-36.53235653235653,0.0,101.001221001221,0.9768009768009768,-25.982905982905983,-1.7582417582417582,0.0,97.09401709401708,-17.387057387057386,-2.148962148962149,-1.7582417582417582,0.0,10.744810744810744,-27.155067155067155,-2.93040293040293,-3.711843711843712,-2.148962148962149
0.5860805860805861,88.4981684981685,-16.605616605616607,-80.68376068376068,0.0,74.82295482295483,4.884004884004884,-7.228327228327228,-79.9023199023199,0.0,6.837606837606837,-36.14163614163614,0.0,99.43833943833944,-1.3675213675213675,-23.247863247863247,-8.4004884004884,0.0,96.7032967032967,-15.824175824175825,-4.884004884004884,-9.572649572649572,0.0,16.996336996336996,-60.366300366300365,22.857142857142858,-2.5396825396825395,-4.884004884004884
9.18192918192918,88.1074481074481,-22.466422466422465,-92.7960927960928,0.0,70.52503052503053,5.665445665445666,-8.00976800976801,-85.37240537240537,0.0,4.884004884004884,-35.75091575091575,0.0,98.26617826617829,-3.3211233211233213,-21.68498168498169,-15.824175824175825,0.0,97.48473748473748,-15.433455433455434,-4.493284493284493,-20.12210012210012,0.0,22.857142857142858,-31.843711843711844,-8.791208791208792,-6.837606837606837,-4.493284493284493
13.870573870573873,83.80952380952381,-31.45299145299145,-97.09401709401708,0.0,64.66422466422466,0.5860805860805861,-11.526251526251526,-83.41880341880342,0.0,0.1953601953601953,-34.969474969474966,0.0,92.7960927960928,-3.711843711843712,-22.075702075702075,-16.996336996336996,0.0,95.92185592185592,-17.77777777777778,-5.274725274725275,-22.857142857142858,0.0,31.843711843711844,-10.354090354090356,-34.969474969474966,-8.4004884004884,-5.274725274725275
18.55921855921856,81.07448107448107,-39.65811965811966,-95.14041514041514,0.0,62.31990231990232,-2.93040293040293,-15.824175824175825,-77.16727716727716,0.0,0.1953601953601953,-32.234432234432234,0.0,89.67032967032966,-1.7582417582417582,-25.2014652014652,-15.433455433455434,0.0,97.87545787545788,-20.12210012210012,-9.963369963369964,-20.512820512820515,0.0,40.04884004884005,-18.168498168498168,-27.155067155067155,-10.354090354090356,-9.963369963369964
24.81074481074481,83.02808302808303,-42.78388278388278,-96.31257631257633,0.0,59.975579975579976,3.711843711843712,-15.824175824175825,-77.94871794871794,0.0,5.665445665445666,-29.499389499389498,0.0,89.67032967032966,4.493284493284493,-26.37362637362637,-17.387057387057386,0.0,104.51770451770452,-18.55921855921856,-12.698412698412698,-22.466422466422465,0.0,43.17460317460318,-2.93040293040293,-40.83028083028083,-9.18192918192918,-12.698412698412698
26.764346764346765,86.54456654456655,-48.25396825396825,-91.23321123321124,0.0,54.114774114774114,10.744810744810744,-16.996336996336996,-72.86935286935287,0.0,10.744810744810744,-31.45299145299145,0.0,87.71672771672772,6.837606837606837,-24.81074481074481,-13.870573870573873,0.0,110.37851037851038,-18.55921855921856,-14.652014652014651,-19.73137973137973,0.0,48.64468864468864,11.526251526251526,-56.06837606837607,-8.00976800976801,-14.652014652014651
27.936507936507937,90.45177045177046,-49.03540903540904,-85.37240537240537,0.0,47.472527472527474,20.12210012210012,-21.294261294261293,-61.92918192918193,0.0,15.042735042735044,-35.36019536019536,0.0,89.27960927960928,3.3211233211233213,-25.2014652014652,-5.665445665445666,0.0,116.23931623931624,-18.55921855921856,-19.34065934065934,-15.433455433455434,0.0,49.42612942612943,12.698412698412698,-56.45909645909646,-8.00976800976801,-19.34065934065934
31.843711843711844,93.18681318681318,-49.42612942612943,-83.41880341880342,0.0,44.737484737484735,30.671550671550676,-27.155067155067155,-55.67765567765568,0.0,18.168498168498168,-36.92307692307692,0.0,91.23321123321124,0.5860805860805861,-27.155067155067155,-1.3675213675213675,0.0,119.36507936507935,-15.824175824175825,-23.63858363858364,-15.824175824175825,0.0,49.81684981684982,-1.7582417582417582,-38.095238095238095,-8.00976800976801,-23.63858363858364
36.92307692307692,92.4053724053724,-49.42612942612943,-86.15384615384616,0.0,40.43956043956044,35.75091575091575,-29.89010989010989,-51.77045177045177,0.0,17.387057387057386,-36.92307692307692,0.0,88.1074481074481,1.3675213675213675,-24.42002442002442,-4.102564102564102,0.0,119.36507936507935,-11.916971916971915,-21.68498168498169,-23.247863247863247,0.0,49.81684981684982,-23.63858363858364,-11.526251526251526,-9.572649572649572,-21.68498168498169
38.095238095238095,84.98168498168498,-52.55189255189255,-74.82295482295483,0.0,33.01587301587302,33.01587301587302,-36.53235653235653,-32.234432234432234,0.0,15.824175824175825,-34.969474969474966,0.0,77.55799755799755,0.1953601953601953,-25.592185592185597,7.619047619047619,0.0,115.84859584859583,-13.870573870573873,-22.466422466422465,-17.77777777777778,0.0,52.94261294261294,-78.73015873015873,47.472527472527474,-10.354090354090356,-22.466422466422465
39.26739926739927,79.51159951159951,-52.55189255189255,-67.3992673992674,0.0,25.2014652014652,33.7973137973138,-38.095238095238095,-20.903540903540904,0.0,16.605616605616607,-30.671550671550676,0.0,65.05494505494505,0.5860805860805861,-26.37362637362637,15.042735042735044,0.0,110.76923076923076,-17.387057387057386,-22.857142857142858,-14.261294261294262,0.0,52.94261294261294,-87.71672771672772,64.66422466422466,-13.089133089133089,-22.857142857142858
37.704517704517706,80.29304029304029,-48.25396825396825,-70.52503052503053,0.0,16.996336996336996,36.53235653235653,-32.62515262515262,-20.903540903540904,0.0,17.387057387057386,-25.592185592185597,0.0,58.8034188034188,4.884004884004884,-22.075702075702075,10.354090354090356,0.0,112.72283272283272,-15.824175824175825,-19.34065934065934,-23.247863247863247,0.0,48.64468864468864,-31.062271062271066,20.12210012210012,-15.433455433455434,-19.34065934065934
32.62515262515262,79.51159951159951,-47.081807081807085,-60.757020757020754,0.0,7.228327228327228,37.31379731379732,-32.234432234432234,-7.228327228327228,0.0,15.824175824175825,-22.857142857142858,0.0,52.94261294261294,5.274725274725275,-23.247863247863247,20.12210012210012,0.0,115.45787545787546,-17.77777777777778,-19.73137973137973,-20.903540903540904,0.0,47.472527472527474,-25.2014652014652,25.982905982905983,-15.824175824175825,-19.73137973137973
24.42002442002442,82.24664224664225,-45.90964590964591,-51.77045177045177,0.0,2.148962148962149,38.095238095238095,-36.14163614163614,4.493284493284493,0.0,15.433455433455434,-25.2014652014652,0.0,52.16117216117216,2.5396825396825395,-32.234432234432234,29.10866910866911,0.0,117.8021978021978,-19.34065934065934,-28.71794871794872,-15.042735042735044,0.0,46.3003663003663,-77.55799755799755,92.4053724053724,-14.652014652014651,-28.71794871794872
20.12210012210012,85.37240537240537,-43.95604395604396,-47.472527472527474,0.0,1.7582417582417582,37.704517704517706,-36.53235653235653,9.18192918192918,0.0,15.433455433455434,-24.02930402930403,0.0,53.333333333333336,6.056166056166056,-32.234432234432234,27.155067155067155,0.0,121.31868131868131,-15.824175824175825,-30.28083028083028,-18.55921855921856,0.0,44.346764346764346,-67.3992673992674,95.14041514041514,-11.916971916971915,-30.28083028083028
16.605616605616607,83.02808302808303,-42.78388278388278,-37.704517704517706,0.0,0.5860805860805861,34.969474969474966,-35.75091575091575,19.34065934065934,0.0,15.824175824175825,-22.857142857142858,0.0,50.989010989010985,9.572649572649572,-32.62515262515262,31.062271062271066,0.0,120.92796092796092,-14.652014652014651,-28.32722832722833,-15.824175824175825,0.0,43.17460317460318,-18.55921855921856,59.1941391941392,-11.526251526251526,-28.32722832722833
9.18192918192918,77.94871794871794,-41.61172161172161,-22.075702075702075,0.0,-6.056166056166056,30.671550671550676,-38.095238095238095,36.92307692307692,0.0,15.433455433455434,-27.155067155067155,0.0,43.95604395604396,7.619047619047619,-36.53235653235653,43.95604395604396,0.0,112.72283272283272,-18.94993894993895,-26.764346764346765,-4.493284493284493,0.0,42.002442002442,-42.002442002442,86.93528693528694,-11.916971916971915,-26.764346764346765
5.665445665445666,72.86935286935287,-34.969474969474966,-14.652014652014651,0.0,-11.135531135531137,31.843711843711844,-34.969474969474966,43.56532356532357,0.0,16.214896214896214,-27.936507936507937,0.0,38.095238095238095,7.619047619047619,-35.75091575091575,49.03540903540904,0.0,104.51770451770452,-20.512820512820515,-22.075702075702075,0.1953601953601953,0.0,35.36019536019536,-59.58485958485959,110.37851037851038,-13.870573870573873,-22.075702075702075
4.102564102564102,68.96214896214896,-27.545787545787547,-10.744810744810744,0.0,-15.824175824175825,35.36019536019536,-33.7973137973138,49.81684981684982,0.0,17.387057387057386,-30.671550671550676,0.0,34.57875457875458,7.619047619047619,-36.92307692307692,53.333333333333336,0.0,99.82905982905984,-21.68498168498169,-16.605616605616607,0.1953601953601953,0.0,27.936507936507937,-29.10866910866911,88.4981684981685,-20.12210012210012,-16.605616605616607
-1.3675213675213675,63.10134310134311,-23.247863247863247,0.5860805860805861,0.0,-23.63858363858364,34.57875457875458,-35.75091575091575,63.88278388278388,0.0,15.824175824175825,-38.48595848595848,0.0,29.499389499389498,3.3211233211233213,-40.43956043956044,65.05494505494505,0.0,92.4053724053724,-25.982905982905983,-15.824175824175825,8.791208791208792,0.0,23.63858363858364,-24.02930402930403,90.84249084249085,-25.982905982905983,-15.824175824175825
-7.228327228327228,57.24053724053724,-16.214896214896214,11.526251526251526,0.0,-27.545787545787547,36.14163614163614,-35.75091575091575,72.47863247863248,0.0,17.387057387057386,-43.56532356532357,0.0,26.37362637362637,1.3675213675213675,-39.26739926739927,70.52503052503053,0.0,85.37240537240537,-25.2014652014652,-13.870573870573873,14.261294261294262,0.0,16.605616605616607,-31.062271062271066,111.94139194139194,-30.671550671550676,-13.870573870573873
-8.791208791208792,53.333333333333336,-11.916971916971915,16.214896214896214,0.0,-24.02930402930403,33.40659340659341,-34.18803418803419,74.43223443223444,0.0,20.12210012210012,-45.12820512820513,0.0,29.89010989010989,2.5396825396825395,-37.31379731379732,68.96214896214896,0.0,83.02808302808303,-22.075702075702075,-8.00976800976801,12.698412698412698,0.0,12.307692307692308,-5.274725274725275,98.65689865689866,-35.36019536019536,-8.00976800976801
-12.698412698412698,44.346764346764346,-11.526251526251526,31.843711843711844,0.0,-25.2014652014652,27.155067155067155,-35.36019536019536,86.15384615384616,0.0,21.294261294261293,-52.55189255189255,0.0,29.499389499389498,-1.3675213675213675,-38.095238095238095,74.43223443223444,0.0,75.21367521367522,-26.37362637362637,-2.93040293040293,19.73137973137973,0.0,11.916971916971915,14.652014652014651,83.02808302808303,-38.095238095238095,-2.93040293040293
-15.824175824175825,36.53235653235653,-10.744810744810744,42.78388278388278,0.0,-23.63858363858364,22.075702075702075,-36.92307692307692,92.014652014652,0.0,23.247863247863247,-59.1941391941392,0.0,29.89010989010989,-6.056166056166056,-41.61172161172161,75.995115995116,0.0,67.00854700854701,-30.28083028083028,-2.5396825396825395,25.2014652014652,0.0,11.135531135531137,13.089133089133089,84.98168498168498,-38.095238095238095,-2.5396825396825395
-11.916971916971915,33.40659340659341,-12.307692307692308,40.04884004884005,0.0,-13.089133089133089,16.605616605616607,-38.87667887667888,85.76312576312576,0.0,25.982905982905983,-61.14774114774115,0.0,35.36019536019536,-9.572649572649572,-49.81684981684982,68.18070818070818,0.0,60.757020757020754,-34.969474969474966,-3.711843711843712,21.68498168498169,0.0,12.698412698412698,18.168498168498168,70.91575091575092,-34.969474969474966,-3.711843711843712
-6.837606837606837,26.764346764346765,-12.698412698412698,40.83028083028083,0.0,-6.446886446886447,12.307692307692308,-39.65811965811966,82.24664224664225,0.0,23.63858363858364,-66.22710622710623,0.0,36.53235653235653,-14.652014652014651,-52.55189255189255,60.366300366300365,0.0,51.77045177045177,-38.095238095238095,-1.7582417582417582,18.168498168498168,0.0,13.089133089133089,12.307692307692308,65.05494505494505,-30.671550671550676,-1.7582417582417582
-6.056166056166056,16.214896214896214,-15.433455433455434,48.64468864468864,0.0,-3.711843711843712,4.493284493284493,-41.61172161172161,85.37240537240537,0.0,19.34065934065934,-68.57142857142857,0.0,35.36019536019536,-21.294261294261293,-54.114774114774114,65.44566544566544,0.0,41.22100122100122,-40.04884004884005,0.9768009768009768,22.857142857142858,0.0,15.824175824175825,-23.247863247863247,92.014652014652,-26.764346764346765,0.9768009768009768
-2.5396825396825395,7.619047619047619,-14.652014652014651,51.77045177045177,0.0,0.5860805860805861,-0.9768009768009768,-39.26739926739927,82.24664224664225,0.0,16.214896214896214,-67.3992673992674,0.0,33.01587301587302,-22.857142857142858,-49.81684981684982,68.18070818070818,0.0,31.843711843711844,-37.31379731379732,8.4004884004884,24.42002442002442,0.0,15.042735042735044,-14.652014652014651,77.94871794871794,-23.63858363858364,8.4004884004884
4.493284493284493,-0.9768009768009768,-11.526251526251526,51.37973137973138,0.0,7.228327228327228,-6.837606837606837,-32.234432234432234,75.6043956043956,0.0,14.261294261294262,-65.05494505494505,0.0,32.234432234432234,-22.857142857142858,-40.43956043956044,66.61782661782662,0.0,26.37362637362637,-34.18803418803419,20.512820512820515,22.466422466422465,0.0,11.916971916971915,63.49206349206349,-2.148962148962149,-23.247863247863247,20.512820512820515
6.837606837606837,-12.698412698412698,-11.135531135531137,60.757020757020754,0.0,8.00976800976801,-14.261294261294262,-27.936507936507937,78.33943833943835,0.0,12.307692307692308,-67.00854700854701,0.0,26.764346764346765,-26.37362637362637,-34.18803418803419,72.86935286935287,0.0,18.168498168498168,-36.92307692307692,27.545787545787547,28.71794871794872,0.0,11.526251526251526,79.51159951159951,-19.34065934065934,-24.81074481074481,27.545787545787547
9.572649572649572,-19.73137973137973,-10.744810744810744,65.05494505494505,0.0,9.963369963369964,-19.34065934065934,-20.903540903540904,75.6043956043956,0.0,12.307692307692308,-63.49206349206349,0.0,21.294261294261293,-27.155067155067155,-31.45299145299145,72.47863247863248,0.0,11.135531135531137,-38.87667887667888,28.71794871794872,32.62515262515262,0.0,11.135531135531137,37.31379731379732,19.34065934065934,-24.02930402930403,28.71794871794872
16.996336996336996,-25.2014652014652,-9.18192918192918,63.88278388278388,0.0,15.433455433455434,-21.294261294261293,-12.307692307692308,63.88278388278388,0.0,11.916971916971915,-58.8034188034188,0.0,21.68498168498169,-26.764346764346765,-29.89010989010989,61.92918192918193,0.0,7.619047619047619,-38.095238095238095,29.10866910866911,27.936507936507937,0.0,9.572649572649572,47.081807081807085,7.228327228327228,-22.857142857142858,29.10866910866911
19.73137973137973,-33.7973137973138,-10.744810744810744,69.74358974358974,0.0,15.824175824175825,-22.857142857142858,-3.3211233211233213,55.28693528693529,0.0,8.4004884004884,-54.89621489621489,0.0,16.996336996336996,-27.155067155067155,-27.936507936507937,56.06837606837607,0.0,0.1953601953601953,-38.87667887667888,31.843711843711844,25.2014652014652,0.0,11.135531135531137,75.995115995116,-20.903540903540904,-24.02930402930403,31.843711843711844
20.12210012210012,-44.737484737484735,-15.824175824175825,77.55799755799755,0.0,13.870573870573873,-28.71794871794872,2.148962148962149,48.64468864468864,0.0,2.5396825396825395,-49.03540903540904,0.0,3.711843711843712,-23.63858363858364,-27.545787545787547,57.63125763125763,0.0,-12.307692307692308,-35.36019536019536,30.28083028083028,29.10866910866911,0.0,16.214896214896214,54.5054945054945,-3.3211233211233213,-21.68498168498169,30.28083028083028
25.2014652014652,-53.333333333333336,-22.466422466422465,76.38583638583638,0.0,18.55921855921856,-31.45299145299145,6.837606837606837,31.062271062271066,0.0,0.1953601953601953,-43.95604395604396,0.0,-4.493284493284493,-16.605616605616607,-27.545787545787547,49.81684981684982,0.0,-21.68498168498169,-28.71794871794872,27.545787545787547,24.42002442002442,0.0,22.857142857142858,39.26739926739927,7.619047619047619,-16.605616605616607,27.545787545787547
31.45299145299145,-61.53846153846154,-31.45299145299145,73.26007326007326,0.0,22.857142857142858,-34.18803418803419,10.354090354090356,12.307692307692308,0.0,-1.7582417582417582,-40.43956043956044,0.0,-15.433455433455434,-10.744810744810744,-24.42002442002442,41.22100122100122,0.0,-32.62515262515262,-22.857142857142858,25.982905982905983,20.12210012210012,0.0,31.843711843711844,77.94871794871794,-36.53235653235653,-14.261294261294262,25.982905982905983
33.7973137973138,-67.00854700854701,-42.002442002442,72.08791208791209,0.0,20.903540903540904,-36.92307692307692,12.307692307692308,-0.1953601953601953,0.0,-0.9768009768009768,-37.704517704517706,0.0,-28.71794871794872,-4.493284493284493,-23.63858363858364,36.53235653235653,0.0,-42.39316239316239,-18.94993894993895,20.512820512820515,20.12210012210012,0.0,42.39316239316239,92.014652014652,-59.1941391941392,-11.526251526251526,20.512820512820515
35.75091575091575,-68.96214896214896,-50.5982905982906,67.00854700854701,0.0,16.996336996336996,-33.01587301587302,14.261294261294262,-14.261294261294262,0.0,0.1953601953601953,-32.62515262515262,0.0,-36.14163614163614,-1.7582417582417582,-25.2014652014652,28.32722832722833,0.0,-49.81684981684982,-16.605616605616607,15.433455433455434,15.433455433455434,0.0,50.989010989010985,93.96825396825396,-70.52503052503053,-7.619047619047619,15.433455433455434
38.87667887667888,-67.00854700854701,-59.975579975579976,61.14774114774115,0.0,9.572649572649572,-23.247863247863247,19.34065934065934,-32.62515262515262,0.0,1.3675213675213675,-29.499389499389498,0.0,-40.43956043956044,-0.1953601953601953,-26.37362637362637,17.387057387057386,0.0,-54.5054945054945,-18.168498168498168,15.042735042735044,7.228327228327228,0.0,60.366300366300365,67.00854700854701,-53.724053724053725,-8.4004884004884,15.042735042735044
38.87667887667888,-67.3992673992674,-67.78998778998779,62.31990231990232,0.0,-0.1953601953601953,-18.94993894993895,23.63858363858364,-37.31379731379732,0.0,2.148962148962149,-29.89010989010989,0.0,-49.03540903540904,0.1953601953601953,-27.155067155067155,15.433455433455434,0.0,-58.8034188034188,-20.512820512820515,11.135531135531137,6.837606837606837,0.0,68.18070818070818,75.995115995116,-72.47863247863248,-9.18192918192918,11.135531135531137
38.48595848595848,-68.96214896214896,-74.04151404151405,63.88278388278388,0.0,-13.47985347985348,-15.042735042735044,27.545787545787547,-38.095238095238095,0.0,1.7582417582417582,-29.89010989010989,0.0,-58.02197802197802,-0.1953601953601953,-30.671550671550676,15.042735042735044,0.0,-63.10134310134311,-22.857142857142858,0.9768009768009768,9.963369963369964,0.0,74.43223443223444,51.77045177045177,-59.1941391941392,-7.228327228327228,0.9768009768009768
46.69108669108669,-65.83638583638583,-78.33943833943835,51.37973137973138,0.0,-12.698412698412698,-10.354090354090356,29.89010989010989,-50.989010989010985,0.0,8.00976800976801,-25.592185592185597,0.0,-59.975579975579976,-0.1953601953601953,-29.89010989010989,5.665445665445666,0.0,-62.31990231990232,-21.294261294261293,-8.4004884004884,7.228327228327228,0.0,78.73015873015873,58.41269841269841,-75.21367521367522,-7.619047619047619,-8.4004884004884
52.55189255189255,-63.49206349206349,-80.68376068376068,40.83028083028083,0.0,-15.433455433455434,-4.884004884004884,28.32722832722833,-57.63125763125763,0.0,15.433455433455434,-22.466422466422465,0.0,-64.27350427350427,4.493284493284493,-25.592185592185597,-1.3675213675213675,0.0,-59.1941391941392,-15.433455433455434,-20.512820512820515,8.00976800976801,0.0,81.07448107448107,60.757020757020754,-85.37240537240537,-4.102564102564102,-20.512820512820515
54.5054945054945,-61.53846153846154,-84.2002442002442,36.92307692307692,0.0,-18.94993894993895,-1.3675213675213675,20.512820512820515,-54.114774114774114,0.0,21.68498168498169,-15.824175824175825,0.0,-72.08791208791209,7.228327228327228,-23.247863247863247,-2.148962148962149,0.0,-59.975579975579976,-12.698412698412698,-30.671550671550676,13.870573870573873,0.0,84.59096459096459,4.493284493284493,-36.53235653235653,0.1953601953601953,-30.671550671550676
53.333333333333336,-58.02197802197802,-86.15384615384616,27.155067155067155,0.0,-22.075702075702075,4.102564102564102,15.433455433455434,-60.757020757020754,0.0,31.45299145299145,-8.4004884004884,0.0,-72.47863247863248,10.354090354090356,-20.12210012210012,-8.00976800976801,0.0,-58.8034188034188,-6.837606837606837,-34.57875457875458,9.963369963369964,0.0,86.54456654456655,-3.3211233211233213,-31.45299145299145,5.274725274725275,-34.57875457875458
50.5982905982906,-54.89621489621489,-83.02808302808303,20.12210012210012,0.0,-26.37362637362637,11.916971916971915,11.916971916971915,-64.27350427350427,0.0,38.48595848595848,-2.5396825396825395,0.0,-70.91575091575092,16.214896214896214,-14.652014652014651,-18.94993894993895,0.0,-55.28693528693529,-2.93040293040293,-31.45299145299145,1.7582417582417582,0.0,83.41880341880342,39.65811965811966,-72.47863247863248,9.572649572649572,-31.45299145299145
41.22100122100122,-58.02197802197802,-75.995115995116,22.857142857142858,0.0,-37.31379731379732,13.47985347985348,8.791208791208792,-54.89621489621489,0.0,43.17460317460318,-0.1953601953601953,0.0,-70.52503052503053,13.089133089133089,-15.433455433455434,-14.652014652014651,0.0,-57.24053724053724,-4.884004884004884,-30.28083028083028,5.274725274725275,0.0,76.38583638583638,21.294261294261293,-52.55189255189255,12.698412698412698,-30.28083028083028
29.499389499389498,-59.975579975579976,-65.44566544566544,24.42002442002442,0.0,-50.989010989010985,16.605616605616607,8.791208791208792,-46.3003663003663,0.0,46.69108669108669,2.148962148962149,0.0,-68.96214896214896,11.916971916971915,-17.387057387057386,-11.135531135531137,0.0,-59.58485958485959,-7.228327228327228,-25.982905982905983,6.837606837606837,0.0,65.83638583638583,-33.01587301587302,5.665445665445666,12.698412698412698,-25.982905982905983
21.68498168498169,-61.53846153846154,-49.03540903540904,17.77777777777778,0.0,-59.975579975579976,23.247863247863247,9.963369963369964,-43.17460317460318,0.0,51.77045177045177,4.493284493284493,0.0,-67.00854700854701,13.870573870573873,-13.089133089133089,-15.824175824175825,0.0,-60.366300366300365,-7.228327228327228,-20.12210012210012,5.665445665445666,0.0,49.42612942612943,-4.493284493284493,-13.089133089133089,8.00976800976801,-20.12210012210012
10.744810744810744,-63.88278388278388,-39.65811965811966,19.34065934065934,0.0,-71.30647130647131,25.2014652014652,6.446886446886447,-33.7973137973138,0.0,53.333333333333336,6.446886446886447,0.0,-71.30647130647131,15.824175824175825,-11.526251526251526,-14.652014652014651,0.0,-65.44566544566544,-7.228327228327228,-18.94993894993895,9.572649572649572,0.0,40.04884004884005,37.31379731379732,-49.81684981684982,7.228327228327228,-18.94993894993895
0.1953601953601953,-67.78998778998779,-33.7973137973138,20.12210012210012,0.0,-81.07448107448107,23.63858363858364,0.1953601953601953,-23.247863247863247,0.0,55.28693528693529,8.4004884004884,0.0,-75.21367521367522,15.433455433455434,-11.526251526251526,-13.089133089133089,0.0,-71.6971916971917,-6.056166056166056,-18.168498168498168,11.526251526251526,0.0,34.18803418803419,25.982905982905983,-31.062271062271066,8.4004884004884,-18.168498168498168
-5.665445665445666,-70.91575091575092,-27.545787545787547,16.996336996336996,0.0,-86.93528693528694,20.512820512820515,-3.3211233211233213,-17.77777777777778,0.0,56.84981684981685,14.261294261294262,0.0,-73.26007326007326,16.605616605616607,-9.18192918192918,-20.903540903540904,0.0,-72.86935286935287,-0.5860805860805861,-21.294261294261293,7.619047619047619,0.0,27.936507936507937,24.02930402930403,-20.512820512820515,13.089133089133089,-21.294261294261293
-11.916971916971915,-76.38583638583638,-18.55921855921856,16.605616605616607,0.0,-92.014652014652,14.652014652014651,-4.884004884004884,-7.619047619047619,0.0,54.89621489621489,21.68498168498169,0.0,-68.96214896214896,15.433455433455434,-7.228327228327228,-24.81074481074481,0.0,-70.91575091575092,4.102564102564102,-24.42002442002442,4.493284493284493,0.0,18.94993894993895,49.03540903540904,-36.14163614163614,19.34065934065934,-24.42002442002442
-16.996336996336996,-85.76312576312576,-5.274725274725275,21.68498168498169,0.0,-101.001221001221,9.963369963369964,-5.274725274725275,9.18192918192918,0.0,51.37973137973138,27.155067155067155,0.0,-68.18070818070818,12.698412698412698,-6.056166056166056,-17.77777777777778,0.0,-68.96214896214896,6.446886446886447,-25.592185592185597,7.619047619047619,0.0,5.665445665445666,49.81684981684982,-27.155067155067155,23.63858363858364,-25.592185592185597
-19.73137973137973,-89.67032967032966,9.572649572649572,20.903540903540904,0.0,-109.5970695970696,10.744810744810744,-2.148962148962149,21.294261294261293,0.0,45.51892551892552,35.36019536019536,0.0,-67.3992673992674,14.652014652014651,-4.493284493284493,-14.652014652014651,0.0,-62.31990231990232,8.00976800976801,-28.32722832722833,9.572649572649572,0.0,-9.18192918192918,44.346764346764346,-9.572649572649572,22.075702075702075,-28.32722832722833
-18.168498168498168,-91.23321123321124,20.12210012210012,16.605616605616607,0.0,-113.89499389499387,11.916971916971915,0.1953601953601953,28.71794871794872,0.0,42.39316239316239,36.14163614163614,0.0,-66.61782661782662,14.261294261294262,-2.5396825396825395,-12.307692307692308,0.0,-58.02197802197802,7.619047619047619,-23.63858363858364,6.837606837606837,0.0,-19.73137973137973,66.61782661782662,-22.857142857142858,14.652014652014651,-23.63858363858364
-19.34065934065934,-93.18681318681318,24.81074481074481,22.466422466422465,0.0,-119.36507936507935,11.135531135531137,-4.102564102564102,46.3003663003663,0.0,38.095238095238095,33.7973137973138,0.0,-71.6971916971917,12.307692307692308,-2.5396825396825395,1.3675213675213675,0.0,-58.41269841269841,0.1953601953601953,-18.168498168498168,16.605616605616607,0.0,-24.42002442002442,33.7973137973138,9.18192918192918,9.18192918192918,-18.168498168498168
-20.12210012210012,-90.06105006105007,26.764346764346765,25.2014652014652,0.0,-116.63003663003664,10.744810744810744,-10.744810744810744,57.63125763125763,0.0,39.26739926739927,31.843711843711844,0.0,-72.86935286935287,9.963369963369964,-3.711843711843712,11.916971916971915,0.0,-59.58485958485959,-3.3211233211233213,-15.433455433455434,25.592185592185597,0.0,-26.37362637362637,2.5396825396825395,37.704517704517706,5.274725274725275,-15.433455433455434
-20.12210012210012,-80.68376068376068,35.36019536019536,21.294261294261293,0.0,-110.76923076923076,15.433455433455434,-6.056166056166056,56.84981684981685,0.0,45.12820512820513,34.57875457875458,0.0,-65.44566544566544,11.916971916971915,1.7582417582417582,8.791208791208792,0.0,-57.24053724053724,-0.5860805860805861,-7.228327228327228,23.247863247863247,0.0,-34.969474969474966,37.31379731379732,2.93040293040293,4.884004884004884,-7.228327228327228
-24.42002442002442,-72.86935286935287,46.3003663003663,25.982905982905983,0.0,-109.5970695970696,18.94993894993895,-0.5860805860805861,65.44566544566544,0.0,47.86324786324786,40.04884004884005,0.0,-61.92918192918193,12.307692307692308,8.00976800976801,14.261294261294262,0.0,-55.67765567765568,0.9768009768009768,-0.1953601953601953,28.32722832722833,0.0,-45.90964590964591,25.982905982905983,13.089133089133089,9.572649572649572,-0.1953601953601953
-29.10866910866911,-64.66422466422466,55.67765567765568,31.45299145299145,0.0,-116.23931623931624,26.764346764346765,3.711843711843712,77.55799755799755,0.0,48.25396825396825,45.90964590964591,0.0,-57.63125763125763,11.916971916971915,6.837606837606837,25.592185592185597,0.0,-52.16117216117216,2.5396825396825395,1.3675213675213675,34.57875457875458,0.0,-55.28693528693529,-31.062271062271066,73.65079365079364,11.135531135531137,1.3675213675213675
-30.28083028083028,-56.06837606837607,64.27350427350427,28.32722832722833,0.0,-120.92796092796092,33.01587301587302,11.526251526251526,81.07448107448107,0.0,45.51892551892552,52.55189255189255,0.0,-49.81684981684982,12.307692307692308,4.884004884004884,24.81074481074481,0.0,-43.95604395604396,2.148962148962149,4.493284493284493,29.499389499389498,0.0,-63.88278388278388,-24.02930402930403,72.08791208791209,7.619047619047619,4.493284493284493
-27.936507936507937,-50.5982905982906,70.52503052503053,24.81074481074481,0.0,-123.27228327228327,34.969474969474966,17.77777777777778,85.37240537240537,0.0,42.78388278388278,53.724053724053725,0.0,-43.95604395604396,15.433455433455434,-0.1953601953601953,25.592185592185597,0.0,-32.62515262515262,-2.5396825396825395,8.00976800976801,25.2014652014652,0.0,-70.13431013431014,24.81074481074481,25.982905982905983,0.9768009768009768,8.00976800976801
-29.10866910866911,-48.25396825396825,70.52503052503053,28.71794871794872,0.0,-125.22588522588522,35.36019536019536,17.387057387057386,92.7960927960928,0.0,40.43956043956044,53.333333333333336,0.0,-41.61172161172161,19.73137973137973,-8.4004884004884,33.01587301587302,0.0,-24.81074481074481,-10.354090354090356,7.619047619047619,31.062271062271066,0.0,-70.13431013431014,0.9768009768009768,47.081807081807085,-2.148962148962149,7.619047619047619
-26.764346764346765,-45.12820512820513,69.74358974358974,27.155067155067155,0.0,-117.8021978021978,34.57875457875458,21.68498168498169,85.76312576312576,0.0,39.26739926739927,54.89621489621489,0.0,-39.65811965811966,26.37362637362637,-10.744810744810744,30.28083028083028,0.0,-20.903540903540904,-13.089133089133089,9.18192918192918,31.45299145299145,0.0,-69.35286935286935,-33.01587301587302,74.82295482295483,-1.3675213675213675,9.18192918192918
-23.63858363858364,-43.56532356532357,68.18070818070818,25.592185592185597,0.0,-108.03418803418803,31.45299145299145,29.499389499389498,71.6971916971917,0.0,36.14163614163614,59.975579975579976,0.0,-33.7973137973138,29.499389499389498,-8.4004884004884,26.764346764346765,0.0,-19.73137973137973,-10.354090354090356,11.916971916971915,32.234432234432234,0.0,-67.78998778998779,-7.228327228327228,41.22100122100122,2.93040293040293,11.916971916971915
-20.512820512820515,-44.346764346764346,62.71062271062271,29.89010989010989,0.0,-99.04761904761904,26.764346764346765,33.40659340659341,65.05494505494505,0.0,29.499389499389498,62.71062271062271,0.0,-28.32722832722833,24.81074481074481,-8.4004884004884,31.062271062271066,0.0,-26.764346764346765,-7.228327228327228,15.042735042735044,38.87667887667888,0.0,-62.31990231990232,-3.3211233211233213,24.81074481074481,8.4004884004884,15.042735042735044
-16.605616605616607,-39.26739926739927,54.89621489621489,29.89010989010989,0.0,-88.1074481074481,24.81074481074481,32.234432234432234,57.24053724053724,0.0,21.68498168498169,63.88278388278388,0.0,-18.94993894993895,14.261294261294262,-9.18192918192918,30.28083028083028,0.0,-34.969474969474966,-6.056166056166056,17.387057387057386,40.43956043956044,0.0,-54.5054945054945,-32.234432234432234,36.53235653235653,12.307692307692308,17.387057387057386
-10.354090354090356,-33.7973137973138,50.5982905982906,22.075702075702075,0.0,-75.21367521367522,21.294261294261293,35.75091575091575,44.346764346764346,0.0,17.387057387057386,60.366300366300365,0.0,-5.665445665445666,5.665445665445666,-9.572649572649572,20.903540903540904,0.0,-38.87667887667888,-4.884004884004884,20.512820512820515,35.36019536019536,0.0,-50.20757020757021,-39.26739926739927,27.545787545787547,13.47985347985348,20.512820512820515
-3.711843711843712,-25.2014652014652,42.78388278388278,17.77777777777778,0.0,-61.14774114774115,17.387057387057386,32.62515262515262,41.61172161172161,0.0,16.605616605616607,51.37973137973138,0.0,1.7582417582417582,1.7582417582417582,-10.354090354090356,14.652014652014651,0.0,-37.31379731379732,-11.526251526251526,22.857142857142858,33.7973137973138,0.0,-42.39316239316239,-31.062271062271066,0.9768009768009768,10.354090354090356,22.857142857142858
-1.3675213675213675,-11.526251526251526,31.062271062271066,20.12210012210012,0.0,-49.42612942612943,15.433455433455434,27.155067155067155,43.17460317460318,0.0,15.824175824175825,42.002442002442,0.0,2.5396825396825395,2.93040293040293,-8.00976800976801,11.135531135531137,0.0,-35.36019536019536,-15.824175824175825,22.857142857142858,38.48595848595848,0.0,-30.671550671550676,-6.056166056166056,-44.346764346764346,8.791208791208792,22.857142857142858
5.274725274725275,0.1953601953601953,18.168498168498168,14.652014652014651,0.0,-31.45299145299145,13.089133089133089,25.592185592185597,31.062271062271066,0.0,16.605616605616607,40.04884004884005,0.0,5.274725274725275,9.18192918192918,-4.493284493284493,0.1953601953601953,0.0,-29.89010989010989,-16.214896214896214,21.68498168498169,34.57875457875458,0.0,-17.77777777777778,-1.7582417582417582,-65.05494505494505,9.963369963369964,21.68498168498169
13.47985347985348,10.744810744810744,2.148962148962149,12.698412698412698,0.0,-10.354090354090356,8.4004884004884,21.294261294261293,20.12210012210012,0.0,15.433455433455434,38.87667887667888,0.0,10.744810744810744,15.824175824175825,-2.148962148962149,-8.791208791208792,0.0,-22.466422466422465,-11.916971916971915,21.68498168498169,27.936507936507937,0.0,-1.7582417582417582,16.605616605616607,-96.31257631257633,12.698412698412698,21.68498168498169
17.387057387057386,16.214896214896214,-16.605616605616607,22.075702075702075,0.0,5.665445665445666,2.148962148962149,13.47985347985348,16.996336996336996,0.0,8.791208791208792,37.31379731379732,0.0,15.433455433455434,16.214896214896214,-4.493284493284493,-8.4004884004884,0.0,-20.512820512820515,-8.00976800976801,16.605616605616607,30.28083028083028,0.0,16.996336996336996,-23.63858363858364,-68.96214896214896,18.168498168498168,16.605616605616607
25.592185592185597,17.77777777777778,-27.936507936507937,20.12210012210012,0.0,24.42002442002442,-2.93040293040293,9.18192918192918,4.884004884004884,0.0,0.5860805860805861,37.704517704517706,0.0,23.63858363858364,14.652014652014651,-8.791208791208792,-17.77777777777778,0.0,-21.68498168498169,-4.493284493284493,8.4004884004884,28.71794871794872,0.0,28.32722832722833,-47.472527472527474,-54.114774114774114,19.34065934065934,8.4004884004884
30.671550671550676,19.73137973137973,-28.71794871794872,9.963369963369964,0.0,41.22100122100122,-9.18192918192918,10.744810744810744,-10.744810744810744,0.0,-6.446886446886447,35.75091575091575,0.0,32.62515262515262,13.47985347985348,-5.274725274725275,-39.65811965811966,0.0,-21.68498168498169,-2.148962148962149,4.884004884004884,19.73137973137973,0.0,29.10866910866911,9.18192918192918,-117.8021978021978,18.94993894993895,4.884004884004884
29.89010989010989,19.34065934065934,-27.155067155067155,6.056166056166056,0.0,50.5982905982906,-14.261294261294262,8.4004884004884,-16.214896214896214,0.0,-14.261294261294262,29.10866910866911,0.0,35.36019536019536,8.791208791208792,-3.3211233211233213,-49.81684981684982,0.0,-27.936507936507937,-6.446886446886447,0.5860805860805861,24.81074481074481,0.0,27.545787545787547,12.307692307692308,-132.25885225885227,17.387057387057386,0.5860805860805861
30.671550671550676,22.466422466422465,-25.592185592185597,-0.5860805860805861,0.0,59.975579975579976,-13.089133089133089,4.102564102564102,-23.247863247863247,0.0,-19.34065934065934,25.592185592185597,0.0,34.18803418803419,2.93040293040293,-1.3675213675213675,-57.24053724053724,0.0,-33.40659340659341,-12.698412698412698,-2.93040293040293,28.32722832722833,0.0,25.982905982905983,-25.982905982905983,-106.47130647130648,15.042735042735044,-2.93040293040293
32.62515262515262,29.10866910866911,-24.02930402930403,-11.526251526251526,0.0,74.43223443223444,-12.307692307692308,4.493284493284493,-40.04884004884005,0.0,-20.512820512820515,21.68498168498169,0.0,37.31379731379732,0.1953601953601953,3.711843711843712,-68.57142857142857,0.0,-33.7973137973138,-15.824175824175825,2.93040293040293,20.12210012210012,0.0,24.42002442002442,-3.711843711843712,-139.29181929181928,14.652014652014651,2.93040293040293
34.18803418803419,35.75091575091575,-26.764346764346765,-20.903540903540904,0.0,86.54456654456655,-10.354090354090356,0.1953601953601953,-52.94261294261294,0.0,-23.63858363858364,12.307692307692308,0.0,41.61172161172161,-7.619047619047619,3.711843711843712,-68.96214896214896,0.0,-32.234432234432234,-18.55921855921856,5.274725274725275,14.652014652014651,0.0,27.155067155067155,33.01587301587302,-188.5225885225885,17.387057387057386,5.274725274725275
39.26739926739927,37.704517704517706,-30.28083028083028,-28.32722832722833,0.0,99.82905982905984,-13.47985347985348,-4.493284493284493,-62.71062271062271,0.0,-31.062271062271066,1.3675213675213675,0.0,41.22100122100122,-21.294261294261293,0.1953601953601953,-63.88278388278388,0.0,-32.234432234432234,-24.42002442002442,1.3675213675213675,12.307692307692308,0.0,30.671550671550676,-5.665445665445666,-158.82783882783883,16.996336996336996,1.3675213675213675
45.51892551892552,37.31379731379732,-26.37362637362637,-46.69108669108669,0.0,114.67643467643468,-19.73137973137973,-4.102564102564102,-79.51159951159951,0.0,-37.31379731379732,-6.837606837606837,0.0,43.95604395604396,-29.10866910866911,1.3675213675213675,-69.74358974358974,0.0,-27.155067155067155,-25.982905982905983,-2.93040293040293,3.711843711843712,0.0,26.764346764346765,-43.56532356532357,-122.88156288156289,16.214896214896214,-2.93040293040293
51.37973137973138,35.75091575091575,-17.77777777777778,-63.10134310134311,0.0,126.7887667887668,-25.2014652014652,-1.7582417582417582,-91.62393162393164,0.0,-42.002442002442,-14.652014652014651,0.0,49.81684981684982,-34.57875457875458,0.5860805860805861,-78.33943833943835,0.0,-17.77777777777778,-27.155067155067155,-13.089133089133089,-2.148962148962149,0.0,18.168498168498168,-7.619047619047619,-156.4835164835165,14.652014652014651,-13.089133089133089
55.67765567765568,32.62515262515262,-10.744810744810744,-68.96214896214896,0.0,134.993894993895,-30.28083028083028,0.1953601953601953,-95.53113553113552,0.0,-48.25396825396825,-19.34065934065934,0.0,47.86324786324786,-34.57875457875458,-2.5396825396825395,-80.29304029304029,0.0,-12.307692307692308,-30.28083028083028,-22.075702075702075,-4.102564102564102,0.0,11.135531135531137,15.042735042735044,-174.84737484737485,10.354090354090356,-22.075702075702075
56.45909645909646,33.01587301587302,-8.791208791208792,-70.52503052503053,0.0,140.85470085470087,-30.28083028083028,1.7582417582417582,-101.3919413919414,0.0,-48.25396825396825,-20.12210012210012,0.0,47.472527472527474,-31.062271062271066,-6.056166056166056,-86.93528693528694,0.0,-5.665445665445666,-31.062271062271066,-27.936507936507937,-10.354090354090356,0.0,9.18192918192918,21.294261294261293,-176.8009768009768,10.744810744810744,-27.936507936507937
56.45909645909646,35.75091575091575,-7.228327228327228,-74.82295482295483,0.0,145.93406593406593,-26.764346764346765,4.102564102564102,-113.11355311355312,0.0,-48.64468864468864,-20.512820512820515,0.0,50.5982905982906,-24.81074481074481,-10.354090354090356,-93.96825396825396,0.0,-0.5860805860805861,-28.71794871794872,-28.32722832722833,-19.73137973137973,0.0,7.619047619047619,58.02197802197802,-209.6214896214896,11.916971916971915,-28.32722832722833
52.55189255189255,36.92307692307692,-8.4004884004884,-79.12087912087912,0.0,147.88766788766787,-26.764346764346765,4.102564102564102,-123.27228327228327,0.0,-54.5054945054945,-25.592185592185597,0.0,48.25396825396825,-24.81074481074481,-15.042735042735044,-92.7960927960928,0.0,0.1953601953601953,-27.545787545787547,-29.89010989010989,-25.982905982905983,0.0,8.791208791208792,66.61782661782662,-215.0915750915751,12.307692307692308,-29.89010989010989
49.42612942612943,33.7973137973138,-11.916971916971915,-82.24664224664225,0.0,149.05982905982907,-31.062271062271066,-0.5860805860805861,-127.96092796092796,0.0,-58.02197802197802,-33.01587301587302,0.0,43.95604395604396,-28.71794871794872,-22.075702075702075,-84.59096459096459,0.0,-4.102564102564102,-27.155067155067155,-33.40659340659341,-25.2014652014652,0.0,12.307692307692308,54.89621489621489,-203.36996336996336,12.307692307692308,-33.40659340659341
48.64468864468864,32.62515262515262,-3.3211233211233213,-100.6105006105006,0.0,156.0927960927961,-31.062271062271066,-0.5860805860805861,-145.54334554334554,0.0,-59.58485958485959,-37.31379731379732,0.0,47.86324786324786,-29.10866910866911,-23.63858363858364,-89.67032967032966,0.0,-4.884004884004884,-17.77777777777778,-36.92307692307692,-33.7973137973138,0.0,3.711843711843712,64.66422466422466,-207.27716727716728,14.261294261294262,-36.92307692307692
50.20757020757021,31.062271062271066,4.884004884004884,-106.86202686202688,0.0,161.17216117216117,-29.89010989010989,2.5396825396825395,-152.57631257631255,0.0,-60.366300366300365,-40.43956043956044,0.0,52.16117216117216,-28.32722832722833,-25.592185592185597,-92.014652014652,0.0,-3.3211233211233213,-6.446886446886447,-43.95604395604396,-38.095238095238095,0.0,-4.493284493284493,66.22710622710623,-201.02564102564105,18.168498168498168,-43.95604395604396
45.90964590964591,28.71794871794872,9.18192918192918,-99.43833943833944,0.0,160.3907203907204,-30.28083028083028,2.5396825396825395,-146.32478632478632,0.0,-59.58485958485959,-42.78388278388278,0.0,52.16117216117216,-29.89010989010989,-30.671550671550676,-83.80952380952381,0.0,-6.056166056166056,1.3675213675213675,-54.114774114774114,-33.01587301587302,0.0,-8.791208791208792,15.433455433455434,-140.85470085470087,20.903540903540904,-54.114774114774114
43.95604395604396,30.28083028083028,14.652014652014651,-101.3919413919414,0.0,158.04639804639805,-25.592185592185597,6.837606837606837,-150.23199023199024,0.0,-59.1941391941392,-40.83028083028083,0.0,58.8034188034188,-32.234432234432234,-34.57875457875458,-85.37240537240537,0.0,-4.493284493284493,9.572649572649572,-61.92918192918193,-35.36019536019536,0.0,-14.261294261294262,12.698412698412698,-127.57020757020756,24.81074481074481,-61.92918192918193
39.26739926739927,35.75091575091575,16.996336996336996,-107.25274725274726,0.0,148.2783882783883,-20.512820512820515,16.996336996336996,-158.43711843711844,0.0,-64.27350427350427,-37.31379731379732,0.0,61.92918192918193,-31.45299145299145,-33.40659340659341,-90.84249084249085,0.0,0.1953601953601953,13.089133089133089,-65.83638583638583,-41.22100122100122,0.0,-16.605616605616607,55.28693528693529,-161.56288156288156,23.247863247863247,-65.83638583638583
29.89010989010989,36.92307692307692,9.963369963369964,-110.76923076923076,0.0,130.3052503052503,-20.903540903540904,17.387057387057386,-158.82783882783883,0.0,-73.65079365079364,-35.36019536019536,0.0,56.45909645909646,-35.75091575091575,-35.36019536019536,-88.1074481074481,0.0,0.1953601953601953,7.228327228327228,-68.96214896214896,-41.22100122100122,0.0,-9.572649572649572,31.45299145299145,-130.6959706959707,14.652014652014651,-68.96214896214896
20.903540903540904,39.26739926739927,4.884004884004884,-118.1929181929182,0.0,111.94139194139194,-19.34065934065934,14.261294261294262,-158.82783882783883,0.0,-83.41880341880342,-34.18803418803419,0.0,48.25396825396825,-38.87667887667888,-38.48595848595848,-83.02808302808303,0.0,-1.7582417582417582,1.3675213675213675,-69.35286935286935,-41.61172161172161,0.0,-4.493284493284493,-25.982905982905983,-69.74358974358974,7.619047619047619,-69.35286935286935
13.870573870573873,46.3003663003663,2.93040293040293,-126.007326007326,0.0,96.7032967032967,-14.261294261294262,15.042735042735044,-158.43711843711844,0.0,-89.67032967032966,-30.671550671550676,0.0,40.43956043956044,-36.53235653235653,-34.57875457875458,-82.63736263736264,0.0,-0.9768009768009768,0.5860805860805861,-65.83638583638583,-46.3003663003663,0.0,-2.5396825396825395,-13.089133089133089,-77.55799755799755,-0.5860805860805861,-65.83638583638583
5.665445665445666,50.989010989010985,1.7582417582417582,-123.27228327228327,0.0,79.51159951159951,-11.135531135531137,13.089133089133089,-143.98046398046398,0.0,-93.18681318681318,-29.499389499389498,0.0,29.89010989010989,-35.36019536019536,-32.234432234432234,-71.30647130647131,0.0,-2.5396825396825395,0.1953601953601953,-63.49206349206349,-42.39316239316239,0.0,-1.3675213675213675,15.824175824175825,-96.7032967032967,-9.572649572649572,-63.49206349206349
-2.93040293040293,57.24053724053724,0.9768009768009768,-115.45787545787546,0.0,62.31990231990232,-4.884004884004884,8.4004884004884,-125.22588522588522,0.0,-92.014652014652,-29.89010989010989,0.0,21.68498168498169,-37.704517704517706,-34.18803418803419,-50.20757020757021,0.0,-7.228327228327228,0.9768009768009768,-60.757020757020754,-32.234432234432234,0.0,-0.5860805860805861,-6.837606837606837,-68.18070818070818,-13.47985347985348,-60.757020757020754
-10.354090354090356,64.66422466422466,2.148962148962149,-113.11355311355312,0.0,43.56532356532357,4.493284493284493,8.791208791208792,-113.11355311355312,0.0,-88.4981684981685,-26.764346764346765,0.0,18.168498168498168,-34.969474969474966,-31.843711843711844,-38.87667887667888,0.0,-7.228327228327228,2.93040293040293,-53.333333333333336,-29.499389499389498,0.0,-1.7582417582417582,-38.095238095238095,-26.37362637362637,-19.73137973137973,-53.333333333333336
-17.77777777777778,73.26007326007326,2.93040293040293,-111.55067155067157,0.0,18.55921855921856,19.73137973137973,9.572649572649572,-101.001221001221,0.0,-81.07448107448107,-20.12210012210012,0.0,15.042735042735044,-27.545787545787547,-24.81074481074481,-36.53235653235653,0.0,-4.884004884004884,6.837606837606837,-40.43956043956044,-34.969474969474966,0.0,-2.5396825396825395,-54.114774114774114,0.1953601953601953,-24.81074481074481,-40.43956043956044
-27.155067155067155,79.51159951159951,2.5396825396825395,-101.3919413919414,0.0,-6.837606837606837,36.53235653235653,6.837606837606837,-82.63736263736264,0.0,-69.74358974358974,-13.870573870573873,0.0,9.572649572649572,-17.77777777777778,-18.55921855921856,-30.28083028083028,0.0,-2.93040293040293,10.354090354090356,-28.71794871794872,-35.36019536019536,0.0,-2.148962148962149,-53.333333333333336,10.744810744810744,-28.32722832722833,-28.71794871794872
-34.969474969474966,88.88888888888889,3.711843711843712,-95.14041514041514,0.0,-29.499389499389498,54.5054945054945,7.619047619047619,-69.74358974358974,0.0,-56.45909645909646,-1.7582417582417582,0.0,6.446886446886447,-0.5860805860805861,-10.744810744810744,-33.40659340659341,0.0,1.3675213675213675,19.34065934065934,-15.824175824175825,-43.56532356532357,0.0,-3.3211233211233213,-65.05494505494505,34.57875457875458,-29.499389499389498,-15.824175824175825
-42.78388278388278,98.65689865689866,8.4004884004884,-84.59096459096459,0.0,-50.989010989010985,74.04151404151405,11.135531135531137,-54.5054945054945,0.0,-38.48595848595848,10.354090354090356,0.0,1.7582417582417582,23.63858363858364,4.102564102564102,-41.61172161172161,0.0,10.354090354090356,32.62515262515262,-0.5860805860805861,-54.5054945054945,0.0,-8.00976800976801,-64.66422466422466,48.25396825396825,-28.32722832722833,-0.5860805860805861
-48.25396825396825,108.42490842490842,7.228327228327228,-72.86935286935287,0.0,-67.78998778998779,91.62393162393164,11.526251526251526,-40.04884004884005,0.0,-17.387057387057386,21.294261294261293,0.0,-2.148962148962149,50.5982905982906,9.18192918192918,-43.56532356532357,0.0,23.247863247863247,45.51892551892552,3.3211233211233213,-59.58485958485959,0.0,-6.837606837606837,-27.155067155067155,24.42002442002442,-24.02930402930403,3.3211233211233213
-50.5982905982906,115.45787545787546,7.619047619047619,-64.27350427350427,0.0,-79.51159951159951,104.51770451770452,9.572649572649572,-25.982905982905983,0.0,4.102564102564102,32.234432234432234,0.0,-7.228327228327228,75.21367521367522,11.526251526251526,-43.95604395604396,0.0,36.53235653235653,51.37973137973138,6.837606837606837,-59.975579975579976,0.0,-7.228327228327228,-47.472527472527474,53.724053724053725,-17.77777777777778,6.837606837606837
-52.16117216117216,127.57020757020756,11.916971916971915,-70.52503052503053,0.0,-89.27960927960928,120.92796092796092,10.744810744810744,-25.592185592185597,0.0,26.764346764346765,44.346764346764346,0.0,-0.1953601953601953,98.26617826617829,18.168498168498168,-63.49206349206349,0.0,56.06837606837607,58.02197802197802,15.824175824175825,-77.55799755799755,0.0,-11.526251526251526,-11.916971916971915,29.10866910866911,-13.089133089133089,15.824175824175825
-53.724053724053725,140.46398046398048,16.605616605616607,-76.38583638583638,0.0,-101.001221001221,140.46398046398048,11.135531135531137,-23.247863247863247,0.0,48.64468864468864,55.67765567765568,0.0,5.274725274725275,114.28571428571428,22.857142857142858,-78.73015873015873,0.0,73.26007326007326,61.14774114774115,18.94993894993895,-89.27960927960928,0.0,-16.214896214896214,-12.307692307692308,38.095238095238095,-8.00976800976801,18.94993894993895
-59.975579975579976,148.2783882783883,19.73137973137973,-71.6971916971917,0.0,-115.45787545787546,152.57631257631255,11.526251526251526,-12.307692307692308,0.0,66.22710622710623,61.53846153846154,0.0,9.18192918192918,120.92796092796092,27.155067155067155,-84.2002442002442,0.0,82.24664224664225,58.41269841269841,22.075702075702075,-88.88888888888889,0.0,-19.34065934065934,-78.73015873015873,107.64346764346764,-4.102564102564102,22.075702075702075
-65.44566544566544,156.4835164835165,24.81074481074481,-72.08791208791209,0.0,-127.57020757020756,167.03296703296704,15.042735042735044,-10.354090354090356,0.0,81.85592185592185,68.96214896214896,0.0,16.605616605616607,125.22588522588522,34.57875457875458,-98.65689865689866,0.0,90.45177045177046,60.366300366300365,24.42002442002442,-97.87545787545788,0.0,-24.42002442002442,-72.47863247863248,110.37851037851038,-2.5396825396825395,24.42002442002442
-69.74358974358974,161.56288156288156,29.10866910866911,-70.52503052503053,0.0,-137.33821733821733,176.01953601953602,19.73137973137973,-8.4004884004884,0.0,95.92185592185592,72.08791208791209,0.0,19.34065934065934,129.52380952380952,42.78388278388278,-110.76923076923076,0.0,99.04761904761904,62.71062271062271,22.075702075702075,-102.95482295482296,0.0,-28.71794871794872,-22.075702075702075,69.35286935286935,-0.1953601953601953,22.075702075702075
-77.55799755799755,161.17216117216117,33.40659340659341,-63.88278388278388,0.0,-144.37118437118437,174.45665445665446,22.857142857142858,0.1953601953601953,0.0,108.42490842490842,73.26007326007326,0.0,16.996336996336996,133.43101343101344,45.12820512820513,-112.33211233211232,0.0,101.3919413919414,64.66422466422466,18.168498168498168,-100.21978021978022,0.0,-33.01587301587302,-50.20757020757021,105.2991452991453,4.884004884004884,18.168498168498168
-83.80952380952381,160.3907203907204,43.56532356532357,-63.10134310134311,0.0,-152.18559218559218,176.01953601953602,27.155067155067155,5.665445665445666,0.0,118.97435897435898,77.16727716727716,0.0,16.996336996336996,137.33821733821733,46.69108669108669,-113.89499389499387,0.0,106.86202686202688,66.22710622710623,14.261294261294262,-99.82905982905984,0.0,-43.17460317460318,-114.28571428571428,179.53601953601952,11.916971916971915,14.261294261294262
-87.32600732600733,163.9072039072039,61.92918192918193,-72.47863247863248,0.0,-160.3907203907204,183.83394383394383,35.36019536019536,6.837606837606837,0.0,129.9145299145299,85.37240537240537,0.0,19.73137973137973,144.37118437118437,50.5982905982906,-116.63003663003664,0.0,115.06715506715508,67.78998778998779,16.605616605616607,-101.001221001221,0.0,-61.53846153846154,-94.74969474969475,171.7216117216117,15.824175824175825,16.605616605616607
-88.88888888888889,165.0793650793651,75.995115995116,-68.96214896214896,0.0,-169.37728937728937,192.03907203907204,42.002442002442,18.168498168498168,0.0,136.55677655677655,92.014652014652,0.0,19.34065934065934,147.88766788766787,49.81684981684982,-104.51770451770452,0.0,120.53724053724054,63.88278388278388,19.34065934065934,-90.84249084249085,0.0,-75.6043956043956,-85.76312576312576,171.33089133089132,16.605616605616607,19.34065934065934
-89.67032967032966,163.9072039072039,86.54456654456655,-61.92918192918193,0.0,-177.97313797313797,199.07203907203908,43.95604395604396,33.40659340659341,0.0,142.02686202686203,95.14041514041514,0.0,21.294261294261293,142.02686202686203,45.12820512820513,-86.93528693528694,0.0,124.83516483516485,54.89621489621489,18.94993894993895,-77.55799755799755,0.0,-86.15384615384616,-128.35164835164835,217.04517704517704,14.261294261294262,18.94993894993895
-86.54456654456655,158.82783882783883,96.7032967032967,-57.63125763125763,0.0,-179.9267399267399,201.02564102564105,44.737484737484735,44.737484737484735,0.0,143.1990231990232,95.14041514041514,0.0,25.592185592185597,132.25885225885227,40.83028083028083,-71.6971916971917,0.0,130.3052503052503,42.78388278388278,19.73137973137973,-65.44566544566544,0.0,-96.31257631257633,-124.83516483516485,219.78021978021977,7.228327228327228,19.73137973137973
-83.80952380952381,152.96703296703296,98.65689865689866,-48.25396825396825,0.0,-177.97313797313797,195.55555555555557,43.95604395604396,57.24053724053724,0.0,143.5897435897436,88.1074481074481,0.0,27.155067155067155,123.27228327228327,35.75091575091575,-54.89621489621489,0.0,134.6031746031746,33.01587301587302,16.214896214896214,-52.55189255189255,0.0,-98.26617826617829,-88.88888888888889,185.78754578754575,3.3211233211233213,16.214896214896214
-84.59096459096459,141.24542124542126,101.001221001221,-34.969474969474966,0.0,-176.8009768009768,182.66178266178267,41.61172161172161,74.43223443223444,0.0,144.37118437118437,78.73015873015873,0.0,25.982905982905983,112.72283272283272,29.499389499389498,-38.095238095238095,0.0,134.993894993895,26.37362637362637,6.446886446886447,-36.92307692307692,0.0,-100.6105006105006,-68.57142857142857,173.67521367521368,0.5860805860805861,6.446886446886447
-86.15384615384616,127.57020757020756,104.12698412698413,-31.843711843711844,0.0,-176.8009768009768,168.2051282051282,42.002442002442,79.12087912087912,0.0,141.63614163614164,74.43223443223444,0.0,25.592185592185597,103.34554334554336,26.37362637362637,-26.764346764346765,0.0,134.21245421245422,22.466422466422465,-1.3675213675213675,-25.592185592185597,0.0,-103.73626373626374,-43.95604395604396,159.6092796092796,2.148962148962149,-1.3675213675213675
-86.54456654456655,119.75579975579976,106.86202686202688,-35.36019536019536,0.0,-172.8937728937729,158.04639804639805,42.39316239316239,75.995115995116,0.0,139.29181929181928,73.65079365079364,0.0,26.37362637362637,99.04761904761904,25.2014652014652,-28.32722832722833,0.0,131.4774114774115,24.42002442002442,-6.837606837606837,-25.592185592185597,0.0,-106.47130647130648,7.619047619047619,115.45787545787546,6.837606837606837,-6.837606837606837
-90.84249084249085,105.68986568986568,104.9084249084249,-22.466422466422465,0.0,-174.06593406593407,143.1990231990232,38.87667887667888,89.27960927960928,0.0,131.86813186813183,73.65079365079364,0.0,21.68498168498169,90.84249084249085,22.857142857142858,-16.214896214896214,0.0,123.66300366300366,22.857142857142858,-12.698412698412698,-13.089133089133089,0.0,-104.51770451770452,-15.433455433455434,146.7155067155067,10.354090354090356,-12.698412698412698
-92.7960927960928,92.4053724053724,99.04761904761904,-16.996336996336996,0.0,-170.94017094017093,127.17948717948718,32.62515262515262,92.014652014652,0.0,122.1001221001221,75.21367521367522,0.0,21.294261294261293,77.16727716727716,16.996336996336996,-6.056166056166056,0.0,115.84859584859583,16.996336996336996,-15.042735042735044,-6.446886446886447,0.0,-98.65689865689866,-38.095238095238095,167.81440781440782,15.042735042735044,-15.042735042735044
-93.18681318681318,86.15384615384616,97.48473748473748,-20.903540903540904,0.0,-165.47008547008548,117.02075702075702,32.62515262515262,84.98168498168498,0.0,111.94139194139194,77.16727716727716,0.0,21.68498168498169,72.08791208791209,17.387057387057386,-10.744810744810744,0.0,112.33211233211232,17.387057387057386,-12.307692307692308,-15.824175824175825,0.0,-97.09401709401708,0.9768009768009768,129.52380952380952,16.605616605616607,-12.307692307692308
-91.62393162393164,77.16727716727716,97.48473748473748,-18.55921855921856,0.0,-160.78144078144078,101.001221001221,31.062271062271066,91.62393162393164,0.0,99.43833943833944,75.21367521367522,0.0,14.652014652014651,65.83638583638583,16.996336996336996,-4.102564102564102,0.0,107.64346764346764,15.433455433455434,-8.4004884004884,-19.34065934065934,0.0,-97.09401709401708,-17.387057387057386,148.2783882783883,14.261294261294262,-8.4004884004884
-88.88888888888889,67.3992673992674,97.48473748473748,-15.824175824175825,0.0,-153.35775335775335,83.41880341880342,27.936507936507937,100.6105006105006,0.0,84.98168498168498,71.6971916971917,0.0,8.4004884004884,55.28693528693529,15.824175824175825,4.493284493284493,0.0,104.12698412698413,14.652014652014651,-9.18192918192918,-23.63858363858364,0.0,-97.09401709401708,-81.85592185592185,211.1843711843712,14.652014652014651,-9.18192918192918
-81.85592185592185,62.71062271062271,101.78266178266178,-24.02930402930403,0.0,-141.24542124542126,70.52503052503053,29.89010989010989,98.26617826617829,0.0,72.08791208791209,72.86935286935287,0.0,2.93040293040293,51.77045177045177,20.903540903540904,-0.9768009768009768,0.0,101.001221001221,20.12210012210012,-5.274725274725275,-40.04884004884005,0.0,-101.3919413919414,-59.58485958485959,187.3504273504273,16.605616605616607,-5.274725274725275
-72.08791208791209,58.8034188034188,104.12698412698413,-24.81074481074481,0.0,-128.35164835164835,59.1941391941392,31.062271062271066,102.95482295482296,0.0,59.975579975579976,72.86935286935287,0.0,-5.274725274725275,51.37973137973138,25.982905982905983,-1.3675213675213675,0.0,99.04761904761904,23.247863247863247,-2.93040293040293,-48.64468864468864,0.0,-103.73626373626374,-18.55921855921856,142.8083028083028,15.042735042735044,-2.93040293040293
-62.31990231990232,52.55189255189255,97.09401709401708,-17.387057387057386,0.0,-114.67643467643468,46.3003663003663,27.936507936507937,109.5970695970696,0.0,49.81684981684982,73.65079365079364,0.0,-11.135531135531137,46.3003663003663,26.37362637362637,2.148962148962149,0.0,95.14041514041514,21.68498168498169,-5.665445665445666,-46.69108669108669,0.0,-96.7032967032967,-37.704517704517706,151.4041514041514,15.042735042735044,-5.665445665445666
-51.77045177045177,48.64468864468864,90.06105006105007,-15.824175824175825,0.0,-101.78266178266178,40.43956043956044,27.936507936507937,103.34554334554336,0.0,42.39316239316239,77.55799755799755,0.0,-14.261294261294262,45.12820512820513,29.499389499389498,-4.493284493284493,0.0,90.06105006105007,22.857142857142858,-7.619047619047619,-48.64468864468864,0.0,-89.67032967032966,-59.58485958485959,163.12576312576311,14.261294261294262,-7.619047619047619
-36.92307692307692,45.90964590964591,84.2002442002442,-19.73137973137973,0.0,-85.76312576312576,32.62515262515262,28.32722832722833,96.7032967032967,0.0,35.75091575091575,80.68376068376068,0.0,-18.168498168498168,44.737484737484735,35.75091575091575,-12.698412698412698,0.0,89.67032967032966,22.075702075702075,-7.228327228327228,-53.724053724053725,0.0,-83.80952380952381,-52.55189255189255,149.84126984126985,8.00976800976801,-7.228327228327228
-22.466422466422465,39.26739926739927,79.9023199023199,-21.68498168498169,0.0,-68.57142857142857,20.903540903540904,24.42002442002442,97.09401709401708,0.0,29.89010989010989,78.73015873015873,0.0,-22.857142857142858,37.704517704517706,39.65811965811966,-11.135531135531137,0.0,86.15384615384616,19.73137973137973,-6.837606837606837,-54.89621489621489,0.0,-79.51159951159951,-59.1941391941392,149.05982905982907,2.148962148962149,-6.837606837606837
-7.228327228327228,31.062271062271066,79.9023199023199,-25.982905982905983,0.0,-52.94261294261294,13.089133089133089,20.903540903540904,95.53113553113552,0.0,26.37362637362637,74.04151404151405,0.0,-31.062271062271066,32.234432234432234,46.69108669108669,-14.261294261294262,0.0,81.46520146520146,19.73137973137973,-5.665445665445666,-61.14774114774115,0.0,-79.51159951159951,-74.82295482295483,158.43711843711844,0.1953601953601953,-5.665445665445666
7.228327228327228,27.155067155067155,79.51159951159951,-38.095238095238095,0.0,-37.31379731379732,6.837606837606837,19.34065934065934,86.93528693528694,0.0,24.42002442002442,68.18070818070818,0.0,-39.26739926739927,30.671550671550676,54.5054945054945,-20.12210012210012,0.0,79.12087912087912,21.68498168498169,-1.3675213675213675,-73.65079365079364,0.0,-79.12087912087912,-79.51159951159951,155.7020757020757,-2.93040293040293,-1.3675213675213675
22.857142857142858,19.34065934065934,72.47863247863248,-41.22100122100122,0.0,-24.81074481074481,2.93040293040293,14.652014652014651,80.29304029304029,0.0,22.075702075702075,58.41269841269841,0.0,-48.25396825396825,27.545787545787547,56.84981684981685,-17.77777777777778,0.0,75.995115995116,20.12210012210012,0.5860805860805861,-78.33943833943835,0.0,-72.08791208791209,-59.975579975579976,128.74236874236874,-8.791208791208792,0.5860805860805861
29.89010989010989,11.135531135531137,59.975579975579976,-37.704517704517706,0.0,-18.168498168498168,0.1953601953601953,9.572649572649572,73.26007326007326,0.0,18.55921855921856,47.081807081807085,0.0,-58.02197802197802,23.63858363858364,56.84981684981685,-18.55921855921856,0.0,65.83638583638583,17.77777777777778,-0.1953601953601953,-79.51159951159951,0.0,-59.58485958485959,-21.294261294261293,77.16727716727716,-11.916971916971915,-0.1953601953601953
34.57875457875458,6.056166056166056,50.5982905982906,-43.95604395604396,0.0,-12.307692307692308,-2.93040293040293,9.963369963369964,53.333333333333336,0.0,16.214896214896214,40.04884004884005,0.0,-62.31990231990232,18.55921855921856,56.84981684981685,-27.155067155067155,0.0,55.67765567765568,15.433455433455434,-0.5860805860805861,-84.98168498168498,0.0,-50.20757020757021,-12.698412698412698,61.92918192918193,-19.73137973137973,-0.5860805860805861
37.704517704517706,-0.5860805860805861,43.56532356532357,-51.77045177045177,0.0,-8.791208791208792,-3.711843711843712,9.572649572649572,32.62515262515262,0.0,14.652014652014651,32.62515262515262,0.0,-64.27350427350427,13.870573870573873,55.67765567765568,-33.01587301587302,0.0,49.03540903540904,10.744810744810744,0.9768009768009768,-89.27960927960928,0.0,-43.17460317460318,-11.135531135531137,55.67765567765568,-26.764346764346765,0.9768009768009768
36.14163614163614,-8.4004884004884,34.969474969474966,-48.25396825396825,0.0,-9.572649572649572,-7.228327228327228,4.493284493284493,26.37362637362637,0.0,11.526251526251526,22.466422466422465,0.0,-72.47863247863248,6.056166056166056,51.77045177045177,-27.936507936507937,0.0,37.31379731379732,3.711843711843712,-1.3675213675213675,-82.63736263736264,0.0,-34.57875457875458,-47.081807081807085,86.15384615384616,-31.45299145299145,-1.3675213675213675
41.22100122100122,-14.652014652014651,27.155067155067155,-53.333333333333336,0.0,-4.884004884004884,-9.963369963369964,0.1953601953601953,14.652014652014651,0.0,9.963369963369964,17.77777777777778,0.0,-76.77655677655677,0.1953601953601953,48.64468864468864,-25.982905982905983,0.0,31.843711843711844,-1.3675213675213675,-2.5396825396825395,-80.68376068376068,0.0,-26.764346764346765,-58.41269841269841,93.18681318681318,-38.48595848595848,-2.5396825396825395
47.472527472527474,-18.168498168498168,18.55921855921856,-58.02197802197802,0.0,0.5860805860805861,-9.18192918192918,-0.9768009768009768,-0.9768009768009768,0.0,7.228327228327228,14.261294261294262,0.0,-80.68376068376068,-2.148962148962149,52.55189255189255,-29.499389499389498,0.0,25.2014652014652,-4.102564102564102,6.446886446886447,-86.93528693528694,0.0,-18.168498168498168,11.135531135531137,16.214896214896214,-43.17460317460318,6.446886446886447
54.114774114774114,-25.2014652014652,3.711843711843712,-51.37973137973138,0.0,9.572649572649572,-13.47985347985348,-4.884004884004884,-8.791208791208792,0.0,2.5396825396825395,11.526251526251526,0.0,-84.98168498168498,-6.837606837606837,53.333333333333336,-28.71794871794872,0.0,17.77777777777778,-12.307692307692308,11.135531135531137,-83.80952380952381,0.0,-3.3211233211233213,36.53235653235653,-16.605616605616607,-48.25396825396825,11.135531135531137
60.366300366300365,-33.40659340659341,-8.4004884004884,-44.737484737484735,0.0,15.042735042735044,-18.168498168498168,-6.056166056166056,-16.996336996336996,0.0,-0.1953601953601953,11.526251526251526,0.0,-85.37240537240537,-15.042735042735044,51.37973137973138,-29.499389499389498,0.0,9.572649572649572,-23.63858363858364,13.870573870573873,-78.73015873015873,0.0,8.791208791208792,10.354090354090356,0.1953601953601953,-53.333333333333336,13.870573870573873
65.44566544566544,-38.48595848595848,-16.214896214896214,-46.69108669108669,0.0,20.512820512820515,-20.903540903540904,-0.1953601953601953,-35.75091575091575,0.0,-1.7582417582417582,15.042735042735044,0.0,-82.24664224664225,-18.94993894993895,54.114774114774114,-42.002442002442,0.0,4.102564102564102,-30.671550671550676,18.168498168498168,-81.46520146520146,0.0,16.605616605616607,31.45299145299145,-24.02930402930403,-57.24053724053724,18.168498168498168
69.35286935286935,-46.3003663003663,-23.247863247863247,-45.51892551892552,0.0,24.02930402930403,-23.63858363858364,3.711843711843712,-50.989010989010985,0.0,-2.148962148962149,17.387057387057386,0.0,-81.85592185592185,-16.605616605616607,54.114774114774114,-50.20757020757021,0.0,-0.5860805860805861,-34.18803418803419,15.042735042735044,-74.82295482295483,0.0,23.63858363858364,71.6971916971917,-67.00854700854701,-58.8034188034188,15.042735042735044
74.82295482295483,-56.84981684981685,-33.7973137973138,-37.31379731379732,0.0,27.155067155067155,-27.936507936507937,1.3675213675213675,-56.06837606837607,0.0,-3.711843711843712,15.433455433455434,0.0,-83.02808302808303,-20.12210012210012,49.42612942612943,-48.25396825396825,0.0,-8.4004884004884,-36.92307692307692,4.884004884004884,-61.14774114774115,0.0,34.18803418803419,47.081807081807085,-47.081807081807085,-58.41269841269841,4.884004884004884
79.12087912087912,-63.88278388278388,-43.17460317460318,-36.14163614163614,0.0,34.57875457875458,-32.234432234432234,0.1953601953601953,-68.57142857142857,0.0,-8.00976800976801,13.089133089133089,0.0,-81.46520146520146,-23.63858363858364,47.86324786324786,-46.3003663003663,0.0,-16.214896214896214,-36.53235653235653,0.1953601953601953,-50.5982905982906,0.0,43.56532356532357,15.433455433455434,-18.94993894993895,-58.8034188034188,0.1953601953601953
84.59096459096459,-72.08791208791209,-52.16117216117216,-31.843711843711844,0.0,49.81684981684982,-39.26739926739927,-2.5396825396825395,-79.9023199023199,0.0,-11.916971916971915,6.056166056166056,0.0,-79.51159951159951,-28.71794871794872,49.03540903540904,-46.69108669108669,0.0,-22.466422466422465,-39.65811965811966,0.9768009768009768,-44.346764346764346,0.0,52.55189255189255,51.37973137973138,-56.84981684981685,-61.92918192918193,0.9768009768009768
89.27960927960928,-81.85592185592185,-63.88278388278388,-18.168498168498168,0.0,63.49206349206349,-49.42612942612943,-12.698412698412698,-77.16727716727716,0.0,-17.387057387057386,-0.1953601953601953,0.0,-76.38583638583638,-40.43956043956044,43.95604395604396,-37.31379731379732,0.0,-26.37362637362637,-51.37973137973138,0.5860805860805861,-32.62515262515262,0.0,64.27350427350427,87.71672771672772,-94.35897435897436,-68.57142857142857,0.5860805860805861
89.67032967032966,-88.88888888888889,-69.74358974358974,-4.884004884004884,0.0,73.26007326007326,-54.5054945054945,-17.387057387057386,-75.6043956043956,0.0,-20.12210012210012,-5.274725274725275,0.0,-72.08791208791209,-46.3003663003663,39.26739926739927,-30.671550671550676,0.0,-31.45299145299145,-57.63125763125763,2.93040293040293,-24.02930402930403,0.0,70.13431013431014,96.31257631257633,-101.78266178266178,-70.91575091575092,2.93040293040293
91.62393162393164,-94.35897435897436,-69.35286935286935,3.3211233211233213,0.0,85.76312576312576,-55.67765567765568,-19.34065934065934,-79.12087912087912,0.0,-19.73137973137973,-4.884004884004884,0.0,-66.22710622710623,-44.737484737484735,36.92307692307692,-31.062271062271066,0.0,-33.40659340659341,-58.8034188034188,6.446886446886447,-19.73137973137973,0.0,69.74358974358974,129.13308913308913,-134.993894993895,-69.74358974358974,6.446886446886447
93.57753357753356,-102.17338217338218,-70.91575091575092,20.512820512820515,0.0,90.45177045177046,-54.114774114774114,-21.68498168498169,-72.86935286935287,0.0,-19.73137973137973,-6.837606837606837,0.0,-61.53846153846154,-42.002442002442,32.62515262515262,-24.02930402930403,0.0,-38.48595848595848,-56.45909645909646,8.00976800976801,-8.4004884004884,0.0,71.30647130647131,147.88766788766787,-156.4835164835165,-65.05494505494505,8.00976800976801
92.4053724053724,-108.42490842490842,-74.82295482295483,35.36019536019536,0.0,93.57753357753356,-54.114774114774114,-27.936507936507937,-66.22710622710623,0.0,-20.12210012210012,-8.4004884004884,0.0,-57.24053724053724,-45.51892551892552,27.155067155067155,-10.744810744810744,0.0,-47.472527472527474,-52.94261294261294,6.446886446886447,6.837606837606837,0.0,75.21367521367522,140.85470085470087,-157.26495726495727,-58.02197802197802,6.446886446886447
95.92185592185592,-113.5042735042735,-75.6043956043956,34.18803418803419,0.0,102.95482295482296,-57.24053724053724,-28.32722832722833,-74.43223443223444,0.0,-19.73137973137973,-10.354090354090356,0.0,-52.94261294261294,-49.42612942612943,27.936507936507937,-8.4004884004884,0.0,-56.84981684981685,-49.42612942612943,9.572649572649572,12.698412698412698,0.0,75.995115995116,169.37728937728937,-193.6019536019536,-54.114774114774114,9.572649572649572
101.3919413919414,-120.53724053724054,-75.21367521367522,34.57875457875458,0.0,109.2063492063492,-62.71062271062271,-31.062271062271066,-73.65079365079364,0.0,-20.12210012210012,-10.744810744810744,0.0,-50.5982905982906,-53.724053724053725,28.32722832722833,-2.93040293040293,0.0,-63.49206349206349,-49.03540903540904,14.652014652014651,18.55921855921856,0.0,75.6043956043956,177.1916971916972,-208.44932844932845,-52.16117216117216,14.652014652014651
100.6105006105006,-127.57020757020756,-75.6043956043956,45.90964590964591,0.0,109.98778998778998,-71.6971916971917,-36.53235653235653,-56.06837606837607,0.0,-20.512820512820515,-14.261294261294262,0.0,-56.45909645909646,-58.8034188034188,24.42002442002442,16.214896214896214,0.0,-73.26007326007326,-51.37973137973138,16.214896214896214,33.40659340659341,0.0,75.995115995116,138.5103785103785,-174.06593406593407,-51.77045177045177,16.214896214896214
100.6105006105006,-130.3052503052503,-70.52503052503053,50.5982905982906,0.0,109.98778998778998,-75.21367521367522,-38.48595848595848,-43.95604395604396,0.0,-20.512820512820515,-13.47985347985348,0.0,-63.10134310134311,-53.333333333333336,22.857142857142858,29.499389499389498,0.0,-80.29304029304029,-47.86324786324786,19.73137973137973,43.95604395604396,0.0,70.91575091575092,144.76190476190476,-180.31746031746036,-50.5982905982906,19.73137973137973
99.82905982905984,-130.6959706959707,-60.757020757020754,52.94261294261294,0.0,106.47130647130648,-72.47863247863248,-36.14163614163614,-33.7973137973138,0.0,-20.12210012210012,-10.354090354090356,0.0,-65.05494505494505,-41.61172161172161,22.075702075702075,38.095238095238095,0.0,-81.07448107448107,-40.04884004884005,26.37362637362637,48.64468864468864,0.0,61.14774114774115,196.33699633699635,-228.3760683760684,-48.25396825396825,26.37362637362637
96.31257631257633,-134.21245421245422,-54.89621489621489,63.49206349206349,0.0,97.87545787545788,-74.43223443223444,-35.36019536019536,-15.433455433455434,0.0,-19.73137973137973,-9.963369963369964,0.0,-68.18070818070818,-34.57875457875458,18.55921855921856,54.89621489621489,0.0,-83.02808302808303,-35.75091575091575,27.545787545787547,61.53846153846154,0.0,55.28693528693529,179.9267399267399,-210.7936507936508,-42.78388278388278,27.545787545787547
91.62393162393164,-135.3846153846154,-51.77045177045177,68.18070818070818,0.0,90.06105006105007,-74.04151404151405,-34.57875457875458,-7.619047619047619,0.0,-18.55921855921856,-9.572649572649572,0.0,-65.05494505494505,-29.499389499389498,13.47985347985348,65.44566544566544,0.0,-83.80952380952381,-31.45299145299145,27.936507936507937,72.47863247863248,0.0,52.16117216117216,141.63614163614164,-174.06593406593407,-36.53235653235653,27.936507936507937
91.23321123321124,-134.21245421245422,-42.39316239316239,60.757020757020754,0.0,86.93528693528694,-71.30647130647131,-25.2014652014652,-13.870573870573873,0.0,-19.73137973137973,-6.446886446886447,0.0,-54.114774114774114,-25.982905982905983,13.47985347985348,64.66422466422466,0.0,-78.73015873015873,-26.764346764346765,31.45299145299145,72.47863247863248,0.0,42.78388278388278,160.3907203907204,-193.992673992674,-30.671550671550676,31.45299145299145
88.88888888888889,-132.64957264957266,-36.92307692307692,64.27350427350427,0.0,83.80952380952381,-68.18070818070818,-18.55921855921856,-11.526251526251526,0.0,-19.73137973137973,-6.446886446886447,0.0,-45.12820512820513,-30.28083028083028,13.089133089133089,72.08791208791209,0.0,-75.21367521367522,-28.32722832722833,31.843711843711844,80.68376068376068,0.0,37.31379731379732,168.5958485958486,-203.36996336996336,-27.936507936507937,31.843711843711844
84.2002442002442,-127.17948717948718,-36.14163614163614,70.13431013431014,0.0,81.46520146520146,-61.53846153846154,-18.55921855921856,-8.00976800976801,0.0,-17.387057387057386,-8.791208791208792,0.0,-41.22100122100122,-38.87667887667888,13.089133089133089,83.02808302808303,0.0,-77.94871794871794,-31.843711843711844,33.40659340659341,92.4053724053724,0.0,36.53235653235653,124.83516483516485,-165.47008547008548,-25.592185592185597,33.40659340659341
80.68376068376068,-118.97435897435898,-31.45299145299145,66.61782661782662,0.0,81.07448107448107,-52.55189255189255,-15.433455433455434,-14.261294261294262,0.0,-15.042735042735044,-9.963369963369964,0.0,-35.36019536019536,-41.22100122100122,13.870573870573873,87.71672771672772,0.0,-76.38583638583638,-29.89010989010989,37.704517704517706,92.7960927960928,0.0,31.843711843711844,86.15384615384616,-129.52380952380952,-22.075702075702075,37.704517704517706
75.6043956043956,-110.76923076923076,-26.764346764346765,67.3992673992674,0.0,76.38583638583638,-43.95604395604396,-13.089133089133089,-11.526251526251526,0.0,-9.963369963369964,-16.605616605616607,0.0,-36.53235653235653,-38.095238095238095,14.261294261294262,93.57753357753356,0.0,-77.55799755799755,-23.247863247863247,42.39316239316239,92.014652014652,0.0,27.155067155067155,73.65079365079364,-116.63003663003664,-18.94993894993895,42.39316239316239
65.44566544566544,-104.12698412698413,-25.592185592185597,72.08791208791209,0.0,69.35286935286935,-40.43956043956044,-14.652014652014651,-4.493284493284493,0.0,-5.665445665445666,-24.02930402930403,0.0,-38.87667887667888,-31.45299145299145,10.744810744810744,101.001221001221,0.0,-80.29304029304029,-16.214896214896214,44.346764346764346,93.96825396825396,0.0,25.982905982905983,64.27350427350427,-107.25274725274726,-12.307692307692308,44.346764346764346
57.24053724053724,-99.43833943833944,-20.512820512820515,72.08791208791209,0.0,64.66422466422466,-39.26739926739927,-12.698412698412698,-1.3675213675213675,0.0,-6.056166056166056,-28.71794871794872,0.0,-35.75091575091575,-22.857142857142858,2.5396825396825395,101.3919413919414,0.0,-83.80952380952381,-6.056166056166056,44.346764346764346,91.23321123321124,0.0,20.903540903540904,61.92918192918193,-104.12698412698413,-4.884004884004884,44.346764346764346
45.51892551892552,-89.67032967032966,-12.307692307692308,72.47863247863248,0.0,56.45909645909646,-33.7973137973138,-8.4004884004884,2.148962148962149,0.0,-11.135531135531137,-32.62515262515262,0.0,-26.37362637362637,-14.652014652014651,-0.5860805860805861,93.96825396825396,0.0,-83.41880341880342,5.665445665445666,38.87667887667888,88.88888888888889,0.0,12.698412698412698,31.45299145299145,-70.91575091575092,5.274725274725275,38.87667887667888
40.04884004884005,-85.37240537240537,-12.307692307692308,78.33943833943835,0.0,57.24053724053724,-36.92307692307692,-8.791208791208792,10.354090354090356,0.0,-13.47985347985348,-33.40659340659341,0.0,-18.94993894993895,-18.55921855921856,-3.711843711843712,97.09401709401708,0.0,-80.68376068376068,6.056166056166056,32.234432234432234,96.31257631257633,0.0,12.698412698412698,32.62515262515262,-73.65079365079364,11.526251526251526,32.234432234432234
33.7973137973138,-81.85592185592185,-10.744810744810744,83.41880341880342,0.0,55.67765567765568,-39.26739926739927,-8.00976800976801,16.996336996336996,0.0,-16.605616605616607,-33.7973137973138,0.0,-15.042735042735044,-21.68498168498169,-8.00976800976801,102.56410256410255,0.0,-77.94871794871794,7.228327228327228,25.2014652014652,100.21978021978022,0.0,11.135531135531137,20.12210012210012,-59.975579975579976,17.77777777777778,25.2014652014652
32.234432234432234,-74.82295482295483,-3.3211233211233213,75.6043956043956,0.0,58.41269841269841,-36.92307692307692,-4.884004884004884,13.089133089133089,0.0,-15.433455433455434,-33.40659340659341,0.0,-8.00976800976801,-20.903540903540904,-7.619047619047619,97.87545787545788,0.0,-68.57142857142857,13.089133089133089,23.63858363858364,90.45177045177046,0.0,3.711843711843712,49.81684981684982,-84.98168498168498,23.63858363858364,23.63858363858364
30.28083028083028,-70.91575091575092,1.7582417582417582,72.08791208791209,0.0,61.53846153846154,-38.87667887667888,-4.884004884004884,16.996336996336996,0.0,-11.135531135531137,-38.48595848595848,0.0,-6.837606837606837,-17.387057387057386,-8.4004884004884,99.82905982905984,0.0,-59.58485958485959,17.77777777777778,24.02930402930403,82.63736263736264,0.0,-1.3675213675213675,49.81684981684982,-75.995115995116,25.2014652014652,24.02930402930403
23.63858363858364,-73.65079365079364,9.18192918192918,74.04151404151405,0.0,61.53846153846154,-46.69108669108669,-8.00976800976801,28.71794871794872,0.0,-11.916971916971915,-47.081807081807085,0.0,-8.4004884004884,-15.824175824175825,-14.652014652014651,109.2063492063492,0.0,-59.1941391941392,23.63858363858364,22.466422466422465,80.68376068376068,0.0,-8.791208791208792,6.837606837606837,-18.94993894993895,23.63858363858364,22.466422466422465
16.214896214896214,-67.78998778998779,20.12210012210012,64.27350427350427,0.0,60.757020757020754,-50.5982905982906,-9.572649572649572,34.18803418803419,0.0,-15.042735042735044,-54.89621489621489,0.0,-6.056166056166056,-12.698412698412698,-16.605616605616607,108.42490842490842,0.0,-56.06837606837607,33.01587301587302,20.512820512820515,72.86935286935287,0.0,-19.73137973137973,17.387057387057386,-20.512820512820515,23.63858363858364,20.512820512820515
10.354090354090356,-59.975579975579976,26.37362637362637,54.89621489621489,0.0,60.366300366300365,-56.06837606837607,-10.744810744810744,40.04884004884005,0.0,-19.34065934065934,-61.92918192918193,0.0,-4.493284493284493,-9.572649572649572,-15.433455433455434,104.9084249084249,0.0,-50.20757020757021,37.704517704517706,16.214896214896214,68.57142857142857,0.0,-25.982905982905983,67.78998778998779,-63.10134310134311,20.512820512820515,16.214896214896214
0.5860805860805861,-55.67765567765568,28.71794871794872,48.64468864468864,0.0,50.989010989010985,-61.92918192918193,-13.870573870573873,48.64468864468864,0.0,-28.32722832722833,-68.18070818070818,0.0,-9.572649572649572,-11.526251526251526,-16.605616605616607,108.8156288156288,0.0,-49.81684981684982,35.75091575091575,9.963369963369964,73.26007326007326,0.0,-28.32722832722833,65.44566544566544,-60.366300366300365,18.168498168498168,9.963369963369964
-6.446886446886447,-44.737484737484735,30.671550671550676,38.48595848595848,0.0,42.002442002442,-60.757020757020754,-13.089133089133089,50.5982905982906,0.0,-35.36019536019536,-68.96214896214896,0.0,-10.354090354090356,-11.916971916971915,-16.996336996336996,106.47130647130648,0.0,-44.737484737484735,31.45299145299145,3.711843711843712,74.43223443223444,0.0,-30.28083028083028,37.704517704517706,-39.65811965811966,18.94993894993895,3.711843711843712
-12.307692307692308,-31.062271062271066,32.62515262515262,25.982905982905983,0.0,34.18803418803419,-55.28693528693529,-7.228327228327228,45.51892551892552,0.0,-38.48595848595848,-68.18070818070818,0.0,-6.446886446886447,-10.354090354090356,-15.042735042735044,95.53113553113552,0.0,-38.095238095238095,28.71794871794872,0.5860805860805861,70.91575091575092,0.0,-32.234432234432234,50.5982905982906,-58.41269841269841,19.34065934065934,0.5860805860805861
-17.77777777777778,-24.02930402930403,35.36019536019536,22.857142857142858,0.0,29.499389499389498,-52.94261294261294,-4.493284493284493,45.12820512820513,0.0,-43.17460317460318,-65.44566544566544,0.0,0.9768009768009768,-10.744810744810744,-17.387057387057386,88.4981684981685,0.0,-32.62515262515262,25.592185592185597,-1.7582417582417582,69.35286935286935,0.0,-34.969474969474966,74.04151404151405,-81.07448107448107,17.387057387057386,-1.7582417582417582
-25.982905982905983,-22.466422466422465,37.704517704517706,26.764346764346765,0.0,23.247863247863247,-50.989010989010985,-4.102564102564102,48.64468864468864,0.0,-47.081807081807085,-65.83638583638583,0.0,11.135531135531137,-16.214896214896214,-20.903540903540904,85.76312576312576,0.0,-29.499389499389498,22.466422466422465,-5.274725274725275,70.52503052503053,0.0,-37.31379731379732,38.095238095238095,-43.17460317460318,18.94993894993895,-5.274725274725275
-32.62515262515262,-19.73137973137973,45.90964590964591,24.02930402930403,0.0,18.94993894993895,-44.737484737484735,-2.93040293040293,46.69108669108669,0.0,-49.81684981684982,-67.00854700854701,0.0,20.903540903540904,-16.605616605616607,-22.466422466422465,77.55799755799755,0.0,-25.982905982905983,26.764346764346765,-5.665445665445666,63.49206349206349,0.0,-45.51892551892552,29.10866910866911,-28.71794871794872,19.73137973137973,-5.665445665445666
-38.48595848595848,-22.075702075702075,53.724053724053725,18.55921855921856,0.0,14.261294261294262,-40.43956043956044,-6.056166056166056,44.737484737484735,0.0,-54.5054945054945,-71.30647130647131,0.0,25.982905982905983,-22.075702075702075,-21.294261294261293,72.47863247863248,0.0,-24.42002442002442,27.155067155067155,-4.884004884004884,56.84981684981685,0.0,-53.333333333333336,59.975579975579976,-52.94261294261294,18.168498168498168,-4.884004884004884
-47.081807081807085,-22.466422466422465,58.8034188034188,10.354090354090356,0.0,5.274725274725275,-37.31379731379732,-13.089133089133089,45.90964590964591,0.0,-62.31990231990232,-80.29304029304029,0.0,24.42002442002442,-32.62515262515262,-22.857142857142858,77.16727716727716,0.0,-25.2014652014652,24.42002442002442,-11.135531135531137,57.63125763125763,0.0,-58.41269841269841,72.86935286935287,-63.88278388278388,15.824175824175825,-11.135531135531137
-58.41269841269841,-18.55921855921856,70.13431013431014,-0.5860805860805861,0.0,-4.102564102564102,-32.234432234432234,-14.261294261294262,42.78388278388278,0.0,-70.91575091575092,-89.67032967032966,0.0,19.34065934065934,-38.48595848595848,-23.63858363858364,77.55799755799755,0.0,-31.843711843711844,21.68498168498169,-11.916971916971915,56.45909645909646,0.0,-69.74358974358974,107.64346764346764,-98.65689865689866,11.135531135531137,-11.916971916971915
-62.31990231990232,-9.18192918192918,73.26007326007326,-18.168498168498168,0.0,-3.3211233211233213,-25.982905982905983,-17.387057387057386,31.45299145299145,0.0,-73.65079365079364,-92.014652014652,0.0,26.37362637362637,-46.3003663003663,-25.982905982905983,70.52503052503053,0.0,-29.499389499389498,18.55921855921856,-13.870573870573873,49.42612942612943,0.0,-72.86935286935287,125.22588522588522,-115.84859584859583,5.274725274725275,-13.870573870573873
-72.08791208791209,-6.056166056166056,70.91575091575092,-16.605616605616607,0.0,-9.963369963369964,-26.764346764346765,-23.63858363858364,36.53235653235653,0.0,-79.51159951159951,-99.82905982905984,0.0,28.32722832722833,-55.28693528693529,-31.45299145299145,76.38583638583638,0.0,-31.45299145299145,13.47985347985348,-16.996336996336996,52.94261294261294,0.0,-70.52503052503053,77.55799755799755,-67.78998778998779,2.148962148962149,-16.996336996336996
-79.51159951159951,-4.884004884004884,67.00854700854701,-14.261294261294262,0.0,-11.916971916971915,-27.936507936507937,-26.764346764346765,35.75091575091575,0.0,-83.41880341880342,-99.82905982905984,0.0,36.14163614163614,-61.14774114774115,-38.095238095238095,76.77655677655677,0.0,-33.40659340659341,14.261294261294262,-21.294261294261293,54.5054945054945,0.0,-66.61782661782662,36.92307692307692,-24.42002442002442,2.5396825396825395,-21.294261294261293
-81.85592185592185,0.9768009768009768,65.83638583638583,-20.12210012210012,0.0,-9.18192918192918,-23.63858363858364,-24.81074481074481,24.42002442002442,0.0,-80.68376068376068,-98.65689865689866,0.0,47.472527472527474,-58.41269841269841,-38.48595848595848,63.88278388278388,0.0,-28.71794871794872,22.857142857142858,-20.12210012210012,40.04884004884005,0.0,-65.44566544566544,60.757020757020754,-45.90964590964591,6.446886446886447,-20.12210012210012
-84.98168498168498,5.665445665445666,62.31990231990232,-18.55921855921856,0.0,-8.00976800976801,-24.42002442002442,-24.81074481074481,23.247863247863247,0.0,-76.38583638583638,-102.56410256410255,0.0,52.55189255189255,-56.84981684981685,-39.26739926739927,57.63125763125763,0.0,-22.466422466422465,24.42002442002442,-20.903540903540904,33.40659340659341,0.0,-61.92918192918193,52.94261294261294,-34.969474969474966,8.791208791208792,-20.903540903540904
-90.06105006105007,8.791208791208792,58.02197802197802,-14.261294261294262,0.0,-11.135531135531137,-24.42002442002442,-26.37362637362637,26.37362637362637,0.0,-74.43223443223444,-105.2991452991453,0.0,54.89621489621489,-56.45909645909646,-43.17460317460318,59.1941391941392,0.0,-20.512820512820515,23.63858363858364,-23.247863247863247,33.7973137973138,0.0,-57.63125763125763,-8.4004884004884,24.02930402930403,11.135531135531137,-23.247863247863247
-92.4053724053724,14.652014652014651,60.366300366300365,-17.77777777777778,0.0,-10.744810744810744,-21.294261294261293,-23.247863247863247,22.075702075702075,0.0,-70.91575091575092,-103.34554334554336,0.0,59.1941391941392,-52.55189255189255,-42.002442002442,53.333333333333336,0.0,-14.652014652014651,22.466422466422465,-17.77777777777778,27.936507936507937,0.0,-59.975579975579976,-6.056166056166056,24.81074481074481,8.791208791208792,-17.77777777777778
-95.14041514041514,18.94993894993895,61.92918192918193,-18.94993894993895,0.0,-10.354090354090356,-18.55921855921856,-22.075702075702075,20.12210012210012,0.0,-67.3992673992674,-100.6105006105006,0.0,59.58485958485959,-47.472527472527474,-40.04884004884005,51.37973137973138,0.0,-10.744810744810744,17.77777777777778,-12.307692307692308,27.936507936507937,0.0,-61.53846153846154,24.42002442002442,-0.9768009768009768,4.102564102564102,-12.307692307692308
-103.73626373626374,20.12210012210012,62.71062271062271,-12.307692307692308,0.0,-17.387057387057386,-19.73137973137973,-22.857142857142858,27.545787545787547,0.0,-69.35286935286935,-93.57753357753356,0.0,57.63125763125763,-47.472527472527474,-38.87667887667888,55.67765567765568,0.0,-9.963369963369964,11.916971916971915,-10.354090354090356,36.14163614163614,0.0,-62.31990231990232,-11.135531135531137,41.22100122100122,0.1953601953601953,-10.354090354090356
-111.94139194139194,22.857142857142858,67.78998778998779,-9.18192918192918,0.0,-20.512820512820515,-19.34065934065934,-18.55921855921856,30.28083028083028,0.0,-69.35286935286935,-82.63736263736264,0.0,58.8034188034188,-44.346764346764346,-35.75091575091575,54.89621489621489,0.0,-9.18192918192918,12.307692307692308,-7.228327228327228,37.31379731379732,0.0,-67.3992673992674,-36.92307692307692,75.21367521367522,-1.3675213675213675,-7.228327228327228
-110.76923076923076,31.062271062271066,73.65079365079364,-9.963369963369964,0.0,-18.168498168498168,-13.089133089133089,-13.089133089133089,29.10866910866911,0.0,-64.27350427350427,-70.91575091575092,0.0,62.71062271062271,-35.75091575091575,-30.671550671550676,50.20757020757021,0.0,-2.148962148962149,13.089133089133089,-2.5396825396825395,37.704517704517706,0.0,-73.26007326007326,-13.089133089133089,52.16117216117216,-2.93040293040293,-2.5396825396825395
-110.37851037851038,36.92307692307692,73.65079365079364,-4.102564102564102,0.0,-18.168498168498168,-8.791208791208792,-11.135531135531137,35.75091575091575,0.0,-60.757020757020754,-64.66422466422466,0.0,63.49206349206349,-33.7973137973138,-28.32722832722833,55.67765567765568,0.0,-0.5860805860805861,11.526251526251526,0.1953601953601953,44.737484737484735,0.0,-73.26007326007326,-14.652014652014651,44.346764346764346,-2.93040293040293,0.1953601953601953
-106.86202686202688,41.61172161172161,74.43223443223444,0.9768009768009768,0.0,-18.55921855921856,-3.3211233211233213,-7.228327228327228,41.61172161172161,0.0,-56.45909645909646,-61.14774114774115,0.0,65.83638583638583,-33.40659340659341,-23.63858363858364,62.71062271062271,0.0,0.5860805860805861,8.791208791208792,7.228327228327228,52.16117216117216,0.0,-74.04151404151405,-29.89010989010989,43.56532356532357,-0.5860805860805861,7.228327228327228
-98.65689865689866,51.37973137973138,75.995115995116,-0.9768009768009768,0.0,-14.652014652014651,4.884004884004884,-1.7582417582417582,40.43956043956044,0.0,-49.81684981684982,-56.84981684981685,0.0,70.91575091575092,-28.71794871794872,-16.996336996336996,60.366300366300365,0.0,6.446886446886447,6.446886446886447,16.996336996336996,52.55189255189255,0.0,-75.6043956043956,-34.18803418803419,33.01587301587302,-0.9768009768009768,16.996336996336996
-95.92185592185592,58.41269841269841,72.47863247863248,2.93040293040293,0.0,-16.214896214896214,6.446886446886447,1.3675213675213675,47.86324786324786,0.0,-45.90964590964591,-53.724053724053725,0.0,72.08791208791209,-26.37362637362637,-12.307692307692308,64.27350427350427,0.0,11.526251526251526,1.7582417582417582,25.592185592185597,56.45909645909646,0.0,-72.08791208791209,-10.354090354090356,-0.1953601953601953,-0.9768009768009768,25.592185592185597
-100.21978021978022,58.02197802197802,74.43223443223444,16.605616605616607,0.0,-23.247863247863247,1.7582417582417582,8.00976800976801,63.49206349206349,0.0,-44.737484737484735,-47.472527472527474,0.0,69.74358974358974,-22.466422466422465,-6.837606837606837,67.78998778998779,0.0,16.214896214896214,-2.148962148962149,31.062271062271066,61.14774114774115,0.0,-74.04151404151405,47.472527472527474,-54.89621489621489,-1.3675213675213675,31.062271062271066
-100.21978021978022,67.3992673992674,73.65079365079364,17.77777777777778,0.0,-23.247863247863247,7.619047619047619,9.18192918192918,66.22710622710623,0.0,-38.87667887667888,-34.57875457875458,0.0,70.91575091575092,-12.307692307692308,-9.18192918192918,61.92918192918193,0.0,23.63858363858364,-0.1953601953601953,30.28083028083028,56.45909645909646,0.0,-73.26007326007326,32.234432234432234,-36.14163614163614,-0.9768009768009768,30.28083028083028
-96.7032967032967,71.6971916971917,73.26007326007326,18.55921855921856,0.0,-19.73137973137973,11.916971916971915,10.354090354090356,64.66422466422466,0.0,-36.14163614163614,-20.12210012210012,0.0,72.08791208791209,-2.5396825396825395,-9.963369963369964,54.5054945054945,0.0,30.28083028083028,0.9768009768009768,30.28083028083028,50.5982905982906,0.0,-72.86935286935287,36.92307692307692,-33.01587301587302,-2.93040293040293,30.28083028083028
-99.43833943833944,70.52503052503053,72.47863247863248,28.32722832722833,0.0,-20.12210012210012,12.698412698412698,5.665445665445666,74.82295482295483,0.0,-34.969474969474966,-15.433455433455434,0.0,66.61782661782662,0.1953601953601953,-11.526251526251526,59.58485958485959,0.0,30.28083028083028,-0.1953601953601953,25.592185592185597,58.41269841269841,0.0,-72.08791208791209,-15.042735042735044,21.68498168498169,-4.493284493284493,25.592185592185597
-95.14041514041514,74.43223443223444,73.26007326007326,27.936507936507937,0.0,-13.47985347985348,15.433455433455434,2.5396825396825395,76.38583638583638,0.0,-29.89010989010989,-9.18192918192918,0.0,67.78998778998779,3.3211233211233213,-12.307692307692308,59.975579975579976,0.0,34.18803418803419,0.1953601953601953,22.075702075702075,61.53846153846154,0.0,-72.86935286935287,-56.84981684981685,66.61782661782662,-6.446886446886447,22.075702075702075
-90.06105006105007,78.33943833943835,77.55799755799755,24.02930402930403,0.0,-8.791208791208792,16.214896214896214,4.102564102564102,79.9023199023199,0.0,-25.592185592185597,-6.446886446886447,0.0,69.35286935286935,11.135531135531137,-6.446886446886447,56.84981684981685,0.0,40.43956043956044,4.493284493284493,26.764346764346765,58.02197802197802,0.0,-77.16727716727716,-0.9768009768009768,16.605616605616607,-8.4004884004884,26.764346764346765
-90.45177045177046,77.16727716727716,77.94871794871794,34.57875457875458,0.0,-12.698412698412698,10.744810744810744,5.665445665445666,97.09401709401708,0.0,-22.857142857142858,-2.93040293040293,0.0,65.44566544566544,17.387057387057386,-0.9768009768009768,65.83638583638583,0.0,44.737484737484735,6.837606837606837,30.671550671550676,64.66422466422466,0.0,-77.55799755799755,6.446886446886447,12.307692307692308,-7.228327228327228,30.671550671550676
-90.84249084249085,81.85592185592185,75.21367521367522,47.472527472527474,0.0,-22.857142857142858,15.433455433455434,11.135531135531137,110.76923076923076,0.0,-17.77777777777778,6.056166056166056,0.0,60.757020757020754,27.936507936507937,-0.1953601953601953,72.47863247863248,0.0,49.42612942612943,9.963369963369964,31.062271062271066,69.74358974358974,0.0,-74.82295482295483,-38.48595848595848,60.757020757020754,-4.102564102564102,31.062271062271066
-89.27960927960928,89.27960927960928,75.995115995116,49.81684981684982,0.0,-28.32722832722833,24.02930402930403,18.94993894993895,112.33211233211232,0.0,-11.916971916971915,18.168498168498168,0.0,59.975579975579976,36.14163614163614,2.148962148962149,68.96214896214896,0.0,56.06837606837607,11.916971916971915,33.40659340659341,65.44566544566544,0.0,-75.6043956043956,-19.34065934065934,43.56532356532357,-2.5396825396825395,33.40659340659341
-87.32600732600733,94.74969474969475,75.6043956043956,56.45909645909646,0.0,-28.32722832722833,30.671550671550676,26.764346764346765,111.55067155067157,0.0,-6.446886446886447,27.155067155067155,0.0,58.41269841269841,38.48595848595848,6.446886446886447,70.13431013431014,0.0,59.975579975579976,7.619047619047619,35.36019536019536,69.74358974358974,0.0,-75.21367521367522,7.228327228327228,15.824175824175825,-5.274725274725275,35.36019536019536
-88.1074481074481,97.09401709401708,74.04151404151405,62.71062271062271,0.0,-29.10866910866911,37.31379731379732,27.545787545787547,111.15995115995116,0.0,0.9768009768009768,30.28083028083028,0.0,56.06837606837607,34.969474969474966,7.619047619047619,75.6043956043956,0.0,63.10134310134311,0.1953601953601953,31.062271062271066,80.29304029304029,0.0,-73.65079365079364,-33.7973137973138,54.114774114774114,-7.619047619047619,31.062271062271066
-84.59096459096459,97.87545787545788,76.77655677655677,59.58485958485959,0.0,-24.02930402930403,42.39316239316239,29.499389499389498,103.34554334554336,0.0,8.791208791208792,33.01587301587302,0.0,55.67765567765568,34.969474969474966,10.354090354090356,73.65079365079364,0.0,66.61782661782662,-2.5396825396825395,29.89010989010989,81.46520146520146,0.0,-76.38583638583638,-47.86324786324786,71.30647130647131,-11.916971916971915,29.89010989010989
-77.55799755799755,95.14041514041514,77.55799755799755,57.24053724053724,0.0,-18.94993894993895,43.56532356532357,33.01587301587302,95.53113553113552,0.0,14.652014652014651,36.92307692307692,0.0,58.02197802197802,38.87667887667888,13.870573870573873,68.18070818070818,0.0,71.6971916971917,-2.148962148962149,33.7973137973138,77.55799755799755,0.0,-77.16727716727716,-20.512820512820515,45.90964590964591,-13.47985347985348,33.7973137973138
-73.26007326007326,90.06105006105007,70.91575091575092,63.10134310134311,0.0,-20.903540903540904,42.39316239316239,33.7973137973138,96.31257631257633,0.0,16.605616605616607,42.39316239316239,0.0,57.24053724053724,40.43956043956044,14.261294261294262,65.83638583638583,0.0,73.26007326007326,-3.3211233211233213,33.01587301587302,75.995115995116,0.0,-70.52503052503053,-10.744810744810744,35.75091575091575,-12.307692307692308,33.01587301587302
-70.13431013431014,84.98168498168498,62.71062271062271,67.3992673992674,0.0,-22.857142857142858,39.65811965811966,36.53235653235653,92.7960927960928,0.0,14.261294261294262,49.03540903540904,0.0,58.02197802197802,40.04884004884005,11.135531135531137,62.71062271062271,0.0,71.6971916971917,-4.493284493284493,30.671550671550676,75.21367521367522,0.0,-62.31990231990232,5.274725274725275,18.94993894993895,-11.135531135531137,30.671550671550676
-65.83638583638583,85.37240537240537,58.02197802197802,63.10134310134311,0.0,-19.73137973137973,40.04884004884005,41.61172161172161,79.12087912087912,0.0,14.652014652014651,51.77045177045177,0.0,63.49206349206349,36.92307692307692,11.916971916971915,51.77045177045177,0.0,73.26007326007326,-3.3211233211233213,28.71794871794872,67.78998778998779,0.0,-57.63125763125763,6.446886446886447,15.433455433455434,-8.791208791208792,28.71794871794872
-63.88278388278388,86.93528693528694,47.472527472527474,70.52503052503053,0.0,-15.824175824175825,40.43956043956044,40.43956043956044,76.38583638583638,0.0,15.824175824175825,47.86324786324786,0.0,61.14774114774115,29.499389499389498,15.042735042735044,54.114774114774114,0.0,70.91575091575092,-8.4004884004884,23.247863247863247,75.21367521367522,0.0,-47.081807081807085,-2.148962148962149,16.605616605616607,-8.00976800976801,23.247863247863247
-66.22710622710623,88.88888888888889,40.83028083028083,74.04151404151405,0.0,-17.77777777777778,47.081807081807085,41.22100122100122,67.78998778998779,0.0,20.512820512820515,41.61172161172161,0.0,56.84981684981685,28.71794871794872,13.47985347985348,57.24053724053724,0.0,68.96214896214896,-9.18192918192918,14.652014652014651,83.41880341880342,0.0,-40.43956043956044,-11.526251526251526,24.42002442002442,-10.354090354090356,14.652014652014651
-62.31990231990232,97.09401709401708,42.78388278388278,66.22710622710623,0.0,-15.824175824175825,62.71062271062271,44.346764346764346,52.16117216117216,0.0,27.545787545787547,41.61172161172161,0.0,56.06837606837607,32.234432234432234,18.94993894993895,47.472527472527474,0.0,72.86935286935287,-6.446886446886447,15.433455433455434,74.04151404151405,0.0,-42.39316239316239,-7.228327228327228,19.73137973137973,-11.526251526251526,15.433455433455434
-56.06837606837607,99.04761904761904,41.22100122100122,63.88278388278388,0.0,-15.042735042735044,72.08791208791209,47.081807081807085,45.12820512820513,0.0,30.671550671550676,43.56532356532357,0.0,53.333333333333336,33.01587301587302,25.2014652014652,40.83028083028083,0.0,76.38583638583638,-4.884004884004884,14.652014652014651,66.61782661782662,0.0,-40.83028083028083,-6.837606837606837,19.34065934065934,-12.307692307692308,14.652014652014651
-52.55189255189255,92.4053724053724,35.75091575091575,72.47863247863248,0.0,-20.903540903540904,72.86935286935287,45.51892551892552,50.5982905982906,0.0,29.499389499389498,46.69108669108669,0.0,47.86324786324786,27.936507936507937,23.247863247863247,47.86324786324786,0.0,75.6043956043956,-8.4004884004884,8.4004884004884,72.47863247863248,0.0,-35.36019536019536,-67.00854700854701,79.9023199023199,-14.261294261294262,8.4004884004884
-49.42612942612943,85.76312576312576,32.62515262515262,71.6971916971917,0.0,-24.02930402930403,72.47863247863248,45.51892551892552,47.472527472527474,0.0,24.81074481074481,48.64468864468864,0.0,48.25396825396825,19.73137973137973,19.34065934065934,45.51892551892552,0.0,75.6043956043956,-10.744810744810744,0.1953601953601953,70.52503052503053,0.0,-32.234432234432234,-83.02808302808303,101.3919413919414,-16.605616605616607,0.1953601953601953
-44.737484737484735,78.73015873015873,27.936507936507937,68.18070818070818,0.0,-23.63858363858364,70.91575091575092,43.17460317460318,39.65811965811966,0.0,20.12210012210012,44.737484737484735,0.0,49.81684981684982,9.572649572649572,18.168498168498168,37.31379731379732,0.0,75.995115995116,-14.261294261294262,-11.526251526251526,67.00854700854701,0.0,-27.545787545787547,-39.65811965811966,62.31990231990232,-18.168498168498168,-11.526251526251526
-47.472527472527474,68.57142857142857,20.903540903540904,73.26007326007326,0.0,-25.592185592185597,68.18070818070818,35.75091575091575,37.704517704517706,0.0,19.34065934065934,34.969474969474966,0.0,49.03540903540904,0.1953601953601953,9.18192918192918,37.31379731379732,0.0,71.6971916971917,-21.294261294261293,-25.2014652014652,73.26007326007326,0.0,-20.512820512820515,-78.73015873015873,103.73626373626374,-19.34065934065934,-25.2014652014652
-52.94261294261294,65.83638583638583,16.996336996336996,72.08791208791209,0.0,-26.37362637362637,69.74358974358974,30.28083028083028,28.32722832722833,0.0,18.94993894993895,27.936507936507937,0.0,51.77045177045177,-3.711843711843712,1.7582417582417582,31.062271062271066,0.0,68.18070818070818,-24.42002442002442,-34.57875457875458,73.26007326007326,0.0,-16.605616605616607,-138.1196581196581,164.2979242979243,-17.77777777777778,-34.57875457875458
-54.114774114774114,68.18070818070818,15.433455433455434,62.31990231990232,0.0,-20.12210012210012,70.91575091575092,28.71794871794872,13.089133089133089,0.0,20.903540903540904,22.466422466422465,0.0,57.63125763125763,-5.274725274725275,2.93040293040293,16.996336996336996,0.0,67.3992673992674,-24.42002442002442,-35.75091575091575,66.22710622710623,0.0,-15.042735042735044,-118.97435897435898,143.5897435897436,-16.996336996336996,-35.75091575091575
-55.28693528693529,66.61782661782662,12.698412698412698,59.975579975579976,0.0,-15.433455433455434,67.3992673992674,25.592185592185597,7.228327228327228,0.0,22.075702075702075,22.075702075702075,0.0,59.1941391941392,-4.102564102564102,3.3211233211233213,9.963369963369964,0.0,64.27350427350427,-23.247863247863247,-32.62515262515262,61.53846153846154,0.0,-12.307692307692308,-83.80952380952381,105.68986568986568,-15.433455433455434,-32.62515262515262
-58.8034188034188,63.49206349206349,9.18192918192918,61.14774114774115,0.0,-14.261294261294262,59.975579975579976,24.42002442002442,5.274725274725275,0.0,23.63858363858364,23.247863247863247,0.0,58.41269841269841,-4.493284493284493,-1.7582417582417582,12.698412698412698,0.0,57.63125763125763,-22.075702075702075,-33.01587301587302,63.49206349206349,0.0,-8.791208791208792,-100.6105006105006,120.92796092796092,-13.47985347985348,-33.01587301587302
-59.975579975579976,61.14774114774115,9.963369963369964,51.77045177045177,0.0,-12.698412698412698,58.8034188034188,23.63858363858364,-4.884004884004884,0.0,27.936507936507937,22.075702075702075,0.0,61.14774114774115,-4.102564102564102,-2.5396825396825395,2.5396825396825395,0.0,52.94261294261294,-18.94993894993895,-32.62515262515262,55.67765567765568,0.0,-9.572649572649572,-89.67032967032966,108.03418803418803,-10.354090354090356,-32.62515262515262
-62.31990231990232,56.84981684981685,13.089133089133089,45.51892551892552,0.0,-13.089133089133089,60.757020757020754,20.512820512820515,-13.47985347985348,0.0,33.7973137973138,16.605616605616607,0.0,61.14774114774115,-2.148962148962149,-4.493284493284493,-7.228327228327228,0.0,48.25396825396825,-16.996336996336996,-32.234432234432234,47.86324786324786,0.0,-12.698412698412698,-69.35286935286935,89.27960927960928,-7.619047619047619,-32.234432234432234
-68.96214896214896,51.37973137973138,12.307692307692308,44.737484737484735,0.0,-14.261294261294262,60.366300366300365,15.433455433455434,-19.73137973137973,0.0,40.04884004884005,9.572649572649572,0.0,59.975579975579976,-1.7582417582417582,-9.572649572649572,-9.963369963369964,0.0,42.39316239316239,-17.77777777777778,-36.92307692307692,49.81684981684982,0.0,-11.916971916971915,-59.58485958485959,78.33943833943835,-2.93040293040293,-36.92307692307692
-73.65079365079364,50.20757020757021,13.47985347985348,38.095238095238095,0.0,-13.870573870573873,64.27350427350427,13.089133089133089,-33.01587301587302,0.0,42.78388278388278,7.619047619047619,0.0,61.53846153846154,-0.9768009768009768,-7.228327228327228,-21.68498168498169,0.0,40.43956043956044,-15.042735042735044,-38.87667887667888,44.346764346764346,0.0,-13.089133089133089,-62.71062271062271,79.12087912087912,4.102564102564102,-38.87667887667888
-79.12087912087912,49.03540903540904,16.605616605616607,34.18803418803419,0.0,-15.433455433455434,67.00854700854701,14.261294261294262,-43.56532356532357,0.0,41.61172161172161,7.228327228327228,0.0,60.757020757020754,2.148962148962149,1.3675213675213675,-35.75091575091575,0.0,38.48595848595848,-8.791208791208792,-35.75091575091575,35.36019536019536,0.0,-16.214896214896214,-72.47863247863248,89.67032967032966,13.089133089133089,-35.75091575091575
-80.29304029304029,45.90964590964591,11.135531135531137,36.14163614163614,0.0,-13.089133089133089,62.71062271062271,11.916971916971915,-47.472527472527474,0.0,42.39316239316239,11.526251526251526,0.0,59.975579975579976,-0.1953601953601953,0.5860805860805861,-34.969474969474966,0.0,35.36019536019536,-7.228327228327228,-38.87667887667888,36.53235653235653,0.0,-10.744810744810744,-47.86324786324786,65.05494505494505,17.387057387057386,-38.87667887667888
-83.02808302808303,42.39316239316239,10.354090354090356,38.095238095238095,0.0,-13.47985347985348,59.58485958485959,11.916971916971915,-48.64468864468864,0.0,41.22100122100122,14.261294261294262,0.0,59.1941391941392,-6.837606837606837,2.5396825396825395,-34.57875457875458,0.0,31.843711843711844,-5.274725274725275,-40.83028083028083,34.57875457875458,0.0,-9.963369963369964,-45.90964590964591,63.49206349206349,22.466422466422465,-40.83028083028083
-81.46520146520146,42.78388278388278,15.433455433455434,28.71794871794872,0.0,-12.307692307692308,64.27350427350427,16.996336996336996,-61.14774114774115,0.0,44.737484737484735,17.77777777777778,0.0,65.05494505494505,-10.354090354090356,6.446886446886447,-47.472527472527474,0.0,31.45299145299145,-1.3675213675213675,-37.31379731379732,20.903540903540904,0.0,-15.042735042735044,4.884004884004884,18.55921855921856,23.63858363858364,-37.31379731379732
-79.9023199023199,43.17460317460318,15.824175824175825,24.42002442002442,0.0,-11.916971916971915,66.61782661782662,17.387057387057386,-66.22710622710623,0.0,46.69108669108669,20.12210012210012,0.0,68.18070818070818,-15.042735042735044,4.102564102564102,-52.94261294261294,0.0,28.71794871794872,-3.711843711843712,-36.53235653235653,15.824175824175825,0.0,-15.433455433455434,25.592185592185597,1.3675213675213675,20.903540903540904,-36.53235653235653
-81.46520146520146,44.737484737484735,10.354090354090356,26.37362637362637,0.0,-15.824175824175825,69.35286935286935,15.433455433455434,-66.22710622710623,0.0,47.86324786324786,22.466422466422465,0.0,66.61782661782662,-16.214896214896214,0.9768009768009768,-50.20757020757021,0.0,28.32722832722833,-7.619047619047619,-37.31379731379732,17.387057387057386,0.0,-9.963369963369964,-34.57875457875458,61.14774114774115,21.294261294261293,-37.31379731379732
-80.68376068376068,48.25396825396825,8.4004884004884,19.73137973137973,0.0,-15.824175824175825,71.30647130647131,15.433455433455434,-72.08791208791209,0.0,50.20757020757021,28.32722832722833,0.0,65.44566544566544,-8.00976800976801,3.711843711843712,-59.1941391941392,0.0,30.671550671550676,-6.446886446886447,-34.57875457875458,12.698412698412698,0.0,-8.00976800976801,-45.51892551892552,74.04151404151405,21.68498168498169,-34.57875457875458
-78.73015873015873,52.94261294261294,5.274725274725275,13.870573870573873,0.0,-16.214896214896214,71.30647130647131,14.261294261294262,-73.65079365079364,0.0,50.20757020757021,33.40659340659341,0.0,61.53846153846154,4.102564102564102,7.228327228327228,-66.61782661782662,0.0,32.62515262515262,-4.102564102564102,-31.45299145299145,9.963369963369964,0.0,-4.884004884004884,-15.824175824175825,44.737484737484735,20.903540903540904,-31.45299145299145
-77.55799755799755,54.114774114774114,2.93040293040293,16.605616605616607,0.0,-15.824175824175825,69.74358974358974,10.354090354090356,-65.05494505494505,0.0,51.37973137973138,38.095238095238095,0.0,57.24053724053724,14.652014652014651,7.619047619047619,-63.88278388278388,0.0,34.57875457875458,-1.3675213675213675,-31.062271062271066,15.433455433455434,0.0,-2.5396825396825395,-37.704517704517706,64.66422466422466,22.857142857142858,-31.062271062271066
-77.55799755799755,55.67765567765568,11.526251526251526,13.089133089133089,0.0,-15.824175824175825,71.6971916971917,13.089133089133089,-64.66422466422466,0.0,55.67765567765568,41.61172161172161,0.0,56.84981684981685,20.512820512820515,13.089133089133089,-70.13431013431014,0.0,35.75091575091575,4.102564102564102,-27.936507936507937,9.963369963369964,0.0,-11.135531135531137,-62.31990231990232,91.23321123321124,28.32722832722833,-27.936507936507937
-77.16727716727716,58.41269841269841,21.68498168498169,8.4004884004884,0.0,-16.605616605616607,78.33943833943835,19.73137973137973,-68.57142857142857,0.0,58.02197802197802,46.3003663003663,0.0,60.366300366300365,23.247863247863247,19.34065934065934,-79.12087912087912,0.0,40.04884004884005,8.4004884004884,-25.2014652014652,1.3675213675213675,0.0,-21.294261294261293,-29.10866910866911,63.10134310134311,33.40659340659341,-25.2014652014652
-78.73015873015873,59.58485958485959,25.592185592185597,12.698412698412698,0.0,-17.77777777777778,83.02808302808303,24.42002442002442,-67.78998778998779,0.0,59.975579975579976,50.989010989010985,0.0,63.88278388278388,20.903540903540904,20.903540903540904,-79.12087912087912,0.0,42.002442002442,8.791208791208792,-24.02930402930403,0.1953601953601953,0.0,-25.2014652014652,10.354090354090356,28.32722832722833,36.53235653235653,-24.02930402930403
-83.41880341880342,59.58485958485959,24.81074481074481,18.55921855921856,0.0,-20.12210012210012,82.24664224664225,27.936507936507937,-67.3992673992674,0.0,59.975579975579976,56.84981684981685,0.0,64.66422466422466,19.73137973137973,18.94993894993895,-79.12087912087912,0.0,43.56532356532357,8.791208791208792,-27.155067155067155,0.5860805860805861,0.0,-24.42002442002442,-16.605616605616607,61.92918192918193,41.22100122100122,-27.155067155067155
-84.59096459096459,57.24053724053724,22.857142857142858,19.73137973137973,0.0,-22.857142857142858,81.46520146520146,30.671550671550676,-71.30647130647131,0.0,58.41269841269841,64.66422466422466,0.0,64.27350427350427,25.592185592185597,20.12210012210012,-86.15384615384616,0.0,44.346764346764346,11.916971916971915,-27.155067155067155,-4.493284493284493,0.0,-22.466422466422465,-33.40659340659341,84.98168498168498,46.3003663003663,-27.155067155067155
-84.98168498168498,52.94261294261294,20.512820512820515,25.2014652014652,0.0,-27.155067155067155,78.73015873015873,30.671550671550676,-65.83638583638583,0.0,55.28693528693529,68.96214896214896,0.0,65.05494505494505,30.28083028083028,21.294261294261293,-88.4981684981685,0.0,44.346764346764346,14.652014652014651,-24.02930402930403,-5.274725274725275,0.0,-20.12210012210012,-18.94993894993895,75.21367521367522,49.03540903540904,-24.02930402930403
-85.76312576312576,44.737484737484735,21.294261294261293,34.18803418803419,0.0,-33.01587301587302,74.04151404151405,29.10866910866911,-53.724053724053725,0.0,50.989010989010985,71.6971916971917,0.0,63.88278388278388,32.62515262515262,20.512820512820515,-86.93528693528694,0.0,43.56532356532357,15.433455433455434,-22.075702075702075,-4.884004884004884,0.0,-20.903540903540904,-16.605616605616607,77.55799755799755,53.724053724053725,-22.075702075702075
-88.88888888888889,36.14163614163614,29.499389499389498,39.26739926739927,0.0,-44.346764346764346,73.65079365079364,31.843711843711844,-44.346764346764346,0.0,47.86324786324786,69.74358974358974,0.0,61.92918192918193,28.32722832722833,27.936507936507937,-86.93528693528694,0.0,40.04884004884005,16.996336996336996,-15.433455433455434,-8.4004884004884,0.0,-29.10866910866911,0.1953601953601953,64.27350427350427,60.366300366300365,-15.433455433455434
-85.76312576312576,33.01587301587302,35.36019536019536,36.53235653235653,0.0,-45.90964590964591,74.43223443223444,33.7973137973138,-40.83028083028083,0.0,43.17460317460318,69.35286935286935,0.0,67.78998778998779,18.94993894993895,33.01587301587302,-86.15384615384616,0.0,41.22100122100122,16.605616605616607,-11.135531135531137,-12.307692307692308,0.0,-34.969474969474966,27.545787545787547,38.87667887667888,58.8034188034188,-11.135531135531137
-84.98168498168498,25.2014652014652,35.75091575091575,46.69108669108669,0.0,-53.724053724053725,69.74358974358974,32.62515262515262,-24.42002442002442,0.0,35.36019536019536,68.18070818070818,0.0,64.27350427350427,7.619047619047619,34.969474969474966,-75.21367521367522,0.0,38.095238095238095,9.18192918192918,-8.00976800976801,-6.837606837606837,0.0,-35.36019536019536,-5.665445665445666,72.47863247863248,55.67765567765568,-8.00976800976801
-83.02808302808303,15.824175824175825,34.57875457875458,53.724053724053725,0.0,-60.366300366300365,63.88278388278388,33.01587301587302,-12.698412698412698,0.0,29.499389499389498,71.6971916971917,0.0,58.41269841269841,4.102564102564102,34.969474969474966,-70.91575091575092,0.0,33.01587301587302,5.274725274725275,-6.446886446886447,-4.884004884004884,0.0,-34.18803418803419,-22.075702075702075,86.15384615384616,54.114774114774114,-6.446886446886447
-75.995115995116,13.089133089133089,37.704517704517706,49.81684981684982,0.0,-61.92918192918193,61.14774114774115,39.26739926739927,-12.698412698412698,0.0,22.857142857142858,78.73015873015873,0.0,54.89621489621489,9.18192918192918,41.22100122100122,-77.55799755799755,0.0,32.62515262515262,7.228327228327228,-0.9768009768009768,-10.744810744810744,0.0,-37.31379731379732,33.01587301587302,30.671550671550676,50.989010989010985,-0.9768009768009768
-73.26007326007326,4.884004884004884,38.48595848595848,54.89621489621489,0.0,-67.78998778998779,55.67765567765568,43.56532356532357,-3.711843711843712,0.0,15.042735042735044,83.80952380952381,0.0,47.081807081807085,12.307692307692308,42.78388278388278,-77.55799755799755,0.0,30.28083028083028,4.884004884004884,0.9768009768009768,-10.744810744810744,0.0,-38.095238095238095,42.002442002442,21.68498168498169,49.81684981684982,0.9768009768009768
-74.43223443223444,-2.148962148962149,40.43956043956044,59.1941391941392,0.0,-75.6043956043956,48.25396825396825,48.25396825396825,2.5396825396825395,0.0,6.837606837606837,84.98168498168498,0.0,40.43956043956044,9.963369963369964,42.002442002442,-72.08791208791209,0.0,28.32722832722833,0.9768009768009768,0.5860805860805861,-8.4004884004884,0.0,-40.04884004884005,3.711843711843712,61.14774114774115,50.20757020757021,0.5860805860805861
-72.08791208791209,-4.102564102564102,43.95604395604396,52.94261294261294,0.0,-78.73015873015873,46.69108669108669,55.67765567765568,-2.148962148962149,0.0,2.148962148962149,82.63736263736264,0.0,39.65811965811966,4.493284493284493,43.95604395604396,-68.96214896214896,0.0,29.89010989010989,-0.9768009768009768,2.5396825396825395,-10.354090354090356,0.0,-43.56532356532357,16.214896214896214,51.37973137973138,47.472527472527474,2.5396825396825395
-70.91575091575092,-5.274725274725275,45.90964590964591,47.081807081807085,0.0,-81.46520146520146,45.12820512820513,57.63125763125763,-4.102564102564102,0.0,-0.9768009768009768,76.38583638583638,0.0,40.83028083028083,-3.711843711843712,40.43956043956044,-59.975579975579976,0.0,31.843711843711844,-5.665445665445666,1.7582417582417582,-9.572649572649572,0.0,-45.51892551892552,51.77045177045177,18.168498168498168,43.56532356532357,1.7582417582417582
-73.26007326007326,-9.572649572649572,43.17460317460318,50.989010989010985,0.0,-90.84249084249085,43.17460317460318,54.5054945054945,4.102564102564102,0.0,-2.5396825396825395,67.3992673992674,0.0,37.31379731379732,-13.870573870573873,34.57875457875458,-46.69108669108669,0.0,29.89010989010989,-13.47985347985348,0.9768009768009768,-5.274725274725275,0.0,-42.78388278388278,23.247863247863247,46.69108669108669,40.43956043956044,0.9768009768009768
-71.30647130647131,-10.744810744810744,41.22100122100122,47.472527472527474,0.0,-98.65689865689866,45.90964590964591,53.724053724053725,4.493284493284493,0.0,-2.148962148962149,63.88278388278388,0.0,33.01587301587302,-15.824175824175825,29.89010989010989,-43.95604395604396,0.0,26.764346764346765,-9.963369963369964,-0.9768009768009768,-11.526251526251526,0.0,-40.83028083028083,-9.18192918192918,82.24664224664225,41.61172161172161,-0.9768009768009768
-70.13431013431014,-9.18192918192918,40.43956043956044,39.26739926739927,0.0,-103.34554334554336,47.081807081807085,49.81684981684982,5.665445665445666,0.0,-0.5860805860805861,62.31990231990232,0.0,27.936507936507937,-15.433455433455434,26.37362637362637,-43.95604395604396,0.0,26.37362637362637,-4.493284493284493,-5.274725274725275,-19.73137973137973,0.0,-40.04884004884005,32.62515262515262,43.95604395604396,44.737484737484735,-5.274725274725275
-69.35286935286935,-12.307692307692308,42.002442002442,36.92307692307692,0.0,-109.98778998778998,42.39316239316239,48.25396825396825,15.042735042735044,0.0,-0.1953601953601953,59.58485958485959,0.0,21.68498168498169,-18.168498168498168,22.857142857142858,-38.48595848595848,0.0,26.764346764346765,-2.93040293040293,-9.18192918192918,-25.2014652014652,0.0,-41.61172161172161,58.8034188034188,22.466422466422465,45.51892551892552,-9.18192918192918
-67.00854700854701,-16.605616605616607,41.22100122100122,38.48595848595848,0.0,-112.72283272283272,34.18803418803419,48.64468864468864,25.2014652014652,0.0,0.1953601953601953,56.06837606837607,0.0,16.214896214896214,-22.857142857142858,20.903540903540904,-31.843711843711844,0.0,25.2014652014652,-3.3211233211233213,-12.307692307692308,-24.81074481074481,0.0,-40.83028083028083,59.58485958485959,21.68498168498169,46.69108669108669,-12.307692307692308
-61.92918192918193,-18.94993894993895,44.346764346764346,33.7973137973138,0.0,-111.94139194139194,31.062271062271066,51.37973137973138,26.764346764346765,0.0,0.5860805860805861,52.16117216117216,0.0,16.996336996336996,-27.936507936507937,17.77777777777778,-26.764346764346765,0.0,25.982905982905983,-4.493284493284493,-15.042735042735044,-24.81074481074481,0.0,-43.95604395604396,73.26007326007326,4.884004884004884,44.737484737484735,-15.042735042735044
-58.02197802197802,-24.02930402930403,43.95604395604396,37.31379731379732,0.0,-116.63003663003664,28.32722832722833,51.37973137973138,34.969474969474966,0.0,-0.5860805860805861,44.346764346764346,0.0,15.824175824175825,-34.969474969474966,14.261294261294262,-16.996336996336996,0.0,24.81074481074481,-10.744810744810744,-15.433455433455434,-18.168498168498168,0.0,-43.56532356532357,77.16727716727716,-0.5860805860805861,36.53235653235653,-15.433455433455434
-57.24053724053724,-29.10866910866911,38.87667887667888,43.95604395604396,0.0,-122.1001221001221,25.592185592185597,50.5982905982906,41.61172161172161,0.0,-4.884004884004884,38.87667887667888,0.0,12.698412698412698,-42.78388278388278,13.47985347985348,-12.698412698412698,0.0,17.77777777777778,-19.73137973137973,-15.433455433455434,-10.354090354090356,0.0,-38.48595848595848,92.7960927960928,-19.34065934065934,27.155067155067155,-15.433455433455434
-56.84981684981685,-25.2014652014652,32.234432234432234,33.40659340659341,0.0,-126.007326007326,32.234432234432234,44.346764346764346,31.843711843711844,0.0,-7.228327228327228,38.48595848595848,0.0,12.307692307692308,-41.61172161172161,6.056166056166056,-19.73137973137973,0.0,11.135531135531137,-18.168498168498168,-21.294261294261293,-13.089133089133089,0.0,-31.843711843711844,63.49206349206349,7.228327228327228,22.075702075702075,-21.294261294261293
-54.114774114774114,-25.982905982905983,28.32722832722833,25.2014652014652,0.0,-127.96092796092796,36.92307692307692,39.26739926739927,24.42002442002442,0.0,-9.963369963369964,38.48595848595848,0.0,12.307692307692308,-42.39316239316239,5.665445665445666,-28.32722832722833,0.0,8.4004884004884,-18.168498168498168,-19.73137973137973,-20.903540903540904,0.0,-27.936507936507937,54.114774114774114,16.605616605616607,18.55921855921856,-19.73137973137973
-54.89621489621489,-26.37362637362637,19.34065934065934,29.499389499389498,0.0,-130.6959706959707,36.14163614163614,29.89010989010989,31.062271062271066,0.0,-12.698412698412698,33.40659340659341,0.0,8.4004884004884,-48.25396825396825,0.1953601953601953,-18.55921855921856,0.0,0.5860805860805861,-18.55921855921856,-23.63858363858364,-14.652014652014651,0.0,-18.94993894993895,-0.5860805860805861,63.10134310134311,20.12210012210012,-23.63858363858364
-49.81684981684982,-24.81074481074481,16.996336996336996,26.764346764346765,0.0,-126.7887667887668,36.53235653235653,26.37362637362637,31.843711843711844,0.0,-12.307692307692308,31.062271062271066,0.0,10.354090354090356,-52.55189255189255,-5.274725274725275,-11.526251526251526,0.0,-3.711843711843712,-11.526251526251526,-26.37362637362637,-15.433455433455434,0.0,-16.605616605616607,-18.168498168498168,63.49206349206349,31.45299145299145,-26.37362637362637
-41.61172161172161,-24.42002442002442,18.94993894993895,21.294261294261293,0.0,-121.7094017094017,39.26739926739927,27.936507936507937,27.936507936507937,0.0,-14.261294261294262,25.592185592185597,0.0,11.526251526251526,-54.89621489621489,-2.93040293040293,-12.698412698412698,0.0,-6.446886446886447,-1.7582417582417582,-21.294261294261293,-27.155067155067155,0.0,-18.55921855921856,44.346764346764346,-13.089133089133089,40.04884004884005,-21.294261294261293
-35.75091575091575,-24.81074481074481,19.34065934065934,25.2014652014652,0.0,-115.45787545787546,36.53235653235653,28.32722832722833,33.7973137973138,0.0,-16.214896214896214,19.34065934065934,0.0,8.791208791208792,-57.63125763125763,-2.93040293040293,-6.446886446886447,0.0,-13.870573870573873,4.884004884004884,-19.34065934065934,-28.71794871794872,0.0,-18.94993894993895,46.3003663003663,-29.499389499389498,48.64468864468864,-19.34065934065934
-31.843711843711844,-24.81074481074481,18.55921855921856,22.857142857142858,0.0,-106.86202686202688,34.57875457875458,24.42002442002442,31.45299145299145,0.0,-16.996336996336996,17.387057387057386,0.0,10.744810744810744,-58.02197802197802,-5.665445665445666,-9.572649572649572,0.0,-19.73137973137973,11.135531135531137,-22.466422466422465,-30.671550671550676,0.0,-18.168498168498168,7.228327228327228,-2.5396825396825395,55.67765567765568,-22.466422466422465
-27.155067155067155,-24.81074481074481,22.466422466422465,13.47985347985348,0.0,-96.31257631257633,35.36019536019536,23.247863247863247,19.73137973137973,0.0,-15.824175824175825,16.214896214896214,0.0,14.261294261294262,-52.16117216117216,-5.665445665445666,-22.466422466422465,0.0,-19.73137973137973,15.433455433455434,-19.73137973137973,-41.61172161172161,0.0,-22.075702075702075,34.57875457875458,-31.45299145299145,56.84981684981685,-19.73137973137973
-27.936507936507937,-25.982905982905983,27.936507936507937,9.18192918192918,0.0,-86.54456654456655,34.969474969474966,18.55921855921856,14.261294261294262,0.0,-16.214896214896214,15.042735042735044,0.0,15.824175824175825,-48.64468864468864,-6.056166056166056,-27.936507936507937,0.0,-20.512820512820515,16.605616605616607,-19.73137973137973,-42.39316239316239,0.0,-27.545787545787547,79.9023199023199,-75.6043956043956,54.89621489621489,-19.73137973137973
-29.499389499389498,-25.2014652014652,29.499389499389498,6.446886446886447,0.0,-79.9023199023199,35.75091575091575,9.18192918192918,15.042735042735044,0.0,-15.433455433455434,9.18192918192918,0.0,16.214896214896214,-50.20757020757021,-13.47985347985348,-21.294261294261293,0.0,-23.63858363858364,15.433455433455434,-25.2014652014652,-34.18803418803419,0.0,-29.10866910866911,63.10134310134311,-62.31990231990232,52.94261294261294,-25.2014652014652
-28.71794871794872,-21.68498168498169,32.62515262515262,-2.148962148962149,0.0,-73.26007326007326,38.48595848595848,5.665445665445666,6.837606837606837,0.0,-16.996336996336996,3.711843711843712,0.0,15.042735042735044,-47.86324786324786,-17.387057387057386,-22.466422466422465,0.0,-23.63858363858364,18.94993894993895,-27.545787545787547,-39.26739926739927,0.0,-32.234432234432234,52.16117216117216,-53.333333333333336,52.55189255189255,-27.545787545787547
-25.2014652014652,-20.512820512820515,34.969474969474966,-9.18192918192918,0.0,-67.78998778998779,41.61172161172161,4.493284493284493,0.1953601953601953,0.0,-16.605616605616607,0.1953601953601953,0.0,13.089133089133089,-43.17460317460318,-17.387057387057386,-24.81074481074481,0.0,-23.247863247863247,24.02930402930403,-28.32722832722833,-43.56532356532357,0.0,-34.57875457875458,88.1074481074481,-90.45177045177046,52.16117216117216,-28.32722832722833
-21.294261294261293,-19.73137973137973,31.843711843711844,-8.00976800976801,0.0,-62.31990231990232,40.83028083028083,1.3675213675213675,1.3675213675213675,0.0,-13.089133089133089,-3.711843711843712,0.0,9.18192918192918,-37.704517704517706,-21.294261294261293,-20.512820512820515,0.0,-23.63858363858364,30.671550671550676,-35.75091575091575,-40.83028083028083,0.0,-31.45299145299145,113.5042735042735,-116.23931623931624,54.5054945054945,-35.75091575091575
-18.168498168498168,-21.294261294261293,27.936507936507937,-8.791208791208792,0.0,-55.67765567765568,38.87667887667888,-0.5860805860805861,-3.711843711843712,0.0,-6.056166056166056,-1.3675213675213675,0.0,5.274725274725275,-28.71794871794872,-22.857142857142858,-22.857142857142858,0.0,-23.63858363858364,36.92307692307692,-40.43956043956044,-42.39316239316239,0.0,-27.545787545787547,131.08669108669108,-132.25885225885227,58.02197802197802,-40.43956043956044
-17.77777777777778,-21.68498168498169,28.71794871794872,-12.307692307692308,0.0,-52.55189255189255,39.26739926739927,0.9768009768009768,-12.307692307692308,0.0,0.9768009768009768,-0.5860805860805861,0.0,2.148962148962149,-15.824175824175825,-17.387057387057386,-32.62515262515262,0.0,-21.294261294261293,45.12820512820513,-38.095238095238095,-49.03540903540904,0.0,-28.32722832722833,149.05982905982907,-147.49694749694748,60.757020757020754,-38.095238095238095
-19.73137973137973,-23.63858363858364,24.81074481074481,-9.572649572649572,0.0,-51.37973137973138,34.969474969474966,-3.3211233211233213,-8.791208791208792,0.0,6.056166056166056,-0.1953601953601953,0.0,-6.056166056166056,-10.354090354090356,-14.261294261294262,-28.32722832722833,0.0,-21.68498168498169,45.90964590964591,-36.92307692307692,-47.081807081807085,0.0,-24.42002442002442,145.54334554334554,-143.5897435897436,59.975579975579976,-36.92307692307692
-21.294261294261293,-24.81074481074481,22.857142857142858,-11.916971916971915,0.0,-52.16117216117216,33.01587301587302,-8.00976800976801,-9.18192918192918,0.0,6.837606837606837,0.5860805860805861,0.0,-15.824175824175825,-5.665445665445666,-13.47985347985348,-24.81074481074481,0.0,-22.857142857142858,48.25396825396825,-38.87667887667888,-47.081807081807085,0.0,-22.466422466422465,129.52380952380952,-126.007326007326,58.41269841269841,-38.87667887667888
-15.433455433455434,-20.903540903540904,24.81074481074481,-26.37362637362637,0.0,-47.081807081807085,38.095238095238095,-7.619047619047619,-22.857142857142858,0.0,11.135531135531137,1.3675213675213675,0.0,-19.34065934065934,2.5396825396825395,-6.837606837606837,-36.53235653235653,0.0,-17.387057387057386,54.114774114774114,-35.75091575091575,-61.14774114774115,0.0,-24.42002442002442,138.1196581196581,-133.43101343101344,55.67765567765568,-35.75091575091575
-6.446886446886447,-18.94993894993895,24.42002442002442,-33.7973137973138,0.0,-36.14163614163614,40.83028083028083,-9.572649572649572,-31.062271062271066,0.0,19.73137973137973,5.274725274725275,0.0,-20.512820512820515,11.526251526251526,-4.493284493284493,-44.346764346764346,0.0,-11.526251526251526,61.14774114774115,-36.53235653235653,-70.91575091575092,0.0,-24.02930402930403,154.52991452991452,-149.05982905982907,55.28693528693529,-36.53235653235653
-2.93040293040293,-18.168498168498168,19.73137973137973,-29.499389499389498,0.0,-28.71794871794872,42.78388278388278,-15.824175824175825,-29.89010989010989,0.0,27.155067155067155,7.228327228327228,0.0,-25.2014652014652,18.55921855921856,-6.056166056166056,-42.39316239316239,0.0,-11.526251526251526,65.44566544566544,-39.65811965811966,-68.96214896214896,0.0,-19.34065934065934,105.2991452991453,-99.82905982905984,54.114774114774114,-39.65811965811966
0.1953601953601953,-15.042735042735044,14.652014652014651,-26.37362637362637,0.0,-18.94993894993895,43.17460317460318,-17.387057387057386,-33.7973137973138,0.0,40.04884004884005,9.963369963369964,0.0,-26.764346764346765,28.71794871794872,-3.711843711843712,-46.3003663003663,0.0,-9.963369963369964,70.13431013431014,-37.31379731379732,-70.52503052503053,0.0,-14.261294261294262,99.43833943833944,-97.48473748473748,55.28693528693529,-37.31379731379732
2.148962148962149,-14.652014652014651,12.307692307692308,-24.42002442002442,0.0,-12.698412698412698,39.26739926739927,-13.47985347985348,-37.31379731379732,0.0,49.42612942612943,12.698412698412698,0.0,-28.32722832722833,39.26739926739927,0.1953601953601953,-49.81684981684982,0.0,-8.4004884004884,72.86935286935287,-28.71794871794872,-73.26007326007326,0.0,-11.916971916971915,159.6092796092796,-158.04639804639805,52.55189255189255,-28.71794871794872
0.1953601953601953,-16.214896214896214,8.00976800976801,-15.824175824175825,0.0,-12.698412698412698,31.45299145299145,-12.307692307692308,-30.28083028083028,0.0,54.5054945054945,13.870573870573873,0.0,-36.53235653235653,43.95604395604396,1.3675213675213675,-40.83028083028083,0.0,-10.744810744810744,68.96214896214896,-23.247863247863247,-65.05494505494505,0.0,-7.619047619047619,124.44444444444444,-129.13308913308913,51.37973137973138,-23.247863247863247
0.5860805860805861,-14.261294261294262,4.102564102564102,-16.996336996336996,0.0,-12.307692307692308,29.499389499389498,-10.354090354090356,-33.40659340659341,0.0,61.53846153846154,15.042735042735044,0.0,-39.26739926739927,49.42612942612943,1.7582417582417582,-40.43956043956044,0.0,-8.791208791208792,65.05494505494505,-19.34065934065934,-64.27350427350427,0.0,-3.711843711843712,68.96214896214896,-80.68376068376068,48.64468864468864,-19.34065934065934
5.665445665445666,-13.47985347985348,5.665445665445666,-26.37362637362637,0.0,-3.3211233211233213,28.32722832722833,-7.619047619047619,-45.51892551892552,0.0,71.6971916971917,15.824175824175825,0.0,-37.31379731379732,60.757020757020754,4.493284493284493,-51.77045177045177,0.0,-3.3211233211233213,63.10134310134311,-11.526251526251526,-71.30647130647131,0.0,-5.274725274725275,95.53113553113552,-112.72283272283272,46.69108669108669,-11.526251526251526
9.18192918192918,-13.870573870573873,5.665445665445666,-30.28083028083028,0.0,4.884004884004884,24.42002442002442,-9.18192918192918,-49.81684981684982,0.0,79.9023199023199,15.433455433455434,0.0,-36.53235653235653,69.74358974358974,5.274725274725275,-59.1941391941392,0.0,0.1953601953601953,61.53846153846154,-10.354090354090356,-71.30647130647131,0.0,-5.274725274725275,138.9010989010989,-158.82783882783883,43.95604395604396,-10.354090354090356
9.572649572649572,-16.996336996336996,1.3675213675213675,-26.764346764346765,0.0,8.4004884004884,22.466422466422465,-15.433455433455434,-49.03540903540904,0.0,87.32600732600733,14.652014652014651,0.0,-36.14163614163614,74.82295482295483,2.5396825396825395,-59.58485958485959,0.0,0.1953601953601953,58.8034188034188,-11.916971916971915,-63.88278388278388,0.0,-0.9768009768009768,129.9145299145299,-154.52991452991452,43.95604395604396,-11.916971916971915
13.47985347985348,-20.512820512820515,0.5860805860805861,-31.45299145299145,0.0,15.042735042735044,22.075702075702075,-16.214896214896214,-59.1941391941392,0.0,95.53113553113552,15.042735042735044,0.0,-30.671550671550676,81.46520146520146,4.493284493284493,-69.74358974358974,0.0,1.3675213675213675,59.58485958485959,-10.744810744810744,-65.05494505494505,0.0,-0.1953601953601953,120.14652014652016,-143.98046398046398,42.78388278388278,-10.744810744810744
15.433455433455434,-24.42002442002442,-1.7582417582417582,-29.10866910866911,0.0,16.214896214896214,19.73137973137973,-14.652014652014651,-63.49206349206349,0.0,100.21978021978022,16.605616605616607,0.0,-31.062271062271066,87.32600732600733,6.056166056166056,-71.6971916971917,0.0,2.5396825396825395,57.24053724053724,-8.4004884004884,-60.366300366300365,0.0,2.148962148962149,122.88156288156289,-148.66910866910868,41.22100122100122,-8.4004884004884
15.042735042735044,-26.764346764346765,-5.665445665445666,-24.42002442002442,0.0,15.824175824175825,19.73137973137973,-12.698412698412698,-65.44566544566544,0.0,101.3919413919414,17.77777777777778,0.0,-32.62515262515262,86.15384615384616,7.228327228327228,-68.57142857142857,0.0,0.5860805860805861,52.55189255189255,-5.665445665445666,-54.5054945054945,0.0,6.056166056166056,99.82905982905984,-131.4774114774115,39.65811965811966,-5.665445665445666
15.824175824175825,-22.857142857142858,-7.228327228327228,-26.764346764346765,0.0,22.075702075702075,22.075702075702075,-9.963369963369964,-76.38583638583638,0.0,103.73626373626374,16.605616605616607,0.0,-31.843711843711844,87.71672771672772,9.572649572649572,-71.30647130647131,0.0,-0.1953601953601953,49.42612942612943,-0.5860805860805861,-54.5054945054945,0.0,7.619047619047619,90.45177045177046,-131.4774114774115,38.87667887667888,-0.5860805860805861
18.168498168498168,-17.387057387057386,-6.056166056166056,-29.10866910866911,0.0,29.499389499389498,24.02930402930403,-6.446886446886447,-83.02808302808303,0.0,105.2991452991453,12.698412698412698,0.0,-33.40659340659341,94.74969474969475,14.652014652014651,-72.47863247863248,0.0,0.5860805860805861,49.42612942612943,8.4004884004884,-55.67765567765568,0.0,6.446886446886447,71.6971916971917,-122.88156288156289,37.704517704517706,8.4004884004884
17.77777777777778,-13.089133089133089,-5.274725274725275,-22.857142857142858,0.0,35.36019536019536,23.63858363858364,-6.837606837606837,-76.77655677655677,0.0,103.73626373626374,8.791208791208792,0.0,-36.53235653235653,97.48473748473748,18.94993894993895,-61.92918192918193,0.0,-2.148962148962149,49.81684981684982,18.55921855921856,-48.64468864468864,0.0,5.665445665445666,101.3919413919414,-158.04639804639805,34.57875457875458,18.55921855921856
17.77777777777778,-9.572649572649572,-6.446886446886447,-16.996336996336996,0.0,41.22100122100122,21.68498168498169,-9.963369963369964,-69.74358974358974,0.0,102.17338217338218,5.665445665445666,0.0,-38.87667887667888,98.65689865689866,19.73137973137973,-47.472527472527474,0.0,-4.493284493284493,50.20757020757021,24.02930402930403,-37.704517704517706,0.0,6.837606837606837,95.14041514041514,-155.3113553113553,30.671550671550676,24.02930402930403
21.68498168498169,-2.93040293040293,-5.274725274725275,-24.42002442002442,0.0,50.20757020757021,22.466422466422465,-9.963369963369964,-75.21367521367522,0.0,101.001221001221,4.493284493284493,0.0,-35.75091575091575,102.95482295482296,19.34065934065934,-46.3003663003663,0.0,-2.5396825396825395,53.724053724053725,27.155067155067155,-37.31379731379732,0.0,5.665445665445666,134.21245421245422,-192.8205128205128,26.37362637362637,27.155067155067155
22.857142857142858,0.5860805860805861,-8.791208791208792,-26.37362637362637,0.0,52.94261294261294,20.903540903540904,-11.916971916971915,-73.26007326007326,0.0,93.57753357753356,4.102564102564102,0.0,-35.36019536019536,99.82905982905984,18.168498168498168,-40.04884004884005,0.0,-2.93040293040293,49.81684981684982,27.545787545787547,-30.671550671550676,0.0,9.18192918192918,135.3846153846154,-193.6019536019536,19.73137973137973,27.545787545787547
19.34065934065934,3.711843711843712,-16.605616605616607,-24.42002442002442,0.0,52.55189255189255,15.433455433455434,-16.605616605616607,-69.74358974358974,0.0,84.2002442002442,0.1953601953601953,0.0,-34.969474969474966,89.27960927960928,10.744810744810744,-29.499389499389498,0.0,-4.493284493284493,40.43956043956044,19.73137973137973,-19.34065934065934,0.0,16.996336996336996,68.96214896214896,-131.86813186813183,14.652014652014651,19.73137973137973
20.12210012210012,4.884004884004884,-22.075702075702075,-31.45299145299145,0.0,57.63125763125763,11.916971916971915,-19.73137973137973,-77.55799755799755,0.0,75.6043956043956,-4.493284493284493,0.0,-29.10866910866911,78.73015873015873,3.711843711843712,-31.843711843711844,0.0,-2.148962148962149,29.89010989010989,15.042735042735044,-20.512820512820515,0.0,22.466422466422465,59.975579975579976,-124.83516483516485,9.572649572649572,15.042735042735044
21.294261294261293,1.3675213675213675,-27.155067155067155,-32.234432234432234,0.0,56.84981684981685,9.18192918192918,-21.294261294261293,-81.07448107448107,0.0,64.66422466422466,-8.791208791208792,0.0,-25.592185592185597,71.6971916971917,3.711843711843712,-35.75091575091575,0.0,-1.3675213675213675,21.294261294261293,17.387057387057386,-23.63858363858364,0.0,27.545787545787547,96.31257631257633,-159.6092796092796,4.102564102564102,17.387057387057386
20.12210012210012,-6.446886446886447,-34.969474969474966,-22.075702075702075,0.0,51.77045177045177,1.7582417582417582,-24.81074481074481,-72.86935286935287,0.0,52.55189255189255,-10.744810744810744,0.0,-27.545787545787547,66.61782661782662,-0.5860805860805861,-25.982905982905983,0.0,-2.93040293040293,12.698412698412698,18.55921855921856,-17.387057387057386,0.0,35.36019536019536,90.45177045177046,-148.2783882783883,0.5860805860805861,18.55921855921856
21.294261294261293,-14.261294261294262,-40.04884004884005,-21.294261294261293,0.0,47.081807081807085,-2.148962148962149,-27.155067155067155,-72.47863247863248,0.0,42.002442002442,-10.744810744810744,0.0,-31.062271062271066,67.3992673992674,-3.711843711843712,-23.247863247863247,0.0,-0.9768009768009768,7.619047619047619,18.168498168498168,-16.605616605616607,0.0,40.43956043956044,65.05494505494505,-116.63003663003664,-0.9768009768009768,18.168498168498168
24.81074481074481,-15.042735042735044,-47.081807081807085,-22.857142857142858,0.0,43.56532356532357,-7.228327228327228,-24.81074481074481,-71.6971916971917,0.0,31.45299145299145,-12.307692307692308,0.0,-36.53235653235653,70.52503052503053,-2.5396825396825395,-20.903540903540904,0.0,0.9768009768009768,5.274725274725275,20.903540903540904,-18.168498168498168,0.0,47.472527472527474,95.14041514041514,-143.1990231990232,-4.493284493284493,20.903540903540904
23.63858363858364,-12.698412698412698,-55.28693528693529,-20.903540903540904,0.0,34.969474969474966,-14.652014652014651,-24.02930402930403,-61.14774114774115,0.0,21.294261294261293,-14.261294261294262,0.0,-49.03540903540904,68.96214896214896,-0.5860805860805861,-6.446886446886447,0.0,0.1953601953601953,0.9768009768009768,22.075702075702075,-11.526251526251526,0.0,55.67765567765568,120.92796092796092,-167.81440781440782,-13.089133089133089,22.075702075702075
25.592185592185597,-9.572649572649572,-63.88278388278388,-20.12210012210012,0.0,29.499389499389498,-22.857142857142858,-25.2014652014652,-48.64468864468864,0.0,14.652014652014651,-18.94993894993895,0.0,-60.366300366300365,61.53846153846154,-2.93040293040293,11.135531135531137,0.0,-1.7582417582417582,-6.837606837606837,24.02930402930403,-6.446886446886447,0.0,64.27350427350427,59.1941391941392,-113.5042735042735,-18.168498168498168,24.02930402930403
29.10866910866911,-4.884004884004884,-68.18070818070818,-23.63858363858364,0.0,24.42002442002442,-27.545787545787547,-24.02930402930403,-39.65811965811966,0.0,8.00976800976801,-20.12210012210012,0.0,-66.22710622710623,53.333333333333336,-0.5860805860805861,24.42002442002442,0.0,-2.148962148962149,-11.526251526251526,32.234432234432234,-6.446886446886447,0.0,68.57142857142857,12.307692307692308,-72.86935286935287,-23.63858363858364,32.234432234432234
32.234432234432234,-2.5396825396825395,-72.08791208791209,-23.63858363858364,0.0,13.47985347985348,-28.71794871794872,-24.42002442002442,-27.545787545787547,0.0,2.93040293040293,-20.12210012210012,0.0,-75.21367521367522,45.51892551892552,0.1953601953601953,42.002442002442,0.0,-7.228327228327228,-17.387057387057386,39.26739926739927,-1.7582417582417582,0.0,72.47863247863248,-6.446886446886447,-59.58485958485959,-29.89010989010989,39.26739926739927
31.843711843711844,-0.9768009768009768,-74.82295482295483,-22.075702075702075,0.0,1.3675213675213675,-25.592185592185597,-27.936507936507937,-14.261294261294262,0.0,-0.1953601953601953,-20.903540903540904,0.0,-84.98168498168498,40.04884004884005,-2.148962148962149,63.10134310134311,0.0,-10.354090354090356,-22.857142857142858,41.61172161172161,7.619047619047619,0.0,75.21367521367522,-24.81074481074481,-45.90964590964591,-32.62515262515262,41.61172161172161
34.18803418803419,0.1953601953601953,-74.43223443223444,-29.10866910866911,0.0,-7.228327228327228,-20.903540903540904,-29.499389499389498,-10.354090354090356,0.0,-4.884004884004884,-19.73137973137973,0.0,-91.62393162393164,39.26739926739927,-1.7582417582417582,72.86935286935287,0.0,-13.089133089133089,-23.63858363858364,43.17460317460318,12.307692307692308,0.0,74.82295482295483,-11.916971916971915,-65.44566544566544,-33.40659340659341,43.17460317460318
37.704517704517706,3.3211233211233213,-74.82295482295483,-38.87667887667888,0.0,-11.135531135531137,-15.433455433455434,-28.32722832722833,-15.824175824175825,0.0,-7.619047619047619,-16.605616605616607,0.0,-94.74969474969475,42.39316239316239,0.1953601953601953,72.08791208791209,0.0,-13.47985347985348,-22.466422466422465,46.69108669108669,9.572649572649572,0.0,75.21367521367522,27.545787545787547,-106.47130647130648,-36.14163614163614,46.69108669108669
36.92307692307692,2.148962148962149,-75.995115995116,-35.36019536019536,0.0,-18.168498168498168,-16.214896214896214,-27.545787545787547,-7.228327228327228,0.0,-9.963369963369964,-14.652014652014651,0.0,-102.95482295482296,45.12820512820513,0.9768009768009768,81.07448107448107,0.0,-16.996336996336996,-23.63858363858364,52.16117216117216,14.261294261294262,0.0,76.38583638583638,-3.3211233211233213,-75.21367521367522,-37.704517704517706,52.16117216117216
40.04884004884005,0.9768009768009768,-76.77655677655677,-31.45299145299145,0.0,-20.12210012210012,-18.55921855921856,-24.81074481074481,-1.3675213675213675,0.0,-10.354090354090356,-8.00976800976801,0.0,-104.12698412698413,45.12820512820513,0.1953601953601953,88.1074481074481,0.0,-18.94993894993895,-24.81074481074481,56.06837606837607,17.387057387057386,0.0,77.16727716727716,-35.36019536019536,-39.26739926739927,-40.83028083028083,56.06837606837607
43.17460317460318,2.5396825396825395,-72.86935286935287,-33.40659340659341,0.0,-22.075702075702075,-15.824175824175825,-16.996336996336996,-3.3211233211233213,0.0,-7.228327228327228,0.1953601953601953,0.0,-100.21978021978022,44.737484737484735,5.665445665445666,80.68376068376068,0.0,-15.824175824175825,-25.592185592185597,63.88278388278388,9.572649572649572,0.0,73.26007326007326,-0.1953601953601953,-67.3992673992674,-42.002442002442,63.88278388278388
40.04884004884005,2.5396825396825395,-69.74358974358974,-28.71794871794872,0.0,-30.28083028083028,-11.916971916971915,-15.042735042735044,3.3211233211233213,0.0,-4.493284493284493,1.3675213675213675,0.0,-99.43833943833944,36.53235653235653,7.619047619047619,85.76312576312576,0.0,-15.433455433455434,-29.499389499389498,65.44566544566544,11.916971916971915,0.0,70.13431013431014,2.93040293040293,-64.66422466422466,-43.56532356532357,65.44566544566544
38.095238095238095,2.5396825396825395,-67.78998778998779,-26.37362637362637,0.0,-35.36019536019536,-4.102564102564102,-18.94993894993895,7.619047619047619,0.0,-0.9768009768009768,-1.7582417582417582,0.0,-93.57753357753356,23.63858363858364,5.665445665445666,92.4053724053724,0.0,-13.870573870573873,-34.57875457875458,59.975579975579976,18.94993894993895,0.0,68.18070818070818,-39.65811965811966,-20.12210012210012,-42.78388278388278,59.975579975579976
41.22100122100122,3.711843711843712,-67.00854700854701,-31.45299145299145,0.0,-33.40659340659341,4.884004884004884,-22.466422466422465,-1.7582417582417582,0.0,2.5396825396825395,-5.274725274725275,0.0,-82.24664224664225,13.089133089133089,6.056166056166056,87.32600732600733,0.0,-8.4004884004884,-38.48595848595848,59.1941391941392,13.870573870573873,0.0,67.3992673992674,-14.261294261294262,-43.56532356532357,-42.78388278388278,59.1941391941392
42.002442002442,2.5396825396825395,-69.35286935286935,-36.92307692307692,0.0,-31.843711843711844,11.135531135531137,-26.764346764346765,-12.307692307692308,0.0,7.619047619047619,-14.652014652014651,0.0,-74.82295482295483,6.446886446886447,4.102564102564102,81.07448107448107,0.0,-6.446886446886447,-43.56532356532357,57.63125763125763,10.744810744810744,0.0,69.74358974358974,45.90964590964591,-102.95482295482296,-44.737484737484735,57.63125763125763
42.002442002442,0.1953601953601953,-77.55799755799755,-36.53235653235653,0.0,-31.062271062271066,11.526251526251526,-34.57875457875458,-17.387057387057386,0.0,10.744810744810744,-21.68498168498169,0.0,-68.57142857142857,-5.274725274725275,-0.5860805860805861,79.9023199023199,0.0,-8.4004884004884,-52.55189255189255,52.94261294261294,13.47985347985348,0.0,77.94871794871794,4.493284493284493,-65.44566544566544,-47.86324786324786,52.94261294261294
43.56532356532357,0.9768009768009768,-86.93528693528694,-42.78388278388278,0.0,-28.32722832722833,12.307692307692308,-40.83028083028083,-27.545787545787547,0.0,11.526251526251526,-26.37362637362637,0.0,-61.53846153846154,-16.214896214896214,-5.665445665445666,70.13431013431014,0.0,-9.18192918192918,-61.53846153846154,47.472527472527474,9.572649572649572,0.0,87.32600732600733,-24.81074481074481,-40.43956043956044,-52.55189255189255,47.472527472527474
45.12820512820513,6.446886446886447,-93.57753357753356,-55.28693528693529,0.0,-25.592185592185597,14.261294261294262,-46.69108669108669,-38.095238095238095,0.0,9.963369963369964,-30.28083028083028,0.0,-53.333333333333336,-23.247863247863247,-9.18192918192918,55.67765567765568,0.0,-8.4004884004884,-65.83638583638583,42.002442002442,1.7582417582417582,0.0,93.96825396825396,-8.00976800976801,-66.22710622710623,-52.94261294261294,42.002442002442
44.737484737484735,13.089133089133089,-100.21978021978022,-62.31990231990232,0.0,-22.466422466422465,13.870573870573873,-55.28693528693529,-39.26739926739927,0.0,4.884004884004884,-33.40659340659341,0.0,-45.90964590964591,-33.01587301587302,-15.042735042735044,49.81684981684982,0.0,-8.4004884004884,-66.61782661782662,32.62515262515262,-1.7582417582417582,0.0,100.6105006105006,-14.261294261294262,-69.35286935286935,-49.42612942612943,32.62515262515262
45.90964590964591,17.77777777777778,-106.86202686202688,-68.57142857142857,0.0,-20.903540903540904,16.996336996336996,-64.27350427350427,-42.002442002442,0.0,2.93040293040293,-38.095238095238095,0.0,-37.704517704517706,-36.53235653235653,-21.294261294261293,42.002442002442,0.0,-8.4004884004884,-61.92918192918193,23.247863247863247,-6.056166056166056,0.0,107.25274725274726,-46.69108669108669,-42.39316239316239,-44.346764346764346,23.247863247863247
47.472527472527474,22.466422466422465,-107.25274725274726,-77.55799755799755,0.0,-17.77777777777778,22.466422466422465,-65.05494505494505,-52.55189255189255,0.0,2.93040293040293,-38.87667887667888,0.0,-29.10866910866911,-33.40659340659341,-24.02930402930403,25.982905982905983,0.0,-6.446886446886447,-54.89621489621489,17.387057387057386,-15.824175824175825,0.0,107.64346764346764,-49.81684981684982,-43.56532356532357,-37.704517704517706,17.387057387057386
45.90964590964591,22.075702075702075,-107.25274725274726,-77.94871794871794,0.0,-18.94993894993895,25.2014652014652,-67.00854700854701,-54.89621489621489,0.0,2.93040293040293,-39.65811965811966,0.0,-26.764346764346765,-33.01587301587302,-25.2014652014652,14.261294261294262,0.0,-7.228327228327228,-54.89621489621489,8.4004884004884,-17.77777777777778,0.0,107.64346764346764,-48.64468864468864,-43.95604395604396,-36.14163614163614,8.4004884004884
40.04884004884005,21.68498168498169,-104.9084249084249,-74.82295482295483,0.0,-22.075702075702075,25.592185592185597,-65.44566544566544,-54.5054945054945,0.0,1.3675213675213675,-41.61172161172161,0.0,-25.592185592185597,-36.14163614163614,-25.2014652014652,-0.9768009768009768,0.0,-8.00976800976801,-59.975579975579976,-0.5860805860805861,-17.77777777777778,0.0,105.2991452991453,-22.466422466422465,-65.83638583638583,-37.704517704517706,-0.5860805860805861
38.87667887667888,24.81074481074481,-102.17338217338218,-79.9023199023199,0.0,-19.73137973137973,25.592185592185597,-61.92918192918193,-60.757020757020754,0.0,-0.1953601953601953,-39.65811965811966,0.0,-18.168498168498168,-40.43956043956044,-24.81074481074481,-21.68498168498169,0.0,-5.274725274725275,-66.61782661782662,-8.4004884004884,-24.42002442002442,0.0,102.56410256410255,-2.148962148962149,-82.63736263736264,-39.65811965811966,-8.4004884004884
37.31379731379732,27.545787545787547,-98.65689865689866,-86.15384615384616,0.0,-13.089133089133089,19.73137973137973,-60.366300366300365,-63.88278388278388,0.0,-5.274725274725275,-40.43956043956044,0.0,-14.261294261294262,-45.12820512820513,-22.857142857142858,-38.095238095238095,0.0,-3.711843711843712,-68.57142857142857,-13.870573870573873,-33.7973137973138,0.0,99.04761904761904,-4.884004884004884,-79.9023199023199,-38.48595848595848,-13.870573870573873
34.18803418803419,25.982905982905983,-102.17338217338218,-80.29304029304029,0.0,-9.572649572649572,9.963369963369964,-63.49206349206349,-57.24053724053724,0.0,-9.963369963369964,-44.737484737484735,0.0,-14.652014652014651,-48.25396825396825,-24.42002442002442,-40.43956043956044,0.0,-6.446886446886447,-66.61782661782662,-20.12210012210012,-34.57875457875458,0.0,102.56410256410255,-54.5054945054945,-31.45299145299145,-34.969474969474966,-20.12210012210012
36.53235653235653,21.294261294261293,-108.03418803418803,-77.16727716727716,0.0,-2.148962148962149,2.93040293040293,-63.10134310134311,-61.53846153846154,0.0,-9.572649572649572,-45.51892551892552,0.0,-11.135531135531137,-48.64468864468864,-27.936507936507937,-43.56532356532357,0.0,-7.619047619047619,-59.975579975579976,-27.155067155067155,-36.53235653235653,0.0,108.42490842490842,-81.85592185592185,-3.711843711843712,-30.28083028083028,-27.155067155067155
34.969474969474966,18.94993894993895,-107.64346764346764,-77.16727716727716,0.0,-1.3675213675213675,0.9768009768009768,-58.02197802197802,-70.52503052503053,0.0,-9.572649572649572,-44.346764346764346,0.0,-12.698412698412698,-45.51892551892552,-25.592185592185597,-52.16117216117216,0.0,-9.18192918192918,-52.94261294261294,-32.62515262515262,-41.22100122100122,0.0,108.03418803418803,-33.01587301587302,-47.86324786324786,-25.982905982905983,-32.62515262515262
29.499389499389498,15.042735042735044,-106.47130647130648,-68.18070818070818,0.0,-4.493284493284493,0.1953601953601953,-53.333333333333336,-70.52503052503053,0.0,-8.4004884004884,-41.61172161172161,0.0,-15.433455433455434,-43.56532356532357,-27.936507936507937,-53.724053724053725,0.0,-11.916971916971915,-49.42612942612943,-44.346764346764346,-34.57875457875458,0.0,106.86202686202688,-17.387057387057386,-52.94261294261294,-24.81074481074481,-44.346764346764346
26.764346764346765,13.089133089133089,-103.73626373626374,-60.366300366300365,0.0,-7.619047619047619,-0.1953601953601953,-45.90964590964591,-67.00854700854701,0.0,-9.963369963369964,-38.48595848595848,0.0,-16.214896214896214,-46.3003663003663,-29.89010989010989,-56.06837606837607,0.0,-15.433455433455434,-48.64468864468864,-56.45909645909646,-27.545787545787547,0.0,104.12698412698413,-51.77045177045177,-9.572649572649572,-24.02930402930403,-56.45909645909646
25.592185592185597,17.387057387057386,-95.92185592185592,-59.58485958485959,0.0,-8.791208791208792,1.7582417582417582,-37.31379731379732,-65.05494505494505,0.0,-12.307692307692308,-35.36019536019536,0.0,-13.47985347985348,-47.081807081807085,-26.37362637362637,-65.44566544566544,0.0,-14.261294261294262,-46.69108669108669,-61.92918192918193,-28.71794871794872,0.0,96.31257631257633,-29.89010989010989,-24.42002442002442,-23.63858363858364,-61.92918192918193
26.37362637362637,20.12210012210012,-90.45177045177046,-54.89621489621489,0.0,-7.228327228327228,0.1953601953601953,-29.499389499389498,-58.8034188034188,0.0,-13.47985347985348,-33.01587301587302,0.0,-10.354090354090356,-45.12820512820513,-24.02930402930403,-67.3992673992674,0.0,-11.916971916971915,-39.65811965811966,-68.18070818070818,-27.545787545787547,0.0,90.84249084249085,11.135531135531137,-58.8034188034188,-21.294261294261293,-68.18070818070818
24.81074481074481,17.77777777777778,-91.23321123321124,-43.17460317460318,0.0,-9.572649572649572,-3.711843711843712,-26.764346764346765,-48.25396825396825,0.0,-16.605616605616607,-31.843711843711844,0.0,-7.228327228327228,-46.3003663003663,-22.857142857142858,-61.14774114774115,0.0,-11.526251526251526,-33.01587301587302,-70.91575091575092,-21.68498168498169,0.0,91.62393162393164,-20.903540903540904,-21.294261294261293,-16.214896214896214,-70.91575091575092
22.466422466422465,17.77777777777778,-90.06105006105007,-37.704517704517706,0.0,-8.791208791208792,-4.493284493284493,-22.466422466422465,-48.25396825396825,0.0,-18.168498168498168,-28.71794871794872,0.0,-1.3675213675213675,-44.737484737484735,-20.512820512820515,-58.41269841269841,0.0,-8.00976800976801,-26.37362637362637,-72.47863247863248,-18.55921855921856,0.0,90.45177045177046,-50.20757020757021,13.089133089133089,-9.963369963369964,-72.47863247863248
19.34065934065934,17.387057387057386,-89.27960927960928,-37.31379731379732,0.0,-5.274725274725275,-6.837606837606837,-19.73137973137973,-54.114774114774114,0.0,-18.55921855921856,-25.592185592185597,0.0,5.274725274725275,-43.56532356532357,-23.247863247863247,-58.41269841269841,0.0,-4.102564102564102,-20.512820512820515,-75.995115995116,-18.168498168498168,0.0,89.67032967032966,-37.31379731379732,11.526251526251526,-7.228327228327228,-75.995115995116
15.824175824175825,13.870573870573873,-89.27960927960928,-29.89010989010989,0.0,-3.711843711843712,-11.916971916971915,-20.12210012210012,-49.81684981684982,0.0,-22.075702075702075,-23.63858363858364,0.0,7.619047619047619,-44.737484737484735,-28.71794871794872,-51.37973137973138,0.0,-4.493284493284493,-17.77777777777778,-82.24664224664225,-11.526251526251526,0.0,89.67032967032966,-44.346764346764346,29.499389499389498,-4.884004884004884,-82.24664224664225
13.47985347985348,13.089133089133089,-86.54456654456655,-27.936507936507937,0.0,-3.711843711843712,-13.870573870573873,-19.34065934065934,-47.86324786324786,0.0,-20.903540903540904,-24.81074481074481,0.0,8.00976800976801,-42.78388278388278,-33.7973137973138,-49.81684981684982,0.0,-3.3211233211233213,-16.214896214896214,-87.71672771672772,-9.572649572649572,0.0,86.93528693528694,-64.66422466422466,56.84981684981685,-4.102564102564102,-87.71672771672772
16.214896214896214,12.698412698412698,-83.41880341880342,-30.28083028083028,0.0,-2.148962148962149,-13.089133089133089,-16.605616605616607,-49.42612942612943,0.0,-13.870573870573873,-26.37362637362637,0.0,8.00976800976801,-36.53235653235653,-36.14163614163614,-54.114774114774114,0.0,0.1953601953601953,-12.307692307692308,-90.84249084249085,-15.042735042735044,0.0,83.80952380952381,-54.89621489621489,55.67765567765568,-3.711843711843712,-90.84249084249085
15.824175824175825,7.228327228327228,-84.2002442002442,-21.68498168498169,0.0,-9.18192918192918,-14.261294261294262,-16.605616605616607,-40.04884004884005,0.0,-8.00976800976801,-28.32722832722833,0.0,0.5860805860805861,-30.671550671550676,-31.843711843711844,-52.55189255189255,0.0,0.5860805860805861,-10.354090354090356,-87.32600732600733,-16.605616605616607,0.0,84.59096459096459,-43.95604395604396,50.5982905982906,-2.5396825396825395,-87.32600732600733
16.214896214896214,2.93040293040293,-88.1074481074481,-15.433455433455434,0.0,-16.214896214896214,-13.870573870573873,-17.77777777777778,-33.01587301587302,0.0,-4.102564102564102,-29.499389499389498,0.0,-8.00976800976801,-27.545787545787547,-30.28083028083028,-43.56532356532357,0.0,-1.3675213675213675,-8.791208791208792,-86.93528693528694,-11.916971916971915,0.0,88.4981684981685,-43.95604395604396,50.20757020757021,-1.3675213675213675,-86.93528693528694
23.247863247863247,0.5860805860805861,-90.84249084249085,-22.857142857142858,0.0,-18.168498168498168,-10.354090354090356,-16.214896214896214,-42.002442002442,0.0,-3.3211233211233213,-26.764346764346765,0.0,-10.354090354090356,-24.81074481074481,-26.37362637362637,-50.20757020757021,0.0,0.1953601953601953,-5.274725274725275,-86.93528693528694,-20.903540903540904,0.0,91.23321123321124,-16.214896214896214,21.68498168498169,0.5860805860805861,-86.93528693528694
29.499389499389498,-1.7582417582417582,-94.74969474969475,-28.32722832722833,0.0,-24.81074481074481,-7.228327228327228,-16.214896214896214,-43.95604395604396,0.0,-7.228327228327228,-20.903540903540904,0.0,-16.214896214896214,-23.247863247863247,-24.81074481074481,-50.5982905982906,0.0,2.148962148962149,-2.93040293040293,-90.45177045177046,-24.42002442002442,0.0,95.14041514041514,-15.824175824175825,22.857142857142858,-0.9768009768009768,-90.45177045177046
34.969474969474966,-4.102564102564102,-99.82905982905984,-27.155067155067155,0.0,-29.89010989010989,-9.572649572649572,-18.168498168498168,-36.53235653235653,0.0,-11.916971916971915,-15.042735042735044,0.0,-23.63858363858364,-23.247863247863247,-29.499389499389498,-40.04884004884005,0.0,3.711843711843712,-3.3211233211233213,-100.21978021978022,-18.94993894993895,0.0,100.21978021978022,-87.71672771672772,92.7960927960928,-0.5860805860805861,-100.21978021978022
40.83028083028083,-4.102564102564102,-102.17338217338218,-31.062271062271066,0.0,-31.843711843711844,-11.135531135531137,-16.996336996336996,-34.57875457875458,0.0,-11.916971916971915,-6.056166056166056,0.0,-27.545787545787547,-18.55921855921856,-32.234432234432234,-40.83028083028083,0.0,11.135531135531137,-4.884004884004884,-106.08058608058607,-21.294261294261293,0.0,102.56410256410255,-104.12698412698413,111.94139194139194,-2.5396825396825395,-106.08058608058607
45.90964590964591,-4.493284493284493,-98.65689865689866,-33.01587301587302,0.0,-31.45299145299145,-13.089133089133089,-10.354090354090356,-33.01587301587302,0.0,-7.228327228327228,2.148962148962149,0.0,-30.671550671550676,-9.18192918192918,-28.32722832722833,-42.39316239316239,0.0,20.512820512820515,-7.619047619047619,-101.001221001221,-24.42002442002442,0.0,99.04761904761904,-56.45909645909646,70.52503052503053,-7.228327228327228,-101.001221001221
46.3003663003663,-7.619047619047619,-98.65689865689866,-22.075702075702075,0.0,-34.18803418803419,-16.605616605616607,-8.791208791208792,-19.73137973137973,0.0,-2.93040293040293,8.00976800976801,0.0,-36.14163614163614,-5.274725274725275,-25.982905982905983,-33.01587301587302,0.0,24.02930402930403,-12.307692307692308,-95.14041514041514,-18.55921855921856,0.0,99.04761904761904,-63.49206349206349,81.46520146520146,-10.744810744810744,-95.14041514041514
47.472527472527474,-7.619047619047619,-98.65689865689866,-15.042735042735044,0.0,-38.48595848595848,-14.261294261294262,-5.665445665445666,-12.698412698412698,0.0,0.1953601953601953,13.47985347985348,0.0,-40.43956043956044,-2.93040293040293,-23.63858363858364,-27.545787545787547,0.0,25.592185592185597,-15.433455433455434,-92.4053724053724,-13.47985347985348,0.0,99.04761904761904,-95.92185592185592,113.89499389499387,-12.698412698412698,-92.4053724053724
51.77045177045177,-4.884004884004884,-94.74969474969475,-18.55921855921856,0.0,-43.17460317460318,-7.619047619047619,-0.9768009768009768,-12.698412698412698,0.0,2.93040293040293,18.55921855921856,0.0,-43.17460317460318,0.9768009768009768,-19.34065934065934,-26.37362637362637,0.0,28.32722832722833,-14.261294261294262,-87.32600732600733,-15.433455433455434,0.0,95.14041514041514,-56.06837606837607,77.55799755799755,-18.55921855921856,-87.32600732600733
54.114774114774114,-4.493284493284493,-91.62393162393164,-12.698412698412698,0.0,-52.55189255189255,0.9768009768009768,0.5860805860805861,-1.7582417582417582,0.0,4.884004884004884,20.512820512820515,0.0,-52.16117216117216,3.3211233211233213,-15.824175824175825,-16.214896214896214,0.0,27.545787545787547,-11.135531135531137,-84.98168498168498,-13.089133089133089,0.0,92.014652014652,-19.73137973137973,43.95604395604396,-22.466422466422465,-84.98168498168498
56.45909645909646,-2.93040293040293,-89.67032967032966,-9.18192918192918,0.0,-59.1941391941392,6.446886446886447,-0.9768009768009768,8.791208791208792,0.0,8.791208791208792,24.02930402930403,0.0,-62.71062271062271,9.18192918192918,-18.168498168498168,-3.711843711843712,0.0,28.32722832722833,-7.619047619047619,-88.88888888888889,-7.619047619047619,0.0,90.06105006105007,-47.081807081807085,70.91575091575092,-22.857142857142858,-88.88888888888889
63.10134310134311,-3.3211233211233213,-81.85592185592185,-15.042735042735044,0.0,-59.1941391941392,9.572649572649572,2.148962148962149,9.572649572649572,0.0,17.77777777777778,27.545787545787547,0.0,-71.30647130647131,20.903540903540904,-15.824175824175825,-0.5860805860805861,0.0,34.57875457875458,-6.446886446886447,-83.02808302808303,-11.135531135531137,0.0,82.24664224664225,-58.41269841269841,85.76312576312576,-27.155067155067155,-83.02808302808303
70.13431013431014,-5.665445665445666,-74.82295482295483,-11.916971916971915,0.0,-55.28693528693529,10.354090354090356,5.274725274725275,16.214896214896214,0.0,29.89010989010989,27.936507936507937,0.0,-77.94871794871794,30.671550671550676,-11.916971916971915,4.102564102564102,0.0,38.48595848595848,-7.619047619047619,-70.91575091575092,-13.870573870573873,0.0,75.21367521367522,-62.31990231990232,91.23321123321124,-29.499389499389498,-70.91575091575092
68.18070818070818,-7.619047619047619,-72.47863247863248,-3.711843711843712,0.0,-57.24053724053724,8.791208791208792,7.228327228327228,24.81074481074481,0.0,42.39316239316239,25.982905982905983,0.0,-83.80952380952381,34.969474969474966,-12.307692307692308,15.824175824175825,0.0,40.43956043956044,-12.307692307692308,-64.27350427350427,-8.00976800976801,0.0,72.86935286935287,-72.47863247863248,102.56410256410255,-32.234432234432234,-64.27350427350427
69.74358974358974,-4.884004884004884,-68.57142857142857,-3.3211233211233213,0.0,-56.84981684981685,15.042735042735044,12.698412698412698,21.294261294261293,0.0,54.114774114774114,25.592185592185597,0.0,-83.02808302808303,40.83028083028083,-11.135531135531137,15.824175824175825,0.0,43.95604395604396,-15.042735042735044,-54.114774114774114,-10.744810744810744,0.0,68.96214896214896,-79.9023199023199,111.55067155067157,-36.14163614163614,-54.114774114774114
72.08791208791209,-0.1953601953601953,-61.14774114774115,0.1953601953601953,0.0,-58.02197802197802,26.37362637362637,20.512820512820515,21.68498168498169,0.0,66.22710622710623,26.764346764346765,0.0,-81.46520146520146,44.346764346764346,-4.493284493284493,17.387057387057386,0.0,48.25396825396825,-13.870573870573873,-42.78388278388278,-14.261294261294262,0.0,61.53846153846154,-88.1074481074481,120.53724053724054,-36.92307692307692,-42.78388278388278
70.13431013431014,3.3211233211233213,-55.67765567765568,9.963369963369964,0.0,-62.71062271062271,37.704517704517706,21.294261294261293,31.45299145299145,0.0,71.6971916971917,26.764346764346765,0.0,-83.02808302808303,45.90964590964591,-2.93040293040293,29.499389499389498,0.0,51.37973137973138,-11.916971916971915,-40.04884004884005,-9.572649572649572,0.0,56.06837606837607,-67.3992673992674,101.001221001221,-36.92307692307692,-40.04884004884005
72.08791208791209,4.884004884004884,-53.333333333333336,13.47985347985348,0.0,-62.31990231990232,46.3003663003663,18.94993894993895,34.57875457875458,0.0,77.16727716727716,25.592185592185597,0.0,-82.24664224664225,45.90964590964591,-0.9768009768009768,38.48595848595848,0.0,54.114774114774114,-11.135531135531137,-35.75091575091575,-5.274725274725275,0.0,53.724053724053725,-79.51159951159951,106.86202686202688,-34.969474969474966,-35.75091575091575
77.16727716727716,6.446886446886447,-46.69108669108669,6.056166056166056,0.0,-52.55189255189255,50.20757020757021,19.73137973137973,26.37362637362637,0.0,84.98168498168498,23.63858363858364,0.0,-74.82295482295483,45.90964590964591,6.446886446886447,33.01587301587302,0.0,58.41269841269841,-6.837606837606837,-27.936507936507937,-10.744810744810744,0.0,47.081807081807085,-38.48595848595848,63.88278388278388,-33.7973137973138,-27.936507936507937
74.43223443223444,6.056166056166056,-44.346764346764346,5.665445665445666,0.0,-45.51892551892552,47.081807081807085,15.433455433455434,24.81074481074481,0.0,91.62393162393164,14.652014652014651,0.0,-65.83638583638583,42.78388278388278,10.354090354090356,31.062271062271066,0.0,60.757020757020754,-6.446886446886447,-24.02930402930403,-9.572649572649572,0.0,44.737484737484735,-40.83028083028083,66.61782661782662,-33.40659340659341,-24.02930402930403
67.3992673992674,2.5396825396825395,-45.12820512820513,6.056166056166056,0.0,-40.83028083028083,37.704517704517706,8.4004884004884,25.2014652014652,0.0,94.74969474969475,4.884004884004884,0.0,-56.06837606837607,34.969474969474966,6.446886446886447,31.062271062271066,0.0,59.975579975579976,-13.089133089133089,-23.247863247863247,-4.102564102564102,0.0,45.51892551892552,-96.7032967032967,125.22588522588522,-36.92307692307692,-23.247863247863247
63.88278388278388,0.1953601953601953,-39.26739926739927,0.1953601953601953,0.0,-32.62515262515262,28.71794871794872,5.665445665445666,22.466422466422465,0.0,92.4053724053724,2.148962148962149,0.0,-41.22100122100122,29.10866910866911,4.493284493284493,20.512820512820515,0.0,60.757020757020754,-15.042735042735044,-19.73137973137973,-9.572649572649572,0.0,39.65811965811966,-71.30647130647131,110.76923076923076,-40.43956043956044,-19.73137973137973
56.84981684981685,-0.5860805860805861,-28.32722832722833,0.1953601953601953,0.0,-27.545787545787547,21.68498168498169,4.102564102564102,27.936507936507937,0.0,84.98168498168498,0.1953601953601953,0.0,-30.671550671550676,26.764346764346765,2.148962148962149,15.042735042735044,0.0,61.14774114774115,-18.168498168498168,-10.744810744810744,-16.214896214896214,0.0,28.71794871794872,-1.7582417582417582,52.55189255189255,-43.56532356532357,-10.744810744810744
50.5982905982906,-0.1953601953601953,-18.55921855921856,3.711843711843712,0.0,-23.247863247863247,15.433455433455434,-1.3675213675213675,43.95604395604396,0.0,76.77655677655677,-0.9768009768009768,0.0,-24.81074481074481,24.02930402930403,-0.9768009768009768,23.247863247863247,0.0,59.58485958485959,-18.55921855921856,-1.7582417582417582,-16.214896214896214,0.0,18.94993894993895,0.1953601953601953,52.55189255189255,-43.17460317460318,-1.7582417582417582
47.472527472527474,2.93040293040293,-10.744810744810744,-2.148962148962149,0.0,-16.605616605616607,11.526251526251526,-5.274725274725275,47.86324786324786,0.0,68.96214896214896,-0.1953601953601953,0.0,-19.73137973137973,23.247863247863247,0.9768009768009768,26.37362637362637,0.0,58.41269841269841,-14.652014652014651,10.354090354090356,-22.466422466422465,0.0,11.135531135531137,-35.36019536019536,83.02808302808303,-39.26739926739927,10.354090354090356
45.12820512820513,10.744810744810744,0.5860805860805861,-16.214896214896214,0.0,-6.837606837606837,12.698412698412698,-3.711843711843712,38.87667887667888,0.0,65.83638583638583,-0.5860805860805861,0.0,-11.916971916971915,25.2014652014652,8.4004884004884,21.294261294261293,0.0,59.1941391941392,-4.884004884004884,26.764346764346765,-36.92307692307692,0.0,-0.1953601953601953,-11.526251526251526,56.84981684981685,-32.62515262515262,26.764346764346765
38.48595848595848,19.34065934065934,8.791208791208792,-21.294261294261293,0.0,-2.148962148962149,12.698412698412698,-2.5396825396825395,36.92307692307692,0.0,63.10134310134311,-1.7582417582417582,0.0,-6.446886446886447,24.42002442002442,11.526251526251526,25.982905982905983,0.0,61.14774114774115,0.1953601953601953,33.01587301587302,-38.48595848595848,0.0,-8.4004884004884,5.665445665445666,39.65811965811966,-28.32722832722833,33.01587301587302
29.499389499389498,24.02930402930403,11.526251526251526,-25.982905982905983,0.0,-0.1953601953601953,10.354090354090356,-1.3675213675213675,31.45299145299145,0.0,56.45909645909646,-0.5860805860805861,0.0,0.9768009768009768,22.075702075702075,7.619047619047619,24.02930402930403,0.0,61.14774114774115,3.3211233211233213,33.40659340659341,-41.22100122100122,0.0,-11.135531135531137,-3.3211233211233213,55.67765567765568,-24.42002442002442,33.40659340659341
21.68498168498169,22.075702075702075,20.903540903540904,-30.671550671550676,0.0,0.5860805860805861,7.619047619047619,4.102564102564102,20.903540903540904,0.0,46.3003663003663,5.274725274725275,0.0,11.916971916971915,21.294261294261293,6.446886446886447,12.698412698412698,0.0,61.92918192918193,7.228327228327228,35.36019536019536,-50.20757020757021,0.0,-20.512820512820515,5.665445665445666,63.88278388278388,-20.12210012210012,35.36019536019536
12.698412698412698,16.996336996336996,25.982905982905983,-27.936507936507937,0.0,0.1953601953601953,0.1953601953601953,3.3211233211233213,23.247863247863247,0.0,32.62515262515262,8.00976800976801,0.0,15.042735042735044,18.55921855921856,4.102564102564102,9.18192918192918,0.0,61.14774114774115,5.274725274725275,33.7973137973138,-50.5982905982906,0.0,-25.592185592185597,22.075702075702075,57.24053724053724,-17.77777777777778,33.7973137973138
7.619047619047619,7.619047619047619,24.02930402930403,-26.37362637362637,0.0,-0.1953601953601953,-6.837606837606837,-4.493284493284493,26.764346764346765,0.0,18.55921855921856,11.135531135531137,0.0,11.526251526251526,12.307692307692308,4.884004884004884,8.4004884004884,0.0,51.37973137973138,1.7582417582417582,33.01587301587302,-46.69108669108669,0.0,-23.63858363858364,10.354090354090356,61.92918192918193,-16.214896214896214,33.01587301587302
4.884004884004884,2.93040293040293,23.247863247863247,-37.31379731379732,0.0,0.1953601953601953,-8.4004884004884,-9.963369963369964,13.089133089133089,0.0,5.665445665445666,13.870573870573873,0.0,8.00976800976801,6.837606837606837,10.354090354090356,-2.148962148962149,0.0,40.04884004884005,-0.5860805860805861,37.704517704517706,-52.55189255189255,0.0,-22.857142857142858,0.1953601953601953,55.67765567765568,-15.824175824175825,37.704517704517706
4.102564102564102,6.056166056166056,19.34065934065934,-52.16117216117216,0.0,2.148962148962149,-4.102564102564102,-14.652014652014651,-2.93040293040293,0.0,-0.5860805860805861,12.698412698412698,0.0,5.665445665445666,3.3211233211233213,15.433455433455434,-15.824175824175825,0.0,29.499389499389498,0.1953601953601953,40.83028083028083,-60.757020757020754,0.0,-18.94993894993895,6.837606837606837,25.592185592185597,-13.47985347985348,40.83028083028083
0.5860805860805861,5.274725274725275,9.18192918192918,-53.724053724053725,0.0,0.5860805860805861,-4.884004884004884,-21.294261294261293,-9.963369963369964,0.0,-7.619047619047619,9.18192918192918,0.0,3.3211233211233213,-1.3675213675213675,15.433455433455434,-18.94993894993895,0.0,18.168498168498168,-0.1953601953601953,35.75091575091575,-55.67765567765568,0.0,-8.791208791208792,-31.843711843711844,47.86324786324786,-14.652014652014651,35.75091575091575
-2.5396825396825395,4.102564102564102,2.148962148962149,-56.45909645909646,0.0,0.9768009768009768,-4.884004884004884,-22.075702075702075,-24.81074481074481,0.0,-14.261294261294262,8.791208791208792,0.0,9.18192918192918,-1.7582417582417582,9.18192918192918,-32.234432234432234,0.0,13.089133089133089,2.93040293040293,23.63858363858364,-55.28693528693529,0.0,-1.7582417582417582,-41.61172161172161,51.37973137973138,-12.307692307692308,23.63858363858364
-3.711843711843712,4.493284493284493,3.3211233211233213,-67.00854700854701,0.0,4.102564102564102,-1.3675213675213675,-16.605616605616607,-47.081807081807085,0.0,-17.387057387057386,13.089133089133089,0.0,22.075702075702075,2.5396825396825395,7.619047619047619,-53.724053724053725,0.0,15.824175824175825,12.698412698412698,12.698412698412698,-62.71062271062271,0.0,-2.93040293040293,4.884004884004884,6.446886446886447,-4.884004884004884,12.698412698412698
-9.18192918192918,0.9768009768009768,5.274725274725275,-63.49206349206349,0.0,3.711843711843712,-0.5860805860805861,-15.042735042735044,-53.333333333333336,0.0,-24.02930402930403,16.605616605616607,0.0,26.37362637362637,6.056166056166056,6.056166056166056,-66.22710622710623,0.0,15.824175824175825,18.94993894993895,0.9768009768009768,-61.53846153846154,0.0,-4.884004884004884,-8.00976800976801,24.42002442002442,0.5860805860805861,0.9768009768009768
-16.996336996336996,-2.148962148962149,10.744810744810744,-59.1941391941392,0.0,0.1953601953601953,3.3211233211233213,-14.652014652014651,-55.67765567765568,0.0,-28.71794871794872,22.466422466422465,0.0,28.71794871794872,7.228327228327228,2.5396825396825395,-73.65079365079364,0.0,15.042735042735044,18.168498168498168,-6.837606837606837,-60.366300366300365,0.0,-10.354090354090356,-56.45909645909646,77.94871794871794,7.228327228327228,-6.837606837606837
-25.2014652014652,-0.1953601953601953,15.042735042735044,-62.31990231990232,0.0,-4.493284493284493,6.837606837606837,-10.744810744810744,-62.71062271062271,0.0,-31.843711843711844,28.71794871794872,0.0,33.40659340659341,10.354090354090356,3.711843711843712,-88.88888888888889,0.0,15.433455433455434,20.512820512820515,-5.665445665445666,-70.13431013431014,0.0,-14.652014652014651,-37.31379731379732,64.27350427350427,12.698412698412698,-5.665445665445666
-33.40659340659341,-3.711843711843712,13.089133089133089,-59.1941391941392,0.0,-6.446886446886447,0.1953601953601953,-9.18192918192918,-65.83638583638583,0.0,-34.969474969474966,27.936507936507937,0.0,35.75091575091575,11.526251526251526,1.7582417582417582,-96.7032967032967,0.0,13.47985347985348,19.73137973137973,-4.102564102564102,-74.82295482295483,0.0,-12.698412698412698,3.3211233211233213,31.843711843711844,13.870573870573873,-4.102564102564102
-42.78388278388278,-11.916971916971915,5.665445665445666,-49.81684981684982,0.0,-11.135531135531137,-11.526251526251526,-8.791208791208792,-65.05494505494505,0.0,-39.26739926739927,24.81074481074481,0.0,36.92307692307692,6.837606837606837,-2.93040293040293,-93.96825396825396,0.0,7.228327228327228,16.605616605616607,-4.884004884004884,-70.52503052503053,0.0,-5.274725274725275,-8.4004884004884,50.5982905982906,13.47985347985348,-4.884004884004884
-49.03540903540904,-17.77777777777778,2.5396825396825395,-47.86324786324786,0.0,-10.744810744810744,-19.34065934065934,-4.493284493284493,-75.6043956043956,0.0,-41.61172161172161,24.02930402930403,0.0,40.43956043956044,6.446886446886447,-4.493284493284493,-94.35897435897436,0.0,4.102564102564102,19.73137973137973,-4.102564102564102,-71.30647130647131,0.0,-2.148962148962149,-21.294261294261293,69.74358974358974,17.387057387057386,-4.102564102564102
-49.03540903540904,-21.68498168498169,6.056166056166056,-48.25396825396825,0.0,-3.711843711843712,-19.73137973137973,0.1953601953601953,-87.32600732600733,0.0,-43.17460317460318,27.545787545787547,0.0,43.17460317460318,10.354090354090356,-2.148962148962149,-95.14041514041514,0.0,6.056166056166056,25.2014652014652,0.1953601953601953,-74.04151404151405,0.0,-5.665445665445666,11.135531135531137,43.17460317460318,20.903540903540904,0.1953601953601953
-52.94261294261294,-22.857142857142858,13.089133089133089,-38.48595848595848,0.0,-2.93040293040293,-13.870573870573873,0.9768009768009768,-84.2002442002442,0.0,-44.737484737484735,31.062271062271066,0.0,41.61172161172161,9.963369963369964,-0.5860805860805861,-84.98168498168498,0.0,6.056166056166056,24.81074481074481,2.93040293040293,-67.3992673992674,0.0,-12.698412698412698,32.234432234432234,25.982905982905983,22.075702075702075,2.93040293040293
-56.45909645909646,-16.996336996336996,20.903540903540904,-27.155067155067155,0.0,-3.711843711843712,-2.5396825396825395,4.102564102564102,-76.38583638583638,0.0,-46.3003663003663,39.65811965811966,0.0,43.17460317460318,9.18192918192918,0.1953601953601953,-75.21367521367522,0.0,9.963369963369964,24.02930402930403,3.711843711843712,-59.58485958485959,0.0,-20.512820512820515,35.75091575091575,25.592185592185597,26.764346764346765,3.711843711843712
-58.41269841269841,-11.135531135531137,30.28083028083028,-18.55921855921856,0.0,-6.446886446886447,5.274725274725275,13.089133089133089,-69.35286935286935,0.0,-47.472527472527474,45.51892551892552,0.0,47.081807081807085,11.135531135531137,4.884004884004884,-72.47863247863248,0.0,14.261294261294262,25.2014652014652,7.619047619047619,-56.06837606837607,0.0,-29.89010989010989,45.51892551892552,18.55921855921856,28.71794871794872,7.619047619047619
-62.71062271062271,-8.00976800976801,36.14163614163614,0.1953601953601953,0.0,-11.135531135531137,4.493284493284493,20.12210012210012,-47.472527472527474,0.0,-51.37973137973138,46.3003663003663,0.0,47.86324786324786,7.228327228327228,11.135531135531137,-61.53846153846154,0.0,14.261294261294262,25.592185592185597,12.307692307692308,-46.3003663003663,0.0,-35.75091575091575,49.03540903540904,18.55921855921856,29.499389499389498,12.307692307692308
-64.27350427350427,-8.4004884004884,35.75091575091575,20.903540903540904,0.0,-15.824175824175825,1.7582417582417582,25.592185592185597,-26.37362637362637,0.0,-58.02197802197802,47.472527472527474,0.0,45.90964590964591,3.711843711843712,15.042735042735044,-45.90964590964591,0.0,12.698412698412698,26.764346764346765,16.996336996336996,-36.92307692307692,0.0,-35.36019536019536,67.78998778998779,0.1953601953601953,30.28083028083028,16.996336996336996
-59.975579975579976,-11.526251526251526,38.095238095238095,27.936507936507937,0.0,-12.698412698412698,0.1953601953601953,30.671550671550676,-22.466422466422465,0.0,-59.58485958485959,49.42612942612943,0.0,45.51892551892552,6.446886446886447,20.903540903540904,-42.78388278388278,0.0,10.354090354090356,34.57875457875458,25.2014652014652,-39.65811965811966,0.0,-37.704517704517706,77.55799755799755,-11.916971916971915,33.01587301587302,25.2014652014652
-56.45909645909646,-16.996336996336996,39.65811965811966,32.234432234432234,0.0,-9.572649572649572,-4.102564102564102,30.28083028083028,-16.214896214896214,0.0,-63.10134310134311,50.5982905982906,0.0,46.3003663003663,5.274725274725275,24.02930402930403,-37.31379731379732,0.0,8.00976800976801,39.65811965811966,34.57875457875458,-43.95604395604396,0.0,-39.26739926739927,69.74358974358974,-7.228327228327228,34.969474969474966,34.57875457875458
-54.5054945054945,-25.2014652014652,33.40659340659341,42.78388278388278,0.0,-9.572649572649572,-12.307692307692308,22.857142857142858,-2.93040293040293,0.0,-64.66422466422466,49.81684981684982,0.0,43.17460317460318,0.1953601953601953,19.34065934065934,-22.857142857142858,0.0,2.5396825396825395,37.31379731379732,37.704517704517706,-37.704517704517706,0.0,-33.01587301587302,10.744810744810744,46.69108669108669,34.969474969474966,37.704517704517706
-51.77045177045177,-31.062271062271066,30.28083028083028,43.95604395604396,0.0,-11.916971916971915,-16.996336996336996,19.34065934065934,2.148962148962149,0.0,-62.71062271062271,49.03540903540904,0.0,41.22100122100122,-4.493284493284493,19.34065934065934,-16.214896214896214,0.0,0.1953601953601953,35.36019536019536,38.87667887667888,-34.969474969474966,0.0,-29.89010989010989,-19.34065934065934,75.6043956043956,33.7973137973138,38.87667887667888
-47.86324786324786,-31.843711843711844,28.32722832722833,40.43956043956044,0.0,-14.652014652014651,-21.294261294261293,18.55921855921856,7.228327228327228,0.0,-60.366300366300365,46.3003663003663,0.0,37.31379731379732,-6.446886446886447,23.247863247863247,-15.824175824175825,0.0,-0.5860805860805861,33.40659340659341,43.56532356532357,-38.095238095238095,0.0,-27.936507936507937,15.824175824175825,42.002442002442,28.71794871794872,43.56532356532357
-45.51892551892552,-33.7973137973138,23.247863247863247,42.002442002442,0.0,-24.02930402930403,-25.592185592185597,15.824175824175825,20.512820512820515,0.0,-58.8034188034188,42.39316239316239,0.0,28.32722832722833,-8.4004884004884,23.63858363858364,-9.18192918192918,0.0,-0.1953601953601953,25.592185592185597,43.17460317460318,-34.18803418803419,0.0,-22.857142857142858,11.135531135531137,48.64468864468864,20.512820512820515,43.17460317460318
-40.04884004884005,-37.704517704517706,17.77777777777778,45.12820512820513,0.0,-32.234432234432234,-24.42002442002442,12.698412698412698,30.28083028083028,0.0,-53.333333333333336,40.04884004884005,0.0,20.512820512820515,-7.619047619047619,22.075702075702075,-6.056166056166056,0.0,0.9768009768009768,19.73137973137973,38.48595848595848,-30.671550671550676,0.0,-17.387057387057386,-26.764346764346765,87.71672771672772,14.652014652014651,38.48595848595848
-33.01587301587302,-40.83028083028083,19.34065934065934,43.56532356532357,0.0,-35.75091575091575,-22.075702075702075,15.042735042735044,32.62515262515262,0.0,-46.69108669108669,39.65811965811966,0.0,16.605616605616607,-2.5396825396825395,23.63858363858364,-12.307692307692308,0.0,3.711843711843712,16.605616605616607,39.26739926739927,-35.36019536019536,0.0,-18.94993894993895,9.963369963369964,54.114774114774114,9.572649572649572,39.26739926739927
-27.936507936507937,-49.81684981684982,21.68498168498169,47.86324786324786,0.0,-36.92307692307692,-25.2014652014652,13.870573870573873,41.61172161172161,0.0,-44.346764346764346,38.87667887667888,0.0,10.744810744810744,0.9768009768009768,22.075702075702075,-13.47985347985348,0.0,4.493284493284493,10.744810744810744,39.26739926739927,-33.40659340659341,0.0,-21.294261294261293,52.55189255189255,15.433455433455434,4.493284493284493,39.26739926739927
-25.592185592185597,-59.58485958485959,22.857142857142858,56.06837606837607,0.0,-38.87667887667888,-28.32722832722833,8.00976800976801,54.5054945054945,0.0,-41.61172161172161,36.92307692307692,0.0,5.274725274725275,3.711843711843712,18.55921855921856,-5.665445665445666,0.0,4.102564102564102,5.665445665445666,36.92307692307692,-25.2014652014652,0.0,-22.466422466422465,19.34065934065934,48.64468864468864,3.3211233211233213,36.92307692307692
-20.903540903540904,-64.27350427350427,27.155067155067155,52.16117216117216,0.0,-36.14163614163614,-32.62515262515262,4.102564102564102,58.8034188034188,0.0,-42.002442002442,33.40659340659341,0.0,-0.1953601953601953,4.102564102564102,16.214896214896214,-1.3675213675213675,0.0,1.7582417582417582,4.493284493284493,37.704517704517706,-25.592185592185597,0.0,-26.764346764346765,-31.062271062271066,101.78266178266178,-0.5860805860805861,37.704517704517706
-15.824175824175825,-65.83638583638583,31.062271062271066,42.78388278388278,0.0,-33.40659340659341,-36.14163614163614,3.3211233211233213,59.58485958485959,0.0,-44.346764346764346,27.155067155067155,0.0,-8.00976800976801,1.7582417582417582,16.214896214896214,1.3675213675213675,0.0,-0.1953601953601953,1.3675213675213675,40.83028083028083,-29.499389499389498,0.0,-30.671550671550676,-31.843711843711844,103.34554334554336,-7.619047619047619,40.83028083028083
-11.916971916971915,-64.66422466422466,29.89010989010989,40.43956043956044,0.0,-36.14163614163614,-35.75091575091575,0.1953601953601953,66.61782661782662,0.0,-43.17460317460318,18.168498168498168,0.0,-15.824175824175825,-5.665445665445666,12.307692307692308,11.526251526251526,0.0,-2.5396825396825395,-5.665445665445666,37.704517704517706,-25.2014652014652,0.0,-29.499389499389498,-47.86324786324786,114.28571428571428,-13.870573870573873,37.704517704517706
-7.619047619047619,-61.92918192918193,30.28083028083028,36.14163614163614,0.0,-38.87667887667888,-32.234432234432234,2.5396825396825395,65.83638583638583,0.0,-40.83028083028083,9.963369963369964,0.0,-17.77777777777778,-15.824175824175825,8.791208791208792,13.089133089133089,0.0,-5.274725274725275,-13.870573870573873,33.40659340659341,-25.2014652014652,0.0,-29.89010989010989,-56.45909645909646,119.36507936507935,-22.857142857142858,33.40659340659341
-3.711843711843712,-61.14774114774115,32.62515262515262,34.969474969474966,0.0,-40.43956043956044,-29.499389499389498,6.837606837606837,67.3992673992674,0.0,-41.61172161172161,1.3675213675213675,0.0,-17.77777777777778,-25.982905982905983,6.446886446886447,11.526251526251526,0.0,-4.102564102564102,-25.982905982905983,30.671550671550676,-24.81074481074481,0.0,-32.234432234432234,-30.671550671550676,92.014652014652,-32.234432234432234,30.671550671550676
-2.148962148962149,-66.61782661782662,32.62515262515262,45.90964590964591,0.0,-42.002442002442,-33.01587301587302,6.446886446886447,79.12087912087912,0.0,-48.25396825396825,-7.228327228327228,0.0,-17.77777777777778,-38.48595848595848,2.5396825396825395,16.996336996336996,0.0,-3.711843711843712,-40.83028083028083,23.63858363858364,-15.042735042735044,0.0,-32.234432234432234,-13.47985347985348,74.82295482295483,-39.65811965811966,23.63858363858364
-6.446886446886447,-72.86935286935287,27.545787545787547,55.67765567765568,0.0,-47.081807081807085,-40.04884004884005,2.148962148962149,89.67032967032966,0.0,-57.24053724053724,-17.387057387057386,0.0,-16.996336996336996,-52.55189255189255,-5.665445665445666,26.37362637362637,0.0,-6.056166056166056,-54.89621489621489,16.996336996336996,-4.884004884004884,0.0,-27.155067155067155,-18.168498168498168,80.29304029304029,-47.472527472527474,16.996336996336996
-1.3675213675213675,-77.55799755799755,22.466422466422465,47.081807081807085,0.0,-41.22100122100122,-49.42612942612943,-1.3675213675213675,84.2002442002442,0.0,-65.44566544566544,-25.592185592185597,0.0,-11.916971916971915,-65.05494505494505,-11.916971916971915,22.466422466422465,0.0,-6.056166056166056,-66.22710622710623,13.47985347985348,-8.00976800976801,0.0,-22.075702075702075,-21.68498168498169,86.54456654456655,-56.06837606837607,13.47985347985348
2.5396825396825395,-81.46520146520146,13.870573870573873,42.39316239316239,0.0,-40.04884004884005,-54.5054945054945,-6.056166056166056,80.29304029304029,0.0,-71.30647130647131,-31.062271062271066,0.0,-12.307692307692308,-72.47863247863248,-15.824175824175825,21.294261294261293,0.0,-8.4004884004884,-75.6043956043956,12.698412698412698,-7.619047619047619,0.0,-13.47985347985348,-36.92307692307692,99.43833943833944,-61.53846153846154,12.698412698412698
6.837606837606837,-81.07448107448107,0.9768009768009768,40.83028083028083,0.0,-41.22100122100122,-55.67765567765568,-13.870573870573873,80.68376068376068,0.0,-71.6971916971917,-31.062271062271066,0.0,-13.089133089133089,-76.77655677655677,-26.37362637362637,26.37362637362637,0.0,-12.307692307692308,-83.02808302808303,6.837606837606837,-1.7582417582417582,0.0,-0.5860805860805861,-123.27228327228327,177.1916971916972,-62.31990231990232,6.837606837606837
14.652014652014651,-79.51159951159951,-1.3675213675213675,33.7973137973138,0.0,-40.04884004884005,-52.94261294261294,-14.261294261294262,77.94871794871794,0.0,-69.74358974358974,-25.592185592185597,0.0,-11.526251526251526,-75.21367521367522,-32.62515262515262,22.466422466422465,0.0,-11.916971916971915,-84.98168498168498,3.3211233211233213,-4.102564102564102,0.0,1.7582417582417582,-134.993894993895,183.05250305250303,-61.92918192918193,3.3211233211233213
23.247863247863247,-81.07448107448107,3.3211233211233213,33.01587301587302,0.0,-38.095238095238095,-50.20757020757021,-9.963369963369964,79.9023199023199,0.0,-68.96214896214896,-17.77777777777778,0.0,-12.307692307692308,-68.57142857142857,-36.14163614163614,19.73137973137973,0.0,-7.619047619047619,-85.37240537240537,0.5860805860805861,-4.102564102564102,0.0,-2.93040293040293,-69.35286935286935,120.92796092796092,-60.757020757020754,0.5860805860805861
25.592185592185597,-87.32600732600733,7.619047619047619,42.39316239316239,0.0,-40.43956043956044,-54.114774114774114,-8.4004884004884,93.96825396825396,0.0,-69.74358974358974,-13.870573870573873,0.0,-16.996336996336996,-65.44566544566544,-41.22100122100122,27.155067155067155,0.0,-6.446886446886447,-88.1074481074481,-2.5396825396825395,0.1953601953601953,0.0,-7.228327228327228,-68.57142857142857,123.66300366300366,-58.8034188034188,-2.5396825396825395
30.28083028083028,-95.92185592185592,12.307692307692308,44.346764346764346,0.0,-39.65811965811966,-59.1941391941392,-7.228327228327228,100.6105006105006,0.0,-70.13431013431014,-13.089133089133089,0.0,-22.075702075702075,-62.31990231990232,-42.78388278388278,29.89010989010989,0.0,-6.056166056166056,-89.67032967032966,-2.93040293040293,1.3675213675213675,0.0,-11.916971916971915,-100.21978021978022,158.43711843711844,-57.24053724053724,-2.93040293040293
38.87667887667888,-100.21978021978022,16.605616605616607,38.095238095238095,0.0,-32.62515262515262,-61.53846153846154,-4.493284493284493,95.92185592185592,0.0,-64.27350427350427,-13.870573870573873,0.0,-26.37362637362637,-56.06837606837607,-37.704517704517706,23.63858363858364,0.0,-4.493284493284493,-89.67032967032966,0.1953601953601953,-1.7582417582417582,0.0,-16.214896214896214,-69.74358974358974,131.4774114774115,-60.366300366300365,0.1953601953601953
45.90964590964591,-103.34554334554336,11.916971916971915,37.704517704517706,0.0,-27.936507936507937,-63.49206349206349,-6.837606837606837,93.96825396825396,0.0,-56.06837606837607,-16.605616605616607,0.0,-32.234432234432234,-51.77045177045177,-33.01587301587302,25.982905982905983,0.0,-8.4004884004884,-88.4981684981685,2.148962148962149,2.93040293040293,0.0,-11.526251526251526,-37.704517704517706,93.57753357753356,-60.757020757020754,2.148962148962149
50.989010989010985,-102.95482295482296,4.884004884004884,41.22100122100122,0.0,-24.42002442002442,-61.53846153846154,-9.963369963369964,93.57753357753356,0.0,-47.86324786324786,-17.387057387057386,0.0,-36.92307692307692,-50.20757020757021,-30.28083028083028,31.062271062271066,0.0,-15.433455433455434,-85.76312576312576,1.7582417582417582,11.526251526251526,0.0,-4.493284493284493,-63.88278388278388,106.47130647130648,-58.41269841269841,1.7582417582417582
56.84981684981685,-101.78266178266178,7.619047619047619,38.48595848595848,0.0,-17.387057387057386,-57.63125763125763,-8.00976800976801,87.71672771672772,0.0,-40.04884004884005,-16.214896214896214,0.0,-35.75091575091575,-49.81684981684982,-28.32722832722833,29.10866910866911,0.0,-18.55921855921856,-82.24664224664225,2.5396825396825395,12.698412698412698,0.0,-7.228327228327228,-81.07448107448107,120.92796092796092,-57.24053724053724,2.5396825396825395
59.1941391941392,-104.9084249084249,14.652014652014651,41.61172161172161,0.0,-14.261294261294262,-57.63125763125763,-4.493284493284493,91.23321123321124,0.0,-37.31379731379732,-15.824175824175825,0.0,-36.53235653235653,-52.16117216117216,-26.764346764346765,32.234432234432234,0.0,-22.075702075702075,-81.46520146520146,2.148962148962149,16.605616605616607,0.0,-14.261294261294262,-85.37240537240537,125.6166056166056,-54.114774114774114,2.148962148962149
57.63125763125763,-108.03418803418803,24.02930402930403,46.69108669108669,0.0,-12.307692307692308,-57.24053724053724,-4.493284493284493,97.87545787545788,0.0,-36.53235653235653,-17.77777777777778,0.0,-38.48595848595848,-54.114774114774114,-29.499389499389498,37.704517704517706,0.0,-25.592185592185597,-80.68376068376068,-0.1953601953601953,21.294261294261293,0.0,-23.63858363858364,-97.09401709401708,140.0732600732601,-51.37973137973138,-0.1953601953601953
55.67765567765568,-109.5970695970696,33.01587301587302,42.39316239316239,0.0,-9.963369963369964,-54.114774114774114,-3.711843711843712,93.18681318681318,0.0,-34.18803418803419,-20.512820512820515,0.0,-40.43956043956044,-52.16117216117216,-30.28083028083028,32.62515262515262,0.0,-27.545787545787547,-78.73015873015873,-1.7582417582417582,16.214896214896214,0.0,-32.62515262515262,-100.21978021978022,148.2783882783883,-48.64468864468864,-1.7582417582417582
55.67765567765568,-108.03418803418803,40.43956043956044,34.57875457875458,0.0,-8.791208791208792,-45.12820512820513,0.1953601953601953,80.68376068376068,0.0,-27.155067155067155,-22.857142857142858,0.0,-44.737484737484735,-43.56532356532357,-24.02930402930403,22.857142857142858,0.0,-26.764346764346765,-72.86935286935287,0.9768009768009768,7.228327228327228,0.0,-40.04884004884005,-107.25274725274726,158.04639804639805,-43.56532356532357,0.9768009768009768
55.67765567765568,-104.9084249084249,34.969474969474966,38.48595848595848,0.0,-8.00976800976801,-37.31379731379732,-2.148962148962149,75.6043956043956,0.0,-19.34065934065934,-25.982905982905983,0.0,-46.69108669108669,-36.53235653235653,-23.63858363858364,24.81074481074481,0.0,-25.592185592185597,-67.3992673992674,2.5396825396825395,6.837606837606837,0.0,-34.57875457875458,-79.9023199023199,126.007326007326,-38.095238095238095,2.5396825396825395
57.24053724053724,-100.6105006105006,27.936507936507937,42.002442002442,0.0,-5.274725274725275,-29.89010989010989,-2.93040293040293,68.18070818070818,0.0,-12.307692307692308,-25.982905982905983,0.0,-45.90964590964591,-32.234432234432234,-19.34065934065934,22.075702075702075,0.0,-24.42002442002442,-61.53846153846154,7.228327228327228,2.5396825396825395,0.0,-27.545787545787547,-90.45177045177046,129.13308913308913,-30.28083028083028,7.228327228327228
62.71062271062271,-96.31257631257633,27.155067155067155,33.7973137973138,0.0,4.102564102564102,-26.37362637362637,0.9768009768009768,50.5982905982906,0.0,-3.711843711843712,-22.857142857142858,0.0,-36.92307692307692,-26.37362637362637,-12.698412698412698,9.18192918192918,0.0,-19.73137973137973,-54.89621489621489,14.261294261294262,-7.228327228327228,0.0,-26.764346764346765,-54.5054945054945,89.27960927960928,-24.81074481074481,14.261294261294262
64.27350427350427,-91.62393162393164,23.63858363858364,33.7973137973138,0.0,11.526251526251526,-26.37362637362637,0.1953601953601953,47.081807081807085,0.0,0.1953601953601953,-23.247863247863247,0.0,-29.499389499389498,-24.81074481074481,-11.526251526251526,4.884004884004884,0.0,-19.34065934065934,-49.42612942612943,14.261294261294262,-7.619047619047619,0.0,-23.247863247863247,-49.03540903540904,80.68376068376068,-22.075702075702075,14.261294261294262
59.1941391941392,-90.06105006105007,19.73137973137973,36.92307692307692,0.0,16.996336996336996,-28.32722832722833,-6.056166056166056,44.737484737484735,0.0,4.493284493284493,-26.37362637362637,0.0,-24.81074481074481,-27.155067155067155,-16.214896214896214,3.3211233211233213,0.0,-23.247863247863247,-46.69108669108669,4.884004884004884,-0.5860805860805861,0.0,-19.34065934065934,-122.4908424908425,153.74847374847374,-18.55921855921856,4.884004884004884
55.28693528693529,-86.15384615384616,15.824175824175825,31.45299145299145,0.0,24.42002442002442,-27.936507936507937,-7.619047619047619,30.28083028083028,0.0,10.744810744810744,-30.28083028083028,0.0,-20.512820512820515,-25.592185592185597,-19.73137973137973,-5.665445665445666,0.0,-24.81074481074481,-42.002442002442,-5.274725274725275,-0.1953601953601953,0.0,-15.433455433455434,-143.5897435897436,176.4102564102564,-16.996336996336996,-5.274725274725275
49.81684981684982,-81.46520146520146,11.526251526251526,30.671550671550676,0.0,28.71794871794872,-25.592185592185597,-8.00976800976801,18.168498168498168,0.0,15.824175824175825,-32.234432234432234,0.0,-21.68498168498169,-19.73137973137973,-22.075702075702075,-14.652014652014651,0.0,-29.10866910866911,-34.969474969474966,-13.089133089133089,-2.148962148962149,0.0,-11.135531135531137,-109.98778998778998,147.88766788766787,-15.824175824175825,-13.089133089133089
41.61172161172161,-75.995115995116,3.711843711843712,37.704517704517706,0.0,24.42002442002442,-20.512820512820515,-8.4004884004884,14.261294261294262,0.0,20.12210012210012,-31.843711843711844,0.0,-26.37362637362637,-15.824175824175825,-23.63858363858364,-13.870573870573873,0.0,-34.57875457875458,-26.37362637362637,-20.12210012210012,0.9768009768009768,0.0,-3.3211233211233213,-140.85470085470087,176.4102564102564,-8.4004884004884,-20.12210012210012
36.14163614163614,-67.00854700854701,0.1953601953601953,36.53235653235653,0.0,19.34065934065934,-11.916971916971915,-3.711843711843712,4.102564102564102,0.0,23.63858363858364,-26.764346764346765,0.0,-31.45299145299145,-8.4004884004884,-20.903540903540904,-16.996336996336996,0.0,-37.31379731379732,-16.605616605616607,-20.512820512820515,-4.102564102564102,0.0,0.1953601953601953,-168.2051282051282,200.63492063492063,-2.5396825396825395,-20.512820512820515
33.40659340659341,-52.94261294261294,-1.3675213675213675,29.499389499389498,0.0,15.042735042735044,0.1953601953601953,3.3211233211233213,-8.791208791208792,0.0,30.671550671550676,-19.34065934065934,0.0,-33.7973137973138,0.9768009768009768,-12.307692307692308,-26.37362637362637,0.0,-37.31379731379732,-2.93040293040293,-16.996336996336996,-13.47985347985348,0.0,1.7582417582417582,-102.17338217338218,133.04029304029305,0.9768009768009768,-16.996336996336996
30.28083028083028,-42.002442002442,-5.665445665445666,31.062271062271066,0.0,11.135531135531137,8.4004884004884,6.446886446886447,-11.916971916971915,0.0,38.87667887667888,-17.77777777777778,0.0,-36.53235653235653,1.7582417582417582,-7.228327228327228,-24.02930402930403,0.0,-41.61172161172161,6.056166056166056,-20.903540903540904,-9.572649572649572,0.0,6.056166056166056,-57.24053724053724,86.15384615384616,2.148962148962149,-20.903540903540904
25.2014652014652,-34.57875457875458,-10.744810744810744,34.18803418803419,0.0,8.791208791208792,12.698412698412698,6.446886446886447,-13.47985347985348,0.0,44.346764346764346,-16.996336996336996,0.0,-36.92307692307692,-3.3211233211233213,-4.884004884004884,-21.294261294261293,0.0,-45.12820512820513,10.354090354090356,-30.671550671550676,-2.148962148962149,0.0,11.135531135531137,-73.65079365079364,104.12698412698413,0.1953601953601953,-30.671550671550676
20.903540903540904,-29.10866910866911,-12.307692307692308,32.62515262515262,0.0,10.744810744810744,14.652014652014651,9.963369963369964,-22.857142857142858,0.0,47.081807081807085,-16.605616605616607,0.0,-34.969474969474966,-6.056166056166056,-1.3675213675213675,-28.32722832722833,0.0,-45.12820512820513,14.261294261294262,-38.87667887667888,-1.7582417582417582,0.0,12.698412698412698,-74.82295482295483,111.94139194139194,-2.5396825396825395,-38.87667887667888
16.214896214896214,-27.545787545787547,-14.261294261294262,36.14163614163614,0.0,11.916971916971915,9.963369963369964,9.963369963369964,-21.294261294261293,0.0,43.95604395604396,-16.996336996336996,0.0,-34.57875457875458,-10.354090354090356,-2.5396825396825395,-27.545787545787547,0.0,-47.86324786324786,12.307692307692308,-45.12820512820513,3.3211233211233213,0.0,14.652014652014651,-72.86935286935287,113.5042735042735,-5.665445665445666,-45.12820512820513
6.837606837606837,-28.32722832722833,-18.55921855921856,42.002442002442,0.0,8.00976800976801,1.7582417582417582,7.619047619047619,-15.824175824175825,0.0,38.48595848595848,-19.73137973137973,0.0,-33.40659340659341,-15.042735042735044,-9.572649572649572,-22.857142857142858,0.0,-50.5982905982906,6.446886446886447,-49.03540903540904,9.572649572649572,0.0,18.94993894993895,-74.82295482295483,115.84859584859583,-7.228327228327228,-49.03540903540904
2.148962148962149,-25.592185592185597,-22.466422466422465,38.095238095238095,0.0,8.00976800976801,-0.9768009768009768,7.619047619047619,-21.294261294261293,0.0,33.40659340659341,-24.02930402930403,0.0,-31.45299145299145,-14.261294261294262,-14.652014652014651,-25.982905982905983,0.0,-51.37973137973138,2.148962148962149,-47.86324786324786,8.00976800976801,0.0,22.857142857142858,-40.83028083028083,78.33943833943835,-9.963369963369964,-47.86324786324786
5.665445665445666,-20.512820512820515,-27.155067155067155,29.10866910866911,0.0,11.135531135531137,0.1953601953601953,5.274725274725275,-29.89010989010989,0.0,36.14163614163614,-27.545787545787547,0.0,-27.155067155067155,-11.526251526251526,-17.77777777777778,-33.01587301587302,0.0,-49.03540903540904,0.5860805860805861,-47.081807081807085,2.93040293040293,0.0,27.545787545787547,0.1953601953601953,30.28083028083028,-12.698412698412698,-47.081807081807085
7.228327228327228,-24.42002442002442,-36.53235653235653,31.062271062271066,0.0,9.572649572649572,-2.148962148962149,-1.3675213675213675,-27.155067155067155,0.0,37.704517704517706,-33.01587301587302,0.0,-27.936507936507937,-15.824175824175825,-22.857142857142858,-26.764346764346765,0.0,-49.81684981684982,-4.102564102564102,-52.55189255189255,11.135531135531137,0.0,36.92307692307692,-31.45299145299145,56.84981684981685,-16.605616605616607,-52.55189255189255
10.354090354090356,-25.2014652014652,-41.22100122100122,27.155067155067155,0.0,9.963369963369964,-0.9768009768009768,-5.274725274725275,-31.062271062271066,0.0,37.704517704517706,-32.62515262515262,0.0,-26.37362637362637,-16.214896214896214,-24.81074481074481,-26.37362637362637,0.0,-46.3003663003663,-5.274725274725275,-56.45909645909646,12.698412698412698,0.0,41.61172161172161,-40.83028083028083,61.92918192918193,-19.34065934065934,-56.45909645909646
16.605616605616607,-27.545787545787547,-37.704517704517706,15.824175824175825,0.0,14.652014652014651,-1.3675213675213675,-2.93040293040293,-41.22100122100122,0.0,37.31379731379732,-28.71794871794872,0.0,-19.73137973137973,-13.47985347985348,-22.466422466422465,-35.36019536019536,0.0,-38.095238095238095,-2.5396825396825395,-56.06837606837607,3.711843711843712,0.0,38.095238095238095,13.870573870573873,11.526251526251526,-20.12210012210012,-56.06837606837607
18.168498168498168,-34.18803418803419,-37.704517704517706,13.870573870573873,0.0,15.824175824175825,-6.837606837606837,-4.493284493284493,-42.39316239316239,0.0,32.62515262515262,-27.936507936507937,0.0,-16.996336996336996,-15.433455433455434,-25.592185592185597,-34.18803418803419,0.0,-36.14163614163614,-4.493284493284493,-57.63125763125763,4.884004884004884,0.0,38.095238095238095,14.261294261294262,13.089133089133089,-19.34065934065934,-57.63125763125763
16.214896214896214,-39.26739926739927,-39.65811965811966,13.47985347985348,0.0,18.94993894993895,-14.652014652014651,-6.056166056166056,-45.51892551892552,0.0,26.37362637362637,-33.40659340659341,0.0,-10.744810744810744,-24.02930402930403,-34.18803418803419,-30.28083028083028,0.0,-35.36019536019536,-10.744810744810744,-61.92918192918193,7.619047619047619,0.0,40.04884004884005,-26.764346764346765,52.94261294261294,-15.824175824175825,-61.92918192918193
17.77777777777778,-38.87667887667888,-42.002442002442,4.102564102564102,0.0,26.37362637362637,-18.55921855921856,-7.619047619047619,-57.63125763125763,0.0,23.247863247863247,-43.17460317460318,0.0,0.1953601953601953,-29.499389499389498,-40.83028083028083,-37.31379731379732,0.0,-31.45299145299145,-13.47985347985348,-63.10134310134311,0.1953601953601953,0.0,42.39316239316239,-0.1953601953601953,21.294261294261293,-11.135531135531137,-63.10134310134311
23.63858363858364,-40.43956043956044,-48.64468864468864,0.5860805860805861,0.0,35.75091575091575,-22.466422466422465,-13.870573870573873,-62.31990231990232,0.0,22.075702075702075,-54.114774114774114,0.0,11.916971916971915,-35.75091575091575,-48.64468864468864,-38.095238095238095,0.0,-26.764346764346765,-16.605616605616607,-67.00854700854701,-0.1953601953601953,0.0,49.03540903540904,28.71794871794872,-14.652014652014651,-7.228327228327228,-67.00854700854701
25.982905982905983,-45.51892551892552,-56.06837606837607,5.274725274725275,0.0,38.48595848595848,-24.81074481074481,-24.02930402930403,-58.02197802197802,0.0,22.075702075702075,-65.44566544566544,0.0,21.294261294261293,-42.002442002442,-58.8034188034188,-29.499389499389498,0.0,-23.63858363858364,-22.075702075702075,-67.78998778998779,4.884004884004884,0.0,56.45909645909646,-1.7582417582417582,7.619047619047619,-4.102564102564102,-67.78998778998779
33.01587301587302,-49.03540903540904,-57.63125763125763,0.1953601953601953,0.0,43.95604395604396,-22.857142857142858,-30.28083028083028,-63.49206349206349,0.0,22.466422466422465,-70.13431013431014,0.0,35.36019536019536,-40.04884004884005,-64.66422466422466,-31.45299145299145,0.0,-16.996336996336996,-20.12210012210012,-63.49206349206349,0.1953601953601953,0.0,58.02197802197802,-18.94993894993895,16.996336996336996,0.5860805860805861,-63.49206349206349
40.43956043956044,-54.5054945054945,-54.89621489621489,-5.665445665445666,0.0,47.081807081807085,-20.903540903540904,-32.234432234432234,-68.18070818070818,0.0,20.903540903540904,-70.52503052503053,0.0,47.472527472527474,-36.14163614163614,-68.96214896214896,-35.75091575091575,0.0,-13.089133089133089,-13.870573870573873,-58.8034188034188,-6.837606837606837,0.0,55.28693528693529,26.37362637362637,-33.7973137973138,8.00976800976801,-58.8034188034188
42.78388278388278,-63.49206349206349,-50.5982905982906,-8.791208791208792,0.0,43.56532356532357,-19.34065934065934,-33.7973137973138,-70.13431013431014,0.0,15.433455433455434,-67.3992673992674,0.0,53.333333333333336,-36.92307692307692,-71.6971916971917,-35.75091575091575,0.0,-13.089133089133089,-11.135531135531137,-58.41269841269841,-8.00976800976801,0.0,50.989010989010985,54.114774114774114,-67.00854700854701,16.605616605616607,-58.41269841269841
44.737484737484735,-64.66422466422466,-47.86324786324786,-18.55921855921856,0.0,42.39316239316239,-17.387057387057386,-33.7973137973138,-77.55799755799755,0.0,8.4004884004884,-64.66422466422466,0.0,59.1941391941392,-38.095238095238095,-74.04151404151405,-38.87667887667888,0.0,-13.089133089133089,-8.00976800976801,-59.58485958485959,-11.135531135531137,0.0,48.25396825396825,56.84981684981685,-85.37240537240537,30.671550671550676,-59.58485958485959
44.737484737484735,-59.1941391941392,-40.04884004884005,-29.89010989010989,0.0,39.65811965811966,-9.963369963369964,-29.499389499389498,-84.59096459096459,0.0,4.102564102564102,-62.31990231990232,0.0,65.05494505494505,-33.7973137973138,-74.04151404151405,-45.12820512820513,0.0,-9.572649572649572,-2.148962148962149,-57.63125763125763,-18.168498168498168,0.0,40.43956043956044,63.49206349206349,-101.3919413919414,42.39316239316239,-57.63125763125763
43.56532356532357,-53.724053724053725,-36.14163614163614,-29.89010989010989,0.0,38.48595848595848,-6.837606837606837,-30.671550671550676,-76.38583638583638,0.0,1.3675213675213675,-61.14774114774115,0.0,66.61782661782662,-34.18803418803419,-71.6971916971917,-38.48595848595848,0.0,-5.665445665445666,-5.665445665445666,-54.5054945054945,-11.916971916971915,0.0,36.53235653235653,64.66422466422466,-111.55067155067157,45.51892551892552,-54.5054945054945
38.095238095238095,-44.737484737484735,-34.57875457875458,-24.02930402930403,0.0,37.704517704517706,-6.446886446886447,-31.45299145299145,-64.66422466422466,0.0,-0.1953601953601953,-63.49206349206349,0.0,65.44566544566544,-34.18803418803419,-69.74358974358974,-30.28083028083028,0.0,-3.711843711843712,-13.870573870573873,-43.95604395604396,-7.228327228327228,0.0,34.969474969474966,83.80952380952381,-138.1196581196581,44.346764346764346,-43.95604395604396
31.843711843711844,-34.18803418803419,-30.671550671550676,-27.545787545787547,0.0,40.83028083028083,-8.4004884004884,-30.28083028083028,-61.92918192918193,0.0,-0.1953601953601953,-64.27350427350427,0.0,71.6971916971917,-35.36019536019536,-70.52503052503053,-26.37362637362637,0.0,0.1953601953601953,-16.605616605616607,-35.75091575091575,-8.791208791208792,0.0,31.062271062271066,78.33943833943835,-135.77533577533578,43.95604395604396,-35.75091575091575
27.155067155067155,-28.32722832722833,-25.2014652014652,-29.499389499389498,0.0,45.51892551892552,-13.47985347985348,-27.155067155067155,-58.8034188034188,0.0,-3.3211233211233213,-62.31990231990232,0.0,72.47863247863248,-38.095238095238095,-64.66422466422466,-24.81074481074481,0.0,3.3211233211233213,-20.512820512820515,-29.10866910866911,-9.572649572649572,0.0,25.592185592185597,74.82295482295483,-129.13308913308913,40.43956043956044,-29.10866910866911
20.903540903540904,-24.02930402930403,-25.2014652014652,-24.02930402930403,0.0,47.86324786324786,-22.466422466422465,-29.499389499389498,-47.472527472527474,0.0,-7.228327228327228,-59.1941391941392,0.0,65.44566544566544,-42.002442002442,-61.53846153846154,-13.870573870573873,0.0,1.7582417582417582,-23.247863247863247,-28.32722832722833,-3.3211233211233213,0.0,25.592185592185597,19.73137973137973,-74.43223443223444,40.04884004884005,-28.32722832722833
16.996336996336996,-17.387057387057386,-24.02930402930403,-27.545787545787547,0.0,49.81684981684982,-24.02930402930403,-29.10866910866911,-48.25396825396825,0.0,-8.00976800976801,-52.16117216117216,0.0,62.71062271062271,-39.65811965811966,-55.28693528693529,-11.135531135531137,0.0,3.3211233211233213,-17.77777777777778,-27.155067155067155,-2.93040293040293,0.0,24.42002442002442,-4.884004884004884,-48.25396825396825,41.61172161172161,-27.155067155067155
15.042735042735044,-9.963369963369964,-17.77777777777778,-31.062271062271066,0.0,50.989010989010985,-19.73137973137973,-25.2014652014652,-49.42612942612943,0.0,-6.446886446886447,-42.39316239316239,0.0,58.02197802197802,-30.28083028083028,-38.87667887667888,-18.168498168498168,0.0,4.493284493284493,-9.963369963369964,-15.433455433455434,-9.18192918192918,0.0,18.168498168498168,54.5054945054945,-105.68986568986568,40.43956043956044,-15.433455433455434
11.526251526251526,-4.884004884004884,-18.168498168498168,-23.247863247863247,0.0,49.81684981684982,-16.996336996336996,-29.10866910866911,-37.31379731379732,0.0,-4.884004884004884,-37.31379731379732,0.0,54.89621489621489,-23.247863247863247,-31.843711843711844,-13.870573870573873,0.0,3.711843711843712,-6.056166056166056,-5.665445665445666,-6.837606837606837,0.0,18.55921855921856,53.724053724053725,-107.64346764346764,40.04884004884005,-5.665445665445666
6.837606837606837,0.5860805860805861,-20.12210012210012,-16.605616605616607,0.0,48.25396825396825,-13.47985347985348,-32.234432234432234,-31.843711843711844,0.0,-2.93040293040293,-34.18803418803419,0.0,58.02197802197802,-19.73137973137973,-29.499389499389498,-10.354090354090356,0.0,2.93040293040293,-3.3211233211233213,2.148962148962149,-4.102564102564102,0.0,20.512820512820515,28.32722832722833,-83.02808302808303,39.26739926739927,2.148962148962149
5.665445665445666,4.493284493284493,-19.34065934065934,-17.387057387057386,0.0,52.16117216117216,-10.354090354090356,-29.499389499389498,-36.92307692307692,0.0,-0.1953601953601953,-32.62515262515262,0.0,63.88278388278388,-17.387057387057386,-25.982905982905983,-15.824175824175825,0.0,2.5396825396825395,-2.5396825396825395,12.698412698412698,-9.572649572649572,0.0,19.73137973137973,38.87667887667888,-91.62393162393164,35.36019536019536,12.698412698412698
4.884004884004884,7.228327228327228,-20.12210012210012,-12.698412698412698,0.0,55.28693528693529,-11.526251526251526,-27.936507936507937,-34.57875457875458,0.0,-0.1953601953601953,-32.234432234432234,0.0,66.22710622710623,-15.824175824175825,-26.37362637362637,-15.433455433455434,0.0,2.5396825396825395,-0.1953601953601953,14.261294261294262,-10.354090354090356,0.0,20.512820512820515,57.63125763125763,-102.95482295482296,29.89010989010989,14.261294261294262
1.7582417582417582,6.446886446886447,-22.857142857142858,-1.7582417582417582,0.0,55.67765567765568,-16.996336996336996,-26.37362637362637,-27.155067155067155,0.0,-0.9768009768009768,-31.062271062271066,0.0,65.05494505494505,-16.605616605616607,-27.936507936507937,-8.791208791208792,0.0,0.5860805860805861,1.3675213675213675,11.916971916971915,-5.274725274725275,0.0,23.247863247863247,31.843711843711844,-67.00854700854701,24.42002442002442,11.916971916971915
0.5860805860805861,10.354090354090356,-21.68498168498169,-0.9768009768009768,0.0,56.84981684981685,-17.77777777777778,-20.903540903540904,-27.155067155067155,0.0,-1.3675213675213675,-27.936507936507937,0.0,66.61782661782662,-13.089133089133089,-25.2014652014652,-13.089133089133089,0.0,1.3675213675213675,6.446886446886447,13.089133089133089,-8.4004884004884,0.0,22.075702075702075,-2.148962148962149,-22.466422466422465,18.168498168498168,13.089133089133089
2.93040293040293,15.824175824175825,-19.34065934065934,-0.9768009768009768,0.0,59.975579975579976,-18.94993894993895,-17.77777777777778,-22.857142857142858,0.0,-0.1953601953601953,-22.466422466422465,0.0,68.18070818070818,-4.884004884004884,-20.12210012210012,-20.12210012210012,0.0,4.884004884004884,13.089133089133089,16.214896214896214,-14.652014652014651,0.0,19.73137973137973,15.824175824175825,-35.36019536019536,13.870573870573873,16.214896214896214
-0.5860805860805861,18.94993894993895,-17.77777777777778,3.711843711843712,0.0,56.45909645909646,-19.73137973137973,-18.55921855921856,-13.47985347985348,0.0,-0.5860805860805861,-16.996336996336996,0.0,69.35286935286935,-0.9768009768009768,-15.042735042735044,-19.73137973137973,0.0,6.056166056166056,16.214896214896214,19.73137973137973,-11.916971916971915,0.0,18.168498168498168,47.081807081807085,-68.18070818070818,13.870573870573873,19.73137973137973
-3.711843711843712,26.764346764346765,-15.433455433455434,0.9768009768009768,0.0,54.89621489621489,-15.824175824175825,-16.214896214896214,-13.089133089133089,0.0,0.1953601953601953,-11.526251526251526,0.0,70.13431013431014,-0.5860805860805861,-7.619047619047619,-24.02930402930403,0.0,5.665445665445666,16.996336996336996,26.764346764346765,-13.870573870573873,0.0,15.824175824175825,63.88278388278388,-92.014652014652,15.042735042735044,26.764346764346765
-7.619047619047619,32.62515262515262,-9.18192918192918,-6.446886446886447,0.0,50.5982905982906,-10.354090354090356,-12.698412698412698,-18.168498168498168,0.0,0.9768009768009768,-7.619047619047619,0.0,70.91575091575092,-0.1953601953601953,0.9768009768009768,-33.01587301587302,0.0,4.102564102564102,19.73137973137973,36.14163614163614,-22.075702075702075,0.0,9.572649572649572,84.2002442002442,-116.63003663003664,15.433455433455434,36.14163614163614
-19.73137973137973,34.969474969474966,-6.056166056166056,-1.7582417582417582,0.0,37.704517704517706,-12.307692307692308,-6.837606837606837,-9.963369963369964,0.0,-3.3211233211233213,-4.884004884004884,0.0,63.88278388278388,-5.665445665445666,10.744810744810744,-27.545787545787547,0.0,-0.9768009768009768,18.168498168498168,42.39316239316239,-18.94993894993895,0.0,6.446886446886447,85.37240537240537,-117.4114774114774,13.089133089133089,42.39316239316239
-30.28083028083028,43.56532356532357,-5.665445665445666,2.5396825396825395,0.0,27.936507936507937,-12.307692307692308,-2.93040293040293,-0.9768009768009768,0.0,-10.354090354090356,-2.5396825396825395,0.0,57.24053724053724,-11.526251526251526,10.744810744810744,-18.168498168498168,0.0,-7.619047619047619,15.433455433455434,42.39316239316239,-12.698412698412698,0.0,6.056166056166056,55.67765567765568,-90.06105006105007,9.18192918192918,42.39316239316239
-31.062271062271066,54.89621489621489,-1.3675213675213675,-5.274725274725275,0.0,27.155067155067155,-11.526251526251526,4.102564102564102,-2.93040293040293,0.0,-12.698412698412698,4.884004884004884,0.0,58.41269841269841,-9.963369963369964,9.572649572649572,-21.294261294261293,0.0,-7.228327228327228,16.996336996336996,42.78388278388278,-16.214896214896214,0.0,1.7582417582417582,58.8034188034188,-92.014652014652,3.711843711843712,42.78388278388278
-33.40659340659341,64.27350427350427,2.148962148962149,-5.665445665445666,0.0,24.42002442002442,-11.526251526251526,13.47985347985348,2.5396825396825395,0.0,-15.824175824175825,15.042735042735044,0.0,57.24053724053724,-6.837606837606837,13.870573870573873,-22.857142857142858,0.0,-6.056166056166056,18.55921855921856,45.51892551892552,-16.996336996336996,0.0,-1.7582417582417582,48.25396825396825,-77.94871794871794,-0.5860805860805861,45.51892551892552
-35.36019536019536,70.52503052503053,3.3211233211233213,-1.7582417582417582,0.0,21.294261294261293,-11.526251526251526,12.307692307692308,14.261294261294262,0.0,-16.996336996336996,25.592185592185597,0.0,52.55189255189255,-6.056166056166056,11.916971916971915,-13.47985347985348,0.0,-9.18192918192918,18.55921855921856,42.002442002442,-7.228327228327228,0.0,-2.93040293040293,-2.5396825396825395,-25.2014652014652,-4.884004884004884,42.002442002442
-37.31379731379732,70.91575091575092,8.791208791208792,-4.493284493284493,0.0,20.512820512820515,-13.089133089133089,13.47985347985348,16.605616605616607,0.0,-16.214896214896214,33.7973137973138,0.0,47.472527472527474,-1.3675213675213675,15.824175824175825,-12.307692307692308,0.0,-13.47985347985348,23.247863247863247,47.081807081807085,-8.00976800976801,0.0,-8.4004884004884,11.916971916971915,-34.18803418803419,-7.228327228327228,47.081807081807085
-42.78388278388278,67.00854700854701,12.307692307692308,-5.274725274725275,0.0,15.433455433455434,-17.77777777777778,16.214896214896214,16.214896214896214,0.0,-17.77777777777778,38.87667887667888,0.0,36.53235653235653,4.102564102564102,25.2014652014652,-14.261294261294262,0.0,-20.512820512820515,32.234432234432234,56.84981684981685,-15.824175824175825,0.0,-11.916971916971915,72.08791208791209,-83.41880341880342,-9.18192918192918,56.84981684981685
-50.5982905982906,64.66422466422466,8.4004884004884,0.9768009768009768,0.0,8.791208791208792,-23.247863247863247,13.870573870573873,24.42002442002442,0.0,-21.294261294261293,41.22100122100122,0.0,22.466422466422465,5.274725274725275,27.155067155067155,-1.3675213675213675,0.0,-28.32722832722833,35.75091575091575,59.1941391941392,-12.698412698412698,0.0,-8.00976800976801,57.63125763125763,-66.61782661782662,-6.837606837606837,59.1941391941392
-52.94261294261294,66.22710622710623,7.228327228327228,1.3675213675213675,0.0,6.837606837606837,-22.466422466422465,13.47985347985348,24.42002442002442,0.0,-23.247863247863247,45.90964590964591,0.0,17.387057387057386,8.00976800976801,24.81074481074481,2.5396825396825395,0.0,-27.936507936507937,39.65811965811966,59.58485958485959,-16.996336996336996,0.0,-6.837606837606837,9.18192918192918,-15.824175824175825,-1.7582417582417582,59.58485958485959
-49.81684981684982,73.26007326007326,6.446886446886447,-2.93040293040293,0.0,8.791208791208792,-16.996336996336996,19.34065934065934,15.824175824175825,0.0,-20.903540903540904,50.989010989010985,0.0,20.512820512820515,11.916971916971915,24.81074481074481,-1.7582417582417582,0.0,-22.466422466422465,45.90964590964591,59.58485958485959,-25.982905982905983,0.0,-6.056166056166056,30.671550671550676,-32.62515262515262,2.148962148962149,59.58485958485959
-47.472527472527474,79.12087912087912,4.102564102564102,-3.3211233211233213,0.0,7.619047619047619,-7.228327228327228,19.73137973137973,11.916971916971915,0.0,-15.042735042735044,53.724053724053725,0.0,25.2014652014652,15.042735042735044,22.857142857142858,-2.148962148962149,0.0,-15.824175824175825,46.3003663003663,54.5054945054945,-24.02930402930403,0.0,-3.711843711843712,58.8034188034188,-60.757020757020754,6.446886446886447,54.5054945054945
-47.472527472527474,78.73015873015873,0.9768009768009768,-2.148962148962149,0.0,3.3211233211233213,0.1953601953601953,14.261294261294262,11.135531135531137,0.0,-5.274725274725275,50.5982905982906,0.0,29.10866910866911,16.214896214896214,16.996336996336996,-2.93040293040293,0.0,-12.698412698412698,44.737484737484735,44.737484737484735,-16.214896214896214,0.0,-0.5860805860805861,47.86324786324786,-49.81684981684982,7.619047619047619,44.737484737484735
-45.51892551892552,78.33943833943835,2.5396825396825395,-9.18192918192918,0.0,7.228327228327228,7.619047619047619,11.135531135531137,-0.5860805860805861,0.0,6.056166056166056,42.78388278388278,0.0,34.969474969474966,20.903540903540904,15.433455433455434,-12.698412698412698,0.0,-8.4004884004884,44.346764346764346,38.095238095238095,-15.042735042735044,0.0,-2.148962148962149,63.10134310134311,-63.88278388278388,9.963369963369964,38.095238095238095
-45.90964590964591,75.995115995116,5.665445665445666,-10.354090354090356,0.0,9.963369963369964,11.916971916971915,5.274725274725275,-3.711843711843712,0.0,15.433455433455434,31.062271062271066,0.0,33.7973137973138,26.37362637362637,15.433455433455434,-15.824175824175825,0.0,-8.00976800976801,43.17460317460318,33.7973137973138,-8.4004884004884,0.0,-5.274725274725275,85.37240537240537,-86.15384615384616,9.572649572649572,33.7973137973138
-50.5982905982906,72.47863247863248,8.4004884004884,-6.056166056166056,0.0,15.042735042735044,8.791208791208792,1.3675213675213675,-2.148962148962149,0.0,18.94993894993895,20.512820512820515,0.0,31.843711843711844,26.764346764346765,12.698412698412698,-12.307692307692308,0.0,-8.4004884004884,40.04884004884005,30.28083028083028,-2.5396825396825395,0.0,-8.00976800976801,79.9023199023199,-79.51159951159951,8.791208791208792,30.28083028083028
-52.16117216117216,71.6971916971917,14.261294261294262,-7.228327228327228,0.0,26.764346764346765,6.837606837606837,0.5860805860805861,-8.00976800976801,0.0,19.73137973137973,8.791208791208792,0.0,36.14163614163614,24.42002442002442,8.791208791208792,-14.652014652014651,0.0,-6.446886446886447,38.48595848595848,27.545787545787547,-2.93040293040293,0.0,-13.870573870573873,75.6043956043956,-69.74358974358974,8.4004884004884,27.545787545787547
-53.333333333333336,72.47863247863248,15.824175824175825,-6.056166056166056,0.0,33.40659340659341,6.056166056166056,1.7582417582417582,-13.870573870573873,0.0,20.12210012210012,0.5860805860805861,0.0,40.43956043956044,24.42002442002442,6.837606837606837,-17.77777777777778,0.0,-6.446886446886447,40.43956043956044,27.545787545787547,-6.837606837606837,0.0,-15.433455433455434,47.86324786324786,-42.002442002442,10.354090354090356,27.545787545787547
-57.24053724053724,69.35286935286935,9.18192918192918,1.3675213675213675,0.0,34.969474969474966,0.9768009768009768,-0.5860805860805861,-12.307692307692308,0.0,17.387057387057386,-6.056166056166056,0.0,41.22100122100122,22.075702075702075,2.148962148962149,-15.042735042735044,0.0,-8.791208791208792,40.43956043956044,23.247863247863247,-3.711843711843712,0.0,-8.791208791208792,33.7973137973138,-29.10866910866911,10.744810744810744,23.247863247863247
-56.84981684981685,62.71062271062271,1.3675213675213675,9.572649572649572,0.0,36.14163614163614,0.1953601953601953,-3.3211233211233213,-14.652014652014651,0.0,16.214896214896214,-11.526251526251526,0.0,42.39316239316239,20.512820512820515,-2.148962148962149,-13.089133089133089,0.0,-10.744810744810744,39.65811965811966,15.433455433455434,2.93040293040293,0.0,-0.9768009768009768,22.075702075702075,-21.294261294261293,13.870573870573873,15.433455433455434
-49.03540903540904,59.1941391941392,0.1953601953601953,6.446886446886447,0.0,43.95604395604396,4.102564102564102,-0.1953601953601953,-31.062271062271066,0.0,16.605616605616607,-7.228327228327228,0.0,47.081807081807085,25.2014652014652,0.1953601953601953,-19.34065934065934,0.0,-6.837606837606837,43.95604395604396,13.47985347985348,3.3211233211233213,0.0,0.1953601953601953,68.18070818070818,-68.57142857142857,15.433455433455434,13.47985347985348
-47.472527472527474,50.5982905982906,4.884004884004884,11.526251526251526,0.0,45.90964590964591,7.228327228327228,0.9768009768009768,-34.18803418803419,0.0,11.135531135531137,-4.102564102564102,0.0,43.95604395604396,23.63858363858364,6.446886446886447,-15.042735042735044,0.0,-9.18192918192918,45.90964590964591,12.307692307692308,11.135531135531137,0.0,-4.493284493284493,95.92185592185592,-92.7960927960928,15.433455433455434,12.307692307692308
-45.12820512820513,42.78388278388278,13.870573870573873,14.261294261294262,0.0,46.69108669108669,7.619047619047619,4.102564102564102,-32.62515262515262,0.0,4.884004884004884,0.5860805860805861,0.0,41.61172161172161,18.55921855921856,8.00976800976801,-2.5396825396825395,0.0,-11.526251526251526,45.12820512820513,9.18192918192918,24.42002442002442,0.0,-13.47985347985348,63.10134310134311,-57.63125763125763,14.261294261294262,9.18192918192918
-43.17460317460318,41.61172161172161,25.592185592185597,7.228327228327228,0.0,45.90964590964591,8.791208791208792,8.4004884004884,-32.62515262515262,0.0,-0.5860805860805861,7.228327228327228,0.0,43.17460317460318,14.261294261294262,12.698412698412698,0.5860805860805861,0.0,-9.963369963369964,45.90964590964591,9.18192918192918,26.764346764346765,0.0,-25.2014652014652,80.29304029304029,-71.30647130647131,13.870573870573873,9.18192918192918
-45.12820512820513,42.39316239316239,33.01587301587302,3.711843711843712,0.0,40.83028083028083,6.446886446886447,11.916971916971915,-24.42002442002442,0.0,-7.619047619047619,13.47985347985348,0.0,41.61172161172161,9.963369963369964,15.433455433455434,4.102564102564102,0.0,-12.307692307692308,45.90964590964591,12.698412698412698,26.37362637362637,0.0,-32.62515262515262,122.4908424908425,-113.11355311355312,13.870573870573873,12.698412698412698
-49.03540903540904,43.17460317460318,32.234432234432234,6.837606837606837,0.0,29.499389499389498,0.1953601953601953,14.652014652014651,-10.744810744810744,0.0,-14.652014652014651,19.73137973137973,0.0,38.87667887667888,4.493284493284493,11.135531135531137,14.261294261294262,0.0,-16.214896214896214,42.002442002442,11.526251526251526,33.01587301587302,0.0,-31.843711843711844,87.32600732600733,-84.2002442002442,14.261294261294262,11.526251526251526
-52.55189255189255,43.95604395604396,29.89010989010989,8.00976800976801,0.0,21.294261294261293,-3.3211233211233213,17.77777777777778,-4.884004884004884,0.0,-18.168498168498168,24.81074481074481,0.0,39.65811965811966,1.7582417582417582,10.354090354090356,17.387057387057386,0.0,-16.996336996336996,35.75091575091575,14.261294261294262,36.92307692307692,0.0,-29.499389499389498,35.36019536019536,-37.31379731379732,12.698412698412698,14.261294261294262
-53.333333333333336,44.737484737484735,30.28083028083028,6.056166056166056,0.0,22.075702075702075,-7.228327228327228,24.42002442002442,-9.963369963369964,0.0,-21.294261294261293,30.28083028083028,0.0,41.61172161172161,0.5860805860805861,15.433455433455434,11.916971916971915,0.0,-16.605616605616607,31.843711843711844,22.075702075702075,32.62515262515262,0.0,-29.89010989010989,56.84981684981685,-61.53846153846154,10.354090354090356,22.075702075702075
-55.67765567765568,38.87667887667888,33.01587301587302,9.572649572649572,0.0,21.68498168498169,-13.089133089133089,28.71794871794872,-9.572649572649572,0.0,-21.294261294261293,30.28083028083028,0.0,34.969474969474966,0.1953601953601953,18.94993894993895,14.652014652014651,0.0,-20.903540903540904,27.936507936507937,24.81074481074481,37.704517704517706,0.0,-32.62515262515262,82.24664224664225,-82.24664224664225,4.493284493284493,24.81074481074481
-55.67765567765568,34.18803418803419,36.53235653235653,10.354090354090356,0.0,24.42002442002442,-18.55921855921856,31.062271062271066,-9.963369963369964,0.0,-17.387057387057386,31.062271062271066,0.0,29.10866910866911,3.3211233211233213,21.68498168498169,16.605616605616607,0.0,-22.075702075702075,26.37362637362637,25.592185592185597,42.78388278388278,0.0,-36.14163614163614,56.45909645909646,-50.989010989010985,1.3675213675213675,25.592185592185597
-52.16117216117216,28.32722832722833,42.78388278388278,6.837606837606837,0.0,28.71794871794872,-22.075702075702075,32.62515262515262,-11.916971916971915,0.0,-13.870573870573873,33.01587301587302,0.0,25.592185592185597,9.963369963369964,25.592185592185597,13.870573870573873,0.0,-23.247863247863247,30.28083028083028,29.89010989010989,38.48595848595848,0.0,-42.39316239316239,57.24053724053724,-44.737484737484735,2.148962148962149,29.89010989010989
-50.5982905982906,24.02930402930403,48.25396825396825,9.18192918192918,0.0,28.32722832722833,-26.37362637362637,34.18803418803419,-4.102564102564102,0.0,-10.354090354090356,33.40659340659341,0.0,19.34065934065934,16.214896214896214,24.81074481074481,22.466422466422465,0.0,-25.592185592185597,35.75091575091575,31.45299145299145,42.78388278388278,0.0,-47.86324786324786,61.14774114774115,-43.17460317460318,6.446886446886447,31.45299145299145
-50.5982905982906,20.903540903540904,47.472527472527474,15.824175824175825,0.0,24.81074481074481,-32.234432234432234,31.45299145299145,10.744810744810744,0.0,-8.00976800976801,32.234432234432234,0.0,14.652014652014651,18.168498168498168,18.94993894993895,34.57875457875458,0.0,-27.545787545787547,36.92307692307692,28.71794871794872,50.5982905982906,0.0,-47.081807081807085,56.84981684981685,-39.26739926739927,9.963369963369964,28.71794871794872
-50.20757020757021,22.075702075702075,48.64468864468864,15.824175824175825,0.0,22.857142857142858,-37.31379731379732,34.18803418803419,17.77777777777778,0.0,-7.228327228327228,28.71794871794872,0.0,13.870573870573873,16.605616605616607,20.903540903540904,32.62515262515262,0.0,-27.155067155067155,36.92307692307692,29.10866910866911,46.69108669108669,0.0,-48.25396825396825,70.13431013431014,-54.114774114774114,15.042735042735044,29.10866910866911
-49.42612942612943,23.247863247863247,50.20757020757021,12.698412698412698,0.0,24.02930402930403,-41.22100122100122,36.92307692307692,17.77777777777778,0.0,-4.493284493284493,25.592185592185597,0.0,12.307692307692308,13.870573870573873,24.81074481074481,27.545787545787547,0.0,-24.81074481074481,33.40659340659341,31.062271062271066,40.04884004884005,0.0,-49.81684981684982,95.53113553113552,-77.94871794871794,13.089133089133089,31.062271062271066
-50.5982905982906,21.68498168498169,46.69108669108669,20.903540903540904,0.0,22.466422466422465,-46.3003663003663,34.57875457875458,28.32722832722833,0.0,-4.102564102564102,20.512820512820515,0.0,5.665445665445666,8.00976800976801,22.857142857142858,33.7973137973138,0.0,-26.37362637362637,24.42002442002442,27.545787545787547,47.081807081807085,0.0,-46.3003663003663,44.737484737484735,-25.592185592185597,7.228327228327228,27.545787545787547
-50.989010989010985,20.512820512820515,47.472527472527474,24.02930402930403,0.0,22.857142857142858,-48.64468864468864,37.31379731379732,29.10866910866911,0.0,-3.3211233211233213,15.042735042735044,0.0,4.493284493284493,3.3211233211233213,22.857142857142858,33.40659340659341,0.0,-25.982905982905983,16.605616605616607,27.155067155067155,48.25396825396825,0.0,-47.081807081807085,6.446886446886447,14.261294261294262,1.3675213675213675,27.155067155067155
-44.346764346764346,20.903540903540904,53.333333333333336,14.652014652014651,0.0,31.062271062271066,-46.69108669108669,42.78388278388278,17.77777777777778,0.0,0.1953601953601953,11.135531135531137,0.0,7.228327228327228,3.3211233211233213,24.02930402930403,28.32722832722833,0.0,-22.466422466422465,15.042735042735044,29.89010989010989,42.002442002442,0.0,-52.94261294261294,37.704517704517706,-12.307692307692308,-1.7582417582417582,29.89010989010989
-43.95604395604396,20.512820512820515,57.63125763125763,15.433455433455434,0.0,32.62515262515262,-49.03540903540904,45.51892551892552,20.12210012210012,0.0,1.7582417582417582,2.148962148962149,0.0,3.711843711843712,1.7582417582417582,20.12210012210012,36.14163614163614,0.0,-24.81074481074481,13.870573870573873,25.592185592185597,48.64468864468864,0.0,-57.24053724053724,31.843711843711844,-5.665445665445666,-3.3211233211233213,25.592185592185597
-42.002442002442,20.512820512820515,59.975579975579976,13.47985347985348,0.0,34.969474969474966,-53.333333333333336,47.472527472527474,22.857142857142858,0.0,3.711843711843712,-7.619047619047619,0.0,3.3211233211233213,-5.274725274725275,16.996336996336996,40.43956043956044,0.0,-27.545787545787547,13.089133089133089,19.34065934065934,52.16117216117216,0.0,-59.58485958485959,-8.4004884004884,32.62515262515262,-3.3211233211233213,19.34065934065934
-36.53235653235653,22.075702075702075,61.14774114774115,6.056166056166056,0.0,36.92307692307692,-56.84981684981685,49.42612942612943,22.466422466422465,0.0,4.493284493284493,-13.870573870573873,0.0,4.493284493284493,-10.354090354090356,18.55921855921856,37.704517704517706,0.0,-27.936507936507937,14.652014652014651,18.55921855921856,46.69108669108669,0.0,-60.757020757020754,31.062271062271066,-9.963369963369964,-4.493284493284493,18.55921855921856
-31.45299145299145,20.12210012210012,59.1941391941392,7.619047619047619,0.0,37.704517704517706,-61.53846153846154,47.472527472527474,31.843711843711844,0.0,0.5860805860805861,-16.605616605616607,0.0,2.5396825396825395,-11.526251526251526,19.34065934065934,40.04884004884005,0.0,-28.32722832722833,14.652014652014651,16.996336996336996,47.472527472527474,0.0,-58.8034188034188,85.76312576312576,-66.22710622710623,-6.837606837606837,16.996336996336996
-29.10866910866911,16.996336996336996,54.89621489621489,17.387057387057386,0.0,32.234432234432234,-60.366300366300365,39.65811965811966,48.25396825396825,0.0,-4.884004884004884,-15.433455433455434,0.0,1.7582417582417582,-15.824175824175825,16.996336996336996,47.86324786324786,0.0,-28.32722832722833,10.354090354090356,15.042735042735044,54.5054945054945,0.0,-54.5054945054945,52.16117216117216,-33.01587301587302,-12.307692307692308,15.042735042735044
-25.982905982905983,15.042735042735044,55.67765567765568,19.73137973137973,0.0,29.10866910866911,-56.06837606837607,36.53235653235653,54.5054945054945,0.0,-12.307692307692308,-10.354090354090356,0.0,4.102564102564102,-15.433455433455434,16.996336996336996,45.90964590964591,0.0,-23.247863247863247,8.4004884004884,16.214896214896214,51.37973137973138,0.0,-55.28693528693529,30.28083028083028,-5.665445665445666,-16.605616605616607,16.214896214896214
-23.63858363858364,16.996336996336996,59.58485958485959,13.870573870573873,0.0,26.37362637362637,-50.20757020757021,35.36019536019536,54.89621489621489,0.0,-16.605616605616607,-4.884004884004884,0.0,5.274725274725275,-12.698412698412698,19.34065934065934,40.04884004884005,0.0,-16.605616605616607,7.619047619047619,18.94993894993895,43.17460317460318,0.0,-59.1941391941392,49.03540903540904,-13.47985347985348,-20.512820512820515,18.94993894993895
-27.155067155067155,18.168498168498168,64.27350427350427,6.446886446886447,0.0,18.168498168498168,-48.64468864468864,34.18803418803419,57.63125763125763,0.0,-23.63858363858364,-2.148962148962149,0.0,6.056166056166056,-16.996336996336996,16.996336996336996,41.61172161172161,0.0,-11.526251526251526,2.148962148962149,17.77777777777778,40.04884004884005,0.0,-63.88278388278388,53.724053724053725,-6.056166056166056,-27.155067155067155,17.77777777777778
-28.71794871794872,19.34065934065934,69.74358974358974,-5.665445665445666,0.0,10.744810744810744,-47.081807081807085,36.53235653235653,53.724053724053725,0.0,-28.71794871794872,0.5860805860805861,0.0,6.446886446886447,-23.247863247863247,16.996336996336996,41.22100122100122,0.0,-7.619047619047619,-0.9768009768009768,18.55921855921856,33.01587301587302,0.0,-69.35286935286935,38.095238095238095,16.996336996336996,-30.671550671550676,18.55921855921856
-27.545787545787547,20.512820512820515,74.43223443223444,-21.294261294261293,0.0,4.102564102564102,-42.78388278388278,39.26739926739927,44.737484737484735,0.0,-31.062271062271066,3.3211233211233213,0.0,7.228327228327228,-25.982905982905983,18.55921855921856,39.65811965811966,0.0,-2.5396825396825395,-1.7582417582417582,23.247863247863247,22.466422466422465,0.0,-74.04151404151405,41.22100122100122,18.55921855921856,-31.843711843711844,23.247863247863247
-27.545787545787547,16.996336996336996,74.43223443223444,-19.34065934065934,0.0,-0.5860805860805861,-40.04884004884005,36.53235653235653,48.25396825396825,0.0,-34.57875457875458,1.7582417582417582,0.0,5.274725274725275,-30.28083028083028,17.387057387057386,49.81684981684982,0.0,-0.5860805860805861,-4.102564102564102,23.63858363858364,25.592185592185597,0.0,-74.04151404151405,47.86324786324786,13.089133089133089,-34.57875457875458,23.63858363858364
-30.28083028083028,14.261294261294262,77.55799755799755,-12.698412698412698,0.0,-4.102564102564102,-37.704517704517706,35.75091575091575,55.28693528693529,0.0,-37.31379731379732,-0.1953601953601953,0.0,0.5860805860805861,-28.71794871794872,15.824175824175825,56.84981684981685,0.0,-0.5860805860805861,-4.884004884004884,22.075702075702075,29.89010989010989,0.0,-77.16727716727716,60.757020757020754,0.9768009768009768,-35.36019536019536,22.075702075702075
-29.89010989010989,14.261294261294262,81.46520146520146,-10.354090354090356,0.0,-2.93040293040293,-33.7973137973138,36.92307692307692,55.28693528693529,0.0,-33.40659340659341,-0.1953601953601953,0.0,-2.5396825396825395,-21.294261294261293,19.73137973137973,50.5982905982906,0.0,-0.5860805860805861,-0.5860805860805861,21.68498168498169,26.37362637362637,0.0,-81.07448107448107,74.43223443223444,-11.135531135531137,-32.62515262515262,21.68498168498169
-30.28083028083028,11.916971916971915,84.98168498168498,-3.711843711843712,0.0,-4.102564102564102,-31.45299145299145,39.65811965811966,59.1941391941392,0.0,-30.28083028083028,0.5860805860805861,0.0,-8.4004884004884,-9.572649572649572,27.155067155067155,44.346764346764346,0.0,1.3675213675213675,2.93040293040293,23.63858363858364,24.02930402930403,0.0,-84.59096459096459,86.54456654456655,-22.075702075702075,-29.10866910866911,23.63858363858364
-31.843711843711844,10.744810744810744,87.71672771672772,4.884004884004884,0.0,-8.00976800976801,-28.71794871794872,39.65811965811966,69.74358974358974,0.0,-24.02930402930403,2.93040293040293,0.0,-16.214896214896214,3.3211233211233213,26.764346764346765,45.90964590964591,0.0,2.5396825396825395,8.00976800976801,20.12210012210012,27.936507936507937,0.0,-87.32600732600733,24.81074481074481,38.48595848595848,-22.857142857142858,20.12210012210012
-27.936507936507937,9.18192918192918,89.67032967032966,5.665445665445666,0.0,-11.135531135531137,-20.512820512820515,41.22100122100122,67.3992673992674,0.0,-13.47985347985348,6.837606837606837,0.0,-19.73137973137973,13.870573870573873,29.10866910866911,42.78388278388278,0.0,4.102564102564102,13.870573870573873,20.512820512820515,26.37362637362637,0.0,-89.27960927960928,-10.354090354090356,67.78998778998779,-15.433455433455434,20.512820512820515
-21.294261294261293,9.963369963369964,93.57753357753356,-0.5860805860805861,0.0,-13.47985347985348,-4.493284493284493,44.346764346764346,54.89621489621489,0.0,-4.884004884004884,7.619047619047619,0.0,-18.94993894993895,22.857142857142858,33.40659340659341,36.14163614163614,0.0,8.4004884004884,22.075702075702075,25.2014652014652,17.387057387057386,0.0,-93.18681318681318,45.12820512820513,6.837606837606837,-10.744810744810744,25.2014652014652
-18.55921855921856,11.135531135531137,93.18681318681318,2.5396825396825395,0.0,-16.605616605616607,8.00976800976801,42.78388278388278,52.94261294261294,0.0,0.9768009768009768,5.274725274725275,0.0,-19.34065934065934,24.42002442002442,33.01587301587302,42.39316239316239,0.0,8.4004884004884,27.155067155067155,24.81074481074481,20.12210012210012,0.0,-92.7960927960928,21.68498168498169,21.68498168498169,-5.274725274725275,24.81074481074481
-14.652014652014651,11.526251526251526,94.74969474969475,0.9768009768009768,0.0,-17.77777777777778,21.294261294261293,42.39316239316239,46.3003663003663,0.0,8.4004884004884,6.446886446886447,0.0,-20.512820512820515,24.81074481074481,37.31379731379732,44.346764346764346,0.0,6.056166056166056,30.671550671550676,27.545787545787547,20.903540903540904,0.0,-94.35897435897436,-21.294261294261293,53.333333333333336,1.3675213675213675,27.545787545787547
-10.744810744810744,11.135531135531137,98.26617826617829,-4.493284493284493,0.0,-12.698412698412698,30.28083028083028,42.002442002442,33.7973137973138,0.0,11.526251526251526,8.4004884004884,0.0,-18.55921855921856,24.02930402930403,48.25396825396825,34.57875457875458,0.0,4.493284493284493,36.14163614163614,35.36019536019536,12.698412698412698,0.0,-97.87545787545788,25.982905982905983,2.148962148962149,6.837606837606837,35.36019536019536
-11.916971916971915,5.274725274725275,98.65689865689866,-1.7582417582417582,0.0,-10.354090354090356,31.843711843711844,38.095238095238095,30.28083028083028,0.0,11.526251526251526,9.572649572649572,0.0,-20.12210012210012,24.81074481074481,55.67765567765568,31.843711843711844,0.0,0.5860805860805861,40.04884004884005,40.43956043956044,11.135531135531137,0.0,-98.26617826617829,75.6043956043956,-51.37973137973138,15.824175824175825,40.43956043956044
-13.47985347985348,-2.93040293040293,94.35897435897436,2.93040293040293,0.0,-8.791208791208792,28.71794871794872,28.32722832722833,31.062271062271066,0.0,10.354090354090356,8.791208791208792,0.0,-25.2014652014652,22.075702075702075,56.45909645909646,34.969474969474966,0.0,-5.665445665445666,38.48595848595848,42.78388278388278,13.089133089133089,0.0,-93.96825396825396,57.24053724053724,-38.095238095238095,22.857142857142858,42.78388278388278
-12.307692307692308,-8.4004884004884,92.4053724053724,-4.884004884004884,0.0,-2.93040293040293,24.81074481074481,22.857142857142858,19.34065934065934,0.0,8.791208791208792,6.446886446886447,0.0,-24.42002442002442,19.73137973137973,56.06837606837607,26.764346764346765,0.0,-9.572649572649572,39.26739926739927,44.737484737484735,4.493284493284493,0.0,-92.014652014652,54.89621489621489,-36.53235653235653,26.37362637362637,44.737484737484735
-9.572649572649572,-11.135531135531137,90.45177045177046,-14.652014652014651,0.0,3.3211233211233213,17.77777777777778,19.73137973137973,10.354090354090356,0.0,7.228327228327228,2.5396825396825395,0.0,-20.512820512820515,16.605616605616607,54.114774114774114,17.77777777777778,0.0,-8.00976800976801,38.095238095238095,41.61172161172161,-3.3211233211233213,0.0,-90.06105006105007,72.47863247863248,-50.989010989010985,27.936507936507937,41.61172161172161
-11.135531135531137,-13.47985347985348,86.15384615384616,-15.042735042735044,0.0,8.00976800976801,7.619047619047619,13.870573870573873,12.698412698412698,0.0,5.274725274725275,1.7582417582417582,0.0,-20.512820512820515,13.47985347985348,50.989010989010985,16.996336996336996,0.0,-9.18192918192918,34.18803418803419,39.26739926739927,-2.5396825396825395,0.0,-85.76312576312576,68.96214896214896,-46.69108669108669,28.71794871794872,39.26739926739927
-13.089133089133089,-13.47985347985348,87.71672771672772,-24.42002442002442,0.0,13.089133089133089,0.9768009768009768,13.089133089133089,6.837606837606837,0.0,0.9768009768009768,5.274725274725275,0.0,-17.77777777777778,12.698412698412698,52.16117216117216,4.493284493284493,0.0,-11.526251526251526,32.62515262515262,41.22100122100122,-10.354090354090356,0.0,-87.32600732600733,83.02808302808303,-57.63125763125763,29.10866910866911,41.22100122100122
-16.605616605616607,-11.135531135531137,90.84249084249085,-31.843711843711844,0.0,13.47985347985348,-2.93040293040293,15.824175824175825,1.7582417582417582,0.0,-4.493284493284493,13.870573870573873,0.0,-13.870573870573873,11.916971916971915,60.366300366300365,-10.744810744810744,0.0,-13.47985347985348,32.62515262515262,47.86324786324786,-19.34065934065934,0.0,-90.45177045177046,97.87545787545788,-71.6971916971917,32.62515262515262,47.86324786324786
-24.02930402930403,-14.261294261294262,92.014652014652,-23.247863247863247,0.0,4.102564102564102,-5.274725274725275,15.824175824175825,12.698412698412698,0.0,-12.307692307692308,21.294261294261293,0.0,-20.903540903540904,13.089133089133089,67.3992673992674,-8.4004884004884,0.0,-20.903540903540904,31.843711843711844,56.84981684981685,-16.214896214896214,0.0,-91.62393162393164,92.7960927960928,-70.52503052503053,37.704517704517706,56.84981684981685
-27.936507936507937,-15.824175824175825,89.67032967032966,-20.903540903540904,0.0,-4.884004884004884,-5.274725274725275,15.042735042735044,18.168498168498168,0.0,-18.94993894993895,25.592185592185597,0.0,-27.545787545787547,10.744810744810744,69.74358974358974,-3.711843711843712,0.0,-27.545787545787547,31.062271062271066,58.8034188034188,-13.089133089133089,0.0,-89.27960927960928,84.98168498168498,-66.61782661782662,42.002442002442,58.8034188034188
-21.68498168498169,-15.824175824175825,92.014652014652,-31.45299145299145,0.0,-3.3211233211233213,-6.056166056166056,21.294261294261293,9.572649572649572,0.0,-18.94993894993895,31.062271062271066,0.0,-26.764346764346765,10.354090354090356,74.04151404151405,-11.916971916971915,0.0,-26.764346764346765,34.969474969474966,58.41269841269841,-19.73137973137973,0.0,-91.62393162393164,89.27960927960928,-72.08791208791209,45.12820512820513,58.41269841269841
-18.168498168498168,-20.512820512820515,86.93528693528694,-25.982905982905983,0.0,-3.3211233211233213,-13.47985347985348,23.247863247863247,13.47985347985348,0.0,-22.466422466422465,34.18803418803419,0.0,-28.71794871794872,6.837606837606837,77.16727716727716,-10.744810744810744,0.0,-27.545787545787547,33.40659340659341,58.41269841269841,-19.73137973137973,0.0,-86.54456654456655,71.6971916971917,-55.67765567765568,46.69108669108669,58.41269841269841
-17.387057387057386,-24.02930402930403,79.51159951159951,-17.77777777777778,0.0,-1.3675213675213675,-24.02930402930403,22.466422466422465,21.294261294261293,0.0,-25.592185592185597,35.36019536019536,0.0,-31.45299145299145,4.102564102564102,72.08791208791209,-2.93040293040293,0.0,-30.28083028083028,32.234432234432234,52.16117216117216,-11.916971916971915,0.0,-79.12087912087912,-0.1953601953601953,14.652014652014651,47.472527472527474,52.16117216117216
-15.042735042735044,-24.81074481074481,75.21367521367522,-13.089133089133089,0.0,2.93040293040293,-30.28083028083028,26.37362637362637,20.903540903540904,0.0,-25.592185592185597,40.04884004884005,0.0,-30.671550671550676,7.228327228327228,72.08791208791209,-6.056166056166056,0.0,-32.62515262515262,33.40659340659341,51.77045177045177,-10.744810744810744,0.0,-74.82295482295483,-19.34065934065934,31.45299145299145,47.86324786324786,51.77045177045177
-15.433455433455434,-23.247863247863247,72.08791208791209,-3.711843711843712,0.0,3.711843711843712,-33.40659340659341,31.45299145299145,24.81074481074481,0.0,-26.37362637362637,45.51892551892552,0.0,-31.843711843711844,13.870573870573873,75.995115995116,-4.102564102564102,0.0,-33.7973137973138,36.53235653235653,57.24053724053724,-5.665445665445666,0.0,-71.6971916971917,28.32722832722833,-18.55921855921856,47.472527472527474,57.24053724053724
-16.996336996336996,-22.075702075702075,65.83638583638583,8.00976800976801,0.0,0.1953601953601953,-34.18803418803419,31.843711843711844,34.18803418803419,0.0,-24.42002442002442,43.56532356532357,0.0,-34.969474969474966,20.12210012210012,72.86935286935287,8.4004884004884,0.0,-35.75091575091575,39.65811965811966,56.84981684981685,5.274725274725275,0.0,-65.44566544566544,14.261294261294262,-8.791208791208792,49.03540903540904,56.84981684981685
-14.261294261294262,-19.73137973137973,63.10134310134311,9.963369963369964,0.0,0.1953601953601953,-31.843711843711844,37.31379731379732,32.62515262515262,0.0,-19.73137973137973,45.51892551892552,0.0,-34.18803418803419,27.936507936507937,68.96214896214896,15.433455433455434,0.0,-33.01587301587302,46.3003663003663,52.55189255189255,12.698412698412698,0.0,-62.71062271062271,-18.168498168498168,23.247863247863247,52.55189255189255,52.55189255189255
-7.619047619047619,-20.512820512820515,61.92918192918193,8.4004884004884,0.0,0.5860805860805861,-31.062271062271066,43.17460317460318,28.71794871794872,0.0,-18.168498168498168,47.081807081807085,0.0,-28.71794871794872,31.062271062271066,69.35286935286935,13.089133089133089,0.0,-24.81074481074481,50.5982905982906,50.5982905982906,9.18192918192918,0.0,-61.53846153846154,14.261294261294262,-4.884004884004884,54.89621489621489,50.5982905982906
-4.884004884004884,-24.81074481074481,56.06837606837607,12.307692307692308,0.0,-0.1953601953601953,-37.704517704517706,42.78388278388278,32.62515262515262,0.0,-23.63858363858364,42.002442002442,0.0,-27.155067155067155,28.32722832722833,61.92918192918193,19.34065934065934,0.0,-20.512820512820515,48.25396825396825,41.22100122100122,13.47985347985348,0.0,-55.67765567765568,40.83028083028083,-27.155067155067155,52.94261294261294,41.22100122100122
-1.7582417582417582,-31.45299145299145,49.81684981684982,18.94993894993895,0.0,0.9768009768009768,-47.472527472527474,41.22100122100122,39.26739926739927,0.0,-32.234432234432234,40.83028083028083,0.0,-27.155067155067155,22.075702075702075,54.5054945054945,26.764346764346765,0.0,-17.77777777777778,43.17460317460318,30.28083028083028,21.294261294261293,0.0,-49.42612942612943,21.68498168498169,-4.884004884004884,49.03540903540904,30.28083028083028
1.7582417582417582,-37.31379731379732,46.69108669108669,20.903540903540904,0.0,5.274725274725275,-56.45909645909646,39.65811965811966,42.002442002442,0.0,-39.26739926739927,40.04884004884005,0.0,-26.764346764346765,18.168498168498168,52.55189255189255,27.155067155067155,0.0,-16.214896214896214,38.87667887667888,26.37362637362637,21.68498168498169,0.0,-46.3003663003663,19.73137973137973,0.1953601953601953,42.002442002442,26.37362637362637
3.711843711843712,-40.43956043956044,43.95604395604396,22.857142857142858,0.0,9.963369963369964,-66.22710622710623,36.53235653235653,48.64468864468864,0.0,-46.3003663003663,34.57875457875458,0.0,-28.32722832722833,10.354090354090356,49.81684981684982,37.704517704517706,0.0,-15.824175824175825,30.28083028083028,27.545787545787547,27.155067155067155,0.0,-43.56532356532357,16.605616605616607,6.056166056166056,31.062271062271066,27.545787545787547
3.3211233211233213,-41.61172161172161,42.002442002442,27.545787545787547,0.0,9.963369963369964,-75.995115995116,32.234432234432234,63.49206349206349,0.0,-54.114774114774114,26.37362637362637,0.0,-32.234432234432234,0.9768009768009768,42.002442002442,57.24053724053724,0.0,-16.605616605616607,21.294261294261293,24.81074481074481,38.095238095238095,0.0,-41.61172161172161,3.3211233211233213,21.68498168498169,20.512820512820515,24.81074481074481
5.665445665445666,-38.095238095238095,43.95604395604396,20.903540903540904,0.0,10.354090354090356,-79.9023199023199,31.062271062271066,69.35286935286935,0.0,-59.58485958485959,21.68498168498169,0.0,-29.499389499389498,-3.3211233211233213,36.53235653235653,63.49206349206349,0.0,-10.354090354090356,16.605616605616607,22.466422466422465,36.92307692307692,0.0,-43.56532356532357,0.1953601953601953,25.592185592185597,16.214896214896214,22.466422466422465
6.837606837606837,-33.01587301587302,41.61172161172161,17.387057387057386,0.0,8.4004884004884,-81.07448107448107,26.37362637362637,78.73015873015873,0.0,-70.91575091575092,14.261294261294262,0.0,-28.32722832722833,-10.354090354090356,28.71794871794872,73.65079365079364,0.0,-4.493284493284493,10.744810744810744,17.77777777777778,38.095238095238095,0.0,-41.22100122100122,-19.34065934065934,43.17460317460318,12.698412698412698,17.77777777777778
6.446886446886447,-32.62515262515262,30.671550671550676,24.81074481074481,0.0,3.711843711843712,-85.37240537240537,17.387057387057386,93.18681318681318,0.0,-84.59096459096459,5.274725274725275,0.0,-29.10866910866911,-19.34065934065934,20.12210012210012,86.93528693528694,0.0,-1.3675213675213675,4.102564102564102,8.4004884004884,47.472527472527474,0.0,-30.28083028083028,-18.94993894993895,37.704517704517706,9.572649572649572,8.4004884004884
8.00976800976801,-35.36019536019536,20.512820512820515,30.671550671550676,0.0,2.5396825396825395,-88.4981684981685,9.963369963369964,99.43833943833944,0.0,-98.65689865689866,4.884004884004884,0.0,-29.10866910866911,-24.02930402930403,15.042735042735044,95.53113553113552,0.0,-0.9768009768009768,2.93040293040293,0.1953601953601953,55.28693528693529,0.0,-20.12210012210012,-32.234432234432234,43.56532356532357,11.916971916971915,0.1953601953601953
13.870573870573873,-34.57875457875458,13.870573870573873,26.37362637362637,0.0,8.00976800976801,-86.15384615384616,8.791208791208792,87.71672771672772,0.0,-106.86202686202688,9.18192918192918,0.0,-24.02930402930403,-27.155067155067155,13.089133089133089,94.35897435897436,0.0,0.1953601953601953,6.837606837606837,-4.884004884004884,53.333333333333336,0.0,-13.47985347985348,11.135531135531137,-0.5860805860805861,10.354090354090356,-4.884004884004884
13.870573870573873,-36.53235653235653,8.00976800976801,26.37362637362637,0.0,9.18192918192918,-88.1074481074481,5.274725274725275,84.98168498168498,0.0,-113.11355311355312,5.665445665445666,0.0,-24.81074481074481,-34.57875457875458,9.572649572649572,103.73626373626374,0.0,1.7582417582417582,2.93040293040293,-9.18192918192918,57.24053724053724,0.0,-7.619047619047619,18.55921855921856,-6.446886446886447,5.274725274725275,-9.18192918192918
11.916971916971915,-37.31379731379732,3.3211233211233213,27.545787545787547,0.0,7.619047619047619,-91.62393162393164,4.884004884004884,84.2002442002442,0.0,-116.23931623931624,0.9768009768009768,0.0,-26.764346764346765,-42.39316239316239,2.93040293040293,115.06715506715508,0.0,2.93040293040293,-0.1953601953601953,-16.214896214896214,61.53846153846154,0.0,-2.93040293040293,-29.499389499389498,47.081807081807085,1.3675213675213675,-16.214896214896214
11.916971916971915,-34.969474969474966,0.5860805860805861,20.903540903540904,0.0,4.493284493284493,-90.45177045177046,5.665445665445666,76.77655677655677,0.0,-115.84859584859583,-0.1953601953601953,0.0,-22.075702075702075,-48.64468864468864,-2.148962148962149,113.89499389499387,0.0,6.837606837606837,-3.711843711843712,-20.512820512820515,56.45909645909646,0.0,-0.1953601953601953,-4.884004884004884,30.28083028083028,-3.3211233211233213,-20.512820512820515
8.791208791208792,-34.18803418803419,-2.93040293040293,16.996336996336996,0.0,-2.93040293040293,-91.62393162393164,7.228327228327228,75.21367521367522,0.0,-118.5836385836386,-6.446886446886447,0.0,-20.903540903540904,-54.89621489621489,-5.665445665445666,113.11355311355312,0.0,8.4004884004884,-10.744810744810744,-19.34065934065934,51.37973137973138,0.0,3.3211233211233213,52.16117216117216,-20.512820512820515,-9.963369963369964,-19.34065934065934
3.3211233211233213,-35.75091575091575,-8.791208791208792,20.12210012210012,0.0,-12.698412698412698,-94.35897435897436,6.056166056166056,78.73015873015873,0.0,-123.66300366300366,-6.446886446886447,0.0,-22.075702075702075,-60.366300366300365,-9.963369963369964,115.84859584859583,0.0,5.665445665445666,-16.996336996336996,-20.12210012210012,53.333333333333336,0.0,9.18192918192918,40.43956043956044,-5.665445665445666,-13.47985347985348,-20.12210012210012
0.9768009768009768,-34.969474969474966,-14.261294261294262,16.605616605616607,0.0,-14.652014652014651,-93.96825396825396,2.93040293040293,72.47863247863248,0.0,-128.35164835164835,-2.5396825396825395,0.0,-18.94993894993895,-64.66422466422466,-13.870573870573873,113.89499389499387,0.0,5.274725274725275,-20.12210012210012,-22.857142857142858,52.55189255189255,0.0,14.652014652014651,5.665445665445666,28.71794871794872,-14.261294261294262,-22.857142857142858
-0.1953601953601953,-32.62515262515262,-15.824175824175825,7.228327228327228,0.0,-10.744810744810744,-92.014652014652,0.1953601953601953,60.366300366300365,0.0,-131.86813186813183,-0.5860805860805861,0.0,-18.168498168498168,-64.66422466422466,-11.526251526251526,105.68986568986568,0.0,6.837606837606837,-19.73137973137973,-20.512820512820515,43.95604395604396,0.0,16.214896214896214,37.704517704517706,-4.884004884004884,-12.698412698412698,-20.512820512820515
-2.148962148962149,-31.062271062271066,-18.94993894993895,4.493284493284493,0.0,-4.884004884004884,-93.18681318681318,-4.102564102564102,54.114774114774114,0.0,-133.82173382173383,-2.148962148962149,0.0,-17.77777777777778,-64.66422466422466,-13.089133089133089,105.68986568986568,0.0,8.791208791208792,-18.94993894993895,-24.02930402930403,42.39316239316239,0.0,19.34065934065934,55.67765567765568,-23.247863247863247,-11.916971916971915,-24.02930402930403
-2.93040293040293,-28.71794871794872,-24.02930402930403,2.93040293040293,0.0,2.5396825396825395,-92.7960927960928,-11.135531135531137,46.3003663003663,0.0,-133.82173382173383,-6.446886446886447,0.0,-13.47985347985348,-70.13431013431014,-16.605616605616607,106.08058608058607,0.0,10.744810744810744,-18.94993894993895,-28.71794871794872,40.83028083028083,0.0,24.42002442002442,33.40659340659341,-4.884004884004884,-9.18192918192918,-28.71794871794872
0.1953601953601953,-26.37362637362637,-25.982905982905983,-1.7582417582417582,0.0,9.572649572649572,-87.32600732600733,-11.916971916971915,33.7973137973138,0.0,-131.86813186813183,-8.00976800976801,0.0,-8.00976800976801,-70.13431013431014,-16.605616605616607,93.57753357753356,0.0,15.042735042735044,-16.996336996336996,-28.71794871794872,27.936507936507937,0.0,26.37362637362637,27.155067155067155,-0.1953601953601953,-7.228327228327228,-28.71794871794872
1.7582417582417582,-26.37362637362637,-29.499389499389498,-0.1953601953601953,0.0,7.228327228327228,-80.29304029304029,-12.307692307692308,29.10866910866911,0.0,-130.3052503052503,-7.619047619047619,0.0,-6.446886446886447,-67.3992673992674,-16.214896214896214,85.76312576312576,0.0,19.73137973137973,-16.605616605616607,-28.32722832722833,18.94993894993895,0.0,29.89010989010989,23.63858363858364,7.228327228327228,-8.4004884004884,-28.32722832722833
1.7582417582417582,-25.982905982905983,-35.75091575091575,4.493284493284493,0.0,4.493284493284493,-71.6971916971917,-17.387057387057386,27.545787545787547,0.0,-127.96092796092796,-4.493284493284493,0.0,-4.884004884004884,-68.18070818070818,-18.55921855921856,81.07448107448107,0.0,22.857142857142858,-20.12210012210012,-30.28083028083028,15.042735042735044,0.0,36.14163614163614,-13.47985347985348,45.90964590964591,-11.135531135531137,-30.28083028083028
2.148962148962149,-24.02930402930403,-36.14163614163614,-2.93040293040293,0.0,1.7582417582417582,-61.92918192918193,-18.94993894993895,16.214896214896214,0.0,-124.44444444444444,0.9768009768009768,0.0,-2.5396825396825395,-63.49206349206349,-15.824175824175825,65.44566544566544,0.0,26.37362637362637,-19.34065934065934,-25.982905982905983,1.3675213675213675,0.0,36.53235653235653,-22.466422466422465,56.84981684981685,-9.572649572649572,-25.982905982905983
1.7582417582417582,-17.77777777777778,-35.75091575091575,-13.47985347985348,0.0,0.1953601953601953,-52.16117216117216,-19.73137973137973,5.665445665445666,0.0,-120.14652014652016,9.572649572649572,0.0,-0.1953601953601953,-54.114774114774114,-13.089133089133089,49.42612942612943,0.0,28.32722832722833,-16.605616605616607,-17.77777777777778,-12.698412698412698,0.0,36.14163614163614,8.00976800976801,22.857142857142858,-8.791208791208792,-17.77777777777778
-0.9768009768009768,-15.042735042735044,-33.7973137973138,-11.526251526251526,0.0,-0.9768009768009768,-47.472527472527474,-22.466422466422465,6.837606837606837,0.0,-116.63003663003664,13.870573870573873,0.0,0.9768009768009768,-49.03540903540904,-13.870573870573873,47.472527472527474,0.0,23.63858363858364,-15.824175824175825,-11.916971916971915,-11.135531135531137,0.0,34.18803418803419,-33.7973137973138,58.02197802197802,-6.446886446886447,-11.916971916971915
-0.1953601953601953,-11.526251526251526,-29.10866910866911,-15.824175824175825,0.0,4.102564102564102,-42.78388278388278,-22.466422466422465,1.7582417582417582,0.0,-109.98778998778998,16.996336996336996,0.0,7.228327228327228,-44.737484737484735,-14.261294261294262,40.43956043956044,0.0,20.12210012210012,-13.089133089133089,-5.665445665445666,-12.698412698412698,0.0,29.499389499389498,-44.737484737484735,58.41269841269841,-2.148962148962149,-5.665445665445666
1.3675213675213675,-9.963369963369964,-22.075702075702075,-23.247863247863247,0.0,6.837606837606837,-35.75091575091575,-18.55921855921856,-7.228327228327228,0.0,-104.12698412698413,19.34065934065934,0.0,12.307692307692308,-34.969474969474966,-10.354090354090356,26.37362637362637,0.0,16.214896214896214,-6.056166056166056,2.148962148962149,-20.512820512820515,0.0,22.466422466422465,4.102564102564102,3.3211233211233213,1.7582417582417582,2.148962148962149
4.493284493284493,-12.698412698412698,-17.77777777777778,-23.247863247863247,0.0,4.102564102564102,-27.155067155067155,-20.903540903540904,-6.837606837606837,0.0,-98.65689865689866,21.68498168498169,0.0,11.916971916971915,-31.062271062271066,-11.135531135531137,26.37362637362637,0.0,11.135531135531137,-2.5396825396825395,2.148962148962149,-14.261294261294262,0.0,18.168498168498168,-27.545787545787547,28.32722832722833,5.274725274725275,2.148962148962149
6.446886446886447,-13.870573870573873,-17.77777777777778,-25.982905982905983,0.0,0.5860805860805861,-17.77777777777778,-25.592185592185597,-8.00976800976801,0.0,-92.7960927960928,22.075702075702075,0.0,11.526251526251526,-30.28083028083028,-15.042735042735044,27.155067155067155,0.0,8.4004884004884,-4.102564102564102,-1.7582417582417582,-8.791208791208792,0.0,18.168498168498168,-99.43833943833944,96.31257631257633,5.665445665445666,-1.7582417582417582
9.18192918192918,-12.307692307692308,-13.47985347985348,-38.48595848595848,0.0,-3.711843711843712,-9.18192918192918,-24.81074481074481,-16.996336996336996,0.0,-87.32600732600733,20.903540903540904,0.0,9.18192918192918,-26.764346764346765,-15.042735042735044,17.77777777777778,0.0,8.4004884004884,-2.5396825396825395,-4.102564102564102,-15.433455433455434,0.0,13.870573870573873,-74.04151404151405,73.26007326007326,6.056166056166056,-4.102564102564102
8.791208791208792,-9.963369963369964,-11.916971916971915,-43.17460317460318,0.0,-8.00976800976801,-2.93040293040293,-24.42002442002442,-19.73137973137973,0.0,-81.85592185592185,17.387057387057386,0.0,7.228327228327228,-23.247863247863247,-18.168498168498168,14.261294261294262,0.0,9.18192918192918,-2.5396825396825395,-8.791208791208792,-16.996336996336996,0.0,12.307692307692308,-19.73137973137973,20.512820512820515,6.446886446886447,-8.791208791208792
6.837606837606837,-9.572649572649572,-12.307692307692308,-37.704517704517706,0.0,-11.916971916971915,0.5860805860805861,-25.982905982905983,-15.042735042735044,0.0,-73.26007326007326,10.744810744810744,0.0,6.446886446886447,-21.68498168498169,-20.903540903540904,16.996336996336996,0.0,9.18192918192918,-3.711843711843712,-10.354090354090356,-13.870573870573873,0.0,12.698412698412698,-27.545787545787547,29.10866910866911,5.665445665445666,-10.354090354090356
8.791208791208792,-7.228327228327228,-8.00976800976801,-40.43956043956044,0.0,-11.135531135531137,7.619047619047619,-23.247863247863247,-20.903540903540904,0.0,-62.71062271062271,8.00976800976801,0.0,11.135531135531137,-15.042735042735044,-15.433455433455434,11.526251526251526,0.0,12.698412698412698,0.1953601953601953,-3.711843711843712,-18.168498168498168,0.0,8.4004884004884,-39.26739926739927,39.65811965811966,8.00976800976801,-3.711843711843712
11.916971916971915,-4.493284493284493,-3.711843711843712,-42.002442002442,0.0,-7.228327228327228,13.870573870573873,-20.512820512820515,-24.81074481074481,0.0,-49.81684981684982,9.18192918192918,0.0,17.77777777777778,-7.228327228327228,-8.00976800976801,11.916971916971915,0.0,15.433455433455434,6.446886446886447,7.619047619047619,-16.605616605616607,0.0,4.102564102564102,-15.824175824175825,14.652014652014651,8.00976800976801,7.619047619047619
13.089133089133089,-3.711843711843712,-4.102564102564102,-36.92307692307692,0.0,-9.572649572649572,19.73137973137973,-22.075702075702075,-20.12210012210012,0.0,-43.17460317460318,8.00976800976801,0.0,19.73137973137973,-6.446886446886447,-2.5396825396825395,21.68498168498169,0.0,13.47985347985348,6.837606837606837,16.605616605616607,-5.665445665445666,0.0,4.493284493284493,-13.47985347985348,9.18192918192918,3.711843711843712,16.605616605616607
14.652014652014651,-0.9768009768009768,-2.148962148962149,-36.92307692307692,0.0,-10.354090354090356,23.247863247863247,-20.12210012210012,-19.34065934065934,0.0,-39.26739926739927,8.00976800976801,0.0,22.075702075702075,-6.837606837606837,0.9768009768009768,25.982905982905983,0.0,10.354090354090356,9.18192918192918,20.512820512820515,1.3675213675213675,0.0,2.5396825396825395,-39.26739926739927,32.62515262515262,2.148962148962149,20.512820512820515
14.261294261294262,4.102564102564102,0.1953601953601953,-39.26739926739927,0.0,-12.698412698412698,28.32722832722833,-16.605616605616607,-17.77777777777778,0.0,-35.75091575091575,5.274725274725275,0.0,23.63858363858364,-4.884004884004884,3.711843711843712,27.155067155067155,0.0,6.837606837606837,14.652014652014651,20.903540903540904,5.665445665445666,0.0,0.1953601953601953,-25.982905982905983,15.042735042735044,2.5396825396825395,20.903540903540904
12.307692307692308,5.274725274725275,3.3211233211233213,-31.45299145299145,0.0,-18.94993894993895,32.62515262515262,-16.214896214896214,-5.274725274725275,0.0,-35.75091575091575,0.1953601953601953,0.0,22.466422466422465,-6.056166056166056,1.7582417582417582,35.36019536019536,0.0,2.5396825396825395,16.605616605616607,15.433455433455434,17.77777777777778,0.0,-2.93040293040293,-27.545787545787547,13.47985347985348,2.93040293040293,15.433455433455434
10.744810744810744,4.102564102564102,7.619047619047619,-20.12210012210012,0.0,-28.71794871794872,40.04884004884005,-17.387057387057386,9.963369963369964,0.0,-34.57875457875458,-7.228327228327228,0.0,22.857142857142858,-5.274725274725275,-2.93040293040293,43.17460317460318,0.0,0.9768009768009768,18.168498168498168,9.572649572649572,26.37362637362637,0.0,-7.228327228327228,-11.135531135531137,-3.3211233211233213,2.93040293040293,9.572649572649572
14.652014652014651,4.493284493284493,13.870573870573873,-24.42002442002442,0.0,-26.764346764346765,45.90964590964591,-16.214896214896214,7.619047619047619,0.0,-25.592185592185597,-12.307692307692308,0.0,29.89010989010989,-0.5860805860805861,-5.665445665445666,39.26739926739927,0.0,5.665445665445666,22.857142857142858,5.665445665445666,25.592185592185597,0.0,-13.47985347985348,7.619047619047619,-18.94993894993895,3.3211233211233213,5.665445665445666
17.77777777777778,2.148962148962149,16.996336996336996,-25.2014652014652,0.0,-24.81074481074481,46.3003663003663,-16.605616605616607,7.619047619047619,0.0,-18.94993894993895,-18.168498168498168,0.0,32.62515262515262,0.1953601953601953,-3.3211233211233213,38.095238095238095,0.0,8.791208791208792,24.81074481074481,4.493284493284493,27.155067155067155,0.0,-16.605616605616607,12.307692307692308,-16.996336996336996,0.5860805860805861,4.493284493284493
17.77777777777778,0.1953601953601953,10.744810744810744,-19.34065934065934,0.0,-27.936507936507937,44.346764346764346,-21.294261294261293,15.042735042735044,0.0,-18.94993894993895,-21.294261294261293,0.0,29.499389499389498,-2.93040293040293,-4.102564102564102,44.737484737484735,0.0,9.18192918192918,22.466422466422465,-0.5860805860805861,34.57875457875458,0.0,-10.354090354090356,-27.155067155067155,26.764346764346765,-2.5396825396825395,-0.5860805860805861
22.075702075702075,2.5396825396825395,6.837606837606837,-24.02930402930403,0.0,-24.81074481074481,42.78388278388278,-19.34065934065934,9.572649572649572,0.0,-15.824175824175825,-14.261294261294262,0.0,28.71794871794872,-2.93040293040293,-0.1953601953601953,42.39316239316239,0.0,12.307692307692308,24.42002442002442,-4.884004884004884,34.57875457875458,0.0,-6.446886446886447,-33.40659340659341,34.969474969474966,-1.3675213675213675,-4.884004884004884
24.81074481074481,4.493284493284493,8.00976800976801,-24.02930402930403,0.0,-27.545787545787547,46.69108669108669,-10.744810744810744,6.837606837606837,0.0,-16.996336996336996,-1.7582417582417582,0.0,23.247863247863247,0.1953601953601953,10.354090354090356,36.92307692307692,0.0,13.47985347985348,27.936507936507937,0.1953601953601953,28.71794871794872,0.0,-7.619047619047619,28.71794871794872,-24.02930402930403,0.1953601953601953,0.1953601953601953
26.37362637362637,2.93040293040293,6.837606837606837,-14.261294261294262,0.0,-38.48595848595848,54.5054945054945,-8.00976800976801,14.652014652014651,0.0,-17.387057387057386,9.18192918192918,0.0,17.77777777777778,2.93040293040293,9.963369963369964,43.56532356532357,0.0,16.605616605616607,27.155067155067155,0.9768009768009768,29.10866910866911,0.0,-6.446886446886447,17.387057387057386,-12.307692307692308,0.9768009768009768,0.9768009768009768
28.32722832722833,0.5860805860805861,8.791208791208792,-7.619047619047619,0.0,-43.95604395604396,63.49206349206349,-4.493284493284493,16.214896214896214,0.0,-11.135531135531137,16.214896214896214,0.0,16.214896214896214,6.837606837606837,9.18192918192918,44.346764346764346,0.0,22.075702075702075,28.32722832722833,2.93040293040293,22.075702075702075,0.0,-8.4004884004884,-34.57875457875458,44.346764346764346,3.3211233211233213,2.93040293040293
32.234432234432234,0.1953601953601953,12.698412698412698,-7.619047619047619,0.0,-42.39316239316239,72.08791208791209,-2.5396825396825395,11.526251526251526,0.0,-2.93040293040293,17.77777777777778,0.0,20.512820512820515,8.791208791208792,11.916971916971915,37.704517704517706,0.0,28.32722832722833,30.28083028083028,9.18192918192918,10.354090354090356,0.0,-12.307692307692308,-25.982905982905983,39.65811965811966,4.102564102564102,9.18192918192918
34.57875457875458,0.1953601953601953,9.963369963369964,-4.102564102564102,0.0,-42.39316239316239,76.77655677655677,-7.228327228327228,13.870573870573873,0.0,0.9768009768009768,16.214896214896214,0.0,22.075702075702075,4.884004884004884,12.698412698412698,36.14163614163614,0.0,32.62515262515262,27.155067155067155,10.744810744810744,5.274725274725275,0.0,-9.572649572649572,-13.870573870573873,29.89010989010989,2.148962148962149,10.744810744810744
34.18803418803419,0.5860805860805861,3.3211233211233213,4.493284493284493,0.0,-43.17460317460318,80.68376068376068,-12.698412698412698,19.34065934065934,0.0,4.884004884004884,13.47985347985348,0.0,18.94993894993895,0.1953601953601953,14.652014652014651,36.92307692307692,0.0,31.062271062271066,22.857142857142858,8.4004884004884,8.00976800976801,0.0,-2.93040293040293,-45.51892551892552,58.41269841269841,0.1953601953601953,8.4004884004884
38.095238095238095,2.93040293040293,0.1953601953601953,6.446886446886447,0.0,-41.22100122100122,83.80952380952381,-10.744810744810744,16.996336996336996,0.0,9.18192918192918,15.433455433455434,0.0,17.77777777777778,0.1953601953601953,17.77777777777778,29.89010989010989,0.0,29.10866910866911,20.512820512820515,10.744810744810744,4.493284493284493,0.0,0.1953601953601953,-56.84981684981685,66.61782661782662,-0.9768009768009768,10.744810744810744
42.002442002442,3.711843711843712,-4.102564102564102,7.619047619047619,0.0,-41.61172161172161,84.59096459096459,-7.619047619047619,14.652014652014651,0.0,12.698412698412698,18.168498168498168,0.0,12.698412698412698,2.93040293040293,20.903540903540904,25.592185592185597,0.0,28.71794871794872,18.168498168498168,14.261294261294262,0.9768009768009768,0.0,4.493284493284493,-25.982905982905983,34.57875457875458,-3.711843711843712,14.261294261294262
43.95604395604396,-0.1953601953601953,-5.274725274725275,13.089133089133089,0.0,-44.346764346764346,82.63736263736264,-2.93040293040293,16.996336996336996,0.0,19.34065934065934,18.94993894993895,0.0,6.056166056166056,7.228327228327228,20.903540903540904,25.592185592185597,0.0,29.10866910866911,14.652014652014651,15.433455433455434,0.1953601953601953,0.0,5.665445665445666,-17.387057387057386,27.936507936507937,-5.665445665445666,15.433455433455434
45.51892551892552,-1.7582417582417582,-0.9768009768009768,9.963369963369964,0.0,-43.56532356532357,86.15384615384616,1.7582417582417582,7.619047619047619,0.0,27.155067155067155,22.466422466422465,0.0,4.884004884004884,15.042735042735044,18.168498168498168,18.55921855921856,0.0,31.843711843711844,15.042735042735044,17.77777777777778,-8.00976800976801,0.0,1.3675213675213675,-15.433455433455434,29.499389499389498,-2.93040293040293,17.77777777777778
47.472527472527474,-0.1953601953601953,3.711843711843712,4.102564102564102,0.0,-42.002442002442,92.014652014652,8.00976800976801,-2.148962148962149,0.0,36.53235653235653,25.982905982905983,0.0,6.056166056166056,22.075702075702075,20.512820512820515,6.446886446886447,0.0,38.87667887667888,15.042735042735044,20.512820512820515,-18.55921855921856,0.0,-3.3211233211233213,-4.884004884004884,20.903540903540904,-2.148962148962149,20.512820512820515
47.081807081807085,-0.9768009768009768,4.884004884004884,11.135531135531137,0.0,-43.95604395604396,97.48473748473748,9.963369963369964,-0.5860805860805861,0.0,45.90964590964591,25.982905982905983,0.0,4.493284493284493,25.982905982905983,21.68498168498169,2.148962148962149,0.0,42.39316239316239,11.916971916971915,18.94993894993895,-18.168498168498168,0.0,-4.493284493284493,-16.996336996336996,31.45299145299145,-1.3675213675213675,18.94993894993895
43.56532356532357,-0.5860805860805861,5.665445665445666,16.996336996336996,0.0,-45.12820512820513,101.001221001221,9.963369963369964,0.5860805860805861,0.0,54.89621489621489,23.247863247863247,0.0,2.5396825396825395,27.936507936507937,19.34065934065934,3.3211233211233213,0.0,40.04884004884005,11.135531135531137,15.433455433455434,-13.089133089133089,0.0,-5.274725274725275,-27.545787545787547,38.87667887667888,0.1953601953601953,15.433455433455434
47.472527472527474,4.884004884004884,6.056166056166056,11.135531135531137,0.0,-39.65811965811966,104.9084249084249,13.47985347985348,-7.228327228327228,0.0,65.44566544566544,20.512820512820515,0.0,4.102564102564102,34.18803418803419,20.903540903540904,-5.274725274725275,0.0,42.78388278388278,16.605616605616607,15.824175824175825,-21.294261294261293,0.0,-5.665445665445666,-3.3211233211233213,11.135531135531137,2.5396825396825395,15.824175824175825
52.55189255189255,6.837606837606837,4.884004884004884,7.619047619047619,0.0,-32.234432234432234,104.12698412698413,13.47985347985348,-10.744810744810744,0.0,74.82295482295483,15.042735042735044,0.0,3.3211233211233213,38.095238095238095,21.68498168498169,-7.619047619047619,0.0,43.17460317460318,21.294261294261293,15.433455433455434,-24.42002442002442,0.0,-4.493284493284493,-12.307692307692308,15.042735042735044,6.056166056166056,15.433455433455434
54.114774114774114,6.056166056166056,1.3675213675213675,9.18192918192918,0.0,-26.37362637362637,99.04761904761904,7.228327228327228,-6.837606837606837,0.0,77.55799755799755,9.18192918192918,0.0,-0.5860805860805861,38.48595848595848,18.55921855921856,-0.9768009768009768,0.0,42.002442002442,23.63858363858364,12.307692307692308,-22.857142857142858,0.0,-0.9768009768009768,-99.04761904761904,96.7032967032967,10.744810744810744,12.307692307692308
58.02197802197802,7.619047619047619,0.5860805860805861,4.102564102564102,0.0,-15.433455433455434,95.92185592185592,4.884004884004884,-12.698412698412698,0.0,79.9023199023199,8.4004884004884,0.0,-0.5860805860805861,45.51892551892552,20.12210012210012,-7.228327228327228,0.0,45.90964590964591,27.936507936507937,13.089133089133089,-29.89010989010989,0.0,-0.1953601953601953,-117.8021978021978,115.06715506715508,13.089133089133089,13.089133089133089
61.53846153846154,8.4004884004884,-0.1953601953601953,3.3211233211233213,0.0,-4.493284493284493,90.84249084249085,7.619047619047619,-18.55921855921856,0.0,81.07448107448107,9.963369963369964,0.0,0.9768009768009768,50.989010989010985,24.81074481074481,-17.387057387057386,0.0,49.81684981684982,29.10866910866911,15.042735042735044,-34.57875457875458,0.0,0.5860805860805861,-86.15384615384616,79.12087912087912,15.433455433455434,15.042735042735044
59.58485958485959,4.884004884004884,-0.5860805860805861,10.354090354090356,0.0,1.3675213675213675,82.24664224664225,6.837606837606837,-15.824175824175825,0.0,77.16727716727716,11.135531135531137,0.0,3.3211233211233213,52.55189255189255,23.247863247863247,-20.903540903540904,0.0,50.20757020757021,25.2014652014652,13.47985347985348,-30.671550671550676,0.0,0.9768009768009768,-115.06715506715508,106.08058608058607,16.214896214896214,13.47985347985348
58.02197802197802,4.884004884004884,-1.3675213675213675,11.916971916971915,0.0,9.18192918192918,77.16727716727716,7.228327228327228,-19.34065934065934,0.0,70.91575091575092,12.698412698412698,0.0,10.354090354090356,52.94261294261294,21.294261294261293,-27.545787545787547,0.0,49.81684981684982,22.075702075702075,15.824175824175825,-31.45299145299145,0.0,1.7582417582417582,-143.1990231990232,131.08669108669108,15.824175824175825,15.824175824175825
58.41269841269841,6.446886446886447,0.5860805860805861,8.4004884004884,0.0,16.605616605616607,75.995115995116,9.572649572649572,-27.545787545787547,0.0,64.27350427350427,11.916971916971915,0.0,19.34065934065934,52.16117216117216,19.73137973137973,-37.31379731379732,0.0,50.20757020757021,17.77777777777778,23.247863247863247,-38.48595848595848,0.0,-0.1953601953601953,-100.21978021978022,86.93528693528694,12.307692307692308,23.247863247863247
54.89621489621489,4.493284493284493,-0.9768009768009768,14.652014652014651,0.0,20.903540903540904,70.52503052503053,8.00976800976801,-25.592185592185597,0.0,54.5054945054945,9.963369963369964,0.0,25.982905982905983,45.51892551892552,16.605616605616607,-39.65811965811966,0.0,47.081807081807085,13.089133089133089,28.32722832722833,-40.04884004884005,0.0,1.3675213675213675,-60.366300366300365,50.5982905982906,9.963369963369964,28.32722832722833
49.03540903540904,1.7582417582417582,-2.5396825396825395,18.168498168498168,0.0,23.63858363858364,62.31990231990232,4.102564102564102,-22.466422466422465,0.0,45.51892551892552,9.572649572649572,0.0,31.062271062271066,37.704517704517706,11.526251526251526,-36.92307692307692,0.0,43.95604395604396,9.963369963369964,28.32722832722833,-39.26739926739927,0.0,2.93040293040293,-63.88278388278388,58.8034188034188,10.744810744810744,28.32722832722833
47.081807081807085,0.1953601953601953,-1.7582417582417582,15.433455433455434,0.0,29.89010989010989,52.55189255189255,5.274725274725275,-25.982905982905983,0.0,37.704517704517706,11.526251526251526,0.0,36.53235653235653,33.01587301587302,10.744810744810744,-40.83028083028083,0.0,47.472527472527474,9.572649572649572,25.982905982905983,-43.56532356532357,0.0,2.148962148962149,-59.1941391941392,62.31990231990232,12.307692307692308,25.982905982905983
42.39316239316239,-0.5860805860805861,-4.102564102564102,19.73137973137973,0.0,29.10866910866911,43.95604395604396,7.228327228327228,-23.63858363858364,0.0,30.28083028083028,14.261294261294262,0.0,36.92307692307692,31.45299145299145,11.135531135531137,-43.17460317460318,0.0,50.989010989010985,9.963369963369964,17.77777777777778,-42.002442002442,0.0,4.493284493284493,-52.16117216117216,60.757020757020754,16.605616605616607,17.77777777777778
36.53235653235653,-1.7582417582417582,-9.572649572649572,25.982905982905983,0.0,25.982905982905983,37.31379731379732,5.274725274725275,-18.55921855921856,0.0,23.247863247863247,16.605616605616607,0.0,31.45299145299145,28.32722832722833,9.963369963369964,-39.65811965811966,0.0,49.03540903540904,8.00976800976801,10.744810744810744,-37.704517704517706,0.0,9.963369963369964,-58.41269841269841,67.3992673992674,18.94993894993895,10.744810744810744
33.01587301587302,-1.7582417582417582,-13.47985347985348,28.32722832722833,0.0,25.2014652014652,37.31379731379732,4.102564102564102,-21.294261294261293,0.0,18.55921855921856,15.433455433455434,0.0,28.32722832722833,26.37362637362637,8.791208791208792,-43.17460317460318,0.0,45.12820512820513,6.056166056166056,9.572649572649572,-41.22100122100122,0.0,13.870573870573873,-41.22100122100122,47.86324786324786,19.34065934065934,9.572649572649572
25.2014652014652,-3.3211233211233213,-16.214896214896214,36.53235653235653,0.0,19.34065934065934,36.92307692307692,4.884004884004884,-19.73137973137973,0.0,13.47985347985348,8.4004884004884,0.0,22.857142857142858,26.764346764346765,9.572649572649572,-50.989010989010985,0.0,35.75091575091575,4.102564102564102,15.824175824175825,-47.472527472527474,0.0,16.605616605616607,-33.40659340659341,38.48595848595848,19.34065934065934,15.824175824175825
18.55921855921856,-8.00976800976801,-22.857142857142858,49.81684981684982,0.0,20.903540903540904,27.545787545787547,0.5860805860805861,-12.307692307692308,0.0,11.916971916971915,3.711843711843712,0.0,19.34065934065934,20.12210012210012,4.102564102564102,-43.95604395604396,0.0,25.592185592185597,-2.93040293040293,20.12210012210012,-42.78388278388278,0.0,23.247863247863247,-22.466422466422465,25.592185592185597,16.996336996336996,20.12210012210012
13.089133089133089,-15.042735042735044,-20.512820512820515,55.28693528693529,0.0,25.982905982905983,17.387057387057386,-0.9768009768009768,-9.18192918192918,0.0,10.354090354090356,-0.9768009768009768,0.0,21.294261294261293,15.042735042735044,-2.148962148962149,-40.04884004884005,0.0,19.73137973137973,-9.18192918192918,23.247863247863247,-39.65811965811966,0.0,20.903540903540904,-37.704517704517706,43.56532356532357,15.433455433455434,23.247863247863247
11.526251526251526,-14.261294261294262,-12.307692307692308,49.03540903540904,0.0,35.36019536019536,9.963369963369964,1.7582417582417582,-13.47985347985348,0.0,8.791208791208792,-1.7582417582417582,0.0,25.2014652014652,16.996336996336996,-3.3211233211233213,-43.95604395604396,0.0,22.075702075702075,-11.135531135531137,27.936507936507937,-43.56532356532357,0.0,12.698412698412698,16.996336996336996,-6.837606837606837,13.47985347985348,27.936507936507937
11.916971916971915,-13.089133089133089,-7.619047619047619,47.472527472527474,0.0,43.56532356532357,6.837606837606837,0.1953601953601953,-12.698412698412698,0.0,6.837606837606837,-0.5860805860805861,0.0,25.982905982905983,19.34065934065934,-6.446886446886447,-35.36019536019536,0.0,26.37362637362637,-13.47985347985348,25.982905982905983,-35.75091575091575,0.0,8.00976800976801,11.526251526251526,0.5860805860805861,11.135531135531137,25.982905982905983
11.135531135531137,-11.526251526251526,-6.446886446886447,52.16117216117216,0.0,48.25396825396825,7.619047619047619,-2.5396825396825395,-8.00976800976801,0.0,3.711843711843712,-2.148962148962149,0.0,25.982905982905983,17.387057387057386,-7.228327228327228,-23.63858363858364,0.0,28.71794871794872,-14.261294261294262,24.81074481074481,-27.155067155067155,0.0,6.837606837606837,-48.64468864468864,59.975579975579976,11.916971916971915,24.81074481074481
10.744810744810744,-7.619047619047619,-4.884004884004884,51.77045177045177,0.0,50.989010989010985,11.526251526251526,-1.3675213675213675,-11.135531135531137,0.0,3.3211233211233213,-3.3211233211233213,0.0,29.499389499389498,20.12210012210012,-3.3211233211233213,-24.02930402930403,0.0,31.843711843711844,-10.354090354090356,31.45299145299145,-31.843711843711844,0.0,5.274725274725275,-25.2014652014652,40.04884004884005,11.135531135531137,31.45299145299145
11.916971916971915,-6.837606837606837,-11.916971916971915,57.24053724053724,0.0,50.5982905982906,12.307692307692308,-2.5396825396825395,-10.744810744810744,0.0,3.3211233211233213,-6.446886446886447,0.0,31.843711843711844,16.605616605616607,-2.5396825396825395,-18.55921855921856,0.0,34.57875457875458,-11.135531135531137,33.01587301587302,-29.89010989010989,0.0,12.307692307692308,30.671550671550676,-11.526251526251526,8.00976800976801,33.01587301587302
7.228327228327228,-7.619047619047619,-22.075702075702075,64.27350427350427,0.0,45.51892551892552,9.18192918192918,-4.884004884004884,-8.00976800976801,0.0,5.274725274725275,-13.47985347985348,0.0,31.45299145299145,7.228327228327228,-6.446886446886447,-12.698412698412698,0.0,32.234432234432234,-19.34065934065934,31.062271062271066,-24.42002442002442,0.0,22.466422466422465,7.228327228327228,12.307692307692308,2.93040293040293,31.062271062271066
4.102564102564102,-8.00976800976801,-27.545787545787547,56.45909645909646,0.0,42.78388278388278,3.711843711843712,-5.665445665445666,-15.824175824175825,0.0,6.837606837606837,-17.77777777777778,0.0,29.10866910866911,0.5860805860805861,-9.18192918192918,-18.55921855921856,0.0,27.155067155067155,-27.155067155067155,31.062271062271066,-29.89010989010989,0.0,27.936507936507937,-8.4004884004884,26.764346764346765,-2.5396825396825395,31.062271062271066
2.5396825396825395,-2.93040293040293,-32.234432234432234,41.22100122100122,0.0,41.61172161172161,-0.5860805860805861,-7.228327228327228,-25.2014652014652,0.0,2.5396825396825395,-19.73137973137973,0.0,23.63858363858364,-5.274725274725275,-10.354090354090356,-22.466422466422465,0.0,24.42002442002442,-38.095238095238095,30.28083028083028,-32.234432234432234,0.0,32.62515262515262,32.62515262515262,-16.605616605616607,-12.698412698412698,30.28083028083028
0.9768009768009768,0.5860805860805861,-36.92307692307692,29.89010989010989,0.0,39.65811965811966,-7.228327228327228,-8.4004884004884,-27.545787545787547,0.0,-3.3211233211233213,-21.294261294261293,0.0,18.168498168498168,-15.824175824175825,-12.307692307692308,-16.605616605616607,0.0,17.77777777777778,-48.64468864468864,29.10866910866911,-26.37362637362637,0.0,37.31379731379732,32.234432234432234,-29.10866910866911,-19.34065934065934,29.10866910866911
0.1953601953601953,2.5396825396825395,-38.095238095238095,21.68498168498169,0.0,38.095238095238095,-13.870573870573873,-9.18192918192918,-27.545787545787547,0.0,-11.526251526251526,-19.34065934065934,0.0,13.089133089133089,-21.68498168498169,-11.916971916971915,-11.916971916971915,0.0,10.744810744810744,-52.94261294261294,30.671550671550676,-22.466422466422465,0.0,38.48595848595848,11.916971916971915,-20.12210012210012,-21.294261294261293,30.671550671550676
0.1953601953601953,4.493284493284493,-36.53235653235653,11.526251526251526,0.0,33.40659340659341,-16.605616605616607,-5.274725274725275,-29.10866910866911,0.0,-18.168498168498168,-16.214896214896214,0.0,9.963369963369964,-24.42002442002442,-8.791208791208792,-8.4004884004884,0.0,4.102564102564102,-50.989010989010985,32.234432234432234,-18.168498168498168,0.0,36.92307692307692,10.744810744810744,-23.247863247863247,-22.857142857142858,32.234432234432234
-0.9768009768009768,5.274725274725275,-34.969474969474966,11.916971916971915,0.0,24.42002442002442,-18.94993894993895,-2.93040293040293,-19.73137973137973,0.0,-24.02930402930403,-15.824175824175825,0.0,8.00976800976801,-32.234432234432234,-6.446886446886447,0.5860805860805861,0.0,-0.9768009768009768,-49.81684981684982,28.71794871794872,-6.056166056166056,0.0,35.36019536019536,11.526251526251526,-27.545787545787547,-25.2014652014652,28.71794871794872
-4.102564102564102,3.711843711843712,-34.969474969474966,13.870573870573873,0.0,14.261294261294262,-19.73137973137973,-4.102564102564102,-9.572649572649572,0.0,-29.10866910866911,-15.433455433455434,0.0,3.711843711843712,-38.87667887667888,-5.274725274725275,8.4004884004884,0.0,-6.056166056166056,-51.37973137973138,23.247863247863247,1.3675213675213675,0.0,35.36019536019536,2.5396825396825395,-20.12210012210012,-24.81074481074481,23.247863247863247
-7.619047619047619,0.5860805860805861,-30.28083028083028,8.4004884004884,0.0,5.274725274725275,-24.81074481074481,-0.1953601953601953,-8.4004884004884,0.0,-36.14163614163614,-15.042735042735044,0.0,-0.1953601953601953,-42.002442002442,2.148962148962149,1.3675213675213675,0.0,-11.135531135531137,-50.989010989010985,26.37362637362637,-1.7582417582417582,0.0,30.671550671550676,29.10866910866911,-43.95604395604396,-24.81074481074481,26.37362637362637
-5.665445665445666,1.3675213675213675,-32.62515262515262,4.884004884004884,0.0,8.4004884004884,-29.499389499389498,-1.3675213675213675,-9.18192918192918,0.0,-38.48595848595848,-11.526251526251526,0.0,4.884004884004884,-50.5982905982906,3.3211233211233213,0.9768009768009768,0.0,-6.837606837606837,-57.63125763125763,26.764346764346765,-3.3211233211233213,0.0,33.01587301587302,32.234432234432234,-50.5982905982906,-24.02930402930403,26.764346764346765
-8.791208791208792,-3.711843711843712,-35.75091575091575,10.354090354090356,0.0,3.711843711843712,-35.36019536019536,-4.102564102564102,-2.5396825396825395,0.0,-42.002442002442,-12.307692307692308,0.0,0.5860805860805861,-55.28693528693529,5.665445665445666,8.4004884004884,0.0,-9.572649572649572,-61.53846153846154,30.28083028083028,0.9768009768009768,0.0,36.14163614163614,-28.32722832722833,3.3211233211233213,-18.94993894993895,30.28083028083028
-8.791208791208792,-8.791208791208792,-40.04884004884005,8.00976800976801,0.0,2.93040293040293,-40.83028083028083,-5.665445665445666,-6.837606837606837,0.0,-41.61172161172161,-11.135531135531137,0.0,-2.93040293040293,-51.37973137973138,4.493284493284493,8.00976800976801,0.0,-15.042735042735044,-59.1941391941392,32.234432234432234,0.1953601953601953,0.0,40.43956043956044,-47.86324786324786,22.075702075702075,-15.824175824175825,32.234432234432234
-7.228327228327228,-6.056166056166056,-42.39316239316239,-1.7582417582417582,0.0,4.884004884004884,-40.43956043956044,-3.3211233211233213,-20.12210012210012,0.0,-38.095238095238095,-7.228327228327228,0.0,0.1953601953601953,-46.3003663003663,2.93040293040293,-0.5860805860805861,0.0,-16.214896214896214,-52.94261294261294,32.234432234432234,-6.056166056166056,0.0,42.78388278388278,-15.433455433455434,-9.963369963369964,-13.870573870573873,32.234432234432234
-11.135531135531137,-4.493284493284493,-39.26739926739927,-5.274725274725275,0.0,-0.5860805860805861,-36.14163614163614,-2.93040293040293,-20.903540903540904,0.0,-37.31379731379732,-7.619047619047619,0.0,-3.711843711843712,-42.002442002442,0.1953601953601953,-1.3675213675213675,0.0,-22.466422466422465,-47.472527472527474,30.28083028083028,-7.619047619047619,0.0,39.65811965811966,-34.57875457875458,9.963369963369964,-10.354090354090356,30.28083028083028
-14.261294261294262,-4.102564102564102,-35.75091575091575,-8.791208791208792,0.0,-6.056166056166056,-35.36019536019536,-2.148962148962149,-18.94993894993895,0.0,-39.26739926739927,-5.274725274725275,0.0,-5.274725274725275,-39.26739926739927,-2.5396825396825395,-5.274725274725275,0.0,-27.936507936507937,-43.95604395604396,29.89010989010989,-11.526251526251526,0.0,36.14163614163614,-83.41880341880342,60.366300366300365,-7.619047619047619,29.89010989010989
-15.824175824175825,-0.1953601953601953,-28.71794871794872,-13.089133089133089,0.0,-2.5396825396825395,-37.704517704517706,0.1953601953601953,-17.77777777777778,0.0,-38.87667887667888,-3.711843711843712,0.0,-0.1953601953601953,-40.83028083028083,1.7582417582417582,-13.870573870573873,0.0,-26.37362637362637,-45.51892551892552,35.36019536019536,-17.77777777777778,0.0,29.10866910866911,-70.52503052503053,46.69108669108669,-5.274725274725275,35.36019536019536
-20.903540903540904,1.7582417582417582,-20.903540903540904,-9.963369963369964,0.0,-2.5396825396825395,-38.48595848595848,0.5860805860805861,-9.18192918192918,0.0,-40.04884004884005,-4.884004884004884,0.0,0.1953601953601953,-47.081807081807085,8.4004884004884,-13.089133089133089,0.0,-26.37362637362637,-50.5982905982906,42.39316239316239,-16.605616605616607,0.0,21.294261294261293,-35.75091575091575,10.744810744810744,-4.884004884004884,42.39316239316239
-24.42002442002442,-0.1953601953601953,-20.903540903540904,-1.3675213675213675,0.0,-4.884004884004884,-42.78388278388278,-0.9768009768009768,1.7582417582417582,0.0,-37.704517704517706,-9.572649572649572,0.0,-1.7582417582417582,-51.37973137973138,12.307692307692308,-7.619047619047619,0.0,-31.45299145299145,-54.114774114774114,44.737484737484735,-8.00976800976801,0.0,21.294261294261293,-47.472527472527474,22.075702075702075,-5.665445665445666,44.737484737484735
-23.63858363858364,0.1953601953601953,-23.247863247863247,2.93040293040293,0.0,-2.5396825396825395,-43.95604395604396,-0.5860805860805861,3.711843711843712,0.0,-34.57875457875458,-11.916971916971915,0.0,-0.5860805860805861,-51.77045177045177,14.261294261294262,-10.354090354090356,0.0,-34.57875457875458,-53.724053724053725,41.61172161172161,-1.3675213675213675,0.0,23.63858363858364,-68.57142857142857,41.61172161172161,-5.274725274725275,41.61172161172161
-19.73137973137973,1.3675213675213675,-21.294261294261293,0.5860805860805861,0.0,0.1953601953601953,-40.43956043956044,0.5860805860805861,0.1953601953601953,0.0,-29.10866910866911,-15.824175824175825,0.0,-0.1953601953601953,-47.472527472527474,12.698412698412698,-16.605616605616607,0.0,-36.14163614163614,-49.03540903540904,34.18803418803419,-0.9768009768009768,0.0,21.68498168498169,-49.03540903540904,23.247863247863247,-6.056166056166056,34.18803418803419
-14.261294261294262,0.1953601953601953,-22.075702075702075,0.5860805860805861,0.0,1.7582417582417582,-39.65811965811966,-0.1953601953601953,2.5396825396825395,0.0,-24.81074481074481,-21.294261294261293,0.0,-0.5860805860805861,-48.64468864468864,8.00976800976801,-15.433455433455434,0.0,-38.87667887667888,-43.95604395604396,22.857142857142858,1.3675213675213675,0.0,22.466422466422465,-44.737484737484735,18.94993894993895,-5.665445665445666,22.857142857142858
-8.00976800976801,-2.148962148962149,-22.857142857142858,1.7582417582417582,0.0,7.619047619047619,-43.95604395604396,-2.148962148962149,5.665445665445666,0.0,-24.02930402930403,-22.466422466422465,0.0,-0.9768009768009768,-49.81684981684982,8.4004884004884,-17.77777777777778,0.0,-38.095238095238095,-41.61172161172161,16.996336996336996,2.148962148962149,0.0,23.247863247863247,-42.78388278388278,13.870573870573873,-2.93040293040293,16.996336996336996
-4.493284493284493,-2.148962148962149,-21.294261294261293,-2.5396825396825395,0.0,13.870573870573873,-46.69108669108669,-1.3675213675213675,1.3675213675213675,0.0,-22.857142857142858,-21.68498168498169,0.0,-2.148962148962149,-48.25396825396825,13.47985347985348,-25.592185592185597,0.0,-37.31379731379732,-36.14163614163614,15.042735042735044,-4.884004884004884,0.0,21.68498168498169,-9.572649572649572,-20.512820512820515,0.1953601953601953,15.042735042735044
-3.3211233211233213,-4.884004884004884,-24.02930402930403,-0.5860805860805861,0.0,15.042735042735044,-52.16117216117216,-3.3211233211233213,5.274725274725275,0.0,-25.592185592185597,-20.903540903540904,0.0,-9.963369963369964,-48.64468864468864,17.77777777777778,-25.982905982905983,0.0,-40.83028083028083,-34.18803418803419,13.47985347985348,-5.665445665445666,0.0,24.42002442002442,1.7582417582417582,-34.18803418803419,0.9768009768009768,13.47985347985348
-5.665445665445666,-12.307692307692308,-26.37362637362637,6.837606837606837,0.0,12.698412698412698,-63.88278388278388,0.5860805860805861,11.526251526251526,0.0,-31.45299145299145,-15.824175824175825,0.0,-20.512820512820515,-46.3003663003663,22.857142857142858,-24.42002442002442,0.0,-47.86324786324786,-30.671550671550676,9.572649572649572,0.1953601953601953,0.0,26.764346764346765,42.78388278388278,-78.33943833943835,3.711843711843712,9.572649572649572
-1.3675213675213675,-9.572649572649572,-25.982905982905983,0.1953601953601953,0.0,14.261294261294262,-58.8034188034188,3.3211233211233213,1.3675213675213675,0.0,-33.01587301587302,-4.884004884004884,0.0,-27.155067155067155,-33.7973137973138,25.2014652014652,-34.57875457875458,0.0,-51.37973137973138,-18.168498168498168,2.5396825396825395,-3.3211233211233213,0.0,26.37362637362637,34.57875457875458,-71.30647130647131,7.228327228327228,2.5396825396825395
4.493284493284493,-11.526251526251526,-21.294261294261293,-7.619047619047619,0.0,15.824175824175825,-56.84981684981685,7.228327228327228,-3.3211233211233213,0.0,-31.45299145299145,-0.5860805860805861,0.0,-33.01587301587302,-23.247863247863247,26.764346764346765,-38.48595848595848,0.0,-52.16117216117216,-7.228327228327228,-2.5396825396825395,-6.837606837606837,0.0,21.68498168498169,5.274725274725275,-37.704517704517706,8.791208791208792,-2.5396825396825395
8.4004884004884,-17.387057387057386,-23.247863247863247,-4.493284493284493,0.0,15.824175824175825,-62.71062271062271,4.884004884004884,2.93040293040293,0.0,-33.01587301587302,-0.5860805860805861,0.0,-39.26739926739927,-22.857142857142858,21.68498168498169,-27.545787545787547,0.0,-53.333333333333336,-4.493284493284493,-12.698412698412698,2.148962148962149,0.0,23.63858363858364,-60.366300366300365,27.155067155067155,9.18192918192918,-12.698412698412698
11.916971916971915,-17.387057387057386,-23.247863247863247,-11.916971916971915,0.0,18.55921855921856,-62.71062271062271,2.148962148962149,-1.3675213675213675,0.0,-31.843711843711844,-1.3675213675213675,0.0,-41.61172161172161,-22.466422466422465,19.73137973137973,-26.764346764346765,0.0,-51.37973137973138,-1.7582417582417582,-19.34065934065934,1.3675213675213675,0.0,23.63858363858364,-85.37240537240537,52.94261294261294,8.791208791208792,-19.34065934065934
13.47985347985348,-16.605616605616607,-22.075702075702075,-19.34065934065934,0.0,19.34065934065934,-63.49206349206349,2.93040293040293,-4.493284493284493,0.0,-30.671550671550676,-5.665445665445666,0.0,-43.95604395604396,-22.075702075702075,18.94993894993895,-28.32722832722833,0.0,-50.20757020757021,-2.148962148962149,-19.73137973137973,-2.93040293040293,0.0,22.466422466422465,-32.62515262515262,1.7582417582417582,4.884004884004884,-19.73137973137973
9.963369963369964,-19.73137973137973,-23.63858363858364,-13.47985347985348,0.0,11.916971916971915,-63.10134310134311,2.5396825396825395,0.1953601953601953,0.0,-30.671550671550676,-7.619047619047619,0.0,-52.16117216117216,-23.247863247863247,15.433455433455434,-20.512820512820515,0.0,-52.94261294261294,-6.056166056166056,-25.2014652014652,4.493284493284493,0.0,24.02930402930403,-38.48595848595848,3.3211233211233213,3.711843711843712,-25.2014652014652
7.619047619047619,-17.77777777777778,-22.075702075702075,-10.744810744810744,0.0,6.056166056166056,-52.16117216117216,4.102564102564102,-2.5396825396825395,0.0,-24.02930402930403,-6.446886446886447,0.0,-58.02197802197802,-18.168498168498168,13.089133089133089,-17.77777777777778,0.0,-54.5054945054945,-5.274725274725275,-28.71794871794872,7.228327228327228,0.0,22.466422466422465,-67.78998778998779,34.18803418803419,2.148962148962149,-28.71794871794872
11.135531135531137,-12.698412698412698,-16.214896214896214,-11.916971916971915,0.0,4.102564102564102,-36.53235653235653,9.18192918192918,-8.00976800976801,0.0,-11.135531135531137,-5.274725274725275,0.0,-59.975579975579976,-6.056166056166056,15.042735042735044,-20.512820512820515,0.0,-50.5982905982906,0.5860805860805861,-26.37362637362637,4.102564102564102,0.0,16.605616605616607,-42.78388278388278,11.135531135531137,1.7582417582417582,-26.37362637362637
12.698412698412698,-11.135531135531137,-10.744810744810744,-4.884004884004884,0.0,3.3211233211233213,-27.155067155067155,11.916971916971915,-3.711843711843712,0.0,1.7582417582417582,-10.744810744810744,0.0,-61.53846153846154,0.5860805860805861,13.870573870573873,-10.744810744810744,0.0,-45.12820512820513,4.102564102564102,-25.982905982905983,9.572649572649572,0.0,11.135531135531137,0.5860805860805861,-28.71794871794872,2.148962148962149,-25.982905982905983
10.354090354090356,-8.791208791208792,-6.837606837606837,2.148962148962149,0.0,2.5396825396825395,-22.857142857142858,9.963369963369964,5.274725274725275,0.0,11.135531135531137,-17.387057387057386,0.0,-63.10134310134311,-0.1953601953601953,11.916971916971915,4.102564102564102,0.0,-41.22100122100122,2.93040293040293,-29.10866910866911,19.73137973137973,0.0,7.228327228327228,-6.446886446886447,-20.903540903540904,0.9768009768009768,-29.10866910866911
9.572649572649572,-6.056166056166056,1.3675213675213675,1.3675213675213675,0.0,4.102564102564102,-19.73137973137973,9.963369963369964,11.135531135531137,0.0,16.605616605616607,-22.075702075702075,0.0,-61.14774114774115,-0.5860805860805861,14.261294261294262,7.228327228327228,0.0,-35.75091575091575,2.93040293040293,-29.10866910866911,22.075702075702075,0.0,-0.9768009768009768,-3.711843711843712,-20.903540903540904,0.5860805860805861,-29.10866910866911
5.274725274725275,-4.884004884004884,10.744810744810744,4.884004884004884,0.0,4.884004884004884,-21.294261294261293,11.135531135531137,20.12210012210012,0.0,19.73137973137973,-24.02930402930403,0.0,-57.63125763125763,-4.102564102564102,16.214896214896214,11.135531135531137,0.0,-30.28083028083028,0.5860805860805861,-31.843711843711844,27.155067155067155,0.0,-10.354090354090356,16.605616605616607,-37.31379731379732,-0.1953601953601953,-31.843711843711844
-1.7582417582417582,-3.3211233211233213,15.042735042735044,12.307692307692308,0.0,2.93040293040293,-22.857142857142858,9.963369963369964,31.062271062271066,0.0,20.12210012210012,-24.42002442002442,0.0,-55.28693528693529,-7.228327228327228,13.47985347985348,16.214896214896214,0.0,-28.32722832722833,-1.3675213675213675,-36.53235653235653,34.969474969474966,0.0,-14.652014652014651,26.764346764346765,-42.78388278388278,-0.1953601953601953,-36.53235653235653
-6.056166056166056,-1.3675213675213675,18.168498168498168,11.526251526251526,0.0,4.493284493284493,-24.81074481074481,10.744810744810744,30.28083028083028,0.0,22.857142857142858,-27.545787545787547,0.0,-48.64468864468864,-7.619047619047619,7.619047619047619,16.996336996336996,0.0,-28.32722832722833,1.3675213675213675,-38.48595848595848,34.18803418803419,0.0,-17.77777777777778,34.969474969474966,-43.56532356532357,0.9768009768009768,-38.48595848595848
-9.572649572649572,0.1953601953601953,22.466422466422465,8.00976800976801,0.0,7.619047619047619,-27.936507936507937,15.042735042735044,25.2014652014652,0.0,22.466422466422465,-31.843711843711844,0.0,-38.095238095238095,-7.619047619047619,3.3211233211233213,13.089133089133089,0.0,-24.42002442002442,4.884004884004884,-38.095238095238095,28.32722832722833,0.0,-22.075702075702075,44.737484737484735,-45.90964590964591,2.5396825396825395,-38.095238095238095
-17.387057387057386,0.5860805860805861,18.55921855921856,13.870573870573873,0.0,6.837606837606837,-34.969474969474966,11.135531135531137,30.671550671550676,0.0,16.605616605616607,-46.3003663003663,0.0,-34.57875457875458,-14.261294261294262,-3.3211233211233213,25.592185592185597,0.0,-25.592185592185597,2.5396825396825395,-39.26739926739927,35.75091575091575,0.0,-18.168498168498168,34.969474969474966,-34.18803418803419,0.5860805860805861,-39.26739926739927
-21.68498168498169,1.3675213675213675,15.042735042735044,15.433455433455434,0.0,7.228327228327228,-38.87667887667888,8.4004884004884,31.843711843711844,0.0,12.307692307692308,-54.5054945054945,0.0,-30.28083028083028,-16.214896214896214,-10.744810744810744,35.36019536019536,0.0,-23.63858363858364,1.7582417582417582,-42.78388278388278,41.61172161172161,0.0,-14.652014652014651,35.36019536019536,-33.40659340659341,-0.9768009768009768,-42.78388278388278
-20.12210012210012,7.619047619047619,16.996336996336996,11.135531135531137,0.0,13.47985347985348,-37.31379731379732,11.916971916971915,26.764346764346765,0.0,7.619047619047619,-56.45909645909646,0.0,-20.12210012210012,-15.433455433455434,-8.4004884004884,31.843711843711844,0.0,-15.042735042735044,4.493284493284493,-40.43956043956044,37.704517704517706,0.0,-16.605616605616607,76.38583638583638,-74.43223443223444,-2.148962148962149,-40.43956043956044
-19.34065934065934,11.526251526251526,15.824175824175825,13.089133089133089,0.0,17.77777777777778,-36.53235653235653,9.963369963369964,29.10866910866911,0.0,3.711843711843712,-59.975579975579976,0.0,-10.744810744810744,-17.387057387057386,-9.572649572649572,36.92307692307692,0.0,-8.791208791208792,5.665445665445666,-40.04884004884005,41.61172161172161,0.0,-15.433455433455434,92.014652014652,-90.45177045177046,-5.274725274725275,-40.04884004884005
-18.168498168498168,11.526251526251526,10.354090354090356,18.94993894993895,0.0,19.73137973137973,-36.14163614163614,5.665445665445666,33.40659340659341,0.0,4.884004884004884,-61.53846153846154,0.0,-4.102564102564102,-18.55921855921856,-15.433455433455434,47.86324786324786,0.0,-6.837606837606837,8.4004884004884,-42.39316239316239,49.81684981684982,0.0,-9.963369963369964,58.02197802197802,-58.8034188034188,-5.665445665445666,-42.39316239316239
-15.042735042735044,12.698412698412698,9.963369963369964,18.55921855921856,0.0,21.294261294261293,-33.7973137973138,4.884004884004884,32.62515262515262,0.0,3.711843711843712,-55.67765567765568,0.0,3.711843711843712,-17.387057387057386,-14.261294261294262,46.69108669108669,0.0,-4.493284493284493,15.433455433455434,-40.04884004884005,47.86324786324786,0.0,-9.572649572649572,70.13431013431014,-68.96214896214896,-4.884004884004884,-40.04884004884005
-16.996336996336996,8.4004884004884,12.307692307692308,18.94993894993895,0.0,16.214896214896214,-33.7973137973138,3.711843711843712,35.75091575091575,0.0,1.3675213675213675,-51.77045177045177,0.0,8.00976800976801,-16.996336996336996,-11.916971916971915,45.12820512820513,0.0,-2.93040293040293,17.77777777777778,-36.53235653235653,45.90964590964591,0.0,-11.916971916971915,111.55067155067157,-102.17338217338218,-8.4004884004884,-36.53235653235653
-20.903540903540904,2.5396825396825395,10.744810744810744,28.71794871794872,0.0,6.056166056166056,-34.18803418803419,0.9768009768009768,46.3003663003663,0.0,2.148962148962149,-46.3003663003663,0.0,6.056166056166056,-20.12210012210012,-11.526251526251526,51.77045177045177,0.0,-2.93040293040293,13.47985347985348,-36.53235653235653,51.77045177045177,0.0,-10.354090354090356,88.4981684981685,-77.94871794871794,-9.572649572649572,-36.53235653235653
-21.294261294261293,0.5860805860805861,13.870573870573873,27.936507936507937,0.0,-0.1953601953601953,-28.32722832722833,0.5860805860805861,49.42612942612943,0.0,1.7582417582417582,-35.75091575091575,0.0,6.446886446886447,-18.55921855921856,-9.18192918192918,49.81684981684982,0.0,1.3675213675213675,11.135531135531137,-35.36019536019536,50.20757020757021,0.0,-13.47985347985348,48.64468864468864,-33.01587301587302,-10.354090354090356,-35.36019536019536
-20.12210012210012,-0.9768009768009768,20.12210012210012,20.12210012210012,0.0,-5.274725274725275,-22.466422466422465,4.493284493284493,42.002442002442,0.0,2.148962148962149,-29.10866910866911,0.0,5.665445665445666,-13.870573870573873,-6.056166056166056,43.95604395604396,0.0,4.493284493284493,12.698412698412698,-31.062271062271066,41.61172161172161,0.0,-19.73137973137973,67.00854700854701,-47.472527472527474,-9.963369963369964,-31.062271062271066
-21.68498168498169,-2.5396825396825395,22.466422466422465,18.55921855921856,0.0,-10.354090354090356,-18.94993894993895,4.884004884004884,40.43956043956044,0.0,3.3211233211233213,-27.936507936507937,0.0,4.102564102564102,-11.916971916971915,-10.354090354090356,52.55189255189255,0.0,5.274725274725275,14.261294261294262,-29.499389499389498,42.78388278388278,0.0,-22.075702075702075,90.06105006105007,-68.57142857142857,-10.354090354090356,-29.499389499389498
-23.247863247863247,-4.493284493284493,22.466422466422465,18.168498168498168,0.0,-15.824175824175825,-15.042735042735044,4.102564102564102,38.48595848595848,0.0,2.148962148962149,-24.02930402930403,0.0,1.7582417582417582,-10.744810744810744,-10.354090354090356,62.71062271062271,0.0,1.7582417582417582,20.512820512820515,-24.42002442002442,44.737484737484735,0.0,-22.075702075702075,66.22710622710623,-44.346764346764346,-6.446886446886447,-24.42002442002442
-22.857142857142858,-4.493284493284493,24.81074481074481,11.916971916971915,0.0,-18.168498168498168,-10.744810744810744,6.056166056166056,33.01587301587302,0.0,1.3675213675213675,-17.77777777777778,0.0,0.1953601953601953,-4.102564102564102,-6.446886446886447,65.44566544566544,0.0,1.3675213675213675,29.89010989010989,-16.996336996336996,39.65811965811966,0.0,-24.42002442002442,52.94261294261294,-27.936507936507937,-4.493284493284493,-16.996336996336996
-25.2014652014652,-3.3211233211233213,26.37362637362637,16.214896214896214,0.0,-26.37362637362637,-4.884004884004884,7.228327228327228,37.31379731379732,0.0,5.274725274725275,-13.870573870573873,0.0,-2.148962148962149,0.1953601953601953,2.148962148962149,70.13431013431014,0.0,4.884004884004884,33.01587301587302,-6.056166056166056,36.92307692307692,0.0,-25.982905982905983,52.16117216117216,-22.466422466422465,-4.102564102564102,-6.056166056166056
-25.592185592185597,-0.9768009768009768,22.857142857142858,20.512820512820515,0.0,-31.45299145299145,2.148962148962149,3.711843711843712,41.61172161172161,0.0,13.870573870573873,-8.4004884004884,0.0,-2.93040293040293,3.711843711843712,6.056166056166056,72.86935286935287,0.0,10.354090354090356,32.234432234432234,0.5860805860805861,35.75091575091575,0.0,-22.466422466422465,36.53235653235653,-7.228327228327228,-2.5396825396825395,0.5860805860805861
-24.42002442002442,4.493284493284493,23.247863247863247,14.261294261294262,0.0,-35.75091575091575,12.307692307692308,4.884004884004884,36.14163614163614,0.0,24.42002442002442,-2.93040293040293,0.0,-2.148962148962149,13.870573870573873,10.354090354090356,64.66422466422466,0.0,17.77777777777778,33.7973137973138,6.837606837606837,25.982905982905983,0.0,-22.857142857142858,31.062271062271066,1.7582417582417582,-3.711843711843712,6.837606837606837
-28.32722832722833,10.354090354090356,27.155067155067155,9.963369963369964,0.0,-45.90964590964591,24.02930402930403,9.963369963369964,31.062271062271066,0.0,34.18803418803419,-5.665445665445666,0.0,-3.711843711843712,25.592185592185597,13.870573870573873,54.114774114774114,0.0,21.68498168498169,36.53235653235653,14.652014652014651,15.433455433455434,0.0,-26.764346764346765,20.903540903540904,15.433455433455434,-4.884004884004884,14.652014652014651
-28.71794871794872,12.307692307692308,20.512820512820515,12.698412698412698,0.0,-46.3003663003663,24.42002442002442,4.493284493284493,33.40659340659341,0.0,38.87667887667888,-9.18192918192918,0.0,-1.7582417582417582,24.42002442002442,2.93040293040293,63.10134310134311,0.0,21.294261294261293,33.01587301587302,11.135531135531137,22.857142857142858,0.0,-20.12210012210012,19.73137973137973,13.47985347985348,-6.056166056166056,11.135531135531137
-31.843711843711844,15.042735042735044,16.214896214896214,13.47985347985348,0.0,-47.472527472527474,24.81074481074481,4.493284493284493,30.671550671550676,0.0,35.75091575091575,-11.526251526251526,0.0,-0.1953601953601953,25.2014652014652,-2.93040293040293,65.44566544566544,0.0,18.94993894993895,31.45299145299145,10.744810744810744,24.42002442002442,0.0,-15.824175824175825,-3.3211233211233213,34.969474969474966,-5.274725274725275,10.744810744810744
-30.28083028083028,18.94993894993895,16.605616605616607,9.572649572649572,0.0,-40.83028083028083,27.545787545787547,9.963369963369964,18.168498168498168,0.0,36.53235653235653,-11.526251526251526,0.0,5.274725274725275,31.062271062271066,-5.274725274725275,55.28693528693529,0.0,22.466422466422465,32.62515262515262,13.47985347985348,15.433455433455434,0.0,-16.214896214896214,36.53235653235653,-4.493284493284493,-0.9768009768009768,13.47985347985348
-28.71794871794872,25.592185592185597,11.135531135531137,14.652014652014651,0.0,-33.01587301587302,30.28083028083028,8.4004884004884,16.996336996336996,0.0,41.61172161172161,-10.744810744810744,0.0,9.963369963369964,33.40659340659341,-8.00976800976801,53.724053724053725,0.0,27.155067155067155,31.45299145299145,15.433455433455434,13.870573870573873,0.0,-10.744810744810744,28.71794871794872,-0.9768009768009768,4.102564102564102,15.433455433455434
-27.155067155067155,32.234432234432234,6.446886446886447,18.168498168498168,0.0,-27.155067155067155,35.75091575091575,3.3211233211233213,18.55921855921856,0.0,48.64468864468864,-10.744810744810744,0.0,13.089133089133089,38.87667887667888,-9.963369963369964,50.989010989010985,0.0,31.062271062271066,30.28083028083028,18.168498168498168,11.135531135531137,0.0,-6.056166056166056,-40.04884004884005,59.58485958485959,9.572649572649572,18.168498168498168
-22.466422466422465,42.002442002442,4.493284493284493,13.089133089133089,0.0,-16.605616605616607,40.04884004884005,-2.5396825396825395,16.996336996336996,0.0,54.89621489621489,-12.698412698412698,0.0,17.77777777777778,44.737484737484735,-7.228327228327228,41.61172161172161,0.0,34.18803418803419,34.969474969474966,22.075702075702075,2.93040293040293,0.0,-4.102564102564102,-15.824175824175825,27.936507936507937,12.698412698412698,22.075702075702075
-16.605616605616607,47.86324786324786,2.148962148962149,11.135531135531137,0.0,-8.00976800976801,40.43956043956044,-12.307692307692308,24.81074481074481,0.0,52.94261294261294,-15.824175824175825,0.0,20.903540903540904,43.56532356532357,-3.711843711843712,42.78388278388278,0.0,36.92307692307692,38.095238095238095,27.545787545787547,0.1953601953601953,0.0,-1.7582417582417582,40.83028083028083,-36.14163614163614,12.307692307692308,27.545787545787547
-11.916971916971915,45.90964590964591,-1.7582417582417582,14.261294261294262,0.0,0.5860805860805861,34.57875457875458,-23.63858363858364,33.7973137973138,0.0,43.17460317460318,-16.214896214896214,0.0,24.81074481074481,36.14163614163614,-5.274725274725275,53.333333333333336,0.0,36.14163614163614,38.095238095238095,29.499389499389498,3.711843711843712,0.0,2.148962148962149,16.214896214896214,-20.12210012210012,13.089133089133089,29.499389499389498
-5.665445665445666,42.39316239316239,0.1953601953601953,11.916971916971915,0.0,12.307692307692308,29.499389499389498,-25.982905982905983,33.01587301587302,0.0,32.62515262515262,-13.47985347985348,0.0,28.71794871794872,36.53235653235653,-8.4004884004884,52.94261294261294,0.0,38.48595848595848,40.83028083028083,31.062271062271066,-0.1953601953601953,0.0,0.1953601953601953,2.148962148962149,-6.056166056166056,17.387057387057386,31.062271062271066
-0.1953601953601953,38.48595848595848,4.102564102564102,10.354090354090356,0.0,19.73137973137973,24.81074481074481,-24.42002442002442,32.234432234432234,0.0,22.857142857142858,-9.572649572649572,0.0,31.45299145299145,41.22100122100122,-11.135531135531137,47.472527472527474,0.0,43.17460317460318,43.56532356532357,32.62515262515262,-11.135531135531137,0.0,-3.711843711843712,26.764346764346765,-25.2014652014652,19.34065934065934,32.62515262515262
2.5396825396825395,36.14163614163614,4.884004884004884,11.526251526251526,0.0,24.42002442002442,21.68498168498169,-23.247863247863247,33.01587301587302,0.0,16.996336996336996,-6.446886446886447,0.0,31.45299145299145,47.86324786324786,-19.34065934065934,43.17460317460318,0.0,46.69108669108669,45.90964590964591,27.936507936507937,-17.387057387057386,0.0,-4.493284493284493,33.01587301587302,-27.936507936507937,22.466422466422465,27.936507936507937
8.791208791208792,33.7973137973138,0.1953601953601953,9.963369963369964,0.0,28.32722832722833,14.652014652014651,-24.81074481074481,34.18803418803419,0.0,10.744810744810744,-3.3211233211233213,0.0,31.45299145299145,50.5982905982906,-27.545787545787547,36.14163614163614,0.0,47.081807081807085,45.90964590964591,21.294261294261293,-24.02930402930403,0.0,0.1953601953601953,1.7582417582417582,-1.7582417582417582,26.37362637362637,21.294261294261293
14.261294261294262,33.40659340659341,-1.7582417582417582,-0.9768009768009768,0.0,29.499389499389498,9.963369963369964,-24.42002442002442,29.10866910866911,0.0,2.93040293040293,-0.1953601953601953,0.0,31.062271062271066,51.37973137973138,-26.37362637362637,18.94993894993895,0.0,47.472527472527474,45.51892551892552,20.12210012210012,-39.26739926739927,0.0,2.148962148962149,0.9768009768009768,-5.665445665445666,26.37362637362637,20.12210012210012
20.903540903540904,30.28083028083028,-6.056166056166056,-10.744810744810744,0.0,30.671550671550676,1.7582417582417582,-26.37362637362637,27.936507936507937,0.0,-5.274725274725275,4.493284493284493,0.0,29.10866910866911,47.081807081807085,-25.592185592185597,8.4004884004884,0.0,47.081807081807085,38.87667887667888,16.605616605616607,-43.56532356532357,0.0,6.446886446886447,0.9768009768009768,-15.824175824175825,25.982905982905983,16.605616605616607
27.936507936507937,24.02930402930403,-9.963369963369964,-17.77777777777778,0.0,33.7973137973138,-7.228327228327228,-29.10866910866911,27.155067155067155,0.0,-14.261294261294262,11.916971916971915,0.0,24.81074481074481,42.002442002442,-22.857142857142858,2.148962148962149,0.0,44.346764346764346,29.499389499389498,11.135531135531137,-40.04884004884005,0.0,10.354090354090356,-6.837606837606837,-18.55921855921856,25.2014652014652,11.135531135531137
33.01587301587302,19.73137973137973,-2.5396825396825395,-31.062271062271066,0.0,36.14163614163614,-9.963369963369964,-24.42002442002442,17.387057387057386,0.0,-21.68498168498169,19.73137973137973,0.0,16.605616605616607,44.346764346764346,-12.698412698412698,-13.47985347985348,0.0,37.31379731379732,27.155067155067155,11.916971916971915,-43.17460317460318,0.0,2.93040293040293,29.499389499389498,-59.975579975579976,22.466422466422465,11.916971916971915
41.22100122100122,19.34065934065934,0.9768009768009768,-42.78388278388278,0.0,43.95604395604396,-7.228327228327228,-22.466422466422465,5.274725274725275,0.0,-26.764346764346765,29.499389499389498,0.0,17.387057387057386,44.346764346764346,-8.791208791208792,-24.42002442002442,0.0,36.53235653235653,24.42002442002442,7.619047619047619,-41.61172161172161,0.0,-0.5860805860805861,60.757020757020754,-95.92185592185592,18.94993894993895,7.619047619047619
46.69108669108669,11.916971916971915,-1.7582417582417582,-40.43956043956044,0.0,46.69108669108669,-8.00976800976801,-26.764346764346765,4.493284493284493,0.0,-31.062271062271066,27.936507936507937,0.0,9.18192918192918,39.26739926739927,-9.18192918192918,-20.12210012210012,0.0,25.982905982905983,19.73137973137973,-0.1953601953601953,-26.764346764346765,0.0,2.148962148962149,4.102564102564102,-46.69108669108669,14.652014652014651,-0.1953601953601953
54.5054945054945,6.056166056166056,-6.446886446886447,-42.002442002442,0.0,51.37973137973138,-8.791208791208792,-27.936507936507937,-2.5396825396825395,0.0,-36.92307692307692,23.63858363858364,0.0,8.4004884004884,30.28083028083028,-12.307692307692308,-22.075702075702075,0.0,18.55921855921856,14.652014652014651,-9.18192918192918,-20.12210012210012,0.0,6.837606837606837,-19.73137973137973,-28.71794871794872,10.744810744810744,-9.18192918192918
61.92918192918193,2.148962148962149,-14.261294261294262,-48.25396825396825,0.0,54.114774114774114,-9.572649572649572,-26.764346764346765,-15.824175824175825,0.0,-44.346764346764346,17.77777777777778,0.0,9.572649572649572,18.94993894993895,-13.089133089133089,-34.57875457875458,0.0,12.307692307692308,6.446886446886447,-16.605616605616607,-21.294261294261293,0.0,14.652014652014651,13.47985347985348,-67.00854700854701,4.493284493284493,-16.605616605616607
68.57142857142857,-7.619047619047619,-29.10866910866911,-42.78388278388278,0.0,54.5054945054945,-15.824175824175825,-32.62515262515262,-16.605616605616607,0.0,-49.42612942612943,6.837606837606837,0.0,6.056166056166056,6.056166056166056,-22.075702075702075,-36.53235653235653,0.0,4.884004884004884,-7.619047619047619,-33.7973137973138,-9.572649572649572,0.0,29.499389499389498,-19.34065934065934,-39.65811965811966,-1.3675213675213675,-33.7973137973138
73.65079365079364,-17.77777777777778,-38.87667887667888,-38.87667887667888,0.0,54.5054945054945,-18.94993894993895,-34.969474969474966,-22.466422466422465,0.0,-51.37973137973138,1.3675213675213675,0.0,0.5860805860805861,-0.5860805860805861,-27.936507936507937,-42.39316239316239,0.0,-2.148962148962149,-18.55921855921856,-52.16117216117216,0.5860805860805861,0.0,39.26739926739927,-68.57142857142857,6.056166056166056,-5.665445665445666,-52.16117216117216
80.29304029304029,-25.592185592185597,-40.04884004884005,-41.61172161172161,0.0,56.84981684981685,-17.387057387057386,-32.234432234432234,-33.40659340659341,0.0,-50.989010989010985,6.056166056166056,0.0,-2.5396825396825395,0.1953601953601953,-23.63858363858364,-59.975579975579976,0.0,-5.665445665445666,-22.857142857142858,-59.975579975579976,1.3675213675213675,0.0,40.43956043956044,-31.45299145299145,-29.10866910866911,-9.963369963369964,-59.975579975579976
86.15384615384616,-34.57875457875458,-42.39316239316239,-38.095238095238095,0.0,60.366300366300365,-19.73137973137973,-33.40659340659341,-35.36019536019536,0.0,-46.69108669108669,6.056166056166056,0.0,-8.4004884004884,4.102564102564102,-22.857142857142858,-65.44566544566544,0.0,-11.526251526251526,-24.02930402930403,-69.35286935286935,10.744810744810744,0.0,42.78388278388278,13.089133089133089,-74.43223443223444,-12.307692307692308,-69.35286935286935
90.06105006105007,-47.081807081807085,-44.737484737484735,-29.499389499389498,0.0,60.366300366300365,-27.155067155067155,-32.62515262515262,-31.062271062271066,0.0,-45.12820512820513,6.446886446886447,0.0,-14.261294261294262,6.837606837606837,-22.075702075702075,-66.22710622710623,0.0,-16.996336996336996,-25.592185592185597,-75.995115995116,22.075702075702075,0.0,45.12820512820513,-5.274725274725275,-56.06837606837607,-13.089133089133089,-75.995115995116
93.57753357753356,-54.89621489621489,-44.737484737484735,-27.545787545787547,0.0,62.31990231990232,-33.01587301587302,-29.10866910866911,-33.40659340659341,0.0,-47.472527472527474,6.837606837606837,0.0,-15.042735042735044,7.228327228327228,-21.294261294261293,-69.35286935286935,0.0,-19.73137973137973,-25.982905982905983,-77.55799755799755,24.81074481074481,0.0,45.12820512820513,-23.247863247863247,-38.48595848595848,-12.698412698412698,-77.55799755799755
97.48473748473748,-58.8034188034188,-48.64468864468864,-28.32722832722833,0.0,66.22710622710623,-36.14163614163614,-32.234432234432234,-35.36019536019536,0.0,-50.5982905982906,-2.93040293040293,0.0,-12.307692307692308,1.7582417582417582,-23.63858363858364,-67.78998778998779,0.0,-18.168498168498168,-31.843711843711844,-77.94871794871794,25.2014652014652,0.0,49.03540903540904,-16.996336996336996,-43.17460317460318,-19.73137973137973,-77.94871794871794
98.26617826617829,-64.27350427350427,-56.45909645909646,-26.764346764346765,0.0,67.3992673992674,-38.48595848595848,-41.22100122100122,-36.92307692307692,0.0,-54.5054945054945,-14.261294261294262,0.0,-12.698412698412698,-9.18192918192918,-32.234432234432234,-55.67765567765568,0.0,-18.55921855921856,-40.43956043956044,-82.63736263736264,30.671550671550676,0.0,56.84981684981685,-24.81074481074481,-35.36019536019536,-27.155067155067155,-82.63736263736264
97.48473748473748,-69.74358974358974,-56.06837606837607,-29.499389499389498,0.0,68.18070818070818,-38.87667887667888,-45.90964590964591,-41.61172161172161,0.0,-60.366300366300365,-20.903540903540904,0.0,-14.261294261294262,-20.12210012210012,-33.40659340659341,-49.03540903540904,0.0,-19.73137973137973,-45.51892551892552,-83.41880341880342,30.28083028083028,0.0,56.45909645909646,-23.63858363858364,-32.234432234432234,-31.843711843711844,-83.41880341880342
94.35897435897436,-68.96214896214896,-50.20757020757021,-36.92307692307692,0.0,64.27350427350427,-38.095238095238095,-45.12820512820513,-43.56532356532357,0.0,-65.83638583638583,-22.075702075702075,0.0,-18.55921855921856,-22.466422466422465,-28.32722832722833,-49.03540903540904,0.0,-19.34065934065934,-43.56532356532357,-76.38583638583638,18.55921855921856,0.0,50.5982905982906,0.1953601953601953,-49.81684981684982,-33.7973137973138,-76.38583638583638
90.84249084249085,-70.91575091575092,-44.346764346764346,-32.234432234432234,0.0,54.114774114774114,-39.26739926739927,-42.78388278388278,-29.499389499389498,0.0,-70.52503052503053,-16.214896214896214,0.0,-28.71794871794872,-20.512820512820515,-22.466422466422465,-40.04884004884005,0.0,-20.12210012210012,-39.26739926739927,-70.52503052503053,16.605616605616607,0.0,44.737484737484735,-8.00976800976801,-34.969474969474966,-31.45299145299145,-70.52503052503053
85.76312576312576,-76.38583638583638,-36.14163614163614,-18.55921855921856,0.0,38.87667887667888,-45.90964590964591,-29.10866910866911,-9.963369963369964,0.0,-75.995115995116,-4.884004884004884,0.0,-40.83028083028083,-15.433455433455434,-10.744810744810744,-31.843711843711844,0.0,-20.12210012210012,-33.40659340659341,-65.44566544566544,19.34065934065934,0.0,36.53235653235653,13.089133089133089,-49.81684981684982,-24.02930402930403,-65.44566544566544
85.37240537240537,-72.08791208791209,-30.671550671550676,-17.77777777777778,0.0,29.89010989010989,-39.65811965811966,-21.294261294261293,-4.493284493284493,0.0,-77.94871794871794,4.493284493284493,0.0,-46.69108669108669,-5.274725274725275,-5.665445665445666,-32.62515262515262,0.0,-18.94993894993895,-24.42002442002442,-59.975579975579976,11.916971916971915,0.0,31.062271062271066,6.837606837606837,-37.31379731379732,-20.903540903540904,-59.975579975579976
88.4981684981685,-72.08791208791209,-29.89010989010989,-13.089133089133089,0.0,23.63858363858364,-36.14163614163614,-16.214896214896214,1.3675213675213675,0.0,-77.16727716727716,9.572649572649572,0.0,-52.55189255189255,-1.3675213675213675,-2.148962148962149,-27.545787545787547,0.0,-15.824175824175825,-24.02930402930403,-53.333333333333336,8.4004884004884,0.0,30.28083028083028,-11.916971916971915,-14.261294261294262,-21.68498168498169,-53.333333333333336
87.71672771672772,-75.6043956043956,-32.62515262515262,-5.274725274725275,0.0,18.55921855921856,-36.92307692307692,-18.168498168498168,9.572649572649572,0.0,-74.43223443223444,11.135531135531137,0.0,-58.41269841269841,-4.493284493284493,-8.00976800976801,-9.18192918192918,0.0,-18.168498168498168,-29.10866910866911,-51.77045177045177,18.168498168498168,0.0,33.01587301587302,-59.58485958485959,32.62515262515262,-23.247863247863247,-51.77045177045177
86.93528693528694,-74.43223443223444,-32.62515262515262,-11.135531135531137,0.0,11.916971916971915,-33.7973137973138,-18.55921855921856,7.619047619047619,0.0,-74.43223443223444,13.870573870573873,0.0,-62.71062271062271,-8.00976800976801,-11.916971916971915,-1.3675213675213675,0.0,-20.12210012210012,-34.57875457875458,-43.95604395604396,13.870573870573873,0.0,33.01587301587302,-64.66422466422466,41.22100122100122,-29.10866910866911,-43.95604395604396
85.76312576312576,-72.86935286935287,-28.32722832722833,-18.55921855921856,0.0,4.102564102564102,-31.062271062271066,-11.916971916971915,4.102564102564102,0.0,-75.6043956043956,21.294261294261293,0.0,-64.27350427350427,-12.307692307692308,-6.837606837606837,2.148962148962149,0.0,-18.168498168498168,-40.04884004884005,-29.499389499389498,6.056166056166056,0.0,28.71794871794872,-12.307692307692308,-5.274725274725275,-34.57875457875458,-29.499389499389498
79.12087912087912,-71.30647130647131,-26.764346764346765,-15.824175824175825,0.0,-9.18192918192918,-29.10866910866911,-9.572649572649572,12.698412698412698,0.0,-77.55799755799755,25.982905982905983,0.0,-69.74358974358974,-20.903540903540904,-2.5396825396825395,18.168498168498168,0.0,-18.94993894993895,-46.3003663003663,-19.73137973137973,9.18192918192918,0.0,27.155067155067155,-35.75091575091575,18.55921855921856,-35.75091575091575,-19.73137973137973
72.86935286935287,-66.22710622710623,-22.075702075702075,-14.261294261294262,0.0,-19.73137973137973,-22.466422466422465,-3.711843711843712,15.824175824175825,0.0,-79.51159951159951,29.10866910866911,0.0,-72.08791208791209,-25.592185592185597,3.3211233211233213,25.592185592185597,0.0,-20.512820512820515,-45.51892551892552,-8.791208791208792,6.446886446886447,0.0,22.466422466422465,-88.4981684981685,76.77655677655677,-36.92307692307692,-8.791208791208792
69.35286935286935,-58.02197802197802,-18.168498168498168,-16.214896214896214,0.0,-22.857142857142858,-13.089133089133089,0.1953601953601953,13.089133089133089,0.0,-73.26007326007326,29.499389499389498,0.0,-67.78998778998779,-24.81074481074481,9.963369963369964,24.81074481074481,0.0,-16.605616605616607,-42.002442002442,4.493284493284493,-2.93040293040293,0.0,18.55921855921856,-87.32600732600733,78.33943833943835,-34.969474969474966,4.493284493284493
63.49206349206349,-49.42612942612943,-17.77777777777778,-12.307692307692308,0.0,-26.37362637362637,-6.837606837606837,-0.5860805860805861,16.605616605616607,0.0,-62.71062271062271,25.982905982905983,0.0,-65.44566544566544,-18.55921855921856,10.354090354090356,29.10866910866911,0.0,-13.089133089133089,-39.65811965811966,15.042735042735044,-6.837606837606837,0.0,18.168498168498168,-77.55799755799755,69.35286935286935,-34.18803418803419,15.042735042735044
56.45909645909646,-41.61172161172161,-22.075702075702075,-3.711843711843712,0.0,-29.10866910866911,-3.3211233211233213,-2.93040293040293,24.02930402930403,0.0,-53.333333333333336,21.294261294261293,0.0,-64.66422466422466,-13.089133089133089,3.711843711843712,36.14163614163614,0.0,-12.698412698412698,-40.43956043956044,22.466422466422465,-6.446886446886447,0.0,22.466422466422465,-107.25274725274726,96.31257631257633,-32.62515262515262,22.466422466422465
52.16117216117216,-34.57875457875458,-24.42002442002442,-9.572649572649572,0.0,-31.843711843711844,-0.5860805860805861,-2.5396825396825395,17.387057387057386,0.0,-45.90964590964591,21.68498168498169,0.0,-60.366300366300365,-5.665445665445666,0.1953601953601953,31.843711843711844,0.0,-10.354090354090356,-41.61172161172161,35.75091575091575,-17.77777777777778,0.0,24.81074481074481,-122.88156288156289,108.42490842490842,-33.01587301587302,35.75091575091575
49.42612942612943,-27.936507936507937,-27.936507936507937,-14.261294261294262,0.0,-34.18803418803419,-2.148962148962149,-0.9768009768009768,16.214896214896214,0.0,-38.87667887667888,18.94993894993895,0.0,-60.366300366300365,-2.148962148962149,-1.7582417582417582,33.01587301587302,0.0,-12.307692307692308,-43.95604395604396,47.081807081807085,-22.857142857142858,0.0,28.32722832722833,-122.88156288156289,105.2991452991453,-37.704517704517706,47.081807081807085
43.95604395604396,-20.512820512820515,-27.936507936507937,-13.47985347985348,0.0,-36.14163614163614,-4.493284493284493,0.1953601953601953,21.294261294261293,0.0,-37.31379731379732,14.652014652014651,0.0,-59.975579975579976,-5.665445665445666,-3.711843711843712,38.48595848595848,0.0,-18.168498168498168,-44.346764346764346,53.724053724053725,-22.075702075702075,0.0,28.32722832722833,-124.44444444444444,102.56410256410255,-42.002442002442,53.724053724053725
40.83028083028083,-11.916971916971915,-24.02930402930403,-19.34065934065934,0.0,-34.18803418803419,-3.711843711843712,2.148962148962149,19.73137973137973,0.0,-34.969474969474966,9.963369963369964,0.0,-56.06837606837607,-8.4004884004884,-2.93040293040293,40.83028083028083,0.0,-23.63858363858364,-37.704517704517706,58.02197802197802,-23.247863247863247,0.0,24.42002442002442,-108.42490842490842,84.2002442002442,-44.737484737484735,58.02197802197802
39.26739926739927,-4.102564102564102,-17.387057387057386,-19.73137973137973,0.0,-33.40659340659341,0.1953601953601953,6.056166056166056,23.63858363858364,0.0,-29.89010989010989,6.446886446886447,0.0,-50.20757020757021,-8.4004884004884,-0.1953601953601953,44.346764346764346,0.0,-22.857142857142858,-27.936507936507937,61.14774114774115,-25.2014652014652,0.0,17.77777777777778,-97.48473748473748,72.47863247863248,-44.737484737484735,61.14774114774115
36.92307692307692,-1.7582417582417582,-14.652014652014651,-6.446886446886447,0.0,-34.57875457875458,1.7582417582417582,3.3211233211233213,40.43956043956044,0.0,-28.71794871794872,1.3675213675213675,0.0,-47.472527472527474,-12.307692307692308,0.1953601953601953,56.45909645909646,0.0,-21.68498168498169,-23.63858363858364,61.92918192918193,-19.34065934065934,0.0,15.042735042735044,-111.15995115995116,82.63736263736264,-42.002442002442,61.92918192918193
32.62515262515262,-3.3211233211233213,-13.089133089133089,2.5396825396825395,0.0,-34.969474969474966,2.93040293040293,2.148962148962149,46.3003663003663,0.0,-26.764346764346765,-1.3675213675213675,0.0,-45.90964590964591,-9.963369963369964,-5.665445665445666,62.71062271062271,0.0,-22.075702075702075,-19.34065934065934,55.67765567765568,-14.261294261294262,0.0,13.47985347985348,-104.12698412698413,76.38583638583638,-38.87667887667888,55.67765567765568
36.14163614163614,-4.102564102564102,-11.916971916971915,0.1953601953601953,0.0,-27.936507936507937,5.665445665445666,0.5860805860805861,38.48595848595848,0.0,-21.68498168498169,-1.7582417582417582,0.0,-38.87667887667888,-8.791208791208792,-8.00976800976801,52.16117216117216,0.0,-14.261294261294262,-20.903540903540904,54.114774114774114,-22.466422466422465,0.0,12.307692307692308,-92.4053724053724,63.88278388278388,-37.704517704517706,54.114774114774114
34.969474969474966,-6.056166056166056,-12.307692307692308,-2.5396825396825395,0.0,-18.55921855921856,4.102564102564102,-4.493284493284493,30.28083028083028,0.0,-18.94993894993895,-6.446886446886447,0.0,-32.62515262515262,-9.18192918192918,-11.135531135531137,39.26739926739927,0.0,-10.354090354090356,-27.936507936507937,53.724053724053725,-29.10866910866911,0.0,12.698412698412698,-83.02808302808303,54.89621489621489,-40.43956043956044,53.724053724053725
32.62515262515262,-7.228327228327228,-14.652014652014651,-4.493284493284493,0.0,-9.963369963369964,0.1953601953601953,-10.744810744810744,24.02930402930403,0.0,-15.824175824175825,-10.354090354090356,0.0,-26.764346764346765,-10.744810744810744,-16.996336996336996,32.234432234432234,0.0,-10.744810744810744,-31.843711843711844,47.472527472527474,-26.764346764346765,0.0,15.042735042735044,-124.05372405372404,94.35897435897436,-43.95604395604396,47.472527472527474
33.01587301587302,-8.791208791208792,-14.652014652014651,-9.18192918192918,0.0,-0.9768009768009768,-1.7582417582417582,-14.261294261294262,15.433455433455434,0.0,-15.042735042735044,-10.744810744810744,0.0,-18.94993894993895,-11.135531135531137,-17.387057387057386,21.294261294261293,0.0,-9.963369963369964,-30.28083028083028,43.56532356532357,-30.28083028083028,0.0,15.042735042735044,-105.68986568986568,74.82295482295483,-46.69108669108669,43.56532356532357
34.18803418803419,-9.572649572649572,-15.042735042735044,-8.00976800976801,0.0,4.884004884004884,-2.93040293040293,-15.042735042735044,13.089133089133089,0.0,-18.55921855921856,-9.572649572649572,0.0,-14.261294261294262,-10.354090354090356,-13.089133089133089,14.652014652014651,0.0,-11.135531135531137,-25.2014652014652,44.346764346764346,-30.28083028083028,0.0,15.433455433455434,-40.43956043956044,8.4004884004884,-49.81684981684982,44.346764346764346
33.40659340659341,-14.652014652014651,-16.605616605616607,2.5396825396825395,0.0,8.4004884004884,-7.619047619047619,-21.294261294261293,22.857142857142858,0.0,-18.94993894993895,-10.354090354090356,0.0,-15.042735042735044,-9.963369963369964,-12.698412698412698,18.94993894993895,0.0,-16.996336996336996,-20.903540903540904,38.87667887667888,-20.512820512820515,0.0,16.996336996336996,-54.114774114774114,17.77777777777778,-47.472527472527474,38.87667887667888
34.18803418803419,-18.168498168498168,-19.73137973137973,8.00976800976801,0.0,13.870573870573873,-7.228327228327228,-23.63858363858364,20.903540903540904,0.0,-19.73137973137973,-6.837606837606837,0.0,-13.47985347985348,-7.619047619047619,-15.433455433455434,15.824175824175825,0.0,-16.605616605616607,-17.77777777777778,32.234432234432234,-18.168498168498168,0.0,20.12210012210012,-84.2002442002442,45.12820512820513,-43.17460317460318,32.234432234432234
36.92307692307692,-19.34065934065934,-20.12210012210012,3.3211233211233213,0.0,20.512820512820515,-4.884004884004884,-24.81074481074481,8.4004884004884,0.0,-15.824175824175825,-5.665445665445666,0.0,-8.791208791208792,-6.446886446886447,-16.605616605616607,6.446886446886447,0.0,-12.698412698412698,-17.387057387057386,29.10866910866911,-23.63858363858364,0.0,20.512820512820515,-59.58485958485959,20.512820512820515,-42.39316239316239,29.10866910866911
36.14163614163614,-21.294261294261293,-22.857142857142858,2.148962148962149,0.0,25.982905982905983,-4.884004884004884,-29.10866910866911,0.1953601953601953,0.0,-9.963369963369964,-9.572649572649572,0.0,-3.3211233211233213,-6.837606837606837,-20.512820512820515,-0.1953601953601953,0.0,-11.135531135531137,-19.34065934065934,24.02930402930403,-25.592185592185597,0.0,23.247863247863247,-38.48595848595848,-4.102564102564102,-41.22100122100122,24.02930402930403
31.843711843711844,-21.294261294261293,-24.02930402930403,1.7582417582417582,0.0,29.89010989010989,-3.711843711843712,-30.28083028083028,-8.4004884004884,0.0,-7.228327228327228,-12.307692307692308,0.0,2.148962148962149,-8.791208791208792,-25.592185592185597,-7.619047619047619,0.0,-12.698412698412698,-20.12210012210012,20.512820512820515,-26.764346764346765,0.0,24.42002442002442,-67.00854700854701,21.68498168498169,-40.04884004884005,20.512820512820515
28.71794871794872,-16.996336996336996,-17.387057387057386,-4.102564102564102,0.0,34.969474969474966,-0.5860805860805861,-26.764346764346765,-19.73137973137973,0.0,-6.446886446886447,-11.526251526251526,0.0,10.354090354090356,-7.228327228327228,-24.42002442002442,-22.466422466422465,0.0,-15.042735042735044,-15.824175824175825,21.294261294261293,-34.969474969474966,0.0,17.77777777777778,-77.94871794871794,33.40659340659341,-38.87667887667888,21.294261294261293
24.02930402930403,-14.261294261294262,-12.698412698412698,-1.7582417582417582,0.0,37.31379731379732,0.9768009768009768,-26.764346764346765,-17.77777777777778,0.0,-2.93040293040293,-12.307692307692308,0.0,15.433455433455434,-3.711843711843712,-24.02930402930403,-33.40659340659341,0.0,-16.605616605616607,-11.526251526251526,22.075702075702075,-39.65811965811966,0.0,13.089133089133089,-85.76312576312576,43.17460317460318,-34.57875457875458,22.075702075702075
17.77777777777778,-14.652014652014651,-10.744810744810744,4.884004884004884,0.0,37.704517704517706,0.5860805860805861,-26.764346764346765,-15.042735042735044,0.0,0.1953601953601953,-10.354090354090356,0.0,18.94993894993895,-0.5860805860805861,-27.155067155067155,-39.26739926739927,0.0,-16.605616605616607,-9.963369963369964,18.168498168498168,-39.65811965811966,0.0,11.135531135531137,-94.74969474969475,54.5054945054945,-24.81074481074481,18.168498168498168
11.526251526251526,-12.698412698412698,-8.4004884004884,2.93040293040293,0.0,37.704517704517706,2.5396825396825395,-24.81074481074481,-24.02930402930403,0.0,2.93040293040293,-8.791208791208792,0.0,22.857142857142858,1.7582417582417582,-28.32722832722833,-50.5982905982906,0.0,-14.261294261294262,-6.837606837606837,10.744810744810744,-42.78388278388278,0.0,8.791208791208792,-70.13431013431014,35.36019536019536,-16.605616605616607,10.744810744810744
9.18192918192918,-15.433455433455434,-13.089133089133089,1.7582417582417582,0.0,39.26739926739927,4.102564102564102,-27.545787545787547,-34.57875457875458,0.0,8.4004884004884,-13.089133089133089,0.0,23.63858363858364,3.711843711843712,-31.062271062271066,-59.975579975579976,0.0,-12.698412698412698,-5.274725274725275,0.9768009768009768,-45.90964590964591,0.0,13.47985347985348,-56.84981684981685,25.2014652014652,-9.18192918192918,0.9768009768009768
2.93040293040293,-18.55921855921856,-20.12210012210012,7.228327228327228,0.0,39.65811965811966,2.148962148962149,-33.01587301587302,-38.87667887667888,0.0,5.665445665445666,-16.605616605616607,0.0,18.168498168498168,0.1953601953601953,-36.14163614163614,-56.06837606837607,0.0,-17.387057387057386,-10.744810744810744,-8.00976800976801,-36.14163614163614,0.0,20.512820512820515,-37.704517704517706,5.274725274725275,-8.4004884004884,-8.00976800976801
-0.1953601953601953,-18.168498168498168,-22.466422466422465,6.837606837606837,0.0,42.002442002442,4.493284493284493,-36.53235653235653,-45.90964590964591,0.0,2.148962148962149,-20.512820512820515,0.0,13.47985347985348,-5.274725274725275,-41.61172161172161,-55.67765567765568,0.0,-24.02930402930403,-17.387057387057386,-15.042735042735044,-31.45299145299145,0.0,22.857142857142858,-31.45299145299145,0.1953601953601953,-13.47985347985348,-15.042735042735044
0.1953601953601953,-12.698412698412698,-20.512820512820515,-3.711843711843712,0.0,49.03540903540904,8.791208791208792,-33.40659340659341,-63.88278388278388,0.0,5.274725274725275,-20.12210012210012,0.0,14.652014652014651,-6.446886446886447,-40.43956043956044,-70.52503052503053,0.0,-25.2014652014652,-20.512820512820515,-15.824175824175825,-40.83028083028083,0.0,20.903540903540904,15.042735042735044,-43.17460317460318,-19.34065934065934,-15.824175824175825
-1.3675213675213675,-9.963369963369964,-18.55921855921856,-8.791208791208792,0.0,50.989010989010985,9.963369963369964,-31.843711843711844,-70.91575091575092,0.0,6.837606837606837,-17.387057387057386,0.0,15.824175824175825,-8.791208791208792,-38.87667887667888,-79.51159951159951,0.0,-25.2014652014652,-24.81074481074481,-15.824175824175825,-43.56532356532357,0.0,18.94993894993895,20.903540903540904,-45.90964590964591,-22.857142857142858,-15.824175824175825
-4.884004884004884,-10.744810744810744,-17.387057387057386,-10.744810744810744,0.0,47.472527472527474,8.4004884004884,-31.062271062271066,-71.30647130647131,0.0,6.837606837606837,-13.870573870573873,0.0,16.605616605616607,-11.916971916971915,-39.26739926739927,-82.24664224664225,0.0,-27.936507936507937,-27.155067155067155,-20.12210012210012,-40.83028083028083,0.0,17.77777777777778,-39.65811965811966,19.73137973137973,-23.247863247863247,-20.12210012210012
-7.619047619047619,-14.652014652014651,-18.55921855921856,-15.824175824175825,0.0,45.12820512820513,2.148962148962149,-27.155067155067155,-79.12087912087912,0.0,5.665445665445666,-11.526251526251526,0.0,18.168498168498168,-15.042735042735044,-34.969474969474966,-90.45177045177046,0.0,-30.671550671550676,-23.247863247863247,-24.42002442002442,-42.78388278388278,0.0,18.94993894993895,-9.963369963369964,-3.711843711843712,-19.73137973137973,-24.42002442002442
-9.572649572649572,-22.857142857142858,-22.075702075702075,-13.089133089133089,0.0,40.83028083028083,-4.493284493284493,-24.81074481074481,-81.46520146520146,0.0,0.1953601953601953,-10.354090354090356,0.0,16.214896214896214,-18.55921855921856,-32.234432234432234,-92.014652014652,0.0,-36.14163614163614,-21.68498168498169,-29.10866910866911,-39.26739926739927,0.0,22.466422466422465,45.51892551892552,-53.724053724053725,-17.77777777777778,-29.10866910866911
-16.214896214896214,-30.671550671550676,-33.01587301587302,-2.93040293040293,0.0,33.01587301587302,-12.698412698412698,-27.155067155067155,-77.55799755799755,0.0,-9.18192918192918,-13.47985347985348,0.0,12.307692307692308,-27.936507936507937,-40.83028083028083,-81.46520146520146,0.0,-47.081807081807085,-24.02930402930403,-41.22100122100122,-24.02930402930403,0.0,33.40659340659341,30.28083028083028,-39.65811965811966,-15.824175824175825,-41.22100122100122
-20.903540903540904,-34.18803418803419,-39.65811965811966,-0.1953601953601953,0.0,31.062271062271066,-15.433455433455434,-23.63858363858364,-88.4981684981685,0.0,-14.261294261294262,-18.55921855921856,0.0,13.089133089133089,-34.57875457875458,-44.737484737484735,-84.2002442002442,0.0,-53.724053724053725,-25.982905982905983,-50.989010989010985,-17.77777777777778,0.0,40.04884004884005,8.4004884004884,-18.55921855921856,-15.042735042735044,-50.989010989010985
-22.466422466422465,-30.671550671550676,-40.83028083028083,-6.446886446886447,0.0,34.969474969474966,-11.526251526251526,-17.77777777777778,-107.64346764346764,0.0,-13.870573870573873,-22.857142857142858,0.0,17.387057387057386,-38.095238095238095,-41.61172161172161,-92.4053724053724,0.0,-53.724053724053725,-27.545787545787547,-51.37973137973138,-20.512820512820515,0.0,41.22100122100122,26.37362637362637,-39.65811965811966,-14.261294261294262,-51.37973137973138
-29.10866910866911,-25.2014652014652,-40.04884004884005,-9.572649572649572,0.0,31.062271062271066,-4.884004884004884,-18.168498168498168,-113.89499389499387,0.0,-17.77777777777778,-24.02930402930403,0.0,17.387057387057386,-37.704517704517706,-39.65811965811966,-91.62393162393164,0.0,-54.5054945054945,-26.37362637362637,-51.37973137973138,-16.996336996336996,0.0,40.43956043956044,23.247863247863247,-40.43956043956044,-11.526251526251526,-51.37973137973138
-34.969474969474966,-18.94993894993895,-36.92307692307692,-11.526251526251526,0.0,24.81074481074481,1.3675213675213675,-15.433455433455434,-116.23931623931624,0.0,-19.73137973137973,-19.73137973137973,0.0,15.824175824175825,-36.92307692307692,-36.14163614163614,-90.45177045177046,0.0,-54.89621489621489,-22.466422466422465,-52.55189255189255,-16.214896214896214,0.0,37.31379731379732,8.791208791208792,-24.42002442002442,-7.619047619047619,-52.55189255189255
-40.43956043956044,-9.572649572649572,-29.89010989010989,-16.996336996336996,0.0,17.77777777777778,9.572649572649572,-10.354090354090356,-116.63003663003664,0.0,-22.857142857142858,-12.307692307692308,0.0,14.261294261294262,-33.7973137973138,-29.89010989010989,-90.45177045177046,0.0,-52.55189255189255,-13.47985347985348,-51.37973137973138,-20.903540903540904,0.0,30.28083028083028,16.214896214896214,-28.71794871794872,-2.148962148962149,-51.37973137973138
-48.64468864468864,-1.7582417582417582,-29.89010989010989,-13.870573870573873,0.0,7.619047619047619,12.698412698412698,-9.963369963369964,-107.25274725274726,0.0,-28.32722832722833,-10.354090354090356,0.0,10.744810744810744,-33.7973137973138,-31.062271062271066,-83.80952380952381,0.0,-55.28693528693529,-7.228327228327228,-56.45909645909646,-17.77777777777778,0.0,30.28083028083028,24.42002442002442,-34.969474969474966,0.5860805860805861,-56.45909645909646
-58.8034188034188,0.9768009768009768,-34.18803418803419,-6.446886446886447,0.0,0.1953601953601953,7.619047619047619,-10.744810744810744,-97.48473748473748,0.0,-32.234432234432234,-12.698412698412698,0.0,6.056166056166056,-39.26739926739927,-33.01587301587302,-75.21367521367522,0.0,-63.10134310134311,-4.493284493284493,-66.22710622710623,-6.446886446886447,0.0,34.57875457875458,16.996336996336996,-29.499389499389498,1.3675213675213675,-66.22710622710623
-64.27350427350427,6.446886446886447,-34.57875457875458,-10.744810744810744,0.0,-0.1953601953601953,7.228327228327228,-7.228327228327228,-105.2991452991453,0.0,-31.45299145299145,-18.94993894993895,0.0,5.665445665445666,-42.002442002442,-30.671550671550676,-80.29304029304029,0.0,-69.74358974358974,-1.7582417582417582,-69.35286935286935,-5.665445665445666,0.0,34.969474969474966,37.704517704517706,-56.06837606837607,1.7582417582417582,-69.35286935286935
-65.05494505494505,9.572649572649572,-38.87667887667888,-15.433455433455434,0.0,3.3211233211233213,5.665445665445666,-8.00976800976801,-112.72283272283272,0.0,-27.936507936507937,-25.982905982905983,0.0,7.228327228327228,-43.56532356532357,-25.592185592185597,-84.98168498168498,0.0,-72.47863247863248,-2.148962148962149,-67.00854700854701,-4.102564102564102,0.0,39.26739926739927,42.78388278388278,-68.57142857142857,0.5860805860805861,-67.00854700854701
-68.96214896214896,8.00976800976801,-41.22100122100122,-9.18192918192918,0.0,0.1953601953601953,0.9768009768009768,-8.791208791208792,-106.08058608058607,0.0,-29.89010989010989,-29.10866910866911,0.0,1.7582417582417582,-48.64468864468864,-21.68498168498169,-74.04151404151405,0.0,-77.16727716727716,-7.619047619047619,-63.88278388278388,6.446886446886447,0.0,41.61172161172161,-10.744810744810744,-20.903540903540904,-0.5860805860805861,-63.88278388278388
-70.91575091575092,11.135531135531137,-38.87667887667888,-8.00976800976801,0.0,-1.7582417582417582,2.148962148962149,-8.00976800976801,-100.6105006105006,0.0,-28.71794871794872,-26.37362637362637,0.0,2.93040293040293,-51.77045177045177,-19.34065934065934,-67.78998778998779,0.0,-76.38583638583638,-8.4004884004884,-59.1941391941392,8.791208791208792,0.0,39.26739926739927,-31.062271062271066,-3.3211233211233213,0.1953601953601953,-59.1941391941392
-72.47863247863248,16.605616605616607,-33.01587301587302,-9.572649572649572,0.0,-3.711843711843712,2.93040293040293,-2.93040293040293,-95.92185592185592,0.0,-29.89010989010989,-21.294261294261293,0.0,5.274725274725275,-53.333333333333336,-14.261294261294262,-67.00854700854701,0.0,-72.08791208791209,-8.00976800976801,-50.989010989010985,2.93040293040293,0.0,33.40659340659341,9.963369963369964,-40.83028083028083,-0.1953601953601953,-50.989010989010985
-79.51159951159951,22.075702075702075,-30.28083028083028,-4.493284493284493,0.0,-13.089133089133089,6.056166056166056,-2.148962148962149,-83.41880341880342,0.0,-32.62515262515262,-18.55921855921856,0.0,2.93040293040293,-56.84981684981685,-13.47985347985348,-57.24053724053724,0.0,-73.26007326007326,-7.228327228327228,-49.03540903540904,5.274725274725275,0.0,30.671550671550676,-6.837606837606837,-19.34065934065934,-2.148962148962149,-49.03540903540904
-84.98168498168498,32.62515262515262,-28.32722832722833,-1.7582417582417582,0.0,-20.12210012210012,14.261294261294262,0.1953601953601953,-78.73015873015873,0.0,-28.71794871794872,-12.698412698412698,0.0,0.1953601953601953,-52.94261294261294,-13.089133089133089,-54.5054945054945,0.0,-74.43223443223444,-2.148962148962149,-49.81684981684982,5.665445665445666,0.0,28.71794871794872,-41.61172161172161,14.261294261294262,-1.3675213675213675,-49.81684981684982
-83.02808302808303,44.737484737484735,-29.499389499389498,-3.711843711843712,0.0,-18.94993894993895,25.982905982905983,4.102564102564102,-84.59096459096459,0.0,-19.73137973137973,-4.884004884004884,0.0,2.148962148962149,-39.26739926739927,-9.572649572649572,-62.71062271062271,0.0,-69.35286935286935,6.837606837606837,-45.90964590964591,-2.148962148962149,0.0,29.89010989010989,-17.77777777777778,-9.18192918192918,0.1953601953601953,-45.90964590964591
-80.29304029304029,52.94261294261294,-33.7973137973138,-0.1953601953601953,0.0,-18.94993894993895,34.57875457875458,5.665445665445666,-83.80952380952381,0.0,-11.916971916971915,2.148962148962149,0.0,-0.5860805860805861,-23.63858363858364,-4.884004884004884,-63.10134310134311,0.0,-66.61782661782662,17.77777777777778,-39.26739926739927,-4.884004884004884,0.0,34.18803418803419,26.764346764346765,-56.84981684981685,3.711843711843712,-39.26739926739927
-78.33943833943835,57.63125763125763,-38.095238095238095,8.00976800976801,0.0,-22.466422466422465,40.04884004884005,7.619047619047619,-77.94871794871794,0.0,-4.493284493284493,12.307692307692308,0.0,-3.711843711843712,-9.572649572649572,-2.93040293040293,-56.06837606837607,0.0,-62.31990231990232,25.2014652014652,-31.062271062271066,-5.274725274725275,0.0,38.48595848595848,9.18192918192918,-44.346764346764346,10.354090354090356,-31.062271062271066
-77.55799755799755,59.975579975579976,-38.095238095238095,12.307692307692308,0.0,-24.81074481074481,42.39316239316239,10.354090354090356,-72.86935286935287,0.0,0.9768009768009768,22.075702075702075,0.0,-3.3211233211233213,-0.5860805860805861,-0.1953601953601953,-52.16117216117216,0.0,-56.45909645909646,31.45299145299145,-20.903540903540904,-10.354090354090356,0.0,38.48595848595848,-3.711843711843712,-29.10866910866911,14.261294261294262,-20.903540903540904
-74.43223443223444,60.366300366300365,-33.7973137973138,15.824175824175825,0.0,-29.10866910866911,42.78388278388278,14.652014652014651,-63.10134310134311,0.0,3.3211233211233213,28.71794871794872,0.0,-7.228327228327228,1.7582417582417582,6.837606837606837,-43.56532356532357,0.0,-50.5982905982906,34.969474969474966,-12.307692307692308,-11.916971916971915,0.0,34.18803418803419,31.062271062271066,-55.67765567765568,14.261294261294262,-12.307692307692308
-77.16727716727716,61.92918192918193,-26.37362637362637,21.68498168498169,0.0,-38.095238095238095,43.17460317460318,20.903540903540904,-47.472527472527474,0.0,5.274725274725275,34.18803418803419,0.0,-13.089133089133089,0.1953601953601953,12.698412698412698,-27.545787545787547,0.0,-45.90964590964591,38.87667887667888,-13.47985347985348,-6.056166056166056,0.0,26.764346764346765,47.472527472527474,-60.757020757020754,15.824175824175825,-13.47985347985348
-78.33943833943835,66.61782661782662,-19.73137973137973,24.42002442002442,0.0,-41.61172161172161,44.737484737484735,25.982905982905983,-37.704517704517706,0.0,8.791208791208792,40.04884004884005,0.0,-15.433455433455434,1.3675213675213675,17.77777777777778,-21.294261294261293,0.0,-39.26739926739927,45.51892551892552,-17.77777777777778,-4.102564102564102,0.0,20.12210012210012,44.346764346764346,-46.3003663003663,18.94993894993895,-17.77777777777778
-77.94871794871794,72.86935286935287,-11.916971916971915,22.466422466422465,0.0,-42.39316239316239,49.81684981684982,31.45299145299145,-34.18803418803419,0.0,13.870573870573873,42.78388278388278,0.0,-13.870573870573873,4.493284493284493,25.982905982905983,-20.12210012210012,0.0,-29.89010989010989,54.89621489621489,-19.73137973137973,-7.228327228327228,0.0,12.307692307692308,37.31379731379732,-28.71794871794872,24.42002442002442,-19.73137973137973
-81.85592185592185,75.995115995116,-9.963369963369964,28.71794871794872,0.0,-49.42612942612943,52.55189255189255,32.62515262515262,-24.02930402930403,0.0,17.387057387057386,42.39316239316239,0.0,-12.307692307692308,6.446886446886447,28.32722832722833,-10.744810744810744,0.0,-22.857142857142858,61.14774114774115,-19.34065934065934,-6.446886446886447,0.0,10.354090354090356,15.042735042735044,-0.1953601953601953,30.671550671550676,-19.34065934065934
-86.93528693528694,75.21367521367522,-9.18192918192918,36.53235653235653,0.0,-57.63125763125763,52.55189255189255,33.40659340659341,-13.47985347985348,0.0,20.12210012210012,40.04884004884005,0.0,-12.307692307692308,7.228327228327228,28.32722832722833,-1.7582417582417582,0.0,-18.94993894993895,63.88278388278388,-13.089133089133089,-7.619047619047619,0.0,9.572649572649572,25.2014652014652,-4.493284493284493,33.40659340659341,-13.089133089133089
-84.59096459096459,77.16727716727716,-8.00976800976801,31.843711843711844,0.0,-57.63125763125763,54.89621489621489,35.36019536019536,-17.77777777777778,0.0,24.81074481074481,39.26739926739927,0.0,-6.837606837606837,6.446886446886447,29.89010989010989,-1.3675213675213675,0.0,-11.916971916971915,62.31990231990232,-3.3211233211233213,-16.605616605616607,0.0,8.4004884004884,32.234432234432234,-4.884004884004884,30.28083028083028,-3.3211233211233213
-82.63736263736264,80.29304029304029,-5.665445665445666,29.499389499389498,0.0,-56.84981684981685,51.37973137973138,38.095238095238095,-13.089133089133089,0.0,28.32722832722833,37.704517704517706,0.0,-4.884004884004884,3.711843711843712,31.45299145299145,2.5396825396825395,0.0,-6.837606837606837,56.84981684981685,6.056166056166056,-22.075702075702075,0.0,6.056166056166056,45.51892551892552,-12.307692307692308,24.81074481074481,6.056166056166056
-84.2002442002442,81.07448107448107,-6.837606837606837,33.40659340659341,0.0,-60.366300366300365,42.39316239316239,39.26739926739927,0.1953601953601953,0.0,27.936507936507937,34.57875457875458,0.0,-8.4004884004884,-3.3211233211233213,29.89010989010989,15.042735042735044,0.0,-6.446886446886447,47.86324786324786,10.744810744810744,-18.55921855921856,0.0,7.228327228327228,-20.512820512820515,58.8034188034188,16.996336996336996,10.744810744810744
-81.85592185592185,84.2002442002442,-6.837606837606837,27.545787545787547,0.0,-59.58485958485959,37.704517704517706,41.22100122100122,1.7582417582417582,0.0,28.71794871794872,34.969474969474966,0.0,-3.711843711843712,-9.572649572649572,28.71794871794872,17.77777777777778,0.0,0.1953601953601953,41.22100122100122,9.963369963369964,-19.34065934065934,0.0,7.228327228327228,-42.78388278388278,85.37240537240537,11.526251526251526,9.963369963369964
-79.12087912087912,84.2002442002442,-6.446886446886447,24.42002442002442,0.0,-58.02197802197802,31.062271062271066,41.61172161172161,5.274725274725275,0.0,29.89010989010989,33.40659340659341,0.0,3.3211233211233213,-12.307692307692308,30.28083028083028,11.526251526251526,0.0,5.665445665445666,40.04884004884005,13.089133089133089,-25.2014652014652,0.0,6.837606837606837,8.00976800976801,34.969474969474966,9.963369963369964,13.089133089133089
-79.51159951159951,74.82295482295483,-11.135531135531137,27.155067155067155,0.0,-61.92918192918193,22.466422466422465,35.75091575091575,14.261294261294262,0.0,25.982905982905983,29.499389499389498,0.0,7.619047619047619,-15.042735042735044,25.2014652014652,14.261294261294262,0.0,4.884004884004884,40.04884004884005,9.572649572649572,-22.857142857142858,0.0,11.526251526251526,-7.228327228327228,48.25396825396825,13.089133089133089,9.572649572649572
-75.6043956043956,68.18070818070818,-16.214896214896214,24.81074481074481,0.0,-59.975579975579976,17.387057387057386,27.155067155067155,15.042735042735044,0.0,23.63858363858364,24.81074481074481,0.0,13.47985347985348,-16.214896214896214,20.12210012210012,13.870573870573873,0.0,5.274725274725275,43.17460317460318,6.446886446886447,-23.247863247863247,0.0,16.605616605616607,-31.45299145299145,66.61782661782662,20.512820512820515,6.446886446886447
-69.74358974358974,67.78998778998779,-13.089133089133089,14.261294261294262,0.0,-50.989010989010985,14.261294261294262,21.68498168498169,12.698412698412698,0.0,23.63858363858364,22.075702075702075,0.0,21.294261294261293,-11.526251526251526,20.512820512820515,7.619047619047619,0.0,9.572649572649572,50.20757020757021,13.47985347985348,-34.57875457875458,0.0,13.47985347985348,5.665445665445666,25.2014652014652,27.936507936507937,13.47985347985348
-68.57142857142857,71.6971916971917,-12.307692307692308,8.4004884004884,0.0,-45.90964590964591,8.4004884004884,16.996336996336996,17.77777777777778,0.0,23.247863247863247,15.433455433455434,0.0,22.466422466422465,-9.18192918192918,21.68498168498169,12.698412698412698,0.0,13.870573870573873,51.77045177045177,20.12210012210012,-38.095238095238095,0.0,12.698412698412698,25.592185592185597,3.711843711843712,29.89010989010989,20.12210012210012
-68.96214896214896,75.995115995116,-12.307692307692308,6.056166056166056,0.0,-47.86324786324786,5.665445665445666,13.089133089133089,27.155067155067155,0.0,19.34065934065934,10.744810744810744,0.0,22.075702075702075,-13.870573870573873,20.903540903540904,28.32722832722833,0.0,19.73137973137973,49.03540903540904,20.512820512820515,-32.234432234432234,0.0,12.698412698412698,-8.00976800976801,34.969474969474966,31.062271062271066,20.512820512820515
-66.22710622710623,79.9023199023199,-6.446886446886447,0.1953601953601953,0.0,-46.69108669108669,6.056166056166056,16.605616605616607,29.10866910866911,0.0,15.042735042735044,12.307692307692308,0.0,25.2014652014652,-16.605616605616607,24.81074481074481,31.062271062271066,0.0,27.155067155067155,44.737484737484735,25.982905982905983,-34.18803418803419,0.0,6.837606837606837,-14.261294261294262,40.43956043956044,29.10866910866911,25.982905982905983
-62.31990231990232,75.995115995116,-2.148962148962149,-0.9768009768009768,0.0,-48.25396825396825,2.148962148962149,17.77777777777778,36.14163614163614,0.0,9.963369963369964,13.089133089133089,0.0,26.764346764346765,-20.903540903540904,25.592185592185597,36.14163614163614,0.0,32.234432234432234,37.31379731379732,31.843711843711844,-33.40659340659341,0.0,2.5396825396825395,-3.711843711843712,26.764346764346765,25.2014652014652,31.843711843711844
-56.84981684981685,66.61782661782662,-1.3675213675213675,3.711843711843712,0.0,-52.16117216117216,-1.7582417582417582,14.652014652014651,50.20757020757021,0.0,1.3675213675213675,13.089133089133089,0.0,24.42002442002442,-26.37362637362637,21.294261294261293,45.90964590964591,0.0,31.062271062271066,27.936507936507937,33.40659340659341,-27.545787545787547,0.0,1.7582417582417582,-9.963369963369964,24.42002442002442,23.247863247863247,33.40659340659341
-49.81684981684982,61.14774114774115,3.3211233211233213,4.884004884004884,0.0,-49.81684981684982,-3.3211233211233213,12.307692307692308,60.757020757020754,0.0,-2.148962148962149,15.433455433455434,0.0,23.247863247863247,-27.545787545787547,24.42002442002442,42.78388278388278,0.0,27.155067155067155,24.42002442002442,40.83028083028083,-29.89010989010989,0.0,-2.93040293040293,6.837606837606837,-4.102564102564102,24.81074481074481,40.83028083028083
-44.346764346764346,62.31990231990232,7.619047619047619,4.884004884004884,0.0,-47.081807081807085,-2.93040293040293,9.963369963369964,70.52503052503053,0.0,-1.7582417582417582,14.261294261294262,0.0,18.55921855921856,-24.02930402930403,27.545787545787547,38.87667887667888,0.0,24.42002442002442,24.81074481074481,47.081807081807085,-34.57875457875458,0.0,-7.228327228327228,13.47985347985348,-22.075702075702075,25.2014652014652,47.081807081807085
-42.39316239316239,64.66422466422466,6.056166056166056,12.698412698412698,0.0,-49.03540903540904,-1.7582417582417582,4.884004884004884,87.71672771672772,0.0,-1.7582417582417582,9.18192918192918,0.0,4.884004884004884,-20.12210012210012,31.843711843711844,43.95604395604396,0.0,19.34065934065934,24.02930402930403,48.25396825396825,-30.671550671550676,0.0,-5.665445665445666,-26.764346764346765,4.884004884004884,25.2014652014652,48.25396825396825
-40.43956043956044,66.22710622710623,3.711843711843712,18.94993894993895,0.0,-49.42612942612943,0.9768009768009768,0.9768009768009768,95.53113553113552,0.0,-0.5860805860805861,9.18192918192918,0.0,-4.493284493284493,-19.73137973137973,33.01587301587302,47.081807081807085,0.0,14.261294261294262,22.857142857142858,41.22100122100122,-23.247863247863247,0.0,-3.3211233211233213,-42.39316239316239,13.47985347985348,22.857142857142858,41.22100122100122
-33.40659340659341,65.44566544566544,5.665445665445666,10.744810744810744,0.0,-46.69108669108669,8.00976800976801,4.102564102564102,83.02808302808303,0.0,2.93040293040293,11.526251526251526,0.0,-11.135531135531137,-14.261294261294262,32.62515262515262,36.53235653235653,0.0,13.870573870573873,22.075702075702075,37.704517704517706,-30.28083028083028,0.0,-5.274725274725275,-36.92307692307692,4.884004884004884,19.73137973137973,37.704517704517706
-24.81074481074481,60.366300366300365,5.274725274725275,7.228327228327228,0.0,-43.56532356532357,11.526251526251526,5.274725274725275,74.43223443223444,0.0,7.228327228327228,12.307692307692308,0.0,-16.214896214896214,-13.089133089133089,28.71794871794872,33.01587301587302,0.0,13.47985347985348,15.042735042735044,31.45299145299145,-29.10866910866911,0.0,-4.884004884004884,-65.44566544566544,32.234432234432234,12.698412698412698,31.45299145299145
-18.55921855921856,53.333333333333336,4.493284493284493,6.446886446886447,0.0,-41.22100122100122,11.916971916971915,4.493284493284493,69.35286935286935,0.0,10.354090354090356,13.47985347985348,0.0,-20.12210012210012,-16.605616605616607,24.81074481074481,32.62515262515262,0.0,10.354090354090356,3.711843711843712,24.42002442002442,-19.34065934065934,0.0,-4.102564102564102,-127.17948717948718,91.62393162393164,2.93040293040293,24.42002442002442
-13.870573870573873,51.77045177045177,4.493284493284493,0.1953601953601953,0.0,-31.843711843711844,11.526251526251526,4.884004884004884,56.84981684981685,0.0,16.214896214896214,13.089133089133089,0.0,-20.903540903540904,-17.387057387057386,23.63858363858364,24.81074481074481,0.0,10.354090354090356,-3.711843711843712,20.903540903540904,-17.387057387057386,0.0,-4.102564102564102,-122.1001221001221,86.93528693528694,-6.056166056166056,20.903540903540904
-11.916971916971915,52.55189255189255,4.102564102564102,-1.7582417582417582,0.0,-24.42002442002442,8.791208791208792,5.665445665445666,50.5982905982906,0.0,19.34065934065934,10.744810744810744,0.0,-24.42002442002442,-18.55921855921856,27.936507936507937,17.387057387057386,0.0,10.354090354090356,-12.307692307692308,20.903540903540904,-15.824175824175825,0.0,-3.711843711843712,-85.37240537240537,50.20757020757021,-14.652014652014651,20.903540903540904
-12.307692307692308,50.20757020757021,-4.102564102564102,4.884004884004884,0.0,-22.075702075702075,4.884004884004884,-0.5860805860805861,54.5054945054945,0.0,18.55921855921856,6.837606837606837,0.0,-28.71794871794872,-22.075702075702075,25.982905982905983,20.903540903540904,0.0,5.665445665445666,-20.12210012210012,18.168498168498168,-6.446886446886447,0.0,4.493284493284493,-116.23931623931624,77.94871794871794,-22.075702075702075,18.168498168498168
-9.963369963369964,46.3003663003663,-15.433455433455434,4.884004884004884,0.0,-19.73137973137973,3.3211233211233213,-6.837606837606837,48.64468864468864,0.0,16.214896214896214,4.884004884004884,0.0,-32.62515262515262,-20.512820512820515,24.42002442002442,18.168498168498168,0.0,3.3211233211233213,-24.02930402930403,14.652014652014651,-4.493284493284493,0.0,15.824175824175825,-155.7020757020757,115.45787545787546,-25.592185592185597,14.652014652014651
-4.102564102564102,40.83028083028083,-22.466422466422465,-0.1953601953601953,0.0,-17.77777777777778,4.493284493284493,-9.572649572649572,35.36019536019536,0.0,13.089133089133089,6.837606837606837,0.0,-36.53235653235653,-13.870573870573873,25.2014652014652,9.572649572649572,0.0,1.7582417582417582,-24.81074481074481,15.433455433455434,-8.00976800976801,0.0,22.857142857142858,-142.41758241758242,103.34554334554336,-27.545787545787547,15.433455433455434
0.1953601953601953,32.62515262515262,-31.45299145299145,-0.1953601953601953,0.0,-13.47985347985348,0.9768009768009768,-16.214896214896214,29.89010989010989,0.0,8.4004884004884,6.837606837606837,0.0,-42.39316239316239,-11.135531135531137,21.68498168498169,11.916971916971915,0.0,-2.148962148962149,-29.10866910866911,12.698412698412698,-0.9768009768009768,0.0,31.843711843711844,-124.05372405372404,86.15384615384616,-32.234432234432234,12.698412698412698
1.3675213675213675,25.982905982905983,-36.14163614163614,-0.9768009768009768,0.0,-5.665445665445666,-2.93040293040293,-22.466422466422465,22.466422466422465,0.0,6.837606837606837,4.884004884004884,0.0,-45.12820512820513,-11.135531135531137,20.903540903540904,16.214896214896214,0.0,-4.884004884004884,-32.62515262515262,8.00976800976801,9.572649572649572,0.0,36.53235653235653,-122.1001221001221,84.98168498168498,-34.969474969474966,8.00976800976801
4.884004884004884,22.466422466422465,-33.40659340659341,-7.228327228327228,0.0,7.228327228327228,-6.446886446886447,-22.075702075702075,8.00976800976801,0.0,8.00976800976801,2.5396825396825395,0.0,-43.17460317460318,-9.572649572649572,24.42002442002442,12.307692307692308,0.0,-6.446886446886447,-31.062271062271066,8.791208791208792,13.089133089133089,0.0,33.7973137973138,-112.72283272283272,78.73015873015873,-36.14163614163614,8.791208791208792
8.00976800976801,20.12210012210012,-32.62515262515262,-4.884004884004884,0.0,18.55921855921856,-10.744810744810744,-24.02930402930403,6.056166056166056,0.0,11.526251526251526,-2.93040293040293,0.0,-38.095238095238095,-8.4004884004884,24.42002442002442,17.77777777777778,0.0,-4.102564102564102,-29.499389499389498,10.354090354090356,20.12210012210012,0.0,33.01587301587302,-109.98778998778998,79.51159951159951,-37.704517704517706,10.354090354090356
7.228327228327228,17.387057387057386,-31.062271062271066,2.93040293040293,0.0,23.247863247863247,-12.698412698412698,-27.155067155067155,14.261294261294262,0.0,13.47985347985348,-6.837606837606837,0.0,-34.969474969474966,-3.3211233211233213,24.02930402930403,27.936507936507937,0.0,-4.493284493284493,-26.37362637362637,11.135531135531137,33.01587301587302,0.0,31.45299145299145,-115.84859584859583,86.93528693528694,-38.095238095238095,11.135531135531137
8.791208791208792,18.94993894993895,-24.02930402930403,0.1953601953601953,0.0,27.545787545787547,-11.526251526251526,-25.592185592185597,13.47985347985348,0.0,15.042735042735044,-3.711843711843712,0.0,-30.671550671550676,2.5396825396825395,27.545787545787547,31.062271062271066,0.0,-3.3211233211233213,-21.294261294261293,19.34065934065934,36.92307692307692,0.0,24.42002442002442,-112.72283272283272,87.71672771672772,-37.31379731379732,19.34065934065934
9.18192918192918,17.387057387057386,-15.042735042735044,0.1953601953601953,0.0,28.71794871794872,-11.916971916971915,-22.857142857142858,17.387057387057386,0.0,9.963369963369964,1.7582417582417582,0.0,-30.28083028083028,8.00976800976801,34.18803418803419,36.53235653235653,0.0,-0.9768009768009768,-21.294261294261293,27.936507936507937,44.737484737484735,0.0,15.433455433455434,-126.3980463980464,108.8156288156288,-38.095238095238095,27.936507936507937
4.493284493284493,14.261294261294262,-8.791208791208792,10.744810744810744,0.0,25.2014652014652,-14.652014652014651,-22.857142857142858,33.7973137973138,0.0,1.7582417582417582,7.619047619047619,0.0,-34.18803418803419,9.18192918192918,38.87667887667888,53.333333333333336,0.0,-2.93040293040293,-23.247863247863247,31.843711843711844,62.31990231990232,0.0,9.18192918192918,-131.86813186813183,115.45787545787546,-36.92307692307692,31.843711843711844
4.102564102564102,9.18192918192918,-1.7582417582417582,16.214896214896214,0.0,27.545787545787547,-20.12210012210012,-21.68498168498169,42.002442002442,0.0,-0.9768009768009768,11.916971916971915,0.0,-33.40659340659341,8.791208791208792,42.002442002442,64.66422466422466,0.0,-2.5396825396825395,-24.02930402930403,34.969474969474966,75.6043956043956,0.0,2.148962148962149,-134.993894993895,121.31868131868131,-33.7973137973138,34.969474969474966
5.665445665445666,6.837606837606837,6.837606837606837,15.042735042735044,0.0,34.57875457875458,-23.63858363858364,-14.652014652014651,40.43956043956044,0.0,0.9768009768009768,13.870573870573873,0.0,-26.37362637362637,14.261294261294262,45.12820512820513,63.49206349206349,0.0,3.3211233211233213,-22.857142857142858,38.095238095238095,78.33943833943835,0.0,-6.446886446886447,-56.45909645909646,50.20757020757021,-31.843711843711844,38.095238095238095
7.619047619047619,0.9768009768009768,11.135531135531137,25.592185592185597,0.0,38.095238095238095,-26.37362637362637,-15.042735042735044,50.5982905982906,0.0,8.4004884004884,11.526251526251526,0.0,-20.903540903540904,21.294261294261293,38.87667887667888,72.08791208791209,0.0,9.963369963369964,-22.466422466422465,35.75091575091575,87.71672771672772,0.0,-10.744810744810744,-33.40659340659341,31.45299145299145,-26.764346764346765,35.75091575091575
9.18192918192918,-3.3211233211233213,17.387057387057386,30.671550671550676,0.0,44.346764346764346,-29.89010989010989,-15.042735042735044,55.67765567765568,0.0,17.387057387057386,9.18192918192918,0.0,-16.214896214896214,29.499389499389498,29.499389499389498,77.94871794871794,0.0,13.870573870573873,-18.55921855921856,34.969474969474966,91.23321123321124,0.0,-16.996336996336996,-59.58485958485959,63.88278388278388,-17.77777777777778,34.969474969474966
12.698412698412698,-6.056166056166056,25.2014652014652,27.936507936507937,0.0,50.5982905982906,-32.234432234432234,-9.963369963369964,51.77045177045177,0.0,25.982905982905983,9.18192918192918,0.0,-10.354090354090356,37.31379731379732,26.37362637362637,75.21367521367522,0.0,21.68498168498169,-16.214896214896214,38.095238095238095,85.76312576312576,0.0,-24.81074481074481,-37.31379731379732,51.37973137973138,-13.870573870573873,38.095238095238095
13.870573870573873,-11.526251526251526,33.01587301587302,29.89010989010989,0.0,49.81684981684982,-31.843711843711844,-6.837606837606837,54.89621489621489,0.0,29.89010989010989,11.526251526251526,0.0,-8.00976800976801,42.39316239316239,25.2014652014652,75.21367521367522,0.0,27.936507936507937,-15.042735042735044,42.78388278388278,81.07448107448107,0.0,-32.62515262515262,-7.228327228327228,28.71794871794872,-11.916971916971915,42.78388278388278
13.47985347985348,-16.605616605616607,38.095238095238095,38.48595848595848,0.0,48.25396825396825,-33.40659340659341,-6.056166056166056,65.83638583638583,0.0,29.89010989010989,13.089133089133089,0.0,-7.619047619047619,42.39316239316239,27.155067155067155,80.68376068376068,0.0,31.062271062271066,-14.652014652014651,46.69108669108669,80.68376068376068,0.0,-37.704517704517706,-54.114774114774114,80.68376068376068,-10.354090354090356,46.69108669108669
13.089133089133089,-16.996336996336996,43.56532356532357,38.87667887667888,0.0,46.3003663003663,-32.62515262515262,-1.7582417582417582,68.18070818070818,0.0,31.062271062271066,16.214896214896214,0.0,-5.665445665445666,40.83028083028083,30.671550671550676,81.07448107448107,0.0,35.75091575091575,-18.168498168498168,50.5982905982906,78.33943833943835,0.0,-43.17460317460318,-103.73626373626374,134.993894993895,-13.870573870573873,50.5982905982906
11.916971916971915,-13.870573870573873,50.20757020757021,35.75091575091575,0.0,42.39316239316239,-30.28083028083028,2.5396825396825395,70.52503052503053,0.0,31.45299145299145,18.168498168498168,0.0,-4.102564102564102,40.43956043956044,36.53235653235653,76.77655677655677,0.0,40.04884004884005,-18.168498168498168,55.67765567765568,72.08791208791209,0.0,-49.81684981684982,-80.68376068376068,117.02075702075702,-18.94993894993895,55.67765567765568
11.135531135531137,-11.916971916971915,54.114774114774114,39.65811965811966,0.0,37.704517704517706,-29.499389499389498,2.93040293040293,81.85592185592185,0.0,27.936507936507937,18.94993894993895,0.0,-5.274725274725275,36.14163614163614,36.92307692307692,83.02808302808303,0.0,38.095238095238095,-17.77777777777778,56.06837606837607,74.04151404151405,0.0,-53.724053724053725,-65.44566544566544,105.2991452991453,-20.903540903540904,56.06837606837607
11.916971916971915,-8.00976800976801,56.06837606837607,36.14163614163614,0.0,34.18803418803419,-29.10866910866911,4.102564102564102,87.32600732600733,0.0,27.936507936507937,20.512820512820515,0.0,-4.493284493284493,35.36019536019536,33.01587301587302,85.37240537240537,0.0,36.53235653235653,-15.042735042735044,56.84981684981685,71.30647130647131,0.0,-55.67765567765568,-72.86935286935287,111.55067155067157,-17.387057387057386,56.84981684981685
12.698412698412698,-6.056166056166056,59.975579975579976,31.843711843711844,0.0,30.28083028083028,-27.155067155067155,8.4004884004884,87.32600732600733,0.0,31.45299145299145,22.857142857142858,0.0,-1.3675213675213675,39.26739926739927,31.45299145299145,83.80952380952381,0.0,38.095238095238095,-8.791208791208792,60.757020757020754,63.49206349206349,0.0,-59.58485958485959,-62.31990231990232,102.95482295482296,-14.652014652014651,60.757020757020754
14.261294261294262,-7.228327228327228,62.31990231990232,35.75091575091575,0.0,26.764346764346765,-25.2014652014652,7.619047619047619,95.92185592185592,0.0,35.36019536019536,22.857142857142858,0.0,-0.9768009768009768,42.002442002442,33.01587301587302,84.59096459096459,0.0,39.65811965811966,-4.493284493284493,62.71062271062271,60.757020757020754,0.0,-61.92918192918193,-68.57142857142857,109.2063492063492,-11.135531135531137,62.71062271062271
14.652014652014651,-9.18192918192918,63.10134310134311,39.65811965811966,0.0,22.466422466422465,-21.68498168498169,5.274725274725275,103.34554334554336,0.0,41.22100122100122,23.247863247863247,0.0,-3.3211233211233213,44.737484737484735,34.969474969474966,90.84249084249085,0.0,41.61172161172161,-0.9768009768009768,62.71062271062271,63.88278388278388,0.0,-62.71062271062271,-89.27960927960928,127.17948717948718,-4.884004884004884,62.71062271062271
14.652014652014651,-4.493284493284493,68.18070818070818,31.843711843711844,0.0,22.857142857142858,-13.870573870573873,7.228327228327228,94.35897435897436,0.0,51.77045177045177,22.466422466422465,0.0,-4.102564102564102,50.20757020757021,39.65811965811966,82.24664224664225,0.0,43.95604395604396,5.274725274725275,62.31990231990232,55.28693528693529,0.0,-67.78998778998779,-82.24664224664225,123.66300366300366,-3.711843711843712,62.31990231990232
15.824175824175825,-2.93040293040293,73.26007326007326,22.857142857142858,0.0,23.63858363858364,-6.446886446886447,6.056166056166056,86.54456654456655,0.0,54.89621489621489,20.12210012210012,0.0,-6.446886446886447,50.20757020757021,45.51892551892552,72.86935286935287,0.0,43.56532356532357,9.963369963369964,60.757020757020754,47.472527472527474,0.0,-72.86935286935287,-51.37973137973138,96.31257631257633,-4.884004884004884,60.757020757020754
14.261294261294262,-4.102564102564102,74.43223443223444,23.247863247863247,0.0,19.73137973137973,-2.148962148962149,0.1953601953601953,90.06105006105007,0.0,54.114774114774114,16.605616605616607,0.0,-12.698412698412698,44.737484737484735,41.61172161172161,76.77655677655677,0.0,39.65811965811966,8.791208791208792,50.20757020757021,51.37973137973138,0.0,-74.04151404151405,-92.4053724053724,134.21245421245422,-1.7582417582417582,50.20757020757021
18.168498168498168,-4.493284493284493,73.26007326007326,16.214896214896214,0.0,21.294261294261293,-1.3675213675213675,-1.3675213675213675,84.98168498168498,0.0,55.67765567765568,18.168498168498168,0.0,-13.47985347985348,45.12820512820513,36.53235653235653,70.91575091575092,0.0,40.04884004884005,6.446886446886447,42.39316239316239,49.03540903540904,0.0,-72.86935286935287,-90.45177045177046,127.17948717948718,0.1953601953601953,42.39316239316239
22.857142857142858,-6.446886446886447,76.38583638583638,6.446886446886447,0.0,22.466422466422465,-1.3675213675213675,-0.5860805860805861,79.12087912087912,0.0,56.06837606837607,22.075702075702075,0.0,-14.652014652014651,50.20757020757021,37.31379731379732,58.8034188034188,0.0,40.83028083028083,6.837606837606837,38.87667887667888,43.17460317460318,0.0,-75.995115995116,-30.671550671550676,63.88278388278388,0.1953601953601953,38.87667887667888
27.155067155067155,-10.744810744810744,73.26007326007326,9.963369963369964,0.0,22.075702075702075,-6.446886446886447,-4.102564102564102,88.88888888888889,0.0,52.94261294261294,23.63858363858364,0.0,-17.387057387057386,50.5982905982906,34.18803418803419,61.92918192918193,0.0,40.83028083028083,2.148962148962149,34.57875457875458,50.20757020757021,0.0,-72.86935286935287,-53.724053724053725,76.38583638583638,1.7582417582417582,34.57875457875458
32.62515262515262,-11.135531135531137,69.35286935286935,11.135531135531137,0.0,22.857142857142858,-9.572649572649572,-3.711843711843712,93.18681318681318,0.0,52.16117216117216,25.2014652014652,0.0,-17.387057387057386,53.333333333333336,32.62515262515262,63.88278388278388,0.0,40.83028083028083,0.5860805860805861,33.40659340659341,56.06837606837607,0.0,-68.96214896214896,-110.37851037851038,123.66300366300366,0.9768009768009768,33.40659340659341
37.31379731379732,-6.837606837606837,70.13431013431014,6.446886446886447,0.0,26.37362637362637,-6.837606837606837,0.5860805860805861,87.71672771672772,0.0,50.989010989010985,25.592185592185597,0.0,-13.870573870573873,52.94261294261294,36.14163614163614,58.02197802197802,0.0,43.95604395604396,0.9768009768009768,35.75091575091575,52.16117216117216,0.0,-69.74358974358974,-92.014652014652,102.17338217338218,-1.7582417582417582,35.75091575091575
36.53235653235653,-4.884004884004884,67.78998778998779,8.791208791208792,0.0,26.764346764346765,-4.493284493284493,0.9768009768009768,85.37240537240537,0.0,45.90964590964591,22.857142857142858,0.0,-13.089133089133089,46.69108669108669,35.36019536019536,59.1941391941392,0.0,43.17460317460318,-1.7582417582417582,34.57875457875458,52.55189255189255,0.0,-67.3992673992674,-55.28693528693529,63.10134310134311,-4.884004884004884,34.57875457875458
31.843711843711844,-3.711843711843712,62.31990231990232,15.824175824175825,0.0,22.075702075702075,-1.7582417582417582,3.711843711843712,83.02808302808303,0.0,42.78388278388278,19.73137973137973,0.0,-14.261294261294262,38.87667887667888,31.45299145299145,64.66422466422466,0.0,40.43956043956044,-7.228327228327228,28.71794871794872,58.8034188034188,0.0,-61.92918192918193,-65.05494505494505,70.52503052503053,-7.228327228327228,28.71794871794872
29.10866910866911,-2.5396825396825395,59.975579975579976,16.214896214896214,0.0,22.857142857142858,0.1953601953601953,4.884004884004884,74.04151404151405,0.0,39.65811965811966,16.605616605616607,0.0,-13.870573870573873,37.704517704517706,26.764346764346765,58.8034188034188,0.0,37.704517704517706,-9.18192918192918,23.247863247863247,56.84981684981685,0.0,-59.58485958485959,-68.96214896214896,74.04151404151405,-8.00976800976801,23.247863247863247
28.32722832722833,-3.711843711843712,58.8034188034188,13.47985347985348,0.0,26.37362637362637,-0.5860805860805861,4.884004884004884,65.83638583638583,0.0,35.36019536019536,11.526251526251526,0.0,-12.698412698412698,38.095238095238095,21.68498168498169,49.81684981684982,0.0,35.36019536019536,-11.916971916971915,19.73137973137973,54.114774114774114,0.0,-58.41269841269841,-47.081807081807085,50.5982905982906,-10.744810744810744,19.73137973137973
29.10866910866911,-5.274725274725275,54.89621489621489,13.870573870573873,0.0,33.7973137973138,-4.493284493284493,2.93040293040293,60.366300366300365,0.0,32.234432234432234,5.665445665445666,0.0,-9.963369963369964,38.48595848595848,14.652014652014651,47.472527472527474,0.0,33.01587301587302,-16.605616605616607,13.089133089133089,60.757020757020754,0.0,-54.5054945054945,-65.83638583638583,65.83638583638583,-13.47985347985348,13.089133089133089
29.499389499389498,-4.493284493284493,52.55189255189255,7.619047619047619,0.0,42.78388278388278,-4.493284493284493,-0.1953601953601953,47.86324786324786,0.0,31.062271062271066,2.5396825396825395,0.0,-4.493284493284493,42.002442002442,9.18192918192918,34.969474969474966,0.0,32.62515262515262,-16.214896214896214,9.572649572649572,56.06837606837607,0.0,-52.16117216117216,-70.52503052503053,66.61782661782662,-10.354090354090356,9.572649572649572
29.89010989010989,-0.5860805860805861,52.16117216117216,-1.7582417582417582,0.0,52.94261294261294,-2.93040293040293,-0.1953601953601953,29.10866910866911,0.0,32.62515262515262,0.5860805860805861,0.0,1.7582417582417582,43.56532356532357,8.791208791208792,17.77777777777778,0.0,32.62515262515262,-11.916971916971915,7.228327228327228,45.12820512820513,0.0,-51.77045177045177,-59.1941391941392,51.37973137973138,-4.884004884004884,7.228327228327228
30.28083028083028,-2.148962148962149,46.3003663003663,-0.1953601953601953,0.0,61.14774114774115,-3.711843711843712,-4.102564102564102,21.68498168498169,0.0,30.28083028083028,-0.5860805860805861,0.0,2.93040293040293,38.095238095238095,8.4004884004884,13.870573870573873,0.0,27.936507936507937,-10.744810744810744,1.3675213675213675,45.90964590964591,0.0,-45.90964590964591,-63.10134310134311,50.989010989010985,0.1953601953601953,1.3675213675213675
27.155067155067155,-4.884004884004884,36.92307692307692,4.102564102564102,0.0,60.757020757020754,-4.102564102564102,-9.18192918192918,17.387057387057386,0.0,28.32722832722833,-7.228327228327228,0.0,2.148962148962149,31.843711843711844,4.102564102564102,11.916971916971915,0.0,20.512820512820515,-8.791208791208792,-6.446886446886447,46.3003663003663,0.0,-36.53235653235653,-26.37362637362637,9.572649572649572,2.93040293040293,-6.446886446886447
29.10866910866911,-6.837606837606837,31.45299145299145,-0.1953601953601953,0.0,61.92918192918193,-1.3675213675213675,-9.572649572649572,3.3211233211233213,0.0,25.982905982905983,-12.698412698412698,0.0,6.837606837606837,27.545787545787547,0.1953601953601953,0.1953601953601953,0.0,16.996336996336996,-5.274725274725275,-9.963369963369964,35.75091575091575,0.0,-31.062271062271066,-4.884004884004884,-13.870573870573873,4.493284493284493,-9.963369963369964
33.01587301587302,-12.307692307692308,21.294261294261293,-1.7582417582417582,0.0,61.14774114774115,-1.3675213675213675,-11.916971916971915,-4.493284493284493,0.0,20.903540903540904,-17.387057387057386,0.0,10.744810744810744,20.903540903540904,-6.446886446886447,-4.493284493284493,0.0,11.526251526251526,-7.619047619047619,-17.77777777777778,35.36019536019536,0.0,-20.903540903540904,-19.73137973137973,-3.711843711843712,4.102564102564102,-17.77777777777778
31.45299145299145,-15.433455433455434,8.791208791208792,0.1953601953601953,0.0,54.89621489621489,-0.9768009768009768,-17.77777777777778,-8.791208791208792,0.0,14.261294261294262,-24.02930402930403,0.0,13.47985347985348,15.433455433455434,-19.73137973137973,-4.884004884004884,0.0,6.446886446886447,-13.870573870573873,-28.32722832722833,40.83028083028083,0.0,-8.4004884004884,-88.4981684981685,59.1941391941392,1.7582417582417582,-28.32722832722833
31.843711843711844,-12.698412698412698,3.3211233211233213,-8.00976800976801,0.0,58.8034188034188,0.1953601953601953,-18.168498168498168,-24.81074481074481,0.0,14.652014652014651,-24.42002442002442,0.0,23.63858363858364,12.698412698412698,-24.81074481074481,-18.168498168498168,0.0,5.274725274725275,-14.261294261294262,-34.969474969474966,36.92307692307692,0.0,-2.93040293040293,-101.001221001221,70.91575091575092,1.7582417582417582,-34.969474969474966
31.062271062271066,-10.744810744810744,1.3675213675213675,-13.870573870573873,0.0,65.05494505494505,-0.5860805860805861,-15.824175824175825,-38.48595848595848,0.0,13.47985347985348,-23.247863247863247,0.0,30.28083028083028,10.354090354090356,-22.075702075702075,-32.62515262515262,0.0,2.148962148962149,-13.47985347985348,-38.87667887667888,35.75091575091575,0.0,-0.9768009768009768,-42.78388278388278,12.307692307692308,5.274725274725275,-38.87667887667888
26.764346764346765,-14.652014652014651,0.1953601953601953,-10.744810744810744,0.0,67.3992673992674,-2.93040293040293,-20.903540903540904,-40.04884004884005,0.0,11.526251526251526,-25.2014652014652,0.0,32.234432234432234,6.837606837606837,-24.02930402930403,-35.36019536019536,0.0,-0.5860805860805861,-14.261294261294262,-44.737484737484735,40.04884004884005,0.0,0.1953601953601953,-46.69108669108669,18.168498168498168,9.572649572649572,-44.737484737484735
24.02930402930403,-18.55921855921856,0.9768009768009768,-9.572649572649572,0.0,65.83638583638583,-1.7582417582417582,-21.294261294261293,-45.51892551892552,0.0,11.526251526251526,-28.71794871794872,0.0,31.843711843711844,7.619047619047619,-25.2014652014652,-41.22100122100122,0.0,-2.148962148962149,-11.135531135531137,-48.64468864468864,36.92307692307692,0.0,-0.5860805860805861,-74.82295482295483,49.81684981684982,16.605616605616607,-48.64468864468864
24.42002442002442,-22.466422466422465,0.1953601953601953,-9.963369963369964,0.0,63.88278388278388,-0.1953601953601953,-16.605616605616607,-54.5054945054945,0.0,11.916971916971915,-28.71794871794872,0.0,30.671550671550676,10.354090354090356,-27.155067155067155,-45.12820512820513,0.0,-3.711843711843712,-8.4004884004884,-48.25396825396825,31.062271062271066,0.0,0.1953601953601953,-52.94261294261294,27.155067155067155,22.075702075702075,-48.25396825396825
27.545787545787547,-24.42002442002442,-8.00976800976801,-6.837606837606837,0.0,55.28693528693529,4.493284493284493,-14.652014652014651,-58.02197802197802,0.0,10.744810744810744,-30.28083028083028,0.0,26.37362637362637,11.135531135531137,-32.62515262515262,-40.43956043956044,0.0,-4.102564102564102,-8.00976800976801,-51.77045177045177,30.28083028083028,0.0,8.4004884004884,-41.22100122100122,13.870573870573873,22.857142857142858,-51.77045177045177
29.10866910866911,-23.247863247863247,-19.34065934065934,-6.837606837606837,0.0,48.64468864468864,6.446886446886447,-13.47985347985348,-62.31990231990232,0.0,11.526251526251526,-29.499389499389498,0.0,21.294261294261293,10.744810744810744,-36.92307692307692,-38.095238095238095,0.0,-4.884004884004884,-8.791208791208792,-56.45909645909646,28.71794871794872,0.0,19.73137973137973,-84.98168498168498,52.94261294261294,22.075702075702075,-56.45909645909646
32.62515262515262,-19.34065934065934,-26.764346764346765,-12.307692307692308,0.0,46.3003663003663,10.354090354090356,-11.135531135531137,-72.08791208791209,0.0,13.089133089133089,-23.247863247863247,0.0,22.075702075702075,8.791208791208792,-34.18803418803419,-42.002442002442,0.0,-5.274725274725275,-6.056166056166056,-58.8034188034188,26.764346764346765,0.0,27.155067155067155,-97.48473748473748,60.757020757020754,22.466422466422465,-58.8034188034188
34.18803418803419,-14.652014652014651,-31.062271062271066,-13.870573870573873,0.0,44.737484737484735,16.605616605616607,-11.135531135531137,-75.995115995116,0.0,14.261294261294262,-18.168498168498168,0.0,19.73137973137973,7.228327228327228,-27.155067155067155,-44.346764346764346,0.0,-4.493284493284493,-4.884004884004884,-59.1941391941392,25.982905982905983,0.0,31.45299145299145,-77.16727716727716,36.53235653235653,22.857142857142858,-59.1941391941392
32.62515262515262,-14.261294261294262,-33.01587301587302,-8.791208791208792,0.0,40.04884004884005,21.294261294261293,-15.824175824175825,-69.74358974358974,0.0,15.433455433455434,-18.168498168498168,0.0,14.261294261294262,2.93040293040293,-22.857142857142858,-39.26739926739927,0.0,-6.837606837606837,-6.837606837606837,-58.8034188034188,29.499389499389498,0.0,33.40659340659341,-76.38583638583638,35.75091575091575,20.903540903540904,-58.8034188034188
30.671550671550676,-11.526251526251526,-29.89010989010989,-6.837606837606837,0.0,35.36019536019536,30.28083028083028,-13.089133089133089,-70.91575091575092,0.0,21.68498168498169,-16.996336996336996,0.0,9.572649572649572,5.274725274725275,-17.387057387057386,-38.48595848595848,0.0,-9.572649572649572,-4.102564102564102,-54.89621489621489,29.499389499389498,0.0,30.28083028083028,-53.724053724053725,13.47985347985348,20.512820512820515,-54.89621489621489
33.40659340659341,-7.619047619047619,-29.89010989010989,-5.274725274725275,0.0,26.764346764346765,41.61172161172161,-8.4004884004884,-68.96214896214896,0.0,29.10866910866911,-15.042735042735044,0.0,5.665445665445666,9.963369963369964,-10.354090354090356,-36.92307692307692,0.0,-8.4004884004884,-0.5860805860805861,-46.69108669108669,25.2014652014652,0.0,30.28083028083028,-39.26739926739927,0.1953601953601953,17.387057387057386,-46.69108669108669
35.36019536019536,-6.837606837606837,-37.704517704517706,-0.5860805860805861,0.0,9.963369963369964,46.3003663003663,-9.18192918192918,-56.84981684981685,0.0,31.45299145299145,-15.042735042735044,0.0,-5.274725274725275,10.744810744810744,-7.228327228327228,-24.42002442002442,0.0,-10.744810744810744,-0.5860805860805861,-44.346764346764346,30.28083028083028,0.0,38.095238095238095,-72.08791208791209,34.969474969474966,9.963369963369964,-44.346764346764346
38.095238095238095,-5.665445665445666,-48.25396825396825,0.1953601953601953,0.0,-2.148962148962149,44.346764346764346,-8.791208791208792,-47.472527472527474,0.0,32.234432234432234,-11.916971916971915,0.0,-11.526251526251526,10.354090354090356,-6.056166056166056,-15.433455433455434,0.0,-10.744810744810744,0.1953601953601953,-47.86324786324786,36.14163614163614,0.0,48.64468864468864,-100.6105006105006,61.53846153846154,9.18192918192918,-47.86324786324786
43.95604395604396,-0.5860805860805861,-52.94261294261294,-10.744810744810744,0.0,-7.228327228327228,43.56532356532357,-5.274725274725275,-49.81684981684982,0.0,32.234432234432234,-4.102564102564102,0.0,-10.354090354090356,11.526251526251526,-0.1953601953601953,-18.94993894993895,0.0,-4.102564102564102,3.711843711843712,-47.86324786324786,29.499389499389498,0.0,53.333333333333336,-85.37240537240537,47.472527472527474,8.4004884004884,-47.86324786324786
44.346764346764346,5.665445665445666,-59.58485958485959,-13.870573870573873,0.0,-10.744810744810744,42.39316239316239,-7.619047619047619,-46.3003663003663,0.0,29.499389499389498,0.1953601953601953,0.0,-11.135531135531137,9.18192918192918,-0.9768009768009768,-14.652014652014651,0.0,-0.5860805860805861,5.665445665445666,-53.724053724053725,30.671550671550676,0.0,59.975579975579976,-103.73626373626374,66.22710622710623,8.00976800976801,-53.724053724053725
38.87667887667888,8.791208791208792,-62.31990231990232,-11.135531135531137,0.0,-13.47985347985348,41.61172161172161,-11.526251526251526,-40.43956043956044,0.0,29.10866910866911,1.7582417582417582,0.0,-12.307692307692308,6.056166056166056,-4.493284493284493,-5.665445665445666,0.0,-2.5396825396825395,8.791208791208792,-59.975579975579976,36.92307692307692,0.0,62.71062271062271,-164.2979242979243,128.35164835164835,6.056166056166056,-59.975579975579976
35.75091575091575,13.47985347985348,-57.63125763125763,-11.916971916971915,0.0,-9.963369963369964,43.17460317460318,-10.744810744810744,-42.39316239316239,0.0,32.234432234432234,3.3211233211233213,0.0,-9.18192918192918,6.837606837606837,-4.884004884004884,-6.837606837606837,0.0,-2.5396825396825395,15.042735042735044,-57.24053724053724,30.671550671550676,0.0,58.02197802197802,-130.6959706959707,103.34554334554336,3.3211233211233213,-57.24053724053724
31.843711843711844,16.605616605616607,-56.84981684981685,-9.572649572649572,0.0,-8.791208791208792,42.39316239316239,-13.47985347985348,-37.31379731379732,0.0,32.62515262515262,1.7582417582417582,0.0,-9.963369963369964,8.00976800976801,-4.884004884004884,-5.274725274725275,0.0,-1.3675213675213675,16.996336996336996,-55.28693528693529,26.764346764346765,0.0,57.24053724053724,-64.66422466422466,48.64468864468864,-3.3211233211233213,-55.28693528693529
29.10866910866911,11.916971916971915,-61.53846153846154,-0.9768009768009768,0.0,-10.354090354090356,35.36019536019536,-19.73137973137973,-25.592185592185597,0.0,29.499389499389498,-2.148962148962149,0.0,-13.47985347985348,5.274725274725275,-8.4004884004884,6.837606837606837,0.0,-2.93040293040293,13.47985347985348,-50.20757020757021,30.28083028083028,0.0,61.92918192918193,-68.57142857142857,56.06837606837607,-6.837606837606837,-50.20757020757021
31.45299145299145,9.963369963369964,-63.88278388278388,-2.148962148962149,0.0,-8.4004884004884,28.32722832722833,-21.294261294261293,-21.294261294261293,0.0,26.764346764346765,-6.446886446886447,0.0,-10.354090354090356,1.3675213675213675,-9.18192918192918,11.916971916971915,0.0,-0.9768009768009768,11.916971916971915,-42.002442002442,24.42002442002442,0.0,64.27350427350427,-103.73626373626374,90.45177045177046,-6.056166056166056,-42.002442002442
33.7973137973138,14.652014652014651,-65.44566544566544,-7.619047619047619,0.0,-6.056166056166056,22.075702075702075,-20.512820512820515,-18.55921855921856,0.0,22.075702075702075,-9.963369963369964,0.0,-5.274725274725275,0.1953601953601953,-8.00976800976801,11.135531135531137,0.0,2.5396825396825395,13.870573870573873,-34.57875457875458,14.652014652014651,0.0,65.83638583638583,-96.31257631257633,79.9023199023199,-4.884004884004884,-34.57875457875458
31.843711843711844,18.168498168498168,-68.57142857142857,-4.884004884004884,0.0,-8.4004884004884,18.55921855921856,-22.466422466422465,-8.791208791208792,0.0,16.996336996336996,-11.526251526251526,0.0,-3.711843711843712,0.5860805860805861,-9.572649572649572,17.387057387057386,0.0,2.148962148962149,16.214896214896214,-29.10866910866911,14.261294261294262,0.0,68.96214896214896,-104.51770451770452,84.98168498168498,-4.493284493284493,-29.10866910866911
28.71794871794872,22.857142857142858,-69.74358974358974,-4.493284493284493,0.0,-8.791208791208792,14.652014652014651,-22.857142857142858,-3.711843711843712,0.0,12.307692307692308,-13.870573870573873,0.0,-0.1953601953601953,-1.7582417582417582,-15.042735042735044,23.63858363858364,0.0,-0.5860805860805861,19.34065934065934,-29.10866910866911,16.605616605616607,0.0,70.13431013431014,-138.1196581196581,115.06715506715508,-1.7582417582417582,-29.10866910866911
27.545787545787547,26.764346764346765,-67.78998778998779,-8.4004884004884,0.0,-2.93040293040293,9.572649572649572,-21.294261294261293,-5.665445665445666,0.0,9.572649572649572,-15.042735042735044,0.0,8.791208791208792,0.1953601953601953,-21.294261294261293,16.214896214896214,0.0,0.1953601953601953,22.075702075702075,-31.45299145299145,11.916971916971915,0.0,68.18070818070818,-134.6031746031746,115.84859584859583,-2.93040293040293,-31.45299145299145
24.42002442002442,22.857142857142858,-71.30647130647131,-4.493284493284493,0.0,-0.5860805860805861,0.1953601953601953,-21.68498168498169,-4.102564102564102,0.0,2.93040293040293,-18.168498168498168,0.0,9.963369963369964,-0.9768009768009768,-25.2014652014652,14.261294261294262,0.0,-0.1953601953601953,18.55921855921856,-34.18803418803419,14.261294261294262,0.0,71.6971916971917,-122.4908424908425,108.8156288156288,-4.493284493284493,-34.18803418803419
20.903540903540904,18.94993894993895,-78.33943833943835,-0.5860805860805861,0.0,1.7582417582417582,-14.652014652014651,-21.294261294261293,-2.93040293040293,0.0,-4.102564102564102,-23.63858363858364,0.0,13.089133089133089,-10.354090354090356,-28.71794871794872,18.168498168498168,0.0,-0.9768009768009768,11.135531135531137,-36.53235653235653,19.34065934065934,0.0,78.73015873015873,-119.36507936507935,104.51770451770452,-6.837606837606837,-36.53235653235653
19.73137973137973,17.77777777777778,-83.02808302808303,-5.665445665445666,0.0,6.056166056166056,-28.71794871794872,-17.77777777777778,-8.791208791208792,0.0,-10.354090354090356,-29.499389499389498,0.0,19.34065934065934,-22.466422466422465,-24.81074481074481,11.526251526251526,0.0,-1.3675213675213675,8.00976800976801,-34.969474969474966,12.307692307692308,0.0,83.41880341880342,-89.27960927960928,74.04151404151405,-8.00976800976801,-34.969474969474966
15.433455433455434,18.55921855921856,-90.84249084249085,-4.102564102564102,0.0,8.00976800976801,-46.3003663003663,-14.261294261294262,-6.056166056166056,0.0,-19.34065934065934,-34.969474969474966,0.0,18.55921855921856,-30.28083028083028,-13.47985347985348,7.619047619047619,0.0,-1.7582417582417582,6.837606837606837,-30.671550671550676,8.4004884004884,0.0,91.23321123321124,-92.7960927960928,77.55799755799755,-9.18192918192918,-30.671550671550676
9.18192918192918,18.168498168498168,-99.82905982905984,4.493284493284493,0.0,6.837606837606837,-59.975579975579976,-16.996336996336996,4.102564102564102,0.0,-27.155067155067155,-38.095238095238095,0.0,16.214896214896214,-36.53235653235653,-9.963369963369964,13.089133089133089,0.0,-4.884004884004884,4.493284493284493,-27.936507936507937,11.916971916971915,0.0,100.21978021978022,-91.62393162393164,73.65079365079364,-8.00976800976801,-27.936507936507937
6.837606837606837,19.73137973137973,-109.2063492063492,8.4004884004884,0.0,10.744810744810744,-68.18070818070818,-19.34065934065934,5.274725274725275,0.0,-29.10866910866911,-40.04884004884005,0.0,19.73137973137973,-36.53235653235653,-12.307692307692308,10.744810744810744,0.0,-8.791208791208792,7.619047619047619,-31.062271062271066,13.47985347985348,0.0,109.5970695970696,-96.7032967032967,73.26007326007326,-0.9768009768009768,-31.062271062271066
7.619047619047619,20.512820512820515,-111.15995115995116,3.711843711843712,0.0,18.168498168498168,-74.82295482295483,-15.824175824175825,-4.884004884004884,0.0,-30.28083028083028,-37.704517704517706,0.0,25.982905982905983,-24.81074481074481,-11.135531135531137,-6.056166056166056,0.0,-8.4004884004884,16.605616605616607,-28.32722832722833,2.93040293040293,0.0,111.55067155067157,-49.03540903540904,27.936507936507937,2.93040293040293,-28.32722832722833
8.4004884004884,18.55921855921856,-116.23931623931624,4.102564102564102,0.0,26.37362637362637,-82.63736263736264,-16.605616605616607,-9.18192918192918,0.0,-32.62515262515262,-36.14163614163614,0.0,29.499389499389498,-14.652014652014651,-18.94993894993895,-13.089133089133089,0.0,-7.619047619047619,18.168498168498168,-26.764346764346765,-1.3675213675213675,0.0,116.63003663003664,-51.77045177045177,29.499389499389498,5.665445665445666,-26.764346764346765
6.446886446886447,22.075702075702075,-120.92796092796092,0.1953601953601953,0.0,30.671550671550676,-88.4981684981685,-15.824175824175825,-14.652014652014651,0.0,-35.75091575091575,-37.31379731379732,0.0,34.969474969474966,-11.135531135531137,-27.545787545787547,-16.996336996336996,0.0,-6.446886446886447,18.168498168498168,-27.155067155067155,-5.665445665445666,0.0,121.31868131868131,-110.37851037851038,82.63736263736264,7.228327228327228,-27.155067155067155
6.056166056166056,29.499389499389498,-119.75579975579976,-6.837606837606837,0.0,39.65811965811966,-93.18681318681318,-11.135531135531137,-23.63858363858364,0.0,-37.704517704517706,-34.18803418803419,0.0,39.65811965811966,-6.837606837606837,-29.499389499389498,-27.155067155067155,0.0,-4.102564102564102,19.73137973137973,-22.466422466422465,-16.996336996336996,0.0,120.14652014652016,-85.37240537240537,56.45909645909646,6.446886446886447,-22.466422466422465
4.493284493284493,35.36019536019536,-119.36507936507935,-4.493284493284493,0.0,45.51892551892552,-94.74969474969475,-7.228327228327228,-24.81074481074481,0.0,-38.095238095238095,-30.671550671550676,0.0,37.704517704517706,-7.228327228327228,-28.32722832722833,-25.982905982905983,0.0,-3.711843711843712,16.996336996336996,-19.34065934065934,-17.77777777777778,0.0,119.75579975579976,-28.32722832722833,-2.93040293040293,5.274725274725275,-19.34065934065934
-1.7582417582417582,38.095238095238095,-118.1929181929182,4.884004884004884,0.0,40.83028083028083,-89.67032967032966,-5.274725274725275,-20.512820512820515,0.0,-38.48595848595848,-27.936507936507937,0.0,31.843711843711844,-15.433455433455434,-26.764346764346765,-16.605616605616607,0.0,-11.916971916971915,12.307692307692308,-19.73137973137973,-7.228327228327228,0.0,118.5836385836386,-38.095238095238095,0.1953601953601953,6.837606837606837,-19.73137973137973
-4.102564102564102,43.56532356532357,-113.5042735042735,6.837606837606837,0.0,40.04884004884005,-80.68376068376068,0.1953601953601953,-25.982905982905983,0.0,-35.75091575091575,-21.294261294261293,0.0,29.89010989010989,-18.94993894993895,-24.81074481074481,-16.605616605616607,0.0,-17.387057387057386,14.261294261294262,-20.903540903540904,-6.837606837606837,0.0,113.89499389499387,-67.3992673992674,27.155067155067155,8.791208791208792,-20.903540903540904
-4.884004884004884,47.472527472527474,-106.86202686202688,3.711843711843712,0.0,38.48595848595848,-74.04151404151405,6.837606837606837,-29.499389499389498,0.0,-31.843711843711844,-18.55921855921856,0.0,27.155067155067155,-19.73137973137973,-18.94993894993895,-22.466422466422465,0.0,-18.168498168498168,16.996336996336996,-19.73137973137973,-12.698412698412698,0.0,107.25274725274726,-49.42612942612943,15.824175824175825,5.665445665445666,-19.73137973137973
-4.884004884004884,49.42612942612943,-103.34554334554336,1.3675213675213675,0.0,36.14163614163614,-73.65079365079364,5.665445665445666,-24.02930402930403,0.0,-31.843711843711844,-17.77777777777778,0.0,26.37362637362637,-19.73137973137973,-22.466422466422465,-19.73137973137973,0.0,-17.77777777777778,16.605616605616607,-20.903540903540904,-13.870573870573873,0.0,103.73626373626374,-62.31990231990232,31.062271062271066,2.5396825396825395,-20.903540903540904
-1.7582417582417582,53.724053724053725,-101.3919413919414,-3.3211233211233213,0.0,34.18803418803419,-71.30647130647131,5.274725274725275,-19.73137973137973,0.0,-28.32722832722833,-14.652014652014651,0.0,29.10866910866911,-13.870573870573873,-27.545787545787547,-24.02930402930403,0.0,-13.47985347985348,18.55921855921856,-19.73137973137973,-21.294261294261293,0.0,101.78266178266178,-102.95482295482296,69.35286935286935,0.1953601953601953,-19.73137973137973
5.274725274725275,59.975579975579976,-98.26617826617829,-6.446886446886447,0.0,34.18803418803419,-63.88278388278388,8.00976800976801,-16.996336996336996,0.0,-24.42002442002442,-6.446886446886447,0.0,32.62515262515262,-5.665445665445666,-25.2014652014652,-32.62515262515262,0.0,-8.00976800976801,22.466422466422465,-18.168498168498168,-27.545787545787547,0.0,98.65689865689866,-102.95482295482296,64.27350427350427,0.1953601953601953,-18.168498168498168
9.572649572649572,62.31990231990232,-97.87545787545788,0.9768009768009768,0.0,29.89010989010989,-54.89621489621489,9.18192918192918,-6.837606837606837,0.0,-19.73137973137973,-0.5860805860805861,0.0,32.234432234432234,-4.493284493284493,-20.512820512820515,-28.71794871794872,0.0,-5.665445665445666,21.68498168498169,-18.168498168498168,-18.94993894993895,0.0,98.26617826617829,-115.84859584859583,68.96214896214896,1.7582417582417582,-18.168498168498168
11.916971916971915,63.49206349206349,-95.92185592185592,8.791208791208792,0.0,23.247863247863247,-44.737484737484735,11.135531135531137,0.1953601953601953,0.0,-16.996336996336996,3.3211233211233213,0.0,26.37362637362637,-4.102564102564102,-15.042735042735044,-22.466422466422465,0.0,-5.274725274725275,22.466422466422465,-22.857142857142858,-9.572649572649572,0.0,96.31257631257633,-121.7094017094017,72.47863247863248,3.3211233211233213,-22.857142857142858
13.47985347985348,67.3992673992674,-88.88888888888889,8.00976800976801,0.0,20.903540903540904,-34.18803418803419,13.870573870573873,1.3675213675213675,0.0,-12.698412698412698,5.665445665445666,0.0,22.075702075702075,-6.446886446886447,-3.3211233211233213,-20.903540903540904,0.0,-1.7582417582417582,25.982905982905983,-22.857142857142858,-10.354090354090356,0.0,89.27960927960928,-86.54456654456655,39.26739926739927,4.884004884004884,-22.857142857142858
13.089133089133089,71.6971916971917,-80.68376068376068,2.148962148962149,0.0,24.81074481074481,-32.234432234432234,12.698412698412698,2.93040293040293,0.0,-6.446886446886447,-0.5860805860805861,0.0,19.73137973137973,-9.963369963369964,2.148962148962149,-17.387057387057386,0.0,2.5396825396825395,27.155067155067155,-19.34065934065934,-16.605616605616607,0.0,81.07448107448107,-56.06837606837607,15.824175824175825,3.3211233211233213,-19.34065934065934
10.744810744810744,70.13431013431014,-74.43223443223444,5.274725274725275,0.0,25.592185592185597,-39.65811965811966,6.056166056166056,20.903540903540904,0.0,-5.274725274725275,-9.963369963369964,0.0,14.652014652014651,-15.433455433455434,-0.9768009768009768,-0.9768009768009768,0.0,2.93040293040293,25.2014652014652,-18.168498168498168,-13.089133089133089,0.0,74.82295482295483,-113.11355311355312,75.995115995116,1.3675213675213675,-18.168498168498168
15.042735042735044,68.18070818070818,-66.61782661782662,4.493284493284493,0.0,30.28083028083028,-43.95604395604396,4.884004884004884,31.45299145299145,0.0,-2.5396825396825395,-13.089133089133089,0.0,21.68498168498169,-20.903540903540904,-3.3211233211233213,3.3211233211233213,0.0,4.493284493284493,24.81074481074481,-13.47985347985348,-15.824175824175825,0.0,67.00854700854701,-133.43101343101344,95.92185592185592,0.9768009768009768,-13.47985347985348
18.55921855921856,70.52503052503053,-56.84981684981685,0.5860805860805861,0.0,30.28083028083028,-43.17460317460318,11.135531135531137,35.36019536019536,0.0,-2.148962148962149,-12.698412698412698,0.0,28.71794871794872,-22.466422466422465,-2.5396825396825395,0.1953601953601953,0.0,4.493284493284493,27.155067155067155,-6.837606837606837,-22.075702075702075,0.0,57.24053724053724,-131.4774114774115,92.7960927960928,-0.1953601953601953,-6.837606837606837
20.512820512820515,65.83638583638583,-49.03540903540904,7.228327228327228,0.0,24.02930402930403,-42.002442002442,13.870573870573873,49.42612942612943,0.0,-4.493284493284493,-10.354090354090356,0.0,28.71794871794872,-25.982905982905983,-2.93040293040293,7.619047619047619,0.0,0.9768009768009768,26.37362637362637,-8.00976800976801,-11.135531135531137,0.0,49.42612942612943,-186.56898656898656,149.84126984126985,-4.102564102564102,-8.00976800976801
20.903540903540904,62.31990231990232,-40.83028083028083,9.572649572649572,0.0,20.12210012210012,-37.704517704517706,16.214896214896214,54.114774114774114,0.0,-3.3211233211233213,-4.493284493284493,0.0,27.545787545787547,-26.764346764346765,0.9768009768009768,9.572649572649572,0.0,0.1953601953601953,27.155067155067155,-9.18192918192918,-4.884004884004884,0.0,41.22100122100122,-247.13064713064716,217.43589743589743,-6.446886446886447,-9.18192918192918
18.94993894993895,60.366300366300365,-30.671550671550676,4.102564102564102,0.0,18.168498168498168,-30.671550671550676,16.214896214896214,50.989010989010985,0.0,3.3211233211233213,-0.5860805860805861,0.0,25.982905982905983,-23.247863247863247,7.619047619047619,5.274725274725275,0.0,2.5396825396825395,28.32722832722833,-10.354090354090356,-4.493284493284493,0.0,31.062271062271066,-208.44932844932845,190.47619047619048,-10.354090354090356,-10.354090354090356
14.261294261294262,56.45909645909646,-22.075702075702075,0.9768009768009768,0.0,21.294261294261293,-31.843711843711844,11.135531135531137,50.20757020757021,0.0,11.916971916971915,-2.5396825396825395,0.0,22.466422466422465,-18.168498168498168,11.526251526251526,3.3211233211233213,0.0,4.884004884004884,28.71794871794872,-13.089133089133089,-0.9768009768009768,0.0,22.466422466422465,-131.08669108669108,126.3980463980464,-11.916971916971915,-13.089133089133089
9.572649572649572,47.472527472527474,-20.12210012210012,7.228327228327228,0.0,23.63858363858364,-37.704517704517706,5.665445665445666,54.114774114774114,0.0,19.34065934065934,-4.884004884004884,0.0,18.168498168498168,-16.605616605616607,14.652014652014651,5.274725274725275,0.0,3.711843711843712,26.764346764346765,-13.870573870573873,5.665445665445666,0.0,20.512820512820515,-123.66300366300366,124.05372405372404,-9.572649572649572,-13.870573870573873
8.00976800976801,40.43956043956044,-16.214896214896214,4.493284493284493,0.0,26.37362637362637,-40.04884004884005,4.493284493284493,47.472527472527474,0.0,24.42002442002442,-5.274725274725275,0.0,19.34065934065934,-10.744810744810744,16.214896214896214,-2.93040293040293,0.0,1.7582417582417582,27.155067155067155,-10.744810744810744,2.5396825396825395,0.0,16.605616605616607,-115.45787545787546,117.4114774114774,-6.056166056166056,-10.744810744810744
10.354090354090356,34.57875457875458,-11.916971916971915,2.148962148962149,0.0,27.545787545787547,-41.61172161172161,5.665445665445666,44.346764346764346,0.0,26.37362637362637,-6.056166056166056,0.0,19.73137973137973,-6.446886446886447,17.387057387057386,-6.446886446886447,0.0,0.9768009768009768,26.764346764346765,-6.446886446886447,2.5396825396825395,0.0,12.307692307692308,-116.23931623931624,116.63003663003664,-5.274725274725275,-6.446886446886447
12.307692307692308,26.764346764346765,-9.572649572649572,9.572649572649572,0.0,24.42002442002442,-41.22100122100122,8.00976800976801,48.64468864468864,0.0,25.2014652014652,-4.493284493284493,0.0,17.77777777777778,-7.228327228327228,17.77777777777778,0.1953601953601953,0.0,-1.3675213675213675,22.857142857142858,-2.148962148962149,9.572649572649572,0.0,9.963369963369964,-138.5103785103785,136.16605616605617,-5.665445665445666,-2.148962148962149
13.47985347985348,23.63858363858364,-3.3211233211233213,8.791208791208792,0.0,22.075702075702075,-36.92307692307692,11.135531135531137,47.86324786324786,0.0,25.592185592185597,-2.93040293040293,0.0,23.247863247863247,-8.791208791208792,17.77777777777778,0.9768009768009768,0.0,0.1953601953601953,21.294261294261293,0.5860805860805861,9.963369963369964,0.0,3.711843711843712,-138.9010989010989,135.77533577533578,-5.274725274725275,0.5860805860805861
13.870573870573873,21.68498168498169,8.4004884004884,0.1953601953601953,0.0,20.903540903540904,-32.234432234432234,15.433455433455434,41.61172161172161,0.0,24.81074481074481,-0.5860805860805861,0.0,31.062271062271066,-9.963369963369964,17.387057387057386,-4.102564102564102,0.0,4.493284493284493,21.294261294261293,-1.3675213675213675,8.791208791208792,0.0,-8.00976800976801,-109.2063492063492,111.15995115995116,-6.056166056166056,-1.3675213675213675
7.619047619047619,18.168498168498168,15.042735042735044,2.5396825396825395,0.0,18.55921855921856,-37.704517704517706,18.168498168498168,46.69108669108669,0.0,20.903540903540904,-4.102564102564102,0.0,34.57875457875458,-18.168498168498168,16.996336996336996,-2.5396825396825395,0.0,0.9768009768009768,19.34065934065934,-2.148962148962149,12.307692307692308,0.0,-14.652014652014651,-92.014652014652,97.09401709401708,-5.665445665445666,-2.148962148962149
-0.5860805860805861,13.870573870573873,20.512820512820515,6.056166056166056,0.0,15.824175824175825,-43.56532356532357,18.168498168498168,50.20757020757021,0.0,13.870573870573873,-6.837606837606837,0.0,37.704517704517706,-24.42002442002442,15.433455433455434,-0.9768009768009768,0.0,-2.93040293040293,20.512820512820515,-4.884004884004884,15.433455433455434,0.0,-20.12210012210012,-45.51892551892552,50.5982905982906,-2.5396825396825395,-4.884004884004884
-2.93040293040293,11.526251526251526,28.71794871794872,-0.9768009768009768,0.0,18.55921855921856,-44.346764346764346,19.34065934065934,42.002442002442,0.0,8.791208791208792,-4.102564102564102,0.0,41.61172161172161,-24.81074481074481,15.824175824175825,-9.963369963369964,0.0,-4.493284493284493,22.857142857142858,-5.665445665445666,10.354090354090356,0.0,-28.32722832722833,-5.274725274725275,14.261294261294262,-0.9768009768009768,-5.665445665445666
-4.102564102564102,11.135531135531137,32.62515262515262,-2.148962148962149,0.0,24.02930402930403,-45.12820512820513,19.73137973137973,38.48595848595848,0.0,5.274725274725275,-2.5396825396825395,0.0,41.61172161172161,-24.02930402930403,16.996336996336996,-13.089133089133089,0.0,-6.446886446886447,24.81074481074481,-5.274725274725275,8.4004884004884,0.0,-32.234432234432234,-6.837606837606837,15.433455433455434,0.9768009768009768,-5.274725274725275
-2.93040293040293,7.228327228327228,31.062271062271066,8.00976800976801,0.0,26.37362637362637,-43.56532356532357,15.433455433455434,45.90964590964591,0.0,2.93040293040293,0.9768009768009768,0.0,37.31379731379732,-21.68498168498169,13.089133089133089,-4.884004884004884,0.0,-6.837606837606837,25.2014652014652,-11.135531135531137,16.996336996336996,0.0,-30.671550671550676,-52.94261294261294,59.1941391941392,4.884004884004884,-11.135531135531137
4.102564102564102,9.18192918192918,29.499389499389498,5.665445665445666,0.0,33.01587301587302,-39.26739926739927,14.652014652014651,40.83028083028083,0.0,6.446886446886447,8.4004884004884,0.0,37.704517704517706,-15.824175824175825,9.572649572649572,-8.4004884004884,0.0,-1.7582417582417582,25.982905982905983,-16.605616605616607,15.433455433455434,0.0,-29.10866910866911,-61.14774114774115,64.66422466422466,8.4004884004884,-16.605616605616607
9.572649572649572,11.916971916971915,29.10866910866911,3.3211233211233213,0.0,38.095238095238095,-37.704517704517706,20.12210012210012,34.969474969474966,0.0,9.572649572649572,13.47985347985348,0.0,39.26739926739927,-9.18192918192918,8.00976800976801,-14.261294261294262,0.0,0.9768009768009768,27.936507936507937,-18.168498168498168,12.307692307692308,0.0,-28.71794871794872,-6.056166056166056,5.274725274725275,12.698412698412698,-18.168498168498168
11.135531135531137,10.744810744810744,24.42002442002442,10.744810744810744,0.0,34.969474969474966,-35.75091575091575,20.512820512820515,38.48595848595848,0.0,10.354090354090356,16.996336996336996,0.0,40.04884004884005,-11.526251526251526,2.5396825396825395,-5.665445665445666,0.0,0.5860805860805861,24.81074481074481,-17.77777777777778,17.77777777777778,0.0,-24.02930402930403,-22.857142857142858,10.744810744810744,18.55921855921856,-17.77777777777778
12.698412698412698,10.744810744810744,23.247863247863247,9.572649572649572,0.0,32.62515262515262,-29.499389499389498,22.075702075702075,32.234432234432234,0.0,8.4004884004884,21.68498168498169,0.0,43.95604395604396,-11.916971916971915,1.3675213675213675,-5.665445665445666,0.0,0.5860805860805861,24.02930402930403,-13.870573870573873,15.433455433455434,0.0,-22.857142857142858,-47.472527472527474,31.843711843711844,20.12210012210012,-13.870573870573873
14.652014652014651,13.089133089133089,23.247863247863247,0.1953601953601953,0.0,31.45299145299145,-24.02930402930403,25.2014652014652,19.34065934065934,0.0,4.493284493284493,26.764346764346765,0.0,48.25396825396825,-12.307692307692308,5.274725274725275,-11.916971916971915,0.0,4.102564102564102,22.466422466422465,-4.884004884004884,6.837606837606837,0.0,-22.857142857142858,-21.294261294261293,4.884004884004884,16.605616605616607,-4.884004884004884
12.698412698412698,12.307692307692308,20.903540903540904,-1.7582417582417582,0.0,30.28083028083028,-24.02930402930403,25.2014652014652,14.261294261294262,0.0,-0.5860805860805861,26.764346764346765,0.0,50.5982905982906,-17.387057387057386,4.884004884004884,-11.916971916971915,0.0,6.446886446886447,17.77777777777778,-2.5396825396825395,3.711843711843712,0.0,-20.512820512820515,-3.711843711843712,-10.354090354090356,11.916971916971915,-2.5396825396825395
10.354090354090356,11.135531135531137,12.698412698412698,0.1953601953601953,0.0,28.71794871794872,-24.42002442002442,21.68498168498169,9.18192918192918,0.0,-4.884004884004884,24.81074481074481,0.0,45.90964590964591,-20.512820512820515,5.665445665445666,-11.916971916971915,0.0,5.665445665445666,12.698412698412698,-4.884004884004884,4.884004884004884,0.0,-12.307692307692308,-30.671550671550676,19.73137973137973,7.228327228327228,-4.884004884004884
8.4004884004884,14.652014652014651,6.446886446886447,-4.493284493284493,0.0,31.45299145299145,-23.247863247863247,24.81074481074481,-6.837606837606837,0.0,-5.274725274725275,24.42002442002442,0.0,46.69108669108669,-20.12210012210012,6.056166056166056,-21.294261294261293,0.0,8.00976800976801,10.744810744810744,-6.446886446886447,-0.9768009768009768,0.0,-6.056166056166056,-43.17460317460318,33.01587301587302,5.665445665445666,-6.446886446886447
5.665445665445666,15.824175824175825,2.148962148962149,-4.102564102564102,0.0,33.40659340659341,-21.294261294261293,25.592185592185597,-16.996336996336996,0.0,-5.274725274725275,21.68498168498169,0.0,49.03540903540904,-18.94993894993895,3.711843711843712,-26.37362637362637,0.0,8.791208791208792,9.963369963369964,-9.963369963369964,-2.148962148962149,0.0,-1.7582417582417582,-25.982905982905983,12.698412698412698,9.572649572649572,-9.963369963369964
1.7582417582417582,16.605616605616607,-1.7582417582417582,-0.1953601953601953,0.0,31.843711843711844,-17.387057387057386,22.857142857142858,-19.73137973137973,0.0,-5.274725274725275,21.68498168498169,0.0,50.20757020757021,-16.214896214896214,1.7582417582417582,-28.71794871794872,0.0,5.665445665445666,12.307692307692308,-11.135531135531137,-0.5860805860805861,0.0,2.148962148962149,-13.089133089133089,-4.884004884004884,15.433455433455434,-11.135531135531137
-2.148962148962149,21.294261294261293,-1.7582417582417582,-4.102564102564102,0.0,28.71794871794872,-11.916971916971915,21.68498168498169,-25.592185592185597,0.0,-6.837606837606837,23.247863247863247,0.0,51.77045177045177,-9.572649572649572,-1.7582417582417582,-34.969474969474966,0.0,4.102564102564102,18.55921855921856,-13.870573870573873,-3.711843711843712,0.0,2.148962148962149,6.446886446886447,-27.155067155067155,20.512820512820515,-13.870573870573873
-2.5396825396825395,24.42002442002442,1.7582417582417582,-11.526251526251526,0.0,26.37362637362637,-10.744810744810744,22.466422466422465,-25.592185592185597,0.0,-10.744810744810744,24.81074481074481,0.0,55.28693528693529,-4.493284493284493,-3.711843711843712,-41.22100122100122,0.0,8.4004884004884,23.247863247863247,-16.605616605616607,-10.744810744810744,0.0,-1.3675213675213675,18.94993894993895,-42.39316239316239,25.2014652014652,-16.605616605616607
-7.228327228327228,27.155067155067155,-1.3675213675213675,-6.056166056166056,0.0,15.433455433455434,-15.042735042735044,19.34065934065934,-8.4004884004884,0.0,-17.387057387057386,20.12210012210012,0.0,47.472527472527474,-7.228327228327228,-6.837606837606837,-31.45299145299145,0.0,5.665445665445666,21.68498168498169,-22.857142857142858,-4.493284493284493,0.0,1.7582417582417582,-16.214896214896214,-13.47985347985348,27.545787545787547,-22.857142857142858
-9.963369963369964,28.32722832722833,-2.93040293040293,-3.3211233211233213,0.0,5.665445665445666,-15.433455433455434,20.12210012210012,0.5860805860805861,0.0,-23.247863247863247,18.55921855921856,0.0,37.704517704517706,-9.963369963369964,-9.572649572649572,-18.94993894993895,0.0,2.148962148962149,20.903540903540904,-27.545787545787547,1.3675213675213675,0.0,3.3211233211233213,-39.26739926739927,7.619047619047619,26.37362637362637,-27.545787545787547
-8.00976800976801,28.71794871794872,-0.5860805860805861,-7.228327228327228,0.0,2.93040293040293,-15.042735042735044,27.155067155067155,-2.93040293040293,0.0,-25.982905982905983,20.512820512820515,0.0,34.57875457875458,-11.135531135531137,-3.711843711843712,-18.94993894993895,0.0,4.493284493284493,22.075702075702075,-22.857142857142858,-4.884004884004884,0.0,0.9768009768009768,-4.884004884004884,-25.2014652014652,28.32722832722833,-22.857142857142858
-9.963369963369964,24.02930402930403,-2.93040293040293,-5.665445665445666,0.0,-2.5396825396825395,-18.55921855921856,27.936507936507937,-1.3675213675213675,0.0,-28.71794871794872,20.903540903540904,0.0,28.71794871794872,-16.214896214896214,-2.148962148962149,-14.652014652014651,0.0,1.7582417582417582,18.55921855921856,-17.387057387057386,-9.18192918192918,0.0,3.3211233211233213,2.5396825396825395,-28.71794871794872,27.936507936507937,-17.387057387057386
-13.47985347985348,16.605616605616607,-6.837606837606837,-1.7582417582417582,0.0,-6.446886446886447,-18.94993894993895,24.42002442002442,-4.102564102564102,0.0,-30.28083028083028,22.075702075702075,0.0,23.63858363858364,-18.55921855921856,-5.274725274725275,-11.135531135531137,0.0,-1.3675213675213675,16.605616605616607,-16.996336996336996,-9.963369963369964,0.0,7.228327228327228,-45.90964590964591,27.936507936507937,27.936507936507937,-16.996336996336996
-15.824175824175825,12.307692307692308,-11.135531135531137,-2.148962148962149,0.0,-7.619047619047619,-18.55921855921856,23.63858363858364,-13.47985347985348,0.0,-29.499389499389498,22.075702075702075,0.0,23.63858363858364,-18.55921855921856,-4.493284493284493,-21.68498168498169,0.0,0.1953601953601953,14.652014652014651,-18.168498168498168,-18.168498168498168,0.0,11.526251526251526,-23.247863247863247,13.089133089133089,28.71794871794872,-18.168498168498168
-16.605616605616607,9.18192918192918,-21.68498168498169,-1.7582417582417582,0.0,-6.837606837606837,-20.903540903540904,18.55921855921856,-20.512820512820515,0.0,-28.71794871794872,18.55921855921856,0.0,22.857142857142858,-21.68498168498169,-6.837606837606837,-29.10866910866911,0.0,-0.5860805860805861,6.837606837606837,-22.075702075702075,-20.12210012210012,0.0,22.075702075702075,15.824175824175825,-22.857142857142858,23.247863247863247,-22.075702075702075
-20.12210012210012,6.446886446886447,-32.62515262515262,1.3675213675213675,0.0,-14.261294261294262,-20.512820512820515,11.526251526251526,-20.903540903540904,0.0,-31.062271062271066,11.916971916971915,0.0,17.387057387057386,-25.982905982905983,-11.135531135531137,-28.71794871794872,0.0,-6.056166056166056,-1.7582417582417582,-29.10866910866911,-10.744810744810744,0.0,33.01587301587302,-29.10866910866911,16.605616605616607,19.73137973137973,-29.10866910866911
-18.94993894993895,4.884004884004884,-43.95604395604396,0.1953601953601953,0.0,-18.55921855921856,-18.55921855921856,6.837606837606837,-26.37362637362637,0.0,-34.18803418803419,7.619047619047619,0.0,13.47985347985348,-30.28083028083028,-11.526251526251526,-34.18803418803419,0.0,-10.744810744810744,-7.228327228327228,-33.7973137973138,-10.354090354090356,0.0,44.346764346764346,-71.30647130647131,54.5054945054945,16.996336996336996,-33.7973137973138
-18.168498168498168,0.5860805860805861,-49.42612942612943,-7.228327228327228,0.0,-24.81074481074481,-19.73137973137973,4.493284493284493,-34.18803418803419,0.0,-36.14163614163614,0.5860805860805861,0.0,10.744810744810744,-36.14163614163614,-9.18192918192918,-44.346764346764346,0.0,-15.042735042735044,-12.307692307692308,-32.234432234432234,-18.55921855921856,0.0,49.81684981684982,-24.42002442002442,9.18192918192918,12.698412698412698,-32.234432234432234
-19.34065934065934,-8.4004884004884,-49.42612942612943,-7.228327228327228,0.0,-30.28083028083028,-23.247863247863247,1.3675213675213675,-32.62515262515262,0.0,-39.26739926739927,-5.274725274725275,0.0,6.056166056166056,-37.704517704517706,-9.572649572649572,-47.86324786324786,0.0,-18.55921855921856,-14.652014652014651,-31.843711843711844,-22.466422466422465,0.0,49.81684981684982,26.37362637362637,-40.43956043956044,13.870573870573873,-31.843711843711844
-20.512820512820515,-18.168498168498168,-47.86324786324786,1.3675213675213675,0.0,-29.10866910866911,-27.155067155067155,-0.5860805860805861,-27.936507936507937,0.0,-37.704517704517706,-7.619047619047619,0.0,2.93040293040293,-34.57875457875458,-12.307692307692308,-49.03540903540904,0.0,-21.68498168498169,-13.089133089133089,-31.843711843711844,-24.81074481074481,0.0,48.25396825396825,59.58485958485959,-73.65079365079364,21.68498168498169,-31.843711843711844
-20.12210012210012,-23.247863247863247,-38.095238095238095,5.665445665445666,0.0,-21.294261294261293,-23.63858363858364,0.9768009768009768,-31.45299145299145,0.0,-29.89010989010989,-8.4004884004884,0.0,4.884004884004884,-24.02930402930403,-10.354090354090356,-57.24053724053724,0.0,-21.294261294261293,-8.00976800976801,-25.982905982905983,-30.671550671550676,0.0,38.48595848595848,108.03418803418803,-116.63003663003664,25.2014652014652,-25.982905982905983
-20.512820512820515,-28.32722832722833,-29.499389499389498,17.387057387057386,0.0,-14.261294261294262,-22.466422466422465,1.7582417582417582,-25.592185592185597,0.0,-24.81074481074481,-7.228327228327228,0.0,6.446886446886447,-17.77777777777778,-7.619047619047619,-53.724053724053725,0.0,-23.247863247863247,-5.274725274725275,-18.55921855921856,-25.2014652014652,0.0,29.89010989010989,103.73626373626374,-109.5970695970696,26.764346764346765,-18.55921855921856
-22.466422466422465,-31.062271062271066,-23.63858363858364,31.062271062271066,0.0,-13.47985347985348,-19.34065934065934,2.93040293040293,-15.824175824175825,0.0,-24.42002442002442,-6.446886446886447,0.0,6.446886446886447,-14.652014652014651,-4.102564102564102,-46.69108669108669,0.0,-28.32722832722833,-3.3211233211233213,-9.572649572649572,-16.605616605616607,0.0,24.02930402930403,79.51159951159951,-86.15384615384616,27.155067155067155,-9.572649572649572
-21.294261294261293,-28.71794871794872,-21.294261294261293,35.75091575091575,0.0,-14.652014652014651,-11.135531135531137,7.619047619047619,-16.996336996336996,0.0,-22.075702075702075,-5.274725274725275,0.0,8.00976800976801,-11.135531135531137,3.711843711843712,-48.64468864468864,0.0,-33.01587301587302,0.9768009768009768,0.5860805860805861,-16.605616605616607,0.0,21.68498168498169,72.08791208791209,-75.995115995116,22.466422466422465,0.5860805860805861
-22.857142857142858,-31.45299145299145,-18.94993894993895,38.87667887667888,0.0,-24.02930402930403,-5.665445665445666,12.307692307692308,-16.605616605616607,0.0,-21.294261294261293,-8.791208791208792,0.0,7.228327228327228,-11.526251526251526,12.698412698412698,-50.989010989010985,0.0,-36.14163614163614,2.148962148962149,8.4004884004884,-15.824175824175825,0.0,19.34065934065934,38.87667887667888,-38.095238095238095,17.387057387057386,8.4004884004884
-27.936507936507937,-34.969474969474966,-20.903540903540904,49.42612942612943,0.0,-34.57875457875458,-4.102564102564102,12.307692307692308,-8.00976800976801,0.0,-20.903540903540904,-12.698412698412698,0.0,0.1953601953601953,-11.916971916971915,16.214896214896214,-42.39316239316239,0.0,-40.43956043956044,0.5860805860805861,8.791208791208792,-6.837606837606837,0.0,21.294261294261293,27.545787545787547,-23.63858363858364,13.870573870573873,8.791208791208792
-29.499389499389498,-36.53235653235653,-20.512820512820515,53.724053724053725,0.0,-37.31379731379732,2.148962148962149,9.963369963369964,-8.4004884004884,0.0,-10.744810744810744,-13.870573870573873,0.0,-6.056166056166056,-6.837606837606837,16.996336996336996,-40.83028083028083,0.0,-41.61172161172161,0.1953601953601953,4.884004884004884,-0.5860805860805861,0.0,20.903540903540904,15.433455433455434,-6.446886446886447,13.089133089133089,4.884004884004884
-30.28083028083028,-34.18803418803419,-12.307692307692308,44.346764346764346,0.0,-34.57875457875458,8.00976800976801,11.916971916971915,-18.55921855921856,0.0,-0.1953601953601953,-10.744810744810744,0.0,-6.056166056166056,0.1953601953601953,23.247863247863247,-50.989010989010985,0.0,-36.92307692307692,0.1953601953601953,9.18192918192918,-5.665445665445666,0.0,12.698412698412698,54.114774114774114,-34.969474969474966,11.135531135531137,9.18192918192918
-29.499389499389498,-34.57875457875458,-5.274725274725275,43.95604395604396,0.0,-31.062271062271066,8.791208791208792,10.354090354090356,-14.261294261294262,0.0,5.665445665445666,-7.228327228327228,0.0,-8.4004884004884,3.3211233211233213,24.02930402930403,-45.51892551892552,0.0,-35.75091575091575,-3.711843711843712,13.870573870573873,-0.5860805860805861,0.0,5.665445665445666,49.42612942612943,-23.63858363858364,9.18192918192918,13.870573870573873
-27.545787545787547,-33.01587301587302,0.5860805860805861,44.737484737484735,0.0,-28.71794871794872,12.307692307692308,8.791208791208792,-8.00976800976801,0.0,8.791208791208792,-2.148962148962149,0.0,-7.228327228327228,8.4004884004884,24.42002442002442,-41.22100122100122,0.0,-31.843711843711844,-6.056166056166056,22.857142857142858,0.5860805860805861,0.0,-0.1953601953601953,-8.00976800976801,35.75091575091575,10.354090354090356,22.857142857142858
-22.466422466422465,-33.01587301587302,8.4004884004884,40.43956043956044,0.0,-25.2014652014652,15.824175824175825,11.526251526251526,-9.18192918192918,0.0,11.916971916971915,1.7582417582417582,0.0,0.1953601953601953,14.261294261294262,27.936507936507937,-43.17460317460318,0.0,-25.982905982905983,-6.056166056166056,36.53235653235653,-4.493284493284493,0.0,-8.00976800976801,-1.7582417582417582,31.45299145299145,11.135531135531137,36.53235653235653
-18.168498168498168,-32.234432234432234,14.652014652014651,42.39316239316239,0.0,-22.466422466422465,18.168498168498168,13.870573870573873,-2.93040293040293,0.0,13.870573870573873,1.7582417582417582,0.0,-0.9768009768009768,18.94993894993895,31.45299145299145,-36.14163614163614,0.0,-23.63858363858364,-3.711843711843712,43.17460317460318,-1.7582417582417582,0.0,-14.261294261294262,46.3003663003663,-16.996336996336996,9.963369963369964,43.17460317460318
-15.824175824175825,-34.18803418803419,18.94993894993895,48.64468864468864,0.0,-21.68498168498169,20.903540903540904,11.916971916971915,5.665445665445666,0.0,17.77777777777778,0.5860805860805861,0.0,-5.665445665445666,21.294261294261293,30.671550671550676,-24.81074481074481,0.0,-20.903540903540904,-4.102564102564102,40.04884004884005,6.446886446886447,0.0,-18.55921855921856,18.94993894993895,9.18192918192918,9.963369963369964,40.04884004884005
-12.698412698412698,-31.45299145299145,25.592185592185597,44.346764346764346,0.0,-20.12210012210012,27.155067155067155,13.47985347985348,4.102564102564102,0.0,27.155067155067155,-0.5860805860805861,0.0,-8.4004884004884,23.63858363858364,34.18803418803419,-23.247863247863247,0.0,-16.605616605616607,-2.5396825396825395,35.36019536019536,9.18192918192918,0.0,-25.2014652014652,-2.93040293040293,28.71794871794872,11.916971916971915,35.36019536019536
-9.18192918192918,-22.857142857142858,31.062271062271066,37.704517704517706,0.0,-14.652014652014651,29.89010989010989,18.168498168498168,2.93040293040293,0.0,30.671550671550676,0.9768009768009768,0.0,-15.042735042735044,25.982905982905983,40.04884004884005,-24.02930402930403,0.0,-14.652014652014651,-0.1953601953601953,33.7973137973138,7.619047619047619,0.0,-30.671550671550676,12.307692307692308,10.354090354090356,9.963369963369964,33.7973137973138
-9.18192918192918,-17.387057387057386,32.234432234432234,35.75091575091575,0.0,-13.870573870573873,28.71794871794872,16.996336996336996,7.619047619047619,0.0,28.71794871794872,0.9768009768009768,0.0,-16.996336996336996,23.247863247863247,38.48595848595848,-17.77777777777778,0.0,-11.526251526251526,-1.3675213675213675,29.89010989010989,10.354090354090356,0.0,-31.843711843711844,16.996336996336996,0.5860805860805861,8.4004884004884,29.89010989010989
-6.837606837606837,-12.307692307692308,30.671550671550676,30.671550671550676,0.0,-9.18192918192918,27.936507936507937,15.824175824175825,6.446886446886447,0.0,24.42002442002442,-0.5860805860805861,0.0,-11.916971916971915,18.94993894993895,33.40659340659341,-13.870573870573873,0.0,-9.963369963369964,-2.93040293040293,32.234432234432234,7.228327228327228,0.0,-30.28083028083028,-1.7582417582417582,8.4004884004884,10.354090354090356,32.234432234432234
-0.5860805860805861,-4.884004884004884,32.234432234432234,22.075702075702075,0.0,0.1953601953601953,30.28083028083028,16.605616605616607,1.7582417582417582,0.0,22.075702075702075,-0.9768009768009768,0.0,-3.3211233211233213,19.34065934065934,31.062271062271066,-16.996336996336996,0.0,-6.446886446886447,-0.9768009768009768,39.26739926739927,-1.7582417582417582,0.0,-31.843711843711844,2.93040293040293,-5.274725274725275,9.18192918192918,39.26739926739927
4.493284493284493,-1.3675213675213675,34.18803418803419,20.903540903540904,0.0,7.228327228327228,32.234432234432234,15.042735042735044,2.148962148962149,0.0,24.42002442002442,-7.619047619047619,0.0,3.711843711843712,19.73137973137973,24.81074481074481,-10.744810744810744,0.0,-2.148962148962149,0.1953601953601953,43.95604395604396,-3.3211233211233213,0.0,-33.7973137973138,4.102564102564102,-16.214896214896214,9.572649572649572,43.95604395604396
8.791208791208792,0.1953601953601953,37.31379731379732,18.94993894993895,0.0,10.744810744810744,34.18803418803419,14.261294261294262,4.493284493284493,0.0,31.843711843711844,-15.433455433455434,0.0,8.00976800976801,21.68498168498169,19.73137973137973,-2.5396825396825395,0.0,2.148962148962149,-0.5860805860805861,46.69108669108669,-1.7582417582417582,0.0,-36.92307692307692,6.837606837606837,-28.32722832722833,11.135531135531137,46.69108669108669
13.089133089133089,6.056166056166056,44.737484737484735,4.493284493284493,0.0,16.605616605616607,36.92307692307692,18.168498168498168,-2.5396825396825395,0.0,41.22100122100122,-18.55921855921856,0.0,8.00976800976801,29.499389499389498,20.903540903540904,-7.619047619047619,0.0,7.228327228327228,4.493284493284493,47.472527472527474,-8.4004884004884,0.0,-44.346764346764346,39.26739926739927,-67.3992673992674,15.824175824175825,47.472527472527474
15.433455433455434,14.261294261294262,45.51892551892552,-6.837606837606837,0.0,20.512820512820515,34.969474969474966,21.294261294261293,-9.18192918192918,0.0,44.737484737484735,-21.294261294261293,0.0,6.056166056166056,34.57875457875458,21.68498168498169,-12.307692307692308,0.0,10.354090354090356,10.354090354090356,44.346764346764346,-15.433455433455434,0.0,-45.12820512820513,59.58485958485959,-96.31257631257633,21.68498168498169,44.346764346764346
16.605616605616607,16.214896214896214,34.969474969474966,-8.791208791208792,0.0,22.075702075702075,26.37362637362637,16.996336996336996,-6.837606837606837,0.0,40.04884004884005,-24.42002442002442,0.0,0.5860805860805861,32.62515262515262,16.996336996336996,-7.619047619047619,0.0,8.791208791208792,9.963369963369964,36.92307692307692,-13.089133089133089,0.0,-34.57875457875458,13.870573870573873,-64.27350427350427,24.81074481074481,36.92307692307692
22.075702075702075,21.68498168498169,23.63858363858364,-18.55921855921856,0.0,31.062271062271066,18.168498168498168,16.214896214896214,-16.214896214896214,0.0,36.92307692307692,-23.63858363858364,0.0,0.5860805860805861,33.7973137973138,15.824175824175825,-15.042735042735044,0.0,5.274725274725275,12.698412698412698,34.57875457875458,-18.168498168498168,0.0,-23.247863247863247,-4.884004884004884,-58.41269841269841,25.2014652014652,34.57875457875458
28.32722832722833,28.32722832722833,16.605616605616607,-27.155067155067155,0.0,37.31379731379732,17.77777777777778,22.466422466422465,-31.45299145299145,0.0,37.31379731379732,-19.34065934065934,0.0,0.9768009768009768,39.26739926739927,21.68498168498169,-29.10866910866911,0.0,4.884004884004884,17.387057387057386,42.39316239316239,-31.45299145299145,0.0,-16.214896214896214,29.499389499389498,-100.21978021978022,22.466422466422465,42.39316239316239
29.10866910866911,31.843711843711844,6.446886446886447,-26.764346764346765,0.0,38.095238095238095,15.042735042735044,24.42002442002442,-37.704517704517706,0.0,40.04884004884005,-18.55921855921856,0.0,2.5396825396825395,41.22100122100122,24.02930402930403,-29.499389499389498,0.0,6.056166056166056,16.996336996336996,49.42612942612943,-34.18803418803419,0.0,-6.056166056166056,15.042735042735044,-90.45177045177046,19.73137973137973,49.42612942612943
29.10866910866911,38.87667887667888,1.7582417582417582,-35.36019536019536,0.0,40.43956043956044,13.870573870573873,26.764346764346765,-47.86324786324786,0.0,45.12820512820513,-16.996336996336996,0.0,0.9768009768009768,47.472527472527474,28.32722832722833,-31.45299145299145,0.0,8.791208791208792,19.34065934065934,54.114774114774114,-37.31379731379732,0.0,-1.3675213675213675,-22.857142857142858,-56.45909645909646,20.12210012210012,54.114774114774114
29.499389499389498,48.25396825396825,0.9768009768009768,-50.20757020757021,0.0,41.61172161172161,16.996336996336996,31.843711843711844,-63.10134310134311,0.0,50.20757020757021,-13.870573870573873,0.0,0.5860805860805861,54.89621489621489,33.7973137973138,-36.92307692307692,0.0,14.652014652014651,28.32722832722833,56.45909645909646,-47.472527472527474,0.0,-0.5860805860805861,17.77777777777778,-97.48473748473748,24.81074481074481,56.45909645909646
29.499389499389498,55.28693528693529,-5.274725274725275,-59.1941391941392,0.0,40.83028083028083,15.433455433455434,31.843711843711844,-68.57142857142857,0.0,45.51892551892552,-14.652014652014651,0.0,-2.148962148962149,56.06837606837607,36.92307692307692,-34.969474969474966,0.0,17.387057387057386,37.31379731379732,48.64468864468864,-47.86324786324786,0.0,5.665445665445666,66.22710622710623,-149.84126984126985,27.545787545787547,48.64468864468864
29.499389499389498,58.02197802197802,-14.261294261294262,-62.71062271062271,0.0,40.43956043956044,8.791208791208792,26.37362637362637,-65.83638583638583,0.0,36.14163614163614,-14.652014652014651,0.0,-9.963369963369964,56.45909645909646,35.75091575091575,-26.37362637362637,0.0,11.526251526251526,43.17460317460318,36.14163614163614,-36.53235653235653,0.0,14.652014652014651,45.12820512820513,-136.16605616605617,28.71794871794872,36.14163614163614
29.10866910866911,61.14774114774115,-18.168498168498168,-70.52503052503053,0.0,38.87667887667888,6.056166056166056,29.499389499389498,-73.26007326007326,0.0,28.71794871794872,-10.744810744810744,0.0,-16.214896214896214,61.14774114774115,36.53235653235653,-29.10866910866911,0.0,4.493284493284493,52.55189255189255,28.71794871794872,-34.57875457875458,0.0,18.55921855921856,30.28083028083028,-122.88156288156289,29.499389499389498,28.71794871794872
27.936507936507937,61.14774114774115,-20.903540903540904,-74.04151404151405,0.0,33.40659340659341,2.5396825396825395,33.7973137973138,-75.995115995116,0.0,21.294261294261293,-7.619047619047619,0.0,-20.512820512820515,61.92918192918193,39.26739926739927,-30.671550671550676,0.0,-1.3675213675213675,55.67765567765568,24.81074481074481,-29.10866910866911,0.0,21.294261294261293,27.936507936507937,-119.75579975579976,25.982905982905983,24.81074481074481
23.63858363858364,60.366300366300365,-25.592185592185597,-68.18070818070818,0.0,24.81074481074481,-0.9768009768009768,33.40659340659341,-67.78998778998779,0.0,15.433455433455434,-4.884004884004884,0.0,-23.63858363858364,61.92918192918193,34.969474969474966,-23.247863247863247,0.0,-6.837606837606837,54.114774114774114,19.73137973137973,-16.996336996336996,0.0,25.982905982905983,12.307692307692308,-101.78266178266178,22.075702075702075,19.73137973137973
19.73137973137973,62.71062271062271,-29.89010989010989,-67.78998778998779,0.0,13.089133089133089,-0.5860805860805861,36.53235653235653,-64.66422466422466,0.0,12.698412698412698,-0.9768009768009768,0.0,-23.63858363858364,61.92918192918193,29.499389499389498,-24.42002442002442,0.0,-8.791208791208792,56.06837606837607,16.605616605616607,-20.512820512820515,0.0,30.28083028083028,15.824175824175825,-102.56410256410255,22.857142857142858,16.605616605616607
18.55921855921856,65.05494505494505,-33.7973137973138,-68.57142857142857,0.0,0.1953601953601953,2.148962148962149,36.53235653235653,-58.8034188034188,0.0,10.744810744810744,-0.1953601953601953,0.0,-23.63858363858364,57.63125763125763,25.2014652014652,-23.63858363858364,0.0,-8.4004884004884,58.02197802197802,13.47985347985348,-26.764346764346765,0.0,34.18803418803419,31.843711843711844,-114.67643467643468,22.075702075702075,13.47985347985348
16.996336996336996,65.83638583638583,-45.12820512820513,-61.14774114774115,0.0,-11.135531135531137,2.5396825396825395,30.28083028083028,-45.12820512820513,0.0,6.837606837606837,-1.7582417582417582,0.0,-29.10866910866911,51.37973137973138,18.168498168498168,-11.526251526251526,0.0,-9.572649572649572,56.84981684981685,6.056166056166056,-24.42002442002442,0.0,45.51892551892552,17.387057387057386,-99.43833943833944,18.55921855921856,6.056166056166056
14.652014652014651,67.00854700854701,-54.5054945054945,-55.67765567765568,0.0,-24.42002442002442,4.884004884004884,26.37362637362637,-35.75091575091575,0.0,5.665445665445666,-2.93040293040293,0.0,-38.87667887667888,47.86324786324786,15.433455433455434,-4.493284493284493,0.0,-11.526251526251526,56.84981684981685,1.7582417582417582,-25.982905982905983,0.0,54.89621489621489,28.71794871794872,-110.37851037851038,15.824175824175825,1.7582417582417582
18.94993894993895,67.3992673992674,-58.02197802197802,-61.92918192918193,0.0,-28.71794871794872,9.572649572649572,24.81074481074481,-39.65811965811966,0.0,8.00976800976801,-1.3675213675213675,0.0,-43.95604395604396,47.472527472527474,16.996336996336996,-8.00976800976801,0.0,-9.18192918192918,56.06837606837607,0.1953601953601953,-33.7973137973138,0.0,58.41269841269841,38.48595848595848,-115.45787545787546,11.135531135531137,0.1953601953601953
25.2014652014652,63.10134310134311,-60.757020757020754,-63.49206349206349,0.0,-28.71794871794872,9.18192918192918,18.94993894993895,-34.969474969474966,0.0,8.4004884004884,-0.9768009768009768,0.0,-46.69108669108669,45.90964590964591,18.55921855921856,-5.274725274725275,0.0,-3.3211233211233213,50.989010989010985,-2.93040293040293,-31.45299145299145,0.0,61.14774114774115,13.089133089133089,-84.2002442002442,6.056166056166056,-2.93040293040293
30.28083028083028,53.333333333333336,-62.71062271062271,-55.67765567765568,0.0,-30.671550671550676,4.493284493284493,12.698412698412698,-21.294261294261293,0.0,6.056166056166056,-1.7582417582417582,0.0,-46.69108669108669,40.83028083028083,13.089133089133089,1.7582417582417582,0.0,-0.1953601953601953,45.51892551892552,-13.089133089133089,-22.075702075702075,0.0,63.10134310134311,-49.81684981684982,-11.135531135531137,1.7582417582417582,-13.089133089133089
37.31379731379732,44.346764346764346,-61.92918192918193,-56.45909645909646,0.0,-29.10866910866911,1.7582417582417582,7.228327228327228,-16.214896214896214,0.0,6.056166056166056,-2.148962148962149,0.0,-38.48595848595848,32.234432234432234,5.274725274725275,2.148962148962149,0.0,3.711843711843712,38.87667887667888,-20.903540903540904,-19.34065934065934,0.0,62.31990231990232,-49.42612942612943,-0.5860805860805861,-2.5396825396825395,-20.903540903540904
40.83028083028083,34.57875457875458,-58.8034188034188,-58.02197802197802,0.0,-28.71794871794872,-1.7582417582417582,1.7582417582417582,-11.526251526251526,0.0,4.493284493284493,-6.446886446886447,0.0,-31.062271062271066,21.68498168498169,-0.5860805860805861,3.711843711843712,0.0,6.837606837606837,32.62515262515262,-25.592185592185597,-19.34065934065934,0.0,59.1941391941392,11.916971916971915,-51.77045177045177,-7.228327228327228,-25.592185592185597
38.095238095238095,23.63858363858364,-58.41269841269841,-46.69108669108669,0.0,-35.75091575091575,-4.102564102564102,-1.7582417582417582,0.1953601953601953,0.0,4.493284493284493,-12.698412698412698,0.0,-29.499389499389498,13.47985347985348,-11.135531135531137,13.47985347985348,0.0,5.274725274725275,25.592185592185597,-29.499389499389498,-14.652014652014651,0.0,58.8034188034188,-11.135531135531137,-19.73137973137973,-11.526251526251526,-29.499389499389498
38.095238095238095,15.433455433455434,-54.89621489621489,-41.61172161172161,0.0,-41.22100122100122,-1.3675213675213675,-3.3211233211233213,3.3211233211233213,0.0,10.354090354090356,-16.605616605616607,0.0,-29.89010989010989,11.526251526251526,-13.870573870573873,12.307692307692308,0.0,4.884004884004884,21.294261294261293,-24.81074481074481,-20.12210012210012,0.0,55.28693528693529,-50.5982905982906,26.764346764346765,-12.307692307692308,-24.81074481074481
39.26739926739927,7.619047619047619,-43.56532356532357,-42.002442002442,0.0,-41.61172161172161,0.5860805860805861,-0.1953601953601953,2.148962148962149,0.0,16.605616605616607,-15.042735042735044,0.0,-32.234432234432234,18.55921855921856,-14.261294261294262,6.837606837606837,0.0,7.228327228327228,19.73137973137973,-16.214896214896214,-31.062271062271066,0.0,43.95604395604396,-10.354090354090356,-0.5860805860805861,-14.652014652014651,-16.214896214896214
38.095238095238095,-2.148962148962149,-30.28083028083028,-33.40659340659341,0.0,-42.39316239316239,0.5860805860805861,2.148962148962149,9.963369963369964,0.0,19.73137973137973,-11.526251526251526,0.0,-36.92307692307692,26.37362637362637,-12.698412698412698,6.837606837606837,0.0,8.4004884004884,15.824175824175825,-8.4004884004884,-31.843711843711844,0.0,30.671550671550676,15.824175824175825,-14.652014652014651,-16.996336996336996,-8.4004884004884
38.095238095238095,-12.698412698412698,-19.34065934065934,-26.37362637362637,0.0,-40.43956043956044,2.5396825396825395,2.5396825396825395,12.698412698412698,0.0,24.81074481074481,-6.837606837606837,0.0,-39.65811965811966,30.28083028083028,-11.916971916971915,6.837606837606837,0.0,6.837606837606837,12.698412698412698,-4.884004884004884,-29.499389499389498,0.0,19.73137973137973,4.493284493284493,8.00976800976801,-17.387057387057386,-4.884004884004884
34.57875457875458,-20.903540903540904,-6.446886446886447,-27.545787545787547,0.0,-35.75091575091575,3.711843711843712,3.711843711843712,6.056166056166056,0.0,26.764346764346765,-2.5396825396825395,0.0,-37.704517704517706,27.545787545787547,-8.4004884004884,2.5396825396825395,0.0,6.056166056166056,6.837606837606837,0.5860805860805861,-30.671550671550676,0.0,6.837606837606837,27.936507936507937,-1.3675213675213675,-21.68498168498169,0.5860805860805861
27.936507936507937,-27.545787545787547,1.3675213675213675,-23.63858363858364,0.0,-32.234432234432234,4.102564102564102,2.148962148962149,2.5396825396825395,0.0,25.592185592185597,-1.3675213675213675,0.0,-33.40659340659341,20.903540903540904,-7.228327228327228,2.93040293040293,0.0,8.791208791208792,-2.5396825396825395,2.5396825396825395,-25.982905982905983,0.0,-0.9768009768009768,49.42612942612943,-11.916971916971915,-26.764346764346765,2.5396825396825395
18.168498168498168,-32.234432234432234,9.963369963369964,-16.996336996336996,0.0,-31.062271062271066,3.711843711843712,1.7582417582417582,3.711843711843712,0.0,24.42002442002442,-3.3211233211233213,0.0,-33.01587301587302,13.47985347985348,-6.837606837606837,6.837606837606837,0.0,8.4004884004884,-13.47985347985348,4.102564102564102,-19.34065934065934,0.0,-9.572649572649572,40.83028083028083,5.274725274725275,-31.062271062271066,4.102564102564102
9.963369963369964,-29.499389499389498,23.247863247863247,-17.77777777777778,0.0,-26.37362637362637,8.00976800976801,4.102564102564102,-0.5860805860805861,0.0,24.81074481074481,-3.711843711843712,0.0,-29.10866910866911,9.572649572649572,-6.056166056166056,6.056166056166056,0.0,10.744810744810744,-19.34065934065934,6.837606837606837,-18.168498168498168,0.0,-22.857142857142858,65.05494505494505,-10.744810744810744,-33.40659340659341,6.837606837606837
3.711843711843712,-25.592185592185597,40.04884004884005,-19.73137973137973,0.0,-20.903540903540904,13.47985347985348,8.00976800976801,-3.711843711843712,0.0,25.592185592185597,-1.3675213675213675,0.0,-26.764346764346765,12.698412698412698,-3.3211233211233213,3.711843711843712,0.0,11.526251526251526,-20.903540903540904,11.526251526251526,-17.387057387057386,0.0,-39.65811965811966,84.98168498168498,-26.764346764346765,-32.234432234432234,11.526251526251526
-3.711843711843712,-23.247863247863247,51.37973137973138,-10.354090354090356,0.0,-19.34065934065934,16.996336996336996,10.354090354090356,3.711843711843712,0.0,25.982905982905983,0.5860805860805861,0.0,-27.936507936507937,16.605616605616607,-4.493284493284493,8.4004884004884,0.0,7.228327228327228,-18.55921855921856,10.744810744810744,-6.837606837606837,0.0,-50.989010989010985,52.16117216117216,3.3211233211233213,-25.592185592185597,10.744810744810744
-7.619047619047619,-24.81074481074481,56.84981684981685,-2.93040293040293,0.0,-11.916971916971915,17.77777777777778,5.665445665445666,7.619047619047619,0.0,27.936507936507937,1.7582417582417582,0.0,-27.155067155067155,15.433455433455434,-8.4004884004884,11.526251526251526,0.0,-0.9768009768009768,-16.996336996336996,4.884004884004884,3.711843711843712,0.0,-56.45909645909646,41.22100122100122,8.4004884004884,-16.996336996336996,4.884004884004884
-6.446886446886447,-24.42002442002442,63.88278388278388,-7.619047619047619,0.0,1.7582417582417582,17.387057387057386,5.665445665445666,-2.5396825396825395,0.0,30.28083028083028,3.711843711843712,0.0,-18.168498168498168,16.996336996336996,-6.837606837606837,-6.446886446886447,0.0,-5.665445665445666,-11.526251526251526,6.056166056166056,-3.711843711843712,0.0,-63.49206349206349,85.37240537240537,-38.87667887667888,-9.18192918192918,6.056166056166056
-8.4004884004884,-25.592185592185597,65.83638583638583,-1.7582417582417582,0.0,13.089133089133089,13.089133089133089,4.102564102564102,-2.5396825396825395,0.0,32.234432234432234,6.056166056166056,0.0,-9.18192918192918,16.214896214896214,-9.18192918192918,-15.042735042735044,0.0,-7.228327228327228,-8.791208791208792,2.148962148962149,-3.3211233211233213,0.0,-65.44566544566544,81.07448107448107,-38.095238095238095,-1.3675213675213675,2.148962148962149
-8.00976800976801,-27.936507936507937,67.78998778998779,1.7582417582417582,0.0,25.592185592185597,7.228327228327228,0.9768009768009768,-2.5396825396825395,0.0,32.62515262515262,4.493284493284493,0.0,0.1953601953601953,13.870573870573873,-10.744810744810744,-17.387057387057386,0.0,-8.4004884004884,-7.228327228327228,3.3211233211233213,-2.5396825396825395,0.0,-67.3992673992674,38.48595848595848,0.5860805860805861,4.884004884004884,3.3211233211233213
-5.665445665445666,-27.936507936507937,75.995115995116,-2.5396825396825395,0.0,38.095238095238095,6.056166056166056,2.93040293040293,-10.354090354090356,0.0,34.969474969474966,6.837606837606837,0.0,12.698412698412698,15.433455433455434,-7.228327228327228,-28.32722832722833,0.0,-4.493284493284493,-3.711843711843712,12.307692307692308,-10.354090354090356,0.0,-75.6043956043956,66.22710622710623,-25.982905982905983,8.4004884004884,12.307692307692308
-5.665445665445666,-29.10866910866911,79.9023199023199,0.1953601953601953,0.0,43.95604395604396,4.493284493284493,6.446886446886447,-12.307692307692308,0.0,33.01587301587302,10.354090354090356,0.0,23.247863247863247,14.261294261294262,-4.493284493284493,-29.89010989010989,0.0,-3.3211233211233213,-1.7582417582417582,18.55921855921856,-10.354090354090356,0.0,-79.51159951159951,139.68253968253967,-97.87545787545788,9.572649572649572,18.55921855921856
-6.837606837606837,-38.095238095238095,77.94871794871794,9.572649572649572,0.0,49.03540903540904,-2.5396825396825395,3.711843711843712,-9.18192918192918,0.0,26.37362637362637,9.572649572649572,0.0,30.671550671550676,6.837606837606837,-9.572649572649572,-22.466422466422465,0.0,-5.665445665445666,-5.665445665445666,19.34065934065934,-2.148962148962149,0.0,-77.55799755799755,116.63003663003664,-73.65079365079364,11.135531135531137,19.34065934065934
-6.837606837606837,-47.86324786324786,77.94871794871794,15.042735042735044,0.0,58.02197802197802,-10.354090354090356,1.7582417582417582,-11.916971916971915,0.0,20.512820512820515,8.4004884004884,0.0,37.31379731379732,-0.9768009768009768,-11.135531135531137,-23.63858363858364,0.0,-8.791208791208792,-10.744810744810744,21.294261294261293,-0.1953601953601953,0.0,-77.55799755799755,84.59096459096459,-36.53235653235653,10.744810744810744,21.294261294261293
-6.056166056166056,-54.5054945054945,79.12087912087912,17.387057387057386,0.0,66.22710622710623,-18.168498168498168,4.493284493284493,-17.387057387057386,0.0,13.47985347985348,7.619047619047619,0.0,43.56532356532357,-6.446886446886447,-9.963369963369964,-30.671550671550676,0.0,-9.18192918192918,-12.307692307692308,22.466422466422465,-3.711843711843712,0.0,-78.73015873015873,112.33211233211232,-57.63125763125763,11.916971916971915,22.466422466422465
-6.837606837606837,-61.14774114774115,75.995115995116,26.37362637362637,0.0,74.43223443223444,-29.499389499389498,4.102564102564102,-13.870573870573873,0.0,3.711843711843712,3.711843711843712,0.0,43.56532356532357,-14.652014652014651,-9.963369963369964,-25.592185592185597,0.0,-10.744810744810744,-14.652014652014651,19.73137973137973,-0.9768009768009768,0.0,-75.6043956043956,115.45787545787546,-52.94261294261294,10.354090354090356,19.73137973137973
-6.056166056166056,-65.83638583638583,75.21367521367522,29.89010989010989,0.0,81.46520146520146,-40.04884004884005,3.3211233211233213,-12.307692307692308,0.0,-2.148962148962149,0.1953601953601953,0.0,45.12820512820513,-20.512820512820515,-9.963369963369964,-25.2014652014652,0.0,-11.916971916971915,-14.652014652014651,17.387057387057386,-1.3675213675213675,0.0,-74.82295482295483,99.04761904761904,-30.28083028083028,11.135531135531137,17.387057387057386
-3.3211233211233213,-67.78998778998779,77.94871794871794,25.982905982905983,0.0,88.4981684981685,-45.12820512820513,4.884004884004884,-14.652014652014651,0.0,-8.00976800976801,-1.3675213675213675,0.0,49.81684981684982,-21.68498168498169,-10.354090354090356,-29.499389499389498,0.0,-11.526251526251526,-12.307692307692308,13.870573870573873,-2.5396825396825395,0.0,-77.55799755799755,116.63003663003664,-46.69108669108669,13.089133089133089,13.870573870573873
0.5860805860805861,-69.74358974358974,77.16727716727716,25.592185592185597,0.0,95.53113553113552,-50.989010989010985,2.148962148962149,-12.307692307692308,0.0,-13.870573870573873,-4.493284493284493,0.0,55.28693528693529,-25.592185592185597,-12.698412698412698,-28.71794871794872,0.0,-10.744810744810744,-9.572649572649572,9.572649572649572,-1.3675213675213675,0.0,-76.77655677655677,120.14652014652016,-48.64468864468864,14.652014652014651,9.572649572649572
3.3211233211233213,-75.21367521367522,75.21367521367522,28.71794871794872,0.0,101.3919413919414,-58.41269841269841,-1.3675213675213675,-7.619047619047619,0.0,-16.605616605616607,-10.744810744810744,0.0,61.92918192918193,-29.499389499389498,-16.996336996336996,-26.764346764346765,0.0,-10.744810744810744,-11.526251526251526,7.228327228327228,2.148962148962149,0.0,-74.82295482295483,107.64346764346764,-40.83028083028083,17.387057387057386,7.228327228327228
6.446886446886447,-75.21367521367522,75.21367521367522,22.466422466422465,0.0,105.2991452991453,-56.84981684981685,-3.3211233211233213,-13.870573870573873,0.0,-16.214896214896214,-15.042735042735044,0.0,68.96214896214896,-29.89010989010989,-18.94993894993895,-34.57875457875458,0.0,-11.135531135531137,-10.744810744810744,5.665445665445666,1.7582417582417582,0.0,-74.82295482295483,127.57020757020756,-65.44566544566544,20.903540903540904,5.665445665445666
8.791208791208792,-73.26007326007326,72.08791208791209,20.12210012210012,0.0,107.64346764346764,-53.724053724053725,-2.148962148962149,-22.075702075702075,0.0,-13.870573870573873,-20.12210012210012,0.0,73.65079365079364,-30.671550671550676,-16.996336996336996,-42.78388278388278,0.0,-11.135531135531137,-13.089133089133089,9.572649572649572,-2.148962148962149,0.0,-71.6971916971917,117.4114774114774,-63.49206349206349,22.075702075702075,9.572649572649572
9.18192918192918,-70.91575091575092,63.88278388278388,25.592185592185597,0.0,107.64346764346764,-51.77045177045177,-4.102564102564102,-21.68498168498169,0.0,-10.354090354090356,-26.37362637362637,0.0,74.43223443223444,-33.01587301587302,-22.075702075702075,-35.75091575091575,0.0,-13.47985347985348,-18.55921855921856,10.744810744810744,3.3211233211233213,0.0,-63.49206349206349,102.95482295482296,-57.24053724053724,19.34065934065934,10.744810744810744
13.089133089133089,-69.35286935286935,58.41269841269841,23.247863247863247,0.0,110.37851037851038,-49.81684981684982,-6.837606837606837,-26.764346764346765,0.0,-4.884004884004884,-31.45299145299145,0.0,77.16727716727716,-34.18803418803419,-27.545787545787547,-31.843711843711844,0.0,-15.433455433455434,-22.466422466422465,10.354090354090356,9.963369963369964,0.0,-58.02197802197802,82.24664224664225,-44.346764346764346,17.77777777777778,10.354090354090356
21.68498168498169,-64.66422466422466,58.02197802197802,9.572649572649572,0.0,116.23931623931624,-43.56532356532357,-4.493284493284493,-41.61172161172161,0.0,-0.1953601953601953,-31.45299145299145,0.0,85.37240537240537,-30.28083028083028,-29.10866910866911,-39.65811965811966,0.0,-8.791208791208792,-22.075702075702075,11.135531135531137,4.493284493284493,0.0,-57.63125763125763,131.86813186813183,-97.87545787545788,18.55921855921856,11.135531135531137
27.155067155067155,-63.10134310134311,49.81684981684982,6.056166056166056,0.0,119.75579975579976,-45.12820512820513,-9.963369963369964,-42.39316239316239,0.0,0.9768009768009768,-34.57875457875458,0.0,88.1074481074481,-31.45299145299145,-36.92307692307692,-34.18803418803419,0.0,-4.493284493284493,-24.42002442002442,4.102564102564102,8.4004884004884,0.0,-49.42612942612943,118.1929181929182,-87.71672771672772,18.55921855921856,4.102564102564102
32.234432234432234,-63.49206349206349,40.83028083028083,3.3211233211233213,0.0,121.7094017094017,-45.51892551892552,-16.605616605616607,-44.346764346764346,0.0,2.5396825396825395,-40.43956043956044,0.0,88.88888888888889,-34.57875457875458,-42.78388278388278,-33.7973137973138,0.0,-0.9768009768009768,-26.37362637362637,-5.665445665445666,10.744810744810744,0.0,-40.43956043956044,70.13431013431014,-42.78388278388278,22.466422466422465,-5.665445665445666
37.31379731379732,-58.41269841269841,32.234432234432234,-5.665445665445666,0.0,126.7887667887668,-43.56532356532357,-20.512820512820515,-55.67765567765568,0.0,4.884004884004884,-45.90964590964591,0.0,92.7960927960928,-33.40659340659341,-45.90964590964591,-43.17460317460318,0.0,4.493284493284493,-27.936507936507937,-12.698412698412698,4.493284493284493,0.0,-31.843711843711844,119.75579975579976,-97.09401709401708,22.857142857142858,-12.698412698412698
43.17460317460318,-53.333333333333336,21.68498168498169,-11.526251526251526,0.0,131.4774114774115,-42.39316239316239,-28.71794871794872,-59.1941391941392,0.0,8.791208791208792,-55.28693528693529,0.0,94.35897435897436,-37.704517704517706,-52.55189255189255,-42.39316239316239,0.0,6.446886446886447,-32.62515262515262,-19.34065934065934,5.665445665445666,0.0,-21.294261294261293,165.86080586080587,-153.74847374847374,19.73137973137973,-19.34065934065934
48.25396825396825,-46.3003663003663,10.744810744810744,-13.870573870573873,0.0,134.6031746031746,-36.92307692307692,-39.26739926739927,-58.02197802197802,0.0,15.433455433455434,-66.22710622710623,0.0,94.74969474969475,-42.002442002442,-61.92918192918193,-34.57875457875458,0.0,6.056166056166056,-38.095238095238095,-25.592185592185597,12.307692307692308,0.0,-10.354090354090356,133.04029304029305,-136.55677655677655,17.77777777777778,-25.592185592185597
54.89621489621489,-36.14163614163614,9.572649572649572,-26.764346764346765,0.0,137.33821733821733,-27.155067155067155,-44.346764346764346,-63.10134310134311,0.0,27.936507936507937,-74.04151404151405,0.0,99.04761904761904,-36.14163614163614,-67.00854700854701,-35.36019536019536,0.0,10.354090354090356,-35.36019536019536,-28.32722832722833,11.526251526251526,0.0,-9.18192918192918,99.43833943833944,-117.02075702075702,21.294261294261293,-28.32722832722833
63.49206349206349,-27.155067155067155,10.354090354090356,-35.36019536019536,0.0,140.46398046398048,-14.652014652014651,-48.64468864468864,-63.88278388278388,0.0,40.43956043956044,-77.16727716727716,0.0,102.17338217338218,-27.545787545787547,-70.52503052503053,-32.62515262515262,0.0,18.168498168498168,-29.89010989010989,-29.89010989010989,11.135531135531137,0.0,-9.963369963369964,104.12698412698413,-129.52380952380952,26.37362637362637,-29.89010989010989
68.57142857142857,-23.247863247863247,9.572649572649572,-29.499389499389498,0.0,141.24542124542126,-6.446886446886447,-52.55189255189255,-56.06837606837607,0.0,53.333333333333336,-77.55799755799755,0.0,100.6105006105006,-17.387057387057386,-72.86935286935287,-25.592185592185597,0.0,26.764346764346765,-24.02930402930403,-32.62515262515262,12.698412698412698,0.0,-9.18192918192918,100.21978021978022,-123.66300366300366,31.062271062271066,-32.62515262515262
71.30647130647131,-24.81074481074481,9.572649572649572,-23.247863247863247,0.0,141.24542124542126,-0.1953601953601953,-52.16117216117216,-54.5054945054945,0.0,65.83638583638583,-74.82295482295483,0.0,100.21978021978022,-3.3211233211233213,-70.91575091575092,-27.936507936507937,0.0,34.57875457875458,-15.824175824175825,-33.40659340659341,11.135531135531137,0.0,-9.18192918192918,112.72283272283272,-129.9145299145299,38.87667887667888,-33.40659340659341
77.16727716727716,-29.10866910866911,8.4004884004884,-22.075702075702075,0.0,144.76190476190476,4.102564102564102,-54.114774114774114,-59.58485958485959,0.0,76.77655677655677,-70.52503052503053,0.0,99.82905982905984,8.00976800976801,-71.6971916971917,-31.062271062271066,0.0,42.002442002442,-13.47985347985348,-31.062271062271066,6.837606837606837,0.0,-8.00976800976801,128.35164835164835,-138.9010989010989,42.39316239316239,-31.062271062271066
79.51159951159951,-32.62515262515262,2.93040293040293,-17.387057387057386,0.0,143.98046398046398,9.18192918192918,-56.45909645909646,-63.49206349206349,0.0,86.93528693528694,-70.91575091575092,0.0,95.53113553113552,12.307692307692308,-74.43223443223444,-29.10866910866911,0.0,42.78388278388278,-20.512820512820515,-29.89010989010989,10.354090354090356,0.0,-2.5396825396825395,135.3846153846154,-147.1062271062271,39.26739926739927,-29.89010989010989
80.29304029304029,-33.40659340659341,-4.493284493284493,-18.168498168498168,0.0,138.5103785103785,17.77777777777778,-59.975579975579976,-71.30647130647131,0.0,94.74969474969475,-73.65079365079364,0.0,88.4981684981685,16.996336996336996,-80.68376068376068,-29.10866910866911,0.0,36.53235653235653,-28.32722832722833,-26.764346764346765,13.870573870573873,0.0,4.884004884004884,114.28571428571428,-139.29181929181928,40.43956043956044,-26.764346764346765
84.2002442002442,-27.936507936507937,-8.00976800976801,-31.843711843711844,0.0,137.72893772893772,31.843711843711844,-62.31990231990232,-91.23321123321124,0.0,103.34554334554336,-77.16727716727716,0.0,85.76312576312576,21.294261294261293,-84.98168498168498,-36.92307692307692,0.0,29.89010989010989,-31.843711843711844,-22.466422466422465,8.791208791208792,0.0,8.4004884004884,112.33211233211232,-152.18559218559218,40.83028083028083,-22.466422466422465
85.76312576312576,-22.466422466422465,-9.18192918192918,-41.22100122100122,0.0,133.43101343101344,45.51892551892552,-61.92918192918193,-104.9084249084249,0.0,108.8156288156288,-77.55799755799755,0.0,83.80952380952381,24.42002442002442,-89.27960927960928,-42.39316239316239,0.0,25.982905982905983,-29.499389499389498,-22.857142857142858,2.93040293040293,0.0,9.572649572649572,118.5836385836386,-165.47008547008548,41.61172161172161,-22.857142857142858
83.41880341880342,-22.857142857142858,-10.744810744810744,-34.18803418803419,0.0,124.05372405372404,57.24053724053724,-65.44566544566544,-101.3919413919414,0.0,109.98778998778998,-78.33943833943835,0.0,75.995115995116,27.155067155067155,-95.14041514041514,-38.095238095238095,0.0,18.55921855921856,-24.02930402930403,-27.545787545787547,2.93040293040293,0.0,11.135531135531137,65.83638583638583,-114.67643467643468,46.3003663003663,-27.545787545787547
85.76312576312576,-25.592185592185597,-1.3675213675213675,-37.704517704517706,0.0,122.4908424908425,67.78998778998779,-63.49206349206349,-106.86202686202688,0.0,113.89499389499387,-74.82295482295483,0.0,75.21367521367522,31.843711843711844,-97.48473748473748,-42.78388278388278,0.0,16.214896214896214,-12.307692307692308,-32.234432234432234,-4.493284493284493,0.0,1.7582417582417582,59.58485958485959,-100.21978021978022,53.724053724053725,-32.234432234432234
84.98168498168498,-28.71794871794872,10.744810744810744,-36.92307692307692,0.0,116.63003663003664,75.995115995116,-56.84981684981685,-105.68986568986568,0.0,117.02075702075702,-70.91575091575092,0.0,72.86935286935287,38.87667887667888,-97.09401709401708,-50.20757020757021,0.0,14.652014652014651,0.9768009768009768,-34.18803418803419,-17.387057387057386,0.0,-10.354090354090356,120.53724053724054,-146.32478632478632,61.14774114774115,-34.18803418803419
82.63736263736264,-33.7973137973138,18.94993894993895,-30.671550671550676,0.0,109.98778998778998,77.94871794871794,-53.333333333333336,-97.09401709401708,0.0,118.1929181929182,-68.96214896214896,0.0,64.66422466422466,43.56532356532357,-98.65689865689866,-48.25396825396825,0.0,11.135531135531137,5.274725274725275,-36.53235653235653,-19.34065934065934,0.0,-18.55921855921856,118.1929181929182,-134.6031746031746,67.78998778998779,-36.53235653235653
79.51159951159951,-37.31379731379732,27.936507936507937,-31.45299145299145,0.0,103.73626373626374,79.9023199023199,-49.03540903540904,-95.92185592185592,0.0,121.31868131868131,-65.44566544566544,0.0,56.45909645909646,49.42612942612943,-99.04761904761904,-52.16117216117216,0.0,8.00976800976801,6.056166056166056,-36.53235653235653,-22.857142857142858,0.0,-27.545787545787547,60.366300366300365,-69.35286935286935,72.47863247863248,-36.53235653235653
77.55799755799755,-34.969474969474966,34.57875457875458,-39.26739926739927,0.0,99.43833943833944,80.68376068376068,-40.04884004884005,-101.3919413919414,0.0,123.27228327228327,-59.1941391941392,0.0,48.25396825396825,58.41269841269841,-99.04761904761904,-59.1941391941392,0.0,5.665445665445666,7.619047619047619,-40.04884004884005,-25.982905982905983,0.0,-34.18803418803419,75.995115995116,-79.12087912087912,72.08791208791209,-40.04884004884005
74.43223443223444,-31.062271062271066,37.31379731379732,-42.002442002442,0.0,90.84249084249085,82.24664224664225,-35.75091575091575,-98.65689865689866,0.0,122.1001221001221,-54.89621489621489,0.0,33.7973137973138,65.44566544566544,-101.78266178266178,-57.24053724053724,0.0,0.9768009768009768,5.665445665445666,-45.12820512820513,-22.075702075702075,0.0,-36.92307692307692,101.78266178266178,-104.12698412698413,70.13431013431014,-45.12820512820513
73.65079365079364,-27.155067155067155,34.969474969474966,-40.04884004884005,0.0,81.85592185592185,87.71672771672772,-34.57875457875458,-93.18681318681318,0.0,122.88156288156289,-51.37973137973138,0.0,15.824175824175825,71.30647130647131,-106.08058608058607,-50.989010989010985,0.0,-6.446886446886447,4.102564102564102,-51.37973137973138,-15.042735042735044,0.0,-34.57875457875458,61.53846153846154,-68.18070818070818,67.78998778998779,-51.37973137973138
71.6971916971917,-19.34065934065934,35.36019536019536,-43.56532356532357,0.0,72.86935286935287,94.74969474969475,-30.28083028083028,-93.18681318681318,0.0,122.4908424908425,-49.42612942612943,0.0,3.711843711843712,77.94871794871794,-109.98778998778998,-52.16117216117216,0.0,-14.652014652014651,9.963369963369964,-56.45909645909646,-18.94993894993895,0.0,-34.969474969474966,43.17460317460318,-54.114774114774114,67.78998778998779,-56.45909645909646
70.91575091575092,-13.47985347985348,32.234432234432234,-41.22100122100122,0.0,67.3992673992674,95.92185592185592,-27.936507936507937,-87.71672771672772,0.0,119.75579975579976,-49.03540903540904,0.0,-4.884004884004884,78.73015873015873,-110.37851037851038,-49.81684981684982,0.0,-21.294261294261293,13.870573870573873,-57.63125763125763,-22.075702075702075,0.0,-31.843711843711844,53.333333333333336,-66.22710622710623,67.00854700854701,-57.63125763125763
67.00854700854701,-10.744810744810744,27.936507936507937,-33.01587301587302,0.0,61.53846153846154,95.14041514041514,-28.71794871794872,-76.77655677655677,0.0,117.8021978021978,-50.20757020757021,0.0,-13.870573870573873,74.82295482295483,-109.98778998778998,-42.39316239316239,0.0,-27.155067155067155,13.089133089133089,-60.366300366300365,-16.605616605616607,0.0,-27.545787545787547,50.20757020757021,-65.83638583638583,65.83638583638583,-60.366300366300365
62.71062271062271,-6.837606837606837,29.89010989010989,-29.89010989010989,0.0,58.8034188034188,98.65689865689866,-27.155067155067155,-74.82295482295483,0.0,116.23931623931624,-47.472527472527474,0.0,-13.089133089133089,70.52503052503053,-105.68986568986568,-43.95604395604396,0.0,-27.936507936507937,13.870573870573873,-64.27350427350427,-15.042735042735044,0.0,-29.499389499389498,44.346764346764346,-56.45909645909646,65.83638583638583,-64.27350427350427
55.67765567765568,1.3675213675213675,34.18803418803419,-28.32722832722833,0.0,58.02197802197802,103.73626373626374,-22.466422466422465,-75.21367521367522,0.0,117.4114774114774,-44.737484737484735,0.0,-8.00976800976801,66.22710622710623,-101.78266178266178,-45.90964590964591,0.0,-23.247863247863247,12.307692307692308,-69.35286935286935,-10.354090354090356,0.0,-33.7973137973138,45.51892551892552,-51.77045177045177,65.05494505494505,-69.35286935286935
45.51892551892552,10.354090354090356,36.53235653235653,-17.77777777777778,0.0,53.333333333333336,108.8156288156288,-19.73137973137973,-66.61782661782662,0.0,116.63003663003664,-42.78388278388278,0.0,-6.837606837606837,59.58485958485959,-99.43833943833944,-39.65811965811966,0.0,-19.73137973137973,5.274725274725275,-74.82295482295483,1.3675213675213675,0.0,-36.14163614163614,23.63858363858364,-30.671550671550676,64.27350427350427,-74.82295482295483
33.7973137973138,20.12210012210012,41.22100122100122,-9.18192918192918,0.0,49.03540903540904,115.45787545787546,-15.824175824175825,-60.757020757020754,0.0,115.45787545787546,-40.43956043956044,0.0,-3.3211233211233213,56.45909645909646,-98.26617826617829,-36.53235653235653,0.0,-16.996336996336996,1.3675213675213675,-77.55799755799755,10.354090354090356,0.0,-40.83028083028083,31.843711843711844,-38.87667887667888,63.10134310134311,-77.55799755799755
27.936507936507937,33.7973137973138,46.69108669108669,-16.605616605616607,0.0,53.333333333333336,118.5836385836386,-7.619047619047619,-71.30647130647131,0.0,116.23931623931624,-34.18803418803419,0.0,7.619047619047619,56.45909645909646,-94.35897435897436,-45.12820512820513,0.0,-11.916971916971915,4.102564102564102,-76.77655677655677,8.791208791208792,0.0,-46.3003663003663,56.06837606837607,-63.88278388278388,62.31990231990232,-76.77655677655677
25.2014652014652,41.22100122100122,44.737484737484735,-19.73137973137973,0.0,58.41269841269841,115.06715506715508,-8.00976800976801,-72.47863247863248,0.0,113.11355311355312,-29.10866910866911,0.0,14.652014652014651,55.67765567765568,-87.71672771672772,-48.25396825396825,0.0,-9.572649572649572,6.056166056166056,-74.82295482295483,11.526251526251526,0.0,-44.346764346764346,56.06837606837607,-68.57142857142857,60.757020757020754,-74.82295482295483
20.512820512820515,42.78388278388278,38.48595848595848,-17.77777777777778,0.0,62.31990231990232,108.42490842490842,-15.824175824175825,-68.57142857142857,0.0,108.8156288156288,-27.155067155067155,0.0,18.55921855921856,52.55189255189255,-84.2002442002442,-43.56532356532357,0.0,-10.354090354090356,9.572649572649572,-77.94871794871794,21.294261294261293,0.0,-38.095238095238095,7.228327228327228,-23.247863247863247,59.1941391941392,-77.94871794871794
22.075702075702075,49.81684981684982,33.01587301587302,-27.545787545787547,0.0,73.26007326007326,104.12698412698413,-21.68498168498169,-77.55799755799755,0.0,108.42490842490842,-25.2014652014652,0.0,29.499389499389498,51.37973137973138,-79.12087912087912,-48.64468864468864,0.0,-4.884004884004884,21.294261294261293,-83.41880341880342,19.34065934065934,0.0,-32.62515262515262,-20.903540903540904,2.93040293040293,61.92918192918193,-83.41880341880342
18.168498168498168,55.28693528693529,31.062271062271066,-30.28083028083028,0.0,79.12087912087912,100.6105006105006,-26.764346764346765,-77.16727716727716,0.0,104.51770451770452,-24.81074481074481,0.0,34.57875457875458,54.114774114774114,-74.04151404151405,-46.3003663003663,0.0,0.9768009768009768,32.234432234432234,-84.98168498168498,18.55921855921856,0.0,-30.671550671550676,9.572649572649572,-26.37362637362637,63.88278388278388,-84.98168498168498
13.089133089133089,58.8034188034188,27.936507936507937,-20.512820512820515,0.0,79.9023199023199,99.04761904761904,-32.62515262515262,-65.05494505494505,0.0,97.87545787545788,-24.02930402930403,0.0,34.969474969474966,54.89621489621489,-72.86935286935287,-28.32722832722833,0.0,6.446886446886447,43.17460317460318,-90.06105006105007,27.936507936507937,0.0,-27.545787545787547,-10.354090354090356,-10.744810744810744,70.13431013431014,-90.06105006105007
10.354090354090356,67.3992673992674,33.01587301587302,-16.214896214896214,0.0,83.41880341880342,103.73626373626374,-31.45299145299145,-59.58485958485959,0.0,93.18681318681318,-18.168498168498168,0.0,37.31379731379732,63.49206349206349,-64.66422466422466,-19.73137973137973,0.0,11.526251526251526,59.975579975579976,-86.93528693528694,29.89010989010989,0.0,-32.62515262515262,-41.22100122100122,15.433455433455434,76.38583638583638,-86.93528693528694
10.744810744810744,76.38583638583638,39.65811965811966,-15.433455433455434,0.0,90.84249084249085,110.37851037851038,-29.10866910866911,-59.1941391941392,0.0,87.32600732600733,-6.837606837606837,0.0,44.346764346764346,77.16727716727716,-52.94261294261294,-18.94993894993895,0.0,19.73137973137973,76.38583638583638,-75.995115995116,28.32722832722833,0.0,-39.26739926739927,11.526251526251526,-40.83028083028083,78.33943833943835,-75.995115995116
8.4004884004884,79.51159951159951,41.22100122100122,-6.837606837606837,0.0,95.53113553113552,113.5042735042735,-32.234432234432234,-52.55189255189255,0.0,80.68376068376068,0.9768009768009768,0.0,47.081807081807085,87.71672771672772,-42.78388278388278,-9.18192918192918,0.0,19.34065934065934,90.45177045177046,-65.83638583638583,36.53235653235653,0.0,-40.83028083028083,59.1941391941392,-94.35897435897436,80.68376068376068,-65.83638583638583
3.3211233211233213,84.2002442002442,42.002442002442,0.1953601953601953,0.0,101.3919413919414,118.97435897435898,-35.36019536019536,-53.333333333333336,0.0,79.12087912087912,4.493284493284493,0.0,52.16117216117216,97.48473748473748,-36.92307692307692,-6.056166056166056,0.0,15.042735042735044,102.95482295482296,-57.24053724053724,43.56532356532357,0.0,-41.61172161172161,29.89010989010989,-74.82295482295483,82.24664224664225,-57.24053724053724
0.9768009768009768,89.67032967032966,42.39316239316239,0.9768009768009768,0.0,109.2063492063492,127.17948717948718,-37.704517704517706,-61.92918192918193,0.0,83.80952380952381,2.5396825396825395,0.0,59.975579975579976,108.8156288156288,-33.7973137973138,-10.354090354090356,0.0,15.042735042735044,111.55067155067157,-49.03540903540904,45.12820512820513,0.0,-42.002442002442,5.665445665445666,-57.63125763125763,81.85592185592185,-49.03540903540904
-0.1953601953601953,92.4053724053724,43.56532356532357,5.274725274725275,0.0,113.89499389499387,137.33821733821733,-40.83028083028083,-67.00854700854701,0.0,90.06105006105007,-0.1953601953601953,0.0,66.22710622710623,120.53724053724054,-31.45299145299145,-12.698412698412698,0.0,14.261294261294262,116.63003663003664,-37.704517704517706,46.69108669108669,0.0,-43.17460317460318,-3.711843711843712,-58.8034188034188,82.63736263736264,-37.704517704517706
-4.884004884004884,95.53113553113552,45.90964590964591,9.963369963369964,0.0,115.06715506715508,146.32478632478632,-45.51892551892552,-68.18070818070818,0.0,98.26617826617829,-5.274725274725275,0.0,70.91575091575092,127.17948717948718,-32.62515262515262,-11.916971916971915,0.0,13.089133089133089,115.84859584859583,-31.062271062271066,54.114774114774114,0.0,-45.51892551892552,-0.1953601953601953,-68.18070818070818,78.73015873015873,-31.062271062271066
-8.00976800976801,98.65689865689866,45.90964590964591,8.791208791208792,0.0,117.02075702075702,155.3113553113553,-47.081807081807085,-77.16727716727716,0.0,103.34554334554336,-11.526251526251526,0.0,83.02808302808303,133.82173382173383,-31.45299145299145,-22.466422466422465,0.0,15.433455433455434,115.06715506715508,-22.075702075702075,53.333333333333336,0.0,-45.51892551892552,22.075702075702075,-96.7032967032967,75.6043956043956,-22.075702075702075
-12.307692307692308,96.31257631257633,45.51892551892552,8.791208791208792,0.0,121.31868131868131,157.26495726495727,-52.94261294261294,-84.59096459096459,0.0,104.9084249084249,-19.34065934065934,0.0,95.14041514041514,134.6031746031746,-29.10866910866911,-29.499389499389498,0.0,14.652014652014651,113.89499389499387,-10.354090354090356,50.5982905982906,0.0,-45.12820512820513,58.41269841269841,-136.16605616605617,74.04151404151405,-10.354090354090356
-24.81074481074481,85.37240537240537,39.65811965811966,16.996336996336996,0.0,121.7094017094017,146.7155067155067,-69.35286935286935,-79.12087912087912,0.0,99.43833943833944,-41.61172161172161,0.0,97.48473748473748,120.92796092796092,-34.969474969474966,-17.77777777777778,0.0,6.056166056166056,105.2991452991453,-8.4004884004884,61.14774114774115,0.0,-39.26739926739927,38.095238095238095,-116.23931623931624,69.74358974358974,-8.4004884004884
-34.969474969474966,74.43223443223444,31.843711843711844,22.075702075702075,0.0,124.05372405372404,134.6031746031746,-85.76312576312576,-77.55799755799755,0.0,97.09401709401708,-70.52503052503053,0.0,96.7032967032967,105.68986568986568,-42.78388278388278,-9.572649572649572,0.0,-2.5396825396825395,93.96825396825396,-10.354090354090356,67.3992673992674,0.0,-31.45299145299145,19.73137973137973,-99.82905982905984,64.27350427350427,-10.354090354090356
-36.53235653235653,66.22710622710623,28.32722832722833,17.77777777777778,0.0,134.21245421245422,125.6166056166056,-96.7032967032967,-85.37240537240537,0.0,99.82905982905984,-99.04761904761904,0.0,95.14041514041514,95.53113553113552,-43.56532356532357,-12.307692307692308,0.0,-6.056166056166056,85.76312576312576,-3.3211233211233213,57.24053724053724,0.0,-27.936507936507937,58.02197802197802,-137.33821733821733,54.89621489621489,-3.3211233211233213
-38.87667887667888,58.41269841269841,22.857142857142858,17.77777777777778,0.0,137.72893772893772,115.84859584859583,-108.8156288156288,-82.63736263736264,0.0,103.73626373626374,-126.7887667887668,0.0,88.88888888888889,83.02808302808303,-46.3003663003663,-4.102564102564102,0.0,-10.744810744810744,72.08791208791209,3.3211233211233213,55.28693528693529,0.0,-22.466422466422465,66.61782661782662,-149.45054945054946,44.346764346764346,3.3211233211233213
-39.26739926739927,53.333333333333336,16.214896214896214,19.73137973137973,0.0,134.993894993895,109.2063492063492,-112.72283272283272,-79.51159951159951,0.0,113.11355311355312,-149.05982905982907,0.0,79.51159951159951,77.55799755799755,-44.737484737484735,0.1953601953601953,0.0,-13.870573870573873,61.92918192918193,9.572649572649572,54.114774114774114,0.0,-15.824175824175825,27.936507936507937,-115.06715506715508,35.36019536019536,9.572649572649572
-36.14163614163614,53.333333333333336,15.824175824175825,19.34065934065934,0.0,135.3846153846154,106.08058608058607,-107.25274725274726,-79.9023199023199,0.0,125.6166056166056,-161.17216117216117,0.0,76.77655677655677,80.29304029304029,-37.704517704517706,-4.102564102564102,0.0,-12.307692307692308,58.8034188034188,20.12210012210012,48.25396825396825,0.0,-15.433455433455434,56.06837606837607,-143.1990231990232,27.155067155067155,20.12210012210012
-34.57875457875458,49.03540903540904,13.870573870573873,26.37362637362637,0.0,130.3052503052503,97.87545787545788,-100.6105006105006,-70.52503052503053,0.0,133.82173382173383,-168.98656898656898,0.0,71.30647130647131,81.46520146520146,-30.28083028083028,-1.3675213675213675,0.0,-12.698412698412698,54.5054945054945,27.936507936507937,49.81684981684982,0.0,-13.47985347985348,105.68986568986568,-190.86691086691087,19.73137973137973,27.936507936507937
-36.92307692307692,41.22100122100122,10.354090354090356,40.43956043956044,0.0,119.36507936507935,85.76312576312576,-92.4053724053724,-56.45909645909646,0.0,134.21245421245422,-172.8937728937729,0.0,61.92918192918193,77.16727716727716,-25.982905982905983,6.056166056166056,0.0,-15.433455433455434,47.081807081807085,27.155067155067155,59.58485958485959,0.0,-9.963369963369964,88.88888888888889,-171.33089133089132,13.47985347985348,27.155067155067155
-36.14163614163614,34.18803418803419,8.791208791208792,47.472527472527474,0.0,108.8156288156288,79.9023199023199,-81.46520146520146,-50.989010989010985,0.0,131.4774114774115,-168.98656898656898,0.0,56.06837606837607,70.52503052503053,-19.34065934065934,4.884004884004884,0.0,-16.996336996336996,39.26739926739927,29.10866910866911,59.58485958485959,0.0,-8.4004884004884,63.10134310134311,-138.5103785103785,3.711843711843712,29.10866910866911
-36.53235653235653,27.936507936507937,7.619047619047619,47.472527472527474,0.0,97.09401709401708,70.13431013431014,-67.78998778998779,-50.989010989010985,0.0,121.7094017094017,-161.17216117216117,0.0,48.25396825396825,61.14774114774115,-8.00976800976801,1.3675213675213675,0.0,-16.605616605616607,28.71794871794872,34.57875457875458,54.5054945054945,0.0,-7.228327228327228,93.96825396825396,-162.34432234432234,-2.5396825396825395,34.57875457875458
-39.26739926739927,18.94993894993895,1.3675213675213675,54.5054945054945,0.0,80.29304029304029,54.89621489621489,-54.114774114774114,-42.78388278388278,0.0,106.47130647130648,-150.23199023199024,0.0,36.53235653235653,45.51892551892552,4.493284493284493,8.00976800976801,0.0,-16.996336996336996,14.652014652014651,40.04884004884005,56.45909645909646,0.0,-0.9768009768009768,116.23931623931624,-178.36385836385836,-10.354090354090356,40.04884004884005
-37.704517704517706,11.135531135531137,-2.93040293040293,57.63125763125763,0.0,69.35286935286935,38.095238095238095,-42.78388278388278,-36.14163614163614,0.0,90.45177045177046,-133.82173382173383,0.0,26.37362637362637,32.234432234432234,16.605616605616607,14.652014652014651,0.0,-17.77777777777778,4.884004884004884,47.86324786324786,54.89621489621489,0.0,3.3211233211233213,99.82905982905984,-152.96703296703296,-18.168498168498168,47.86324786324786
-34.969474969474966,2.148962148962149,-6.446886446886447,56.84981684981685,0.0,60.366300366300365,18.168498168498168,-29.89010989010989,-29.499389499389498,0.0,68.96214896214896,-114.28571428571428,0.0,13.870573870573873,23.247863247863247,27.936507936507937,18.168498168498168,0.0,-15.824175824175825,1.7582417582417582,51.37973137973138,46.3003663003663,0.0,6.837606837606837,99.82905982905984,-138.1196581196581,-23.247863247863247,51.37973137973138
-35.75091575091575,-8.00976800976801,-13.47985347985348,67.3992673992674,0.0,46.69108669108669,-4.493284493284493,-18.94993894993895,-11.916971916971915,0.0,39.65811965811966,-93.18681318681318,0.0,0.1953601953601953,12.698412698412698,37.704517704517706,25.592185592185597,0.0,-15.042735042735044,-2.93040293040293,53.724053724053725,40.83028083028083,0.0,13.870573870573873,95.53113553113552,-117.02075702075702,-29.10866910866911,53.724053724053725
-38.48595848595848,-21.294261294261293,-19.34065934065934,77.94871794871794,0.0,29.499389499389498,-23.63858363858364,-12.307692307692308,4.884004884004884,0.0,6.446886446886447,-70.91575091575092,0.0,-15.042735042735044,-0.9768009768009768,42.78388278388278,34.57875457875458,0.0,-19.73137973137973,-9.963369963369964,53.724053724053725,36.92307692307692,0.0,19.73137973137973,95.92185592185592,-99.43833943833944,-36.53235653235653,53.724053724053725
-41.22100122100122,-31.062271062271066,-23.247863247863247,81.46520146520146,0.0,10.354090354090356,-34.57875457875458,-2.5396825396825395,12.698412698412698,0.0,-21.294261294261293,-49.42612942612943,0.0,-29.499389499389498,-15.433455433455434,53.333333333333336,34.18803418803419,0.0,-24.02930402930403,-17.77777777777778,54.5054945054945,29.499389499389498,0.0,23.63858363858364,117.02075702075702,-104.51770451770452,-41.22100122100122,54.5054945054945
-48.64468864468864,-37.704517704517706,-23.63858363858364,86.15384615384616,0.0,-13.47985347985348,-41.61172161172161,9.18192918192918,22.075702075702075,0.0,-51.37973137973138,-29.10866910866911,0.0,-44.737484737484735,-24.42002442002442,68.57142857142857,30.28083028083028,0.0,-25.2014652014652,-27.545787545787547,61.14774114774115,21.294261294261293,0.0,24.02930402930403,110.37851037851038,-83.41880341880342,-45.90964590964591,61.14774114774115
-49.81684981684982,-47.081807081807085,-31.45299145299145,98.65689865689866,0.0,-30.671550671550676,-50.5982905982906,11.135531135531137,40.43956043956044,0.0,-68.96214896214896,-10.744810744810744,0.0,-60.757020757020754,-38.48595848595848,74.82295482295483,46.69108669108669,0.0,-29.10866910866911,-41.22100122100122,59.58485958485959,33.01587301587302,0.0,31.843711843711844,98.26617826617829,-60.757020757020754,-52.94261294261294,59.58485958485959
-47.472527472527474,-51.37973137973138,-34.18803418803419,101.3919413919414,0.0,-46.69108669108669,-52.16117216117216,16.214896214896214,50.20757020757021,0.0,-80.29304029304029,6.446886446886447,0.0,-76.77655677655677,-45.90964590964591,80.68376068376068,56.06837606837607,0.0,-29.89010989010989,-51.77045177045177,56.06837606837607,39.65811965811966,0.0,34.57875457875458,71.6971916971917,-25.982905982905983,-58.02197802197802,56.06837606837607
-42.39316239316239,-52.55189255189255,-33.01587301587302,95.14041514041514,0.0,-58.02197802197802,-49.81684981684982,25.592185592185597,49.42612942612943,0.0,-88.1074481074481,25.2014652014652,0.0,-87.71672771672772,-44.737484737484735,90.06105006105007,52.94261294261294,0.0,-23.63858363858364,-54.5054945054945,52.94261294261294,35.75091575091575,0.0,33.40659340659341,105.2991452991453,-46.69108669108669,-64.66422466422466,52.94261294261294
-36.14163614163614,-56.84981684981685,-36.53235653235653,97.87545787545788,0.0,-65.83638583638583,-49.03540903540904,29.10866910866911,53.724053724053725,0.0,-89.67032967032966,40.43956043956044,0.0,-101.001221001221,-51.77045177045177,94.74969474969475,61.92918192918193,0.0,-21.68498168498169,-60.366300366300365,44.737484737484735,41.61172161172161,0.0,36.92307692307692,90.45177045177046,-22.857142857142858,-70.91575091575092,44.737484737484735
-32.234432234432234,-58.8034188034188,-38.48595848595848,96.7032967032967,0.0,-75.995115995116,-42.002442002442,31.45299145299145,52.55189255189255,0.0,-93.18681318681318,52.16117216117216,0.0,-113.5042735042735,-61.14774114774115,99.82905982905984,68.57142857142857,0.0,-22.075702075702075,-63.88278388278388,35.36019536019536,43.95604395604396,0.0,38.87667887667888,25.592185592185597,50.5982905982906,-77.94871794871794,35.36019536019536
-27.155067155067155,-56.45909645909646,-38.87667887667888,86.15384615384616,0.0,-81.46520146520146,-32.62515262515262,37.704517704517706,39.65811965811966,0.0,-96.31257631257633,64.66422466422466,0.0,-118.1929181929182,-68.57142857142857,111.15995115995116,61.53846153846154,0.0,-18.55921855921856,-65.05494505494505,32.234432234432234,35.75091575091575,0.0,39.26739926739927,31.843711843711844,52.16117216117216,-84.98168498168498,32.234432234432234
-23.63858363858364,-57.24053724053724,-44.346764346764346,80.68376068376068,0.0,-86.15384615384616,-32.234432234432234,39.26739926739927,34.18803418803419,0.0,-101.3919413919414,72.47863247863248,0.0,-125.6166056166056,-79.51159951159951,114.28571428571428,61.92918192918193,0.0,-18.168498168498168,-68.96214896214896,26.764346764346765,30.671550671550676,0.0,44.737484737484735,49.42612942612943,42.39316239316239,-93.96825396825396,26.764346764346765
-22.466422466422465,-56.06837606837607,-52.16117216117216,79.12087912087912,0.0,-93.18681318681318,-31.062271062271066,37.31379731379732,35.36019536019536,0.0,-105.68986568986568,76.77655677655677,0.0,-134.21245421245422,-89.67032967032966,111.55067155067157,68.57142857142857,0.0,-20.12210012210012,-73.65079365079364,18.55921855921856,31.45299145299145,0.0,52.55189255189255,-1.3675213675213675,95.14041514041514,-99.04761904761904,18.55921855921856
-18.94993894993895,-51.37973137973138,-53.724053724053725,69.74358974358974,0.0,-101.001221001221,-27.936507936507937,41.61172161172161,31.843711843711844,0.0,-109.98778998778998,82.63736263736264,0.0,-142.41758241758242,-90.84249084249085,111.15995115995116,65.05494505494505,0.0,-19.73137973137973,-75.6043956043956,15.042735042735044,24.02930402930403,0.0,54.114774114774114,-48.25396825396825,135.3846153846154,-97.87545787545788,15.042735042735044
-15.042735042735044,-46.3003663003663,-52.94261294261294,61.14774114774115,0.0,-107.25274725274726,-25.592185592185597,49.81684981684982,29.499389499389498,0.0,-110.76923076923076,88.4981684981685,0.0,-148.2783882783883,-86.54456654456655,111.55067155067157,58.41269841269841,0.0,-17.387057387057386,-75.21367521367522,16.214896214896214,11.526251526251526,0.0,53.333333333333336,-35.36019536019536,116.23931623931624,-95.53113553113552,16.214896214896214
-10.354090354090356,-41.22100122100122,-52.55189255189255,62.31990231990232,0.0,-112.33211233211232,-20.903540903540904,56.06837606837607,34.18803418803419,0.0,-109.5970695970696,97.09401709401708,0.0,-152.96703296703296,-83.02808302808303,109.5970695970696,61.53846153846154,0.0,-17.77777777777778,-73.26007326007326,14.652014652014651,11.135531135531137,0.0,52.94261294261294,-31.45299145299145,101.001221001221,-88.88888888888889,14.652014652014651
-3.711843711843712,-35.75091575091575,-49.42612942612943,56.45909645909646,0.0,-115.06715506715508,-12.698412698412698,63.49206349206349,31.062271062271066,0.0,-106.47130647130648,107.64346764346764,0.0,-153.35775335775335,-78.73015873015873,109.5970695970696,56.45909645909646,0.0,-16.214896214896214,-70.13431013431014,14.652014652014651,5.665445665445666,0.0,49.81684981684982,-38.095238095238095,97.87545787545788,-82.63736263736264,14.652014652014651
2.5396825396825395,-28.32722832722833,-42.78388278388278,44.346764346764346,0.0,-113.89499389499387,-4.102564102564102,73.65079365079364,20.12210012210012,0.0,-99.82905982905984,117.02075702075702,0.0,-149.45054945054946,-70.52503052503053,111.55067155067157,44.346764346764346,0.0,-10.744810744810744,-62.71062271062271,15.433455433455434,-5.274725274725275,0.0,43.17460317460318,-32.62515262515262,88.1074481074481,-77.55799755799755,15.433455433455434
5.274725274725275,-21.294261294261293,-42.78388278388278,40.43956043956044,0.0,-112.33211233211232,-0.9768009768009768,76.38583638583638,18.168498168498168,0.0,-95.14041514041514,120.53724053724054,0.0,-147.88766788766787,-67.3992673992674,108.03418803418803,43.17460317460318,0.0,-9.18192918192918,-58.02197802197802,9.18192918192918,-6.056166056166056,0.0,43.17460317460318,-59.1941391941392,112.33211233211232,-75.21367521367522,9.18192918192918
6.446886446886447,-16.605616605616607,-42.39316239316239,34.18803418803419,0.0,-111.15995115995116,-0.5860805860805861,74.04151404151405,18.94993894993895,0.0,-95.14041514041514,119.75579975579976,0.0,-149.84126984126985,-66.22710622710623,101.3919413919414,43.17460317460318,0.0,-8.4004884004884,-55.67765567765568,-1.3675213675213675,-4.102564102564102,0.0,42.78388278388278,-86.54456654456655,134.21245421245422,-70.52503052503053,-1.3675213675213675
7.228327228327228,-9.18192918192918,-33.7973137973138,18.94993894993895,0.0,-109.2063492063492,0.1953601953601953,78.33943833943835,13.089133089133089,0.0,-93.57753357753356,116.63003663003664,0.0,-154.9206349206349,-52.55189255189255,101.78266178266178,28.71794871794872,0.0,-8.00976800976801,-48.64468864468864,-4.884004884004884,-13.089133089133089,0.0,34.18803418803419,-52.55189255189255,95.14041514041514,-65.83638583638583,-4.884004884004884
13.870573870573873,-0.5860805860805861,-34.969474969474966,8.00976800976801,0.0,-97.09401709401708,-1.3675213675213675,74.82295482295483,9.572649572649572,0.0,-92.7960927960928,120.14652014652016,0.0,-148.2783882783883,-47.081807081807085,95.53113553113552,18.168498168498168,0.0,-1.7582417582417582,-48.25396825396825,-13.089133089133089,-16.996336996336996,0.0,35.36019536019536,-50.5982905982906,81.07448107448107,-61.53846153846154,-13.089133089133089
16.996336996336996,2.148962148962149,-35.36019536019536,10.744810744810744,0.0,-90.84249084249085,-2.5396825396825395,68.96214896214896,19.73137973137973,0.0,-92.7960927960928,117.8021978021978,0.0,-149.84126984126985,-44.346764346764346,88.1074481074481,19.73137973137973,0.0,-1.7582417582417582,-54.5054945054945,-19.34065934065934,-9.18192918192918,0.0,35.75091575091575,-127.57020757020756,138.9010989010989,-54.89621489621489,-19.34065934065934
23.63858363858364,8.4004884004884,-32.62515262515262,5.665445665445666,0.0,-79.51159951159951,-3.711843711843712,69.74358974358974,19.73137973137973,0.0,-87.71672771672772,118.5836385836386,0.0,-142.8083028083028,-40.43956043956044,84.59096459096459,12.698412698412698,0.0,1.7582417582417582,-57.24053724053724,-22.466422466422465,-7.228327228327228,0.0,33.01587301587302,-153.74847374847374,151.7948717948718,-51.77045177045177,-22.466422466422465
29.89010989010989,16.996336996336996,-28.32722832722833,-0.5860805860805861,0.0,-67.3992673992674,-0.1953601953601953,70.13431013431014,15.824175824175825,0.0,-85.37240537240537,120.53724053724054,0.0,-131.08669108669108,-41.22100122100122,86.15384615384616,3.711843711843712,0.0,8.4004884004884,-57.63125763125763,-24.02930402930403,-8.00976800976801,0.0,28.71794871794872,-131.08669108669108,117.8021978021978,-48.25396825396825,-24.02930402930403
30.671550671550676,21.68498168498169,-23.63858363858364,1.7582417582417582,0.0,-61.92918192918193,0.1953601953601953,67.00854700854701,25.2014652014652,0.0,-84.2002442002442,115.06715506715508,0.0,-128.35164835164835,-44.737484737484735,86.54456654456655,8.4004884004884,0.0,6.446886446886447,-60.366300366300365,-25.2014652014652,1.7582417582417582,0.0,24.02930402930403,-152.57631257631255,128.35164835164835,-43.95604395604396,-25.2014652014652
28.71794871794872,28.32722832722833,-18.55921855921856,-2.5396825396825395,0.0,-55.28693528693529,-0.1953601953601953,62.71062271062271,27.936507936507937,0.0,-83.80952380952381,106.47130647130648,0.0,-120.14652014652016,-45.90964590964591,84.59096459096459,7.619047619047619,0.0,6.056166056166056,-57.63125763125763,-28.71794871794872,5.665445665445666,0.0,18.94993894993895,-179.14529914529913,151.4041514041514,-40.83028083028083,-28.71794871794872
27.155067155067155,37.31379731379732,-13.089133089133089,-15.042735042735044,0.0,-48.25396825396825,0.5860805860805861,57.24053724053724,25.592185592185597,0.0,-81.46520146520146,97.87545787545788,0.0,-111.55067155067157,-44.346764346764346,84.2002442002442,-1.3675213675213675,0.0,8.00976800976801,-51.77045177045177,-29.89010989010989,0.5860805860805861,0.0,13.47985347985348,-127.96092796092796,97.09401709401708,-37.31379731379732,-29.89010989010989
26.37362637362637,42.39316239316239,-16.605616605616607,-20.512820512820515,0.0,-43.17460317460318,-0.9768009768009768,48.25396825396825,27.545787545787547,0.0,-81.07448107448107,85.37240537240537,0.0,-104.9084249084249,-43.95604395604396,75.995115995116,-2.148962148962149,0.0,7.228327228327228,-50.20757020757021,-33.7973137973138,0.5860805860805861,0.0,16.996336996336996,-98.26617826617829,63.49206349206349,-36.53235653235653,-33.7973137973138
22.075702075702075,43.17460317460318,-19.34065934065934,-22.466422466422465,0.0,-38.48595848595848,-9.18192918192918,40.43956043956044,31.062271062271066,0.0,-81.85592185592185,70.52503052503053,0.0,-100.6105006105006,-46.69108669108669,64.66422466422466,1.3675213675213675,0.0,4.493284493284493,-52.55189255189255,-36.92307692307692,3.3211233211233213,0.0,19.73137973137973,-137.33821733821733,97.09401709401708,-33.40659340659341,-36.92307692307692
20.12210012210012,43.95604395604396,-18.94993894993895,-27.545787545787547,0.0,-34.57875457875458,-13.089133089133089,37.31379731379732,27.545787545787547,0.0,-84.59096459096459,61.14774114774115,0.0,-95.53113553113552,-46.3003663003663,57.63125763125763,-0.5860805860805861,0.0,3.711843711843712,-52.16117216117216,-38.095238095238095,2.148962148962149,0.0,19.34065934065934,-146.7155067155067,102.95482295482296,-29.89010989010989,-38.095238095238095
18.55921855921856,45.12820512820513,-16.605616605616607,-30.671550671550676,0.0,-29.89010989010989,-15.042735042735044,33.7973137973138,26.764346764346765,0.0,-91.62393162393164,57.24053724053724,0.0,-90.84249084249085,-45.51892551892552,54.89621489621489,-0.1953601953601953,0.0,2.93040293040293,-52.16117216117216,-34.18803418803419,1.7582417582417582,0.0,16.996336996336996,-131.4774114774115,84.59096459096459,-27.545787545787547,-34.18803418803419
15.433455433455434,42.78388278388278,-14.261294261294262,-28.71794871794872,0.0,-22.075702075702075,-25.592185592185597,29.89010989010989,32.62515262515262,0.0,-101.3919413919414,53.333333333333336,0.0,-87.32600732600733,-49.81684981684982,52.94261294261294,9.18192918192918,0.0,-0.1953601953601953,-52.55189255189255,-31.062271062271066,9.963369963369964,0.0,14.652014652014651,-122.1001221001221,74.04151404151405,-25.592185592185597,-31.062271062271066
14.261294261294262,38.095238095238095,-12.698412698412698,-27.545787545787547,0.0,-14.652014652014651,-34.57875457875458,27.155067155067155,33.01587301587302,0.0,-105.68986568986568,52.16117216117216,0.0,-78.33943833943835,-50.989010989010985,52.16117216117216,11.916971916971915,0.0,-1.3675213675213675,-50.20757020757021,-24.42002442002442,12.307692307692308,0.0,13.089133089133089,-90.84249084249085,43.95604395604396,-23.247863247863247,-24.42002442002442
14.652014652014651,37.704517704517706,-15.433455433455434,-29.499389499389498,0.0,-7.228327228327228,-40.43956043956044,25.982905982905983,29.10866910866911,0.0,-108.03418803418803,51.37973137973138,0.0,-69.74358974358974,-49.81684981684982,52.55189255189255,9.572649572649572,0.0,-1.7582417582417582,-46.3003663003663,-20.512820512820515,13.089133089133089,0.0,15.824175824175825,-56.45909645909646,8.791208791208792,-22.075702075702075,-20.512820512820515
9.572649572649572,33.01587301587302,-23.247863247863247,-21.294261294261293,0.0,-5.274725274725275,-53.333333333333336,22.466422466422465,34.18803418803419,0.0,-110.76923076923076,44.737484737484735,0.0,-64.66422466422466,-55.28693528693529,48.25396825396825,16.214896214896214,0.0,-6.837606837606837,-47.86324786324786,-23.63858363858364,22.857142857142858,0.0,23.63858363858364,-63.10134310134311,15.433455433455434,-20.903540903540904,-23.63858363858364
2.93040293040293,24.42002442002442,-30.28083028083028,-10.744810744810744,0.0,-7.228327228327228,-68.96214896214896,22.466422466422465,39.65811965811966,0.0,-111.55067155067157,36.53235653235653,0.0,-65.05494505494505,-61.92918192918193,43.56532356532357,22.075702075702075,0.0,-12.307692307692308,-55.67765567765568,-23.63858363858364,30.671550671550676,0.0,30.671550671550676,-24.81074481074481,-23.247863247863247,-22.466422466422465,-23.63858363858364
1.3675213675213675,31.062271062271066,-35.75091575091575,-19.34065934065934,0.0,-7.619047619047619,-63.88278388278388,21.68498168498169,27.155067155067155,0.0,-109.98778998778998,34.57875457875458,0.0,-59.58485958485959,-59.1941391941392,38.48595848595848,12.698412698412698,0.0,-9.572649572649572,-53.724053724053725,-25.2014652014652,21.68498168498169,0.0,36.14163614163614,-12.698412698412698,-35.75091575091575,-22.857142857142858,-25.2014652014652
0.1953601953601953,33.40659340659341,-36.14163614163614,-25.982905982905983,0.0,-11.135531135531137,-63.49206349206349,22.075702075702075,23.247863247863247,0.0,-106.08058608058607,31.45299145299145,0.0,-58.02197802197802,-60.757020757020754,40.43956043956044,9.572649572649572,0.0,-10.354090354090356,-51.37973137973138,-20.512820512820515,14.652014652014651,0.0,36.53235653235653,-25.592185592185597,-23.63858363858364,-23.63858363858364,-20.512820512820515
1.7582417582417582,31.062271062271066,-40.83028083028083,-26.37362637362637,0.0,-15.042735042735044,-61.92918192918193,17.77777777777778,24.81074481074481,0.0,-98.26617826617829,30.671550671550676,0.0,-58.41269841269841,-60.757020757020754,35.75091575091575,18.94993894993895,0.0,-11.135531135531137,-50.20757020757021,-16.605616605616607,15.042735042735044,0.0,41.22100122100122,-84.98168498168498,33.01587301587302,-25.592185592185597,-16.605616605616607
7.228327228327228,34.18803418803419,-38.095238095238095,-37.704517704517706,0.0,-18.168498168498168,-50.20757020757021,18.94993894993895,15.042735042735044,0.0,-83.41880341880342,34.18803418803419,0.0,-55.67765567765568,-50.5982905982906,38.87667887667888,13.870573870573873,0.0,-7.619047619047619,-40.43956043956044,-9.963369963369964,6.446886446886447,0.0,38.48595848595848,-98.26617826617829,45.51892551892552,-22.857142857142858,-9.963369963369964
10.354090354090356,35.36019536019536,-34.18803418803419,-42.39316239316239,0.0,-26.764346764346765,-40.04884004884005,22.075702075702075,13.870573870573873,0.0,-65.44566544566544,37.704517704517706,0.0,-56.84981684981685,-38.87667887667888,44.346764346764346,17.77777777777778,0.0,-6.837606837606837,-29.499389499389498,-2.148962148962149,6.837606837606837,0.0,34.57875457875458,-36.92307692307692,-12.307692307692308,-24.02930402930403,-2.148962148962149
8.00976800976801,36.14163614163614,-37.31379731379732,-35.36019536019536,0.0,-41.22100122100122,-32.234432234432234,23.247863247863247,22.075702075702075,0.0,-51.37973137973138,37.31379731379732,0.0,-63.49206349206349,-27.936507936507937,44.346764346764346,32.62515262515262,0.0,-8.00976800976801,-27.155067155067155,1.7582417582417582,19.34065934065934,0.0,37.704517704517706,-49.03540903540904,-0.5860805860805861,-27.545787545787547,1.7582417582417582
7.228327228327228,40.83028083028083,-39.26739926739927,-31.062271062271066,0.0,-54.114774114774114,-20.12210012210012,27.155067155067155,24.81074481074481,0.0,-36.53235653235653,39.26739926739927,0.0,-66.61782661782662,-15.824175824175825,45.12820512820513,38.87667887667888,0.0,-7.228327228327228,-22.857142857142858,6.837606837606837,25.982905982905983,0.0,39.65811965811966,-78.33943833943835,24.02930402930403,-27.936507936507937,6.837606837606837
8.00976800976801,43.95604395604396,-39.26739926739927,-27.936507936507937,0.0,-63.49206349206349,-9.18192918192918,31.45299145299145,24.42002442002442,0.0,-23.63858363858364,42.78388278388278,0.0,-65.05494505494505,-4.493284493284493,48.64468864468864,38.095238095238095,0.0,-2.93040293040293,-17.387057387057386,13.47985347985348,24.02930402930403,0.0,39.65811965811966,-47.86324786324786,-3.711843711843712,-28.71794871794872,13.47985347985348
8.00976800976801,42.39316239316239,-43.17460317460318,-17.387057387057386,0.0,-70.52503052503053,-6.446886446886447,35.75091575091575,31.062271062271066,0.0,-12.307692307692308,43.17460317460318,0.0,-64.27350427350427,2.93040293040293,47.472527472527474,42.002442002442,0.0,0.5860805860805861,-16.996336996336996,20.12210012210012,24.02930402930403,0.0,43.56532356532357,-33.7973137973138,-17.387057387057386,-29.499389499389498,20.12210012210012
8.4004884004884,36.53235653235653,-43.95604395604396,-3.3211233211233213,0.0,-78.33943833943835,-4.102564102564102,37.704517704517706,42.002442002442,0.0,-4.884004884004884,47.86324786324786,0.0,-63.88278388278388,9.572649572649572,43.56532356532357,47.081807081807085,0.0,2.148962148962149,-16.605616605616607,25.592185592185597,25.592185592185597,0.0,44.346764346764346,-57.24053724053724,9.18192918192918,-26.764346764346765,25.592185592185597
9.18192918192918,27.545787545787547,-38.87667887667888,0.9768009768009768,0.0,-84.98168498168498,-4.102564102564102,43.17460317460318,44.737484737484735,0.0,-0.1953601953601953,54.114774114774114,0.0,-60.366300366300365,15.824175824175825,42.78388278388278,45.12820512820513,0.0,5.274725274725275,-11.135531135531137,33.40659340659341,16.605616605616607,0.0,39.26739926739927,-52.16117216117216,21.68498168498169,-27.155067155067155,33.40659340659341
8.4004884004884,13.089133089133089,-36.14163614163614,8.00976800976801,0.0,-97.48473748473748,-11.135531135531137,47.472527472527474,56.06837606837607,0.0,-2.5396825396825395,56.06837606837607,0.0,-60.757020757020754,16.605616605616607,36.53235653235653,56.45909645909646,0.0,5.274725274725275,-11.135531135531137,37.31379731379732,17.77777777777778,0.0,36.53235653235653,-44.346764346764346,30.671550671550676,-32.234432234432234,37.31379731379732
6.837606837606837,-0.1953601953601953,-33.01587301587302,11.135531135531137,0.0,-111.94139194139194,-21.68498168498169,48.64468864468864,69.74358974358974,0.0,-10.744810744810744,52.55189255189255,0.0,-63.10134310134311,8.791208791208792,28.71794871794872,70.52503052503053,0.0,0.1953601953601953,-15.042735042735044,37.31379731379732,24.42002442002442,0.0,33.40659340659341,-58.02197802197802,52.94261294261294,-36.92307692307692,37.31379731379732
7.228327228327228,-12.698412698412698,-31.843711843711844,5.665445665445666,0.0,-123.27228327228327,-32.234432234432234,50.989010989010985,72.86935286935287,0.0,-16.996336996336996,46.3003663003663,0.0,-60.757020757020754,-1.7582417582417582,26.37362637362637,73.65079365079364,0.0,-4.102564102564102,-18.55921855921856,37.704517704517706,23.247863247863247,0.0,32.234432234432234,-29.499389499389498,23.247863247863247,-37.704517704517706,37.704517704517706
9.572649572649572,-24.42002442002442,-30.28083028083028,0.9768009768009768,0.0,-131.86813186813183,-41.22100122100122,53.333333333333336,75.6043956043956,0.0,-22.466422466422465,38.095238095238095,0.0,-58.41269841269841,-10.354090354090356,24.42002442002442,74.04151404151405,0.0,-4.102564102564102,-22.466422466422465,35.36019536019536,21.294261294261293,0.0,30.671550671550676,-9.18192918192918,1.3675213675213675,-38.48595848595848,35.36019536019536
8.791208791208792,-35.36019536019536,-32.234432234432234,6.837606837606837,0.0,-140.46398046398048,-50.20757020757021,49.03540903540904,89.27960927960928,0.0,-25.982905982905983,23.247863247863247,0.0,-59.975579975579976,-23.63858363858364,22.857142857142858,83.41880341880342,0.0,-7.619047619047619,-30.28083028083028,32.62515262515262,27.936507936507937,0.0,32.62515262515262,-42.39316239316239,24.02930402930403,-34.57875457875458,32.62515262515262
7.619047619047619,-43.95604395604396,-34.57875457875458,13.870573870573873,0.0,-145.54334554334554,-50.5982905982906,44.737484737484735,93.57753357753356,0.0,-27.936507936507937,15.433455433455434,0.0,-57.24053724053724,-33.40659340659341,19.34065934065934,88.1074481074481,0.0,-8.00976800976801,-32.62515262515262,28.71794871794872,28.71794871794872,0.0,34.969474969474966,-53.724053724053725,38.87667887667888,-33.40659340659341,28.71794871794872
10.354090354090356,-48.64468864468864,-28.32722832722833,10.354090354090356,0.0,-143.98046398046398,-45.51892551892552,46.69108669108669,85.76312576312576,0.0,-29.10866910866911,13.870573870573873,0.0,-49.42612942612943,-38.095238095238095,22.857142857142858,77.94871794871794,0.0,-1.3675213675213675,-29.499389499389498,27.936507936507937,16.214896214896214,0.0,28.71794871794872,-35.75091575091575,35.36019536019536,-33.40659340659341,27.936507936507937
8.791208791208792,-54.5054945054945,-24.42002442002442,14.652014652014651,0.0,-145.15262515262515,-43.95604395604396,42.78388278388278,90.06105006105007,0.0,-33.7973137973138,9.572649572649572,0.0,-45.90964590964591,-49.03540903540904,22.857142857142858,81.07448107448107,0.0,0.1953601953601953,-31.843711843711844,26.37362637362637,14.261294261294262,0.0,24.81074481074481,-61.92918192918193,74.04151404151405,-34.969474969474966,26.37362637362637
9.572649572649572,-59.1941391941392,-22.075702075702075,15.433455433455434,0.0,-141.63614163614164,-40.83028083028083,38.48595848595848,87.32600732600733,0.0,-37.31379731379732,8.791208791208792,0.0,-34.57875457875458,-63.10134310134311,17.387057387057386,81.07448107448107,0.0,1.3675213675213675,-33.01587301587302,19.73137973137973,12.307692307692308,0.0,22.466422466422465,-118.97435897435898,137.72893772893772,-33.40659340659341,19.73137973137973
13.089133089133089,-59.1941391941392,-13.47985347985348,6.837606837606837,0.0,-134.6031746031746,-36.92307692307692,41.61172161172161,77.94871794871794,0.0,-38.095238095238095,8.791208791208792,0.0,-21.294261294261293,-70.52503052503053,18.168498168498168,68.18070818070818,0.0,4.493284493284493,-31.843711843711844,18.94993894993895,2.5396825396825395,0.0,13.870573870573873,-81.07448107448107,102.17338217338218,-31.45299145299145,18.94993894993895
16.214896214896214,-58.02197802197802,-2.93040293040293,4.884004884004884,0.0,-127.96092796092796,-33.01587301587302,43.95604395604396,76.77655677655677,0.0,-36.53235653235653,6.837606837606837,0.0,-10.744810744810744,-74.43223443223444,18.55921855921856,60.757020757020754,0.0,7.619047619047619,-31.843711843711844,19.73137973137973,-1.3675213675213675,0.0,3.3211233211233213,-14.652014652014651,33.7973137973138,-29.10866910866911,19.73137973137973
17.387057387057386,-58.02197802197802,4.102564102564102,9.572649572649572,0.0,-120.92796092796092,-30.28083028083028,44.737484737484735,81.07448107448107,0.0,-34.18803418803419,6.837606837606837,0.0,-2.148962148962149,-75.995115995116,15.042735042735044,57.63125763125763,0.0,8.4004884004884,-28.71794871794872,16.996336996336996,-0.9768009768009768,0.0,-3.711843711843712,-24.02930402930403,34.57875457875458,-21.68498168498169,16.996336996336996
20.512820512820515,-55.28693528693529,15.433455433455434,8.791208791208792,0.0,-112.33211233211232,-23.247863247863247,48.25396825396825,78.33943833943835,0.0,-30.28083028083028,10.744810744810744,0.0,4.884004884004884,-70.13431013431014,14.652014652014651,45.90964590964591,0.0,10.354090354090356,-22.075702075702075,17.77777777777778,-9.572649572649572,0.0,-15.042735042735044,-44.346764346764346,46.3003663003663,-11.135531135531137,17.77777777777778
24.42002442002442,-50.5982905982906,26.764346764346765,6.446886446886447,0.0,-100.21978021978022,-15.824175824175825,52.55189255189255,71.6971916971917,0.0,-28.71794871794872,12.307692307692308,0.0,10.354090354090356,-58.8034188034188,17.77777777777778,27.545787545787547,0.0,13.870573870573873,-10.354090354090356,20.12210012210012,-24.42002442002442,0.0,-26.37362637362637,-9.18192918192918,9.18192918192918,-0.5860805860805861,20.12210012210012
25.592185592185597,-48.64468864468864,31.843711843711844,8.4004884004884,0.0,-86.93528693528694,-13.870573870573873,49.81684981684982,70.13431013431014,0.0,-27.155067155067155,7.619047619047619,0.0,16.605616605616607,-50.989010989010985,12.307692307692308,19.73137973137973,0.0,13.47985347985348,2.148962148962149,14.652014652014651,-31.45299145299145,0.0,-31.45299145299145,0.9768009768009768,-4.884004884004884,9.963369963369964,14.652014652014651
29.10866910866911,-47.472527472527474,33.7973137973138,6.056166056166056,0.0,-70.13431013431014,-17.77777777777778,46.3003663003663,64.27350427350427,0.0,-27.936507936507937,-0.1953601953601953,0.0,25.592185592185597,-50.20757020757021,0.1953601953601953,11.135531135531137,0.0,9.572649572649572,12.307692307692308,2.93040293040293,-37.704517704517706,0.0,-33.40659340659341,-17.77777777777778,10.354090354090356,18.55921855921856,2.93040293040293
31.843711843711844,-43.17460317460318,37.31379731379732,-2.93040293040293,0.0,-50.5982905982906,-24.42002442002442,48.25396825396825,49.42612942612943,0.0,-30.671550671550676,-7.228327228327228,0.0,36.92307692307692,-47.86324786324786,-8.00976800976801,-8.00976800976801,0.0,7.228327228327228,24.81074481074481,-6.837606837606837,-52.16117216117216,0.0,-36.92307692307692,-10.354090354090356,3.711843711843712,24.02930402930403,-6.837606837606837
29.89010989010989,-43.56532356532357,39.26739926739927,-4.884004884004884,0.0,-37.704517704517706,-34.969474969474966,44.737484737484735,48.25396825396825,0.0,-35.36019536019536,-15.433455433455434,0.0,42.39316239316239,-47.472527472527474,-18.168498168498168,-18.94993894993895,0.0,2.5396825396825395,28.71794871794872,-19.73137973137973,-55.28693528693529,0.0,-38.87667887667888,-11.526251526251526,4.102564102564102,27.155067155067155,-19.73137973137973
27.155067155067155,-43.95604395604396,37.704517704517706,-5.665445665445666,0.0,-26.37362637362637,-45.12820512820513,39.65811965811966,48.25396825396825,0.0,-40.83028083028083,-18.94993894993895,0.0,48.25396825396825,-52.16117216117216,-28.71794871794872,-27.545787545787547,0.0,-0.9768009768009768,29.10866910866911,-33.7973137973138,-54.89621489621489,0.0,-37.31379731379732,-15.824175824175825,4.884004884004884,32.62515262515262,-33.7973137973138
24.02930402930403,-40.43956043956044,36.92307692307692,-13.870573870573873,0.0,-15.042735042735044,-50.989010989010985,37.704517704517706,34.969474969474966,0.0,-47.081807081807085,-17.77777777777778,0.0,54.89621489621489,-48.25396825396825,-33.01587301587302,-47.472527472527474,0.0,0.9768009768009768,34.18803418803419,-43.17460317460318,-66.22710622710623,0.0,-36.53235653235653,12.698412698412698,-22.857142857142858,40.04884004884005,-43.17460317460318
18.55921855921856,-37.31379731379732,38.48595848595848,-19.34065934065934,0.0,-5.665445665445666,-53.333333333333336,34.969474969474966,24.81074481074481,0.0,-54.5054945054945,-19.73137973137973,0.0,57.24053724053724,-36.53235653235653,-29.89010989010989,-65.44566544566544,0.0,5.665445665445666,44.346764346764346,-45.90964590964591,-79.12087912087912,0.0,-38.095238095238095,37.31379731379732,-40.83028083028083,48.25396825396825,-45.90964590964591
18.94993894993895,-37.31379731379732,26.37362637362637,-16.214896214896214,0.0,4.493284493284493,-59.1941391941392,22.857142857142858,22.466422466422465,0.0,-61.53846153846154,-15.433455433455434,0.0,59.975579975579976,-34.57875457875458,-36.14163614163614,-60.366300366300365,0.0,9.963369963369964,50.989010989010985,-61.53846153846154,-71.6971916971917,0.0,-25.982905982905983,34.57875457875458,-33.7973137973138,54.5054945054945,-61.53846153846154
17.77777777777778,-37.704517704517706,19.73137973137973,-18.55921855921856,0.0,14.652014652014651,-67.00854700854701,16.605616605616607,15.433455433455434,0.0,-74.43223443223444,-6.446886446886447,0.0,61.53846153846154,-31.843711843711844,-34.969474969474966,-63.49206349206349,0.0,14.652014652014651,60.757020757020754,-71.30647130647131,-73.65079365079364,0.0,-19.34065934065934,24.02930402930403,-14.261294261294262,60.757020757020754,-71.30647130647131
21.294261294261293,-38.48595848595848,17.77777777777778,-25.982905982905983,0.0,26.764346764346765,-74.43223443223444,15.824175824175825,6.056166056166056,0.0,-88.4981684981685,3.711843711843712,0.0,60.366300366300365,-27.545787545787547,-26.764346764346765,-66.22710622710623,0.0,19.34065934065934,68.96214896214896,-73.26007326007326,-77.16727716727716,0.0,-17.387057387057386,81.85592185592185,-62.71062271062271,63.49206349206349,-73.26007326007326
25.2014652014652,-43.95604395604396,12.698412698412698,-22.466422466422465,0.0,34.18803418803419,-83.80952380952381,9.963369963369964,9.572649572649572,0.0,-102.95482295482296,15.433455433455434,0.0,56.84981684981685,-32.62515262515262,-22.857142857142858,-51.77045177045177,0.0,21.294261294261293,70.13431013431014,-77.94871794871794,-65.44566544566544,0.0,-12.307692307692308,69.74358974358974,-45.90964590964591,65.44566544566544,-77.94871794871794
24.42002442002442,-45.12820512820513,10.744810744810744,-19.34065934065934,0.0,39.65811965811966,-91.62393162393164,8.00976800976801,13.870573870573873,0.0,-116.23931623931624,24.02930402930403,0.0,58.8034188034188,-38.87667887667888,-20.512820512820515,-36.14163614163614,0.0,24.02930402930403,69.74358974358974,-75.21367521367522,-56.06837606837607,0.0,-10.354090354090356,12.307692307692308,15.042735042735044,67.3992673992674,-75.21367521367522
27.545787545787547,-42.39316239316239,10.744810744810744,-20.12210012210012,0.0,54.5054945054945,-97.87545787545788,8.00976800976801,9.963369963369964,0.0,-123.66300366300366,27.936507936507937,0.0,60.366300366300365,-38.87667887667888,-14.652014652014651,-25.592185592185597,0.0,25.982905982905983,71.6971916971917,-65.05494505494505,-52.55189255189255,0.0,-10.354090354090356,36.92307692307692,-5.274725274725275,66.61782661782662,-65.05494505494505
29.499389499389498,-38.87667887667888,8.00976800976801,-16.605616605616607,0.0,69.35286935286935,-101.3919413919414,1.3675213675213675,11.916971916971915,0.0,-126.3980463980464,28.32722832722833,0.0,61.92918192918193,-41.61172161172161,-11.916971916971915,-9.572649572649572,0.0,25.592185592185597,71.30647130647131,-57.24053724053724,-42.002442002442,0.0,-7.619047619047619,76.77655677655677,-43.56532356532357,63.49206349206349,-57.24053724053724
27.155067155067155,-36.53235653235653,6.837606837606837,-7.619047619047619,0.0,80.68376068376068,-101.3919413919414,-7.228327228327228,17.387057387057386,0.0,-124.05372405372404,24.42002442002442,0.0,63.10134310134311,-43.95604395604396,-15.042735042735044,6.446886446886447,0.0,20.903540903540904,71.30647130647131,-54.5054945054945,-27.155067155067155,0.0,-6.446886446886447,47.081807081807085,-13.870573870573873,65.05494505494505,-54.5054945054945
27.155067155067155,-36.14163614163614,10.744810744810744,-9.572649572649572,0.0,92.4053724053724,-99.43833943833944,-14.652014652014651,13.47985347985348,0.0,-116.23931623931624,20.12210012210012,0.0,62.71062271062271,-40.43956043956044,-15.433455433455434,8.4004884004884,0.0,16.214896214896214,75.21367521367522,-49.81684981684982,-26.37362637362637,0.0,-10.354090354090356,24.42002442002442,11.916971916971915,67.00854700854701,-49.81684981684982
28.32722832722833,-38.48595848595848,15.042735042735044,-12.307692307692308,0.0,99.04761904761904,-97.48473748473748,-21.294261294261293,11.916971916971915,0.0,-105.68986568986568,14.261294261294262,0.0,58.41269841269841,-35.36019536019536,-13.089133089133089,8.791208791208792,0.0,11.135531135531137,81.07448107448107,-49.42612942612943,-24.42002442002442,0.0,-14.652014652014651,46.3003663003663,-7.619047619047619,70.13431013431014,-49.42612942612943
27.936507936507937,-41.61172161172161,20.12210012210012,-9.963369963369964,0.0,98.65689865689866,-92.4053724053724,-26.37362637362637,16.996336996336996,0.0,-94.35897435897436,9.963369963369964,0.0,54.89621489621489,-30.28083028083028,-13.47985347985348,13.089133089133089,0.0,8.00976800976801,84.59096459096459,-52.16117216117216,-15.433455433455434,0.0,-19.73137973137973,50.5982905982906,-10.354090354090356,71.6971916971917,-52.16117216117216
29.89010989010989,-46.69108669108669,24.81074481074481,-8.00976800976801,0.0,99.04761904761904,-90.06105006105007,-28.71794871794872,18.94993894993895,0.0,-80.68376068376068,8.4004884004884,0.0,52.55189255189255,-22.857142857142858,-14.652014652014651,14.652014652014651,0.0,4.884004884004884,84.98168498168498,-50.20757020757021,-10.744810744810744,0.0,-24.42002442002442,33.40659340659341,8.00976800976801,71.30647130647131,-50.20757020757021
33.01587301587302,-48.25396825396825,31.843711843711844,-4.884004884004884,0.0,103.34554334554336,-84.98168498168498,-26.764346764346765,20.12210012210012,0.0,-66.61782661782662,8.00976800976801,0.0,49.03540903540904,-12.307692307692308,-12.698412698412698,13.47985347985348,0.0,5.274725274725275,83.02808302808303,-42.78388278388278,-8.00976800976801,0.0,-31.45299145299145,42.39316239316239,1.7582417582417582,65.44566544566544,-42.78388278388278
33.7973137973138,-51.77045177045177,38.095238095238095,8.4004884004884,0.0,103.73626373626374,-75.6043956043956,-29.89010989010989,31.843711843711844,0.0,-53.724053724053725,6.446886446886447,0.0,45.51892551892552,-4.884004884004884,-14.652014652014651,20.512820512820515,0.0,3.711843711843712,75.21367521367522,-36.53235653235653,2.5396825396825395,0.0,-37.704517704517706,15.824175824175825,33.01587301587302,57.24053724053724,-36.53235653235653
30.671550671550676,-53.724053724053725,41.61172161172161,23.63858363858364,0.0,102.56410256410255,-68.57142857142857,-32.62515262515262,42.78388278388278,0.0,-43.56532356532357,4.884004884004884,0.0,42.78388278388278,1.3675213675213675,-20.903540903540904,24.42002442002442,0.0,1.3675213675213675,65.83638583638583,-28.71794871794872,8.791208791208792,0.0,-41.22100122100122,7.619047619047619,43.95604395604396,51.77045177045177,-28.71794871794872
26.37362637362637,-53.724053724053725,51.77045177045177,28.71794871794872,0.0,100.21978021978022,-59.975579975579976,-31.062271062271066,45.90964590964591,0.0,-34.18803418803419,3.711843711843712,0.0,37.31379731379732,14.261294261294262,-20.12210012210012,19.34065934065934,0.0,-1.7582417582417582,64.27350427350427,-15.824175824175825,5.665445665445666,0.0,-51.37973137973138,68.18070818070818,-13.47985347985348,50.5982905982906,-15.824175824175825
27.155067155067155,-47.86324786324786,57.63125763125763,28.71794871794872,0.0,98.65689865689866,-47.081807081807085,-31.843711843711844,47.472527472527474,0.0,-27.545787545787547,10.354090354090356,0.0,41.22100122100122,24.42002442002442,-23.247863247863247,15.433455433455434,0.0,0.9768009768009768,62.31990231990232,-12.698412698412698,7.619047619047619,0.0,-57.24053724053724,88.1074481074481,-36.53235653235653,50.5982905982906,-12.698412698412698
23.247863247863247,-46.69108669108669,63.49206349206349,35.75091575091575,0.0,89.27960927960928,-37.704517704517706,-33.40659340659341,59.1941391941392,0.0,-24.42002442002442,17.387057387057386,0.0,38.095238095238095,34.18803418803419,-26.764346764346765,22.857142857142858,0.0,1.3675213675213675,58.02197802197802,-8.791208791208792,18.94993894993895,0.0,-63.10134310134311,46.3003663003663,-2.148962148962149,52.94261294261294,-8.791208791208792
23.63858363858364,-39.65811965811966,72.08791208791209,31.843711843711844,0.0,84.98168498168498,-24.02930402930403,-31.062271062271066,59.975579975579976,0.0,-18.55921855921856,29.10866910866911,0.0,39.65811965811966,45.90964590964591,-28.71794871794872,22.857142857142858,0.0,5.274725274725275,58.02197802197802,-0.1953601953601953,16.996336996336996,0.0,-71.6971916971917,48.64468864468864,-9.18192918192918,52.55189255189255,-0.1953601953601953
27.936507936507937,-30.28083028083028,82.24664224664225,26.37362637362637,0.0,81.85592185592185,-8.791208791208792,-27.155067155067155,61.14774114774115,0.0,-13.089133089133089,40.43956043956044,0.0,44.737484737484735,57.24053724053724,-28.32722832722833,19.34065934065934,0.0,15.824175824175825,59.1941391941392,6.837606837606837,9.572649572649572,0.0,-81.85592185592185,87.71672771672772,-46.3003663003663,50.5982905982906,6.837606837606837
24.02930402930403,-23.63858363858364,87.71672771672772,31.843711843711844,0.0,69.35286935286935,4.102564102564102,-27.545787545787547,75.21367521367522,0.0,-11.916971916971915,45.51892551892552,0.0,43.56532356532357,57.63125763125763,-29.499389499389498,28.71794871794872,0.0,21.294261294261293,55.67765567765568,10.744810744810744,11.916971916971915,0.0,-87.32600732600733,60.366300366300365,-18.55921855921856,49.42612942612943,10.744810744810744
17.77777777777778,-16.214896214896214,94.74969474969475,33.7973137973138,0.0,59.1941391941392,17.77777777777778,-29.10866910866911,83.80952380952381,0.0,-10.354090354090356,47.472527472527474,0.0,43.95604395604396,52.55189255189255,-28.71794871794872,32.234432234432234,0.0,25.982905982905983,51.37973137973138,14.261294261294262,7.228327228327228,0.0,-94.35897435897436,22.466422466422465,19.34065934065934,50.5982905982906,14.261294261294262
15.824175824175825,-8.00976800976801,101.001221001221,29.499389499389498,0.0,53.724053724053725,30.671550671550676,-28.32722832722833,83.02808302808303,0.0,-9.18192918192918,50.20757020757021,0.0,47.86324786324786,44.346764346764346,-25.592185592185597,29.10866910866911,0.0,30.671550671550676,45.90964590964591,12.307692307692308,5.665445665445666,0.0,-100.6105006105006,34.969474969474966,6.837606837606837,49.42612942612943,12.307692307692308
12.307692307692308,-6.446886446886447,106.86202686202688,25.592185592185597,0.0,45.12820512820513,38.87667887667888,-29.499389499389498,84.2002442002442,0.0,-12.307692307692308,52.16117216117216,0.0,48.25396825396825,30.28083028083028,-19.34065934065934,28.71794871794872,0.0,30.671550671550676,34.57875457875458,10.354090354090356,11.916971916971915,0.0,-106.47130647130648,55.67765567765568,-15.433455433455434,42.78388278388278,10.354090354090356
9.963369963369964,-8.791208791208792,108.42490842490842,26.764346764346765,0.0,37.704517704517706,43.95604395604396,-31.843711843711844,86.93528693528694,0.0,-12.698412698412698,52.94261294261294,0.0,47.472527472527474,16.605616605616607,-17.387057387057386,29.10866910866911,0.0,26.764346764346765,18.94993894993895,8.791208791208792,20.512820512820515,0.0,-108.03418803418803,22.075702075702075,11.526251526251526,34.57875457875458,8.791208791208792
11.135531135531137,-8.00976800976801,111.15995115995116,21.294261294261293,0.0,34.57875457875458,49.03540903540904,-29.89010989010989,82.63736263736264,0.0,-7.228327228327228,52.16117216117216,0.0,49.42612942612943,9.18192918192918,-12.698412698412698,18.94993894993895,0.0,27.155067155067155,6.837606837606837,13.870573870573873,16.605616605616607,0.0,-110.76923076923076,13.47985347985348,18.168498168498168,24.42002442002442,13.870573870573873
11.135531135531137,-2.148962148962149,111.15995115995116,17.77777777777778,0.0,31.062271062271066,52.94261294261294,-29.10866910866911,83.41880341880342,0.0,1.3675213675213675,44.737484737484735,0.0,48.64468864468864,8.00976800976801,-7.619047619047619,9.572649572649572,0.0,30.671550671550676,-2.148962148962149,17.77777777777778,12.307692307692308,0.0,-110.76923076923076,18.55921855921856,8.791208791208792,17.387057387057386,17.77777777777778
9.18192918192918,1.3675213675213675,106.47130647130648,22.857142857142858,0.0,26.37362637362637,55.67765567765568,-29.499389499389498,88.4981684981685,0.0,14.261294261294262,31.843711843711844,0.0,45.12820512820513,5.274725274725275,-5.665445665445666,8.00976800976801,0.0,32.234432234432234,-10.354090354090356,18.55921855921856,12.307692307692308,0.0,-106.08058608058607,2.5396825396825395,17.77777777777778,16.214896214896214,18.55921855921856
8.00976800976801,6.446886446886447,103.34554334554336,20.512820512820515,0.0,25.2014652014652,59.58485958485959,-27.155067155067155,82.24664224664225,0.0,30.28083028083028,19.73137973137973,0.0,43.17460317460318,4.102564102564102,-1.3675213675213675,-3.3211233211233213,0.0,33.7973137973138,-18.55921855921856,19.34065934065934,7.228327228327228,0.0,-102.95482295482296,20.12210012210012,-2.93040293040293,14.652014652014651,19.34065934065934
7.619047619047619,11.135531135531137,102.95482295482296,6.446886446886447,0.0,27.155067155067155,61.53846153846154,-22.466422466422465,62.71062271062271,0.0,44.346764346764346,9.572649572649572,0.0,42.002442002442,12.307692307692308,2.93040293040293,-24.02930402930403,0.0,35.75091575091575,-21.294261294261293,20.512820512820515,-1.3675213675213675,0.0,-102.56410256410255,42.78388278388278,-28.71794871794872,14.652014652014651,20.512820512820515
2.148962148962149,9.572649572649572,96.31257631257633,3.3211233211233213,0.0,25.982905982905983,52.94261294261294,-20.903540903540904,54.5054945054945,0.0,48.25396825396825,2.148962148962149,0.0,36.14163614163614,16.214896214896214,0.9768009768009768,-33.7973137973138,0.0,29.89010989010989,-26.37362637362637,20.12210012210012,-4.493284493284493,0.0,-95.92185592185592,54.89621489621489,-44.737484737484735,14.652014652014651,20.12210012210012
-4.493284493284493,0.1953601953601953,93.57753357753356,0.1953601953601953,0.0,26.37362637362637,32.62515262515262,-17.77777777777778,46.69108669108669,0.0,48.64468864468864,-2.93040293040293,0.0,29.89010989010989,18.94993894993895,-2.5396825396825395,-46.3003663003663,0.0,21.68498168498169,-33.01587301587302,18.55921855921856,-6.837606837606837,0.0,-93.18681318681318,129.9145299145299,-116.63003663003664,12.307692307692308,18.55921855921856
-11.526251526251526,3.711843711843712,84.59096459096459,-13.47985347985348,0.0,31.843711843711844,19.73137973137973,-17.387057387057386,27.545787545787547,0.0,45.51892551892552,-6.056166056166056,0.0,28.71794871794872,29.499389499389498,-15.042735042735044,-67.00854700854701,0.0,19.73137973137973,-29.499389499389498,7.228327228327228,-20.512820512820515,0.0,-84.2002442002442,168.5958485958486,-152.18559218559218,14.261294261294262,7.228327228327228
-22.075702075702075,2.93040293040293,75.995115995116,-17.77777777777778,0.0,35.36019536019536,0.9768009768009768,-17.387057387057386,18.94993894993895,0.0,34.969474969474966,-11.526251526251526,0.0,25.982905982905983,30.671550671550676,-24.81074481074481,-81.07448107448107,0.0,16.996336996336996,-32.62515262515262,-4.102564102564102,-28.32722832722833,0.0,-75.6043956043956,166.25152625152626,-147.1062271062271,17.387057387057386,-4.102564102564102
-33.7973137973138,-0.9768009768009768,63.10134310134311,-14.652014652014651,0.0,38.48595848595848,-18.94993894993895,-20.512820512820515,13.089133089133089,0.0,26.37362637362637,-17.77777777777778,0.0,24.42002442002442,26.37362637362637,-38.87667887667888,-84.98168498168498,0.0,11.526251526251526,-37.704517704517706,-21.294261294261293,-24.42002442002442,0.0,-62.71062271062271,114.67643467643468,-90.84249084249085,18.94993894993895,-21.294261294261293
-38.48595848595848,2.148962148962149,54.89621489621489,-25.982905982905983,0.0,49.42612942612943,-27.545787545787547,-19.73137973137973,-9.18192918192918,0.0,20.512820512820515,-18.55921855921856,0.0,34.18803418803419,28.71794871794872,-47.472527472527474,-103.34554334554336,0.0,16.605616605616607,-38.48595848595848,-31.45299145299145,-33.40659340659341,0.0,-54.5054945054945,91.23321123321124,-64.27350427350427,21.68498168498169,-31.45299145299145
-40.83028083028083,0.9768009768009768,52.55189255189255,-36.53235653235653,0.0,61.92918192918193,-39.65811965811966,-16.996336996336996,-27.545787545787547,0.0,15.824175824175825,-20.512820512820515,0.0,44.737484737484735,32.62515262515262,-50.20757020757021,-119.75579975579976,0.0,22.075702075702075,-38.48595848595848,-29.89010989010989,-45.12820512820513,0.0,-52.16117216117216,113.11355311355312,-77.16727716727716,23.247863247863247,-29.89010989010989
-39.26739926739927,-2.93040293040293,45.12820512820513,-40.83028083028083,0.0,72.08791208791209,-54.89621489621489,-20.903540903540904,-33.7973137973138,0.0,10.354090354090356,-24.42002442002442,0.0,52.55189255189255,30.671550671550676,-52.55189255189255,-120.92796092796092,0.0,25.2014652014652,-38.095238095238095,-25.982905982905983,-50.5982905982906,0.0,-44.737484737484735,84.98168498168498,-43.56532356532357,24.81074481074481,-25.982905982905983
-33.7973137973138,-6.056166056166056,36.53235653235653,-47.472527472527474,0.0,79.9023199023199,-62.31990231990232,-24.81074481074481,-43.17460317460318,0.0,6.446886446886447,-29.10866910866911,0.0,58.8034188034188,28.32722832722833,-55.28693528693529,-120.53724053724054,0.0,32.62515262515262,-35.36019536019536,-22.857142857142858,-60.757020757020754,0.0,-36.14163614163614,38.48595848595848,7.619047619047619,28.32722832722833,-22.857142857142858
-23.63858363858364,-7.619047619047619,29.499389499389498,-55.28693528693529,0.0,88.1074481074481,-67.00854700854701,-28.32722832722833,-50.20757020757021,0.0,1.7582417582417582,-35.75091575091575,0.0,59.975579975579976,23.247863247863247,-49.81684981684982,-119.36507936507935,0.0,40.43956043956044,-31.843711843711844,-19.73137973137973,-73.26007326007326,0.0,-29.10866910866911,50.20757020757021,3.3211233211233213,27.936507936507937,-19.73137973137973
-18.94993894993895,-10.744810744810744,19.34065934065934,-57.63125763125763,0.0,86.15384615384616,-70.52503052503053,-30.671550671550676,-53.333333333333336,0.0,-2.5396825396825395,-43.95604395604396,0.0,54.114774114774114,11.526251526251526,-44.346764346764346,-106.86202686202688,0.0,41.61172161172161,-32.234432234432234,-19.34065934065934,-74.04151404151405,0.0,-18.94993894993895,61.53846153846154,-6.056166056166056,25.2014652014652,-19.34065934065934
-16.605616605616607,-14.652014652014651,11.916971916971915,-56.84981684981685,0.0,76.77655677655677,-68.96214896214896,-29.499389499389498,-55.28693528693529,0.0,-6.446886446886447,-47.472527472527474,0.0,45.90964590964591,-1.3675213675213675,-41.61172161172161,-93.18681318681318,0.0,39.26739926739927,-34.18803418803419,-24.02930402930403,-69.74358974358974,0.0,-11.526251526251526,40.83028083028083,12.307692307692308,21.68498168498169,-24.02930402930403
-13.870573870573873,-18.168498168498168,9.18192918192918,-63.10134310134311,0.0,70.91575091575092,-66.22710622710623,-24.42002442002442,-66.61782661782662,0.0,-10.354090354090356,-49.42612942612943,0.0,40.04884004884005,-9.18192918192918,-31.843711843711844,-93.57753357753356,0.0,38.095238095238095,-35.75091575091575,-26.764346764346765,-70.13431013431014,0.0,-8.791208791208792,38.095238095238095,15.824175824175825,17.387057387057386,-26.764346764346765
-12.698412698412698,-24.02930402930403,5.665445665445666,-66.61782661782662,0.0,62.31990231990232,-68.18070818070818,-21.294261294261293,-71.30647130647131,0.0,-16.214896214896214,-50.20757020757021,0.0,31.062271062271066,-16.996336996336996,-21.68498168498169,-88.1074481074481,0.0,35.36019536019536,-38.48595848595848,-27.155067155067155,-65.05494505494505,0.0,-5.274725274725275,43.95604395604396,8.00976800976801,12.698412698412698,-27.155067155067155
-12.307692307692308,-31.843711843711844,0.1953601953601953,-67.00854700854701,0.0,53.333333333333336,-71.30647130647131,-22.075702075702075,-72.47863247863248,0.0,-26.764346764346765,-51.37973137973138,0.0,18.94993894993895,-25.592185592185597,-13.870573870573873,-79.51159951159951,0.0,29.499389499389498,-42.002442002442,-27.936507936507937,-59.975579975579976,0.0,0.1953601953601953,39.26739926739927,10.354090354090356,6.446886446886447,-27.936507936507937
-8.791208791208792,-34.57875457875458,-9.572649572649572,-75.21367521367522,0.0,51.37973137973138,-74.82295482295483,-21.294261294261293,-84.2002442002442,0.0,-39.26739926739927,-51.37973137973138,0.0,8.791208791208792,-33.01587301587302,-5.665445665445666,-77.55799755799755,0.0,22.466422466422465,-43.56532356532357,-25.982905982905983,-59.975579975579976,0.0,9.963369963369964,48.25396825396825,-4.493284493284493,2.148962148962149,-25.982905982905983
-5.665445665445666,-36.53235653235653,-19.73137973137973,-84.98168498168498,0.0,50.989010989010985,-78.73015873015873,-21.68498168498169,-97.87545787545788,0.0,-51.37973137973138,-52.55189255189255,0.0,-1.3675213675213675,-38.095238095238095,1.7582417582417582,-76.38583638583638,0.0,13.47985347985348,-43.56532356532357,-19.73137973137973,-63.10134310134311,0.0,20.12210012210012,64.27350427350427,-28.71794871794872,-2.148962148962149,-19.73137973137973
-13.089133089133089,-42.002442002442,-33.40659340659341,-80.68376068376068,0.0,39.26739926739927,-85.76312576312576,-23.63858363858364,-100.6105006105006,0.0,-65.44566544566544,-59.58485958485959,0.0,-19.34065934065934,-43.95604395604396,4.493284493284493,-62.71062271062271,0.0,-2.148962148962149,-45.90964590964591,-13.870573870573873,-58.02197802197802,0.0,33.7973137973138,38.095238095238095,-10.744810744810744,-7.619047619047619,-13.870573870573873
-19.73137973137973,-49.03540903540904,-43.17460317460318,-77.55799755799755,0.0,31.843711843711844,-91.23321123321124,-25.2014652014652,-106.47130647130648,0.0,-72.47863247863248,-67.00854700854701,0.0,-32.62515262515262,-46.3003663003663,2.93040293040293,-56.84981684981685,0.0,-17.387057387057386,-49.03540903540904,-9.572649572649572,-55.28693528693529,0.0,43.56532356532357,46.69108669108669,-24.42002442002442,-12.307692307692308,-9.572649572649572
-16.605616605616607,-59.975579975579976,-46.69108669108669,-84.2002442002442,0.0,36.92307692307692,-96.7032967032967,-26.37362637362637,-123.27228327228327,0.0,-72.08791208791209,-75.6043956043956,0.0,-43.17460317460318,-39.26739926739927,9.18192918192918,-66.22710622710623,0.0,-25.982905982905983,-48.25396825396825,0.1953601953601953,-64.27350427350427,0.0,47.081807081807085,110.76923076923076,-88.88888888888889,-15.042735042735044,0.1953601953601953
-14.261294261294262,-74.43223443223444,-51.77045177045177,-82.24664224664225,0.0,40.43956043956044,-106.86202686202688,-31.062271062271066,-126.7887667887668,0.0,-71.30647130647131,-86.15384615384616,0.0,-54.5054945054945,-32.62515262515262,9.18192918192918,-65.83638583638583,0.0,-35.75091575091575,-49.03540903540904,6.837606837606837,-65.44566544566544,0.0,52.16117216117216,124.83516483516485,-105.2991452991453,-18.55921855921856,6.837606837606837
-7.619047619047619,-88.4981684981685,-57.24053724053724,-82.24664224664225,0.0,47.86324786324786,-118.5836385836386,-38.87667887667888,-127.57020757020756,0.0,-68.18070818070818,-94.74969474969475,0.0,-59.1941391941392,-29.10866910866911,1.7582417582417582,-62.71062271062271,0.0,-45.51892551892552,-49.81684981684982,8.4004884004884,-62.71062271062271,0.0,57.63125763125763,95.14041514041514,-79.51159951159951,-19.34065934065934,8.4004884004884
-0.5860805860805861,-99.43833943833944,-59.1941391941392,-90.45177045177046,0.0,57.63125763125763,-132.64957264957266,-42.002442002442,-134.21245421245422,0.0,-70.13431013431014,-100.6105006105006,0.0,-59.975579975579976,-24.42002442002442,-2.148962148962149,-68.57142857142857,0.0,-56.06837606837607,-48.25396825396825,13.089133089133089,-65.44566544566544,0.0,59.58485958485959,145.54334554334554,-131.4774114774115,-23.63858363858364,13.089133089133089
0.1953601953601953,-109.5970695970696,-62.31990231990232,-93.57753357753356,0.0,59.1941391941392,-149.45054945054946,-47.472527472527474,-128.74236874236874,0.0,-77.94871794871794,-109.2063492063492,0.0,-59.975579975579976,-26.764346764346765,-11.916971916971915,-67.00854700854701,0.0,-67.3992673992674,-50.5982905982906,13.870573870573873,-62.71062271062271,0.0,62.71062271062271,206.4957264957265,-196.33699633699635,-28.71794871794872,13.870573870573873
-4.102564102564102,-120.14652014652016,-66.22710622710623,-85.76312576312576,0.0,52.16117216117216,-165.86080586080587,-52.94261294261294,-111.15995115995116,0.0,-91.62393162393164,-117.8021978021978,0.0,-62.71062271062271,-34.18803418803419,-24.02930402930403,-57.24053724053724,0.0,-83.80952380952381,-54.5054945054945,11.526251526251526,-52.16117216117216,0.0,66.61782661782662,176.8009768009768,-168.5958485958486,-33.40659340659341,11.526251526251526
-3.711843711843712,-129.13308913308913,-67.00854700854701,-83.02808302808303,0.0,48.25396825396825,-177.58241758241758,-54.5054945054945,-100.6105006105006,0.0,-106.86202686202688,-120.14652014652016,0.0,-64.66422466422466,-39.65811965811966,-30.671550671550676,-56.06837606837607,0.0,-97.87545787545788,-56.84981684981685,12.698412698412698,-49.81684981684982,0.0,67.3992673992674,155.3113553113553,-150.62271062271063,-35.75091575091575,12.698412698412698
1.3675213675213675,-138.9010989010989,-67.78998778998779,-81.85592185592185,0.0,44.737484737484735,-185.78754578754575,-53.333333333333336,-92.7960927960928,0.0,-124.83516483516485,-120.14652014652016,0.0,-68.96214896214896,-46.69108669108669,-30.671550671550676,-56.84981684981685,0.0,-113.11355311355312,-56.45909645909646,18.55921855921856,-53.333333333333336,0.0,68.18070818070818,174.06593406593407,-174.06593406593407,-37.31379731379732,18.55921855921856
9.18192918192918,-148.66910866910868,-72.86935286935287,-73.65079365079364,0.0,40.83028083028083,-195.16483516483515,-52.55189255189255,-80.29304029304029,0.0,-142.8083028083028,-117.4114774114774,0.0,-73.65079365079364,-57.63125763125763,-31.843711843711844,-49.03540903540904,0.0,-127.57020757020756,-56.84981684981685,20.903540903540904,-49.81684981684982,0.0,73.26007326007326,185.3968253968254,-192.8205128205128,-36.14163614163614,20.903540903540904
16.214896214896214,-160.78144078144078,-77.94871794871794,-66.61782661782662,0.0,38.48595848595848,-202.1978021978022,-50.20757020757021,-75.6043956043956,0.0,-162.73504273504273,-111.94139194139194,0.0,-77.55799755799755,-71.30647130647131,-30.671550671550676,-41.61172161172161,0.0,-142.8083028083028,-57.63125763125763,23.247863247863247,-45.51892551892552,0.0,78.33943833943835,218.998778998779,-231.11111111111111,-33.7973137973138,23.247863247863247
23.63858363858364,-170.15873015873015,-81.07448107448107,-63.88278388278388,0.0,36.14163614163614,-204.15140415140417,-45.90964590964591,-78.33943833943835,0.0,-185.78754578754575,-103.73626373626374,0.0,-79.9023199023199,-84.2002442002442,-26.37362637362637,-43.56532356532357,0.0,-154.9206349206349,-61.92918192918193,27.155067155067155,-46.3003663003663,0.0,81.46520146520146,272.13675213675214,-282.6862026862027,-38.48595848595848,27.155067155067155
28.71794871794872,-178.75457875457874,-85.37240537240537,-52.55189255189255,0.0,33.40659340659341,-206.1050061050061,-43.17460317460318,-72.08791208791209,0.0,-208.84004884004884,-97.09401709401708,0.0,-81.85592185592185,-99.43833943833944,-25.592185592185597,-38.48595848595848,0.0,-165.47008547008548,-68.57142857142857,26.764346764346765,-40.04884004884005,0.0,85.76312576312576,262.36874236874235,-274.4810744810745,-40.04884004884005,26.764346764346765
29.499389499389498,-184.6153846153846,-86.93528693528694,-36.92307692307692,0.0,27.545787545787547,-205.7142857142857,-39.65811965811966,-61.14774114774115,0.0,-230.32967032967036,-86.54456654456655,0.0,-84.59096459096459,-109.98778998778998,-27.155067155067155,-33.01587301587302,0.0,-176.8009768009768,-74.04151404151405,25.592185592185597,-30.671550671550676,0.0,87.32600732600733,246.73992673992677,-259.24297924297923,-42.78388278388278,25.592185592185597
34.57875457875458,-185.3968253968254,-83.02808302808303,-31.45299145299145,0.0,25.2014652014652,-199.07203907203908,-32.234432234432234,-60.366300366300365,0.0,-242.8327228327228,-71.6971916971917,0.0,-85.37240537240537,-113.89499389499387,-24.42002442002442,-38.87667887667888,0.0,-184.22466422466425,-75.6043956043956,25.2014652014652,-28.71794871794872,0.0,83.41880341880342,251.8192918192918,-265.8852258852259,-45.12820512820513,25.2014652014652
39.26739926739927,-186.17826617826617,-76.77655677655677,-28.32722832722833,0.0,21.294261294261293,-189.6947496947497,-25.2014652014652,-58.02197802197802,0.0,-247.13064713064716,-59.58485958485959,0.0,-84.98168498168498,-117.4114774114774,-18.55921855921856,-42.78388278388278,0.0,-191.64835164835165,-72.08791208791209,26.764346764346765,-28.32722832722833,0.0,77.16727716727716,200.63492063492063,-221.34310134310132,-41.61172161172161,26.764346764346765
41.22100122100122,-188.5225885225885,-74.43223443223444,-18.55921855921856,0.0,16.214896214896214,-183.44322344322345,-24.42002442002442,-49.81684981684982,0.0,-246.3492063492064,-51.37973137973138,0.0,-89.67032967032966,-120.92796092796092,-16.605616605616607,-32.62515262515262,0.0,-200.63492063492063,-68.18070818070818,25.592185592185597,-17.77777777777778,0.0,74.82295482295483,190.0854700854701,-216.65445665445665,-38.095238095238095,25.592185592185597
49.81684981684982,-192.42979242979243,-71.30647130647131,-15.042735042735044,0.0,16.996336996336996,-173.2844932844933,-21.68498168498169,-51.77045177045177,0.0,-239.7069597069597,-43.95604395604396,0.0,-93.57753357753356,-123.27228327228327,-15.042735042735044,-26.764346764346765,0.0,-206.1050061050061,-63.49206349206349,20.512820512820515,-10.744810744810744,0.0,71.6971916971917,202.1978021978022,-233.06471306471303,-34.969474969474966,20.512820512820515
61.92918192918193,-194.7741147741148,-63.88278388278388,-18.94993894993895,0.0,22.075702075702075,-161.95360195360195,-15.433455433455434,-60.757020757020754,0.0,-230.72039072039072,-40.04884004884005,0.0,-93.57753357753356,-122.1001221001221,-7.228327228327228,-34.57875457875458,0.0,-207.66788766788767,-56.06837606837607,23.247863247863247,-18.55921855921856,0.0,64.27350427350427,261.5873015873016,-297.5335775335776,-29.499389499389498,23.247863247863247
72.86935286935287,-198.2905982905983,-65.05494505494505,-11.526251526251526,0.0,24.02930402930403,-153.74847374847374,-17.387057387057386,-56.45909645909646,0.0,-222.9059829059829,-41.22100122100122,0.0,-98.65689865689866,-119.36507936507935,-7.228327228327228,-29.499389499389498,0.0,-210.7936507936508,-53.333333333333336,21.294261294261293,-13.47985347985348,0.0,65.44566544566544,249.47496947496947,-291.67277167277166,-27.545787545787547,21.294261294261293
86.54456654456655,-201.02564102564105,-64.66422466422466,-9.963369963369964,0.0,25.592185592185597,-141.24542124542126,-16.996336996336996,-56.84981684981685,0.0,-208.44932844932845,-42.39316239316239,0.0,-103.34554334554336,-109.98778998778998,-7.619047619047619,-29.499389499389498,0.0,-211.5750915750916,-49.81684981684982,18.55921855921856,-9.572649572649572,0.0,65.05494505494505,194.7741147741148,-247.52136752136752,-23.247863247863247,18.55921855921856
103.34554334554336,-199.85347985347985,-61.14774114774115,-15.824175824175825,0.0,30.671550671550676,-127.96092796092796,-13.870573870573873,-63.49206349206349,0.0,-188.13186813186812,-42.78388278388278,0.0,-101.78266178266178,-95.53113553113552,-2.5396825396825395,-40.43956043956044,0.0,-208.84004884004884,-42.39316239316239,25.592185592185597,-16.605616605616607,0.0,61.53846153846154,193.2112332112332,-255.3357753357753,-21.294261294261293,25.592185592185597
117.8021978021978,-197.8998778998779,-60.757020757020754,-15.824175824175825,0.0,30.671550671550676,-112.33211233211232,-15.433455433455434,-60.366300366300365,0.0,-169.76800976800976,-42.002442002442,0.0,-101.78266178266178,-81.07448107448107,0.1953601953601953,-42.002442002442,0.0,-206.4957264957265,-36.92307692307692,34.57875457875458,-17.387057387057386,0.0,61.14774114774115,204.15140415140417,-276.8253968253968,-19.73137973137973,34.57875457875458
133.04029304029305,-197.11843711843716,-57.24053724053724,-11.916971916971915,0.0,36.53235653235653,-97.87545787545788,-15.824175824175825,-56.06837606837607,0.0,-150.23199023199024,-37.704517704517706,0.0,-100.6105006105006,-70.13431013431014,0.1953601953601953,-36.14163614163614,0.0,-204.54212454212453,-31.843711843711844,40.43956043956044,-11.135531135531137,0.0,57.63125763125763,156.87423687423689,-243.2234432234432,-14.652014652014651,40.43956043956044
149.05982905982907,-193.2112332112332,-49.42612942612943,-9.963369963369964,0.0,44.346764346764346,-82.24664224664225,-9.18192918192918,-56.84981684981685,0.0,-135.77533577533578,-30.671550671550676,0.0,-93.57753357753356,-64.66422466422466,5.665445665445666,-36.92307692307692,0.0,-197.8998778998779,-27.545787545787547,47.86324786324786,-11.916971916971915,0.0,49.81684981684982,113.11355311355312,-207.27716727716728,-14.261294261294262,47.86324786324786
163.9072039072039,-192.42979242979243,-43.17460317460318,-6.056166056166056,0.0,50.5982905982906,-69.74358974358974,-2.93040293040293,-56.45909645909646,0.0,-131.86813186813183,-21.294261294261293,0.0,-89.67032967032966,-62.71062271062271,14.261294261294262,-35.75091575091575,0.0,-192.03907203907204,-22.466422466422465,49.81684981684982,-9.18192918192918,0.0,43.56532356532357,99.82905982905984,-199.07203907203908,-12.307692307692308,49.81684981684982
177.1916971916972,-195.16483516483515,-39.26739926739927,-1.3675213675213675,0.0,53.333333333333336,-63.10134310134311,0.5860805860805861,-50.989010989010985,0.0,-135.77533577533578,-10.744810744810744,0.0,-87.71672771672772,-66.61782661782662,19.73137973137973,-29.499389499389498,0.0,-187.3504273504273,-18.55921855921856,41.61172161172161,-0.9768009768009768,0.0,39.65811965811966,59.58485958485959,-161.17216117216117,-10.354090354090356,41.61172161172161
188.91330891330887,-196.72771672771677,-37.31379731379732,-3.711843711843712,0.0,51.77045177045177,-61.14774114774115,8.791208791208792,-50.5982905982906,0.0,-143.98046398046398,2.93040293040293,0.0,-82.24664224664225,-72.86935286935287,25.2014652014652,-32.234432234432234,0.0,-180.70818070818072,-12.698412698412698,33.01587301587302,-1.3675213675213675,0.0,37.704517704517706,48.25396825396825,-150.23199023199024,-8.00976800976801,33.01587301587302
201.8070818070818,-196.72771672771677,-40.43956043956044,-9.963369963369964,0.0,46.69108669108669,-58.02197802197802,12.307692307692308,-48.25396825396825,0.0,-155.7020757020757,22.857142857142858,0.0,-77.55799755799755,-77.94871794871794,33.40659340659341,-37.31379731379732,0.0,-174.06593406593407,-8.00976800976801,28.71794871794872,-7.228327228327228,0.0,40.83028083028083,38.095238095238095,-140.46398046398048,-6.446886446886447,28.71794871794872
210.4029304029304,-199.46275946275944,-46.69108669108669,-8.00976800976801,0.0,38.095238095238095,-58.02197802197802,13.47985347985348,-39.65811965811966,0.0,-170.94017094017093,44.346764346764346,0.0,-73.26007326007326,-83.41880341880342,36.53235653235653,-34.57875457875458,0.0,-168.5958485958486,-6.446886446886447,28.32722832722833,-8.00976800976801,0.0,47.081807081807085,23.247863247863247,-127.96092796092796,-2.93040293040293,28.32722832722833
216.26373626373623,-201.4163614163614,-55.67765567765568,-4.884004884004884,0.0,29.10866910866911,-58.41269841269841,14.261294261294262,-31.843711843711844,0.0,-183.83394383394383,64.27350427350427,0.0,-71.30647130647131,-85.76312576312576,39.65811965811966,-32.234432234432234,0.0,-163.9072039072039,-8.4004884004884,31.062271062271066,-9.18192918192918,0.0,56.06837606837607,21.68498168498169,-129.52380952380952,-2.148962148962149,31.062271062271066
223.6874236874237,-200.24420024420024,-61.14774114774115,-8.4004884004884,0.0,25.982905982905983,-54.5054945054945,15.433455433455434,-34.969474969474966,0.0,-192.03907203907204,80.68376068376068,0.0,-67.3992673992674,-84.59096459096459,45.90964590964591,-37.31379731379732,0.0,-154.13919413919413,-11.135531135531137,39.65811965811966,-18.55921855921856,0.0,61.53846153846154,44.737484737484735,-150.62271062271063,-4.884004884004884,39.65811965811966
228.7667887667888,-200.24420024420024,-61.92918192918193,-9.572649572649572,0.0,26.764346764346765,-52.16117216117216,13.47985347985348,-33.40659340659341,0.0,-196.33699633699635,90.45177045177046,0.0,-65.44566544566544,-81.85592185592185,49.03540903540904,-36.14163614163614,0.0,-141.63614163614164,-15.433455433455434,43.17460317460318,-21.294261294261293,0.0,62.31990231990232,58.8034188034188,-158.43711843711844,-7.228327228327228,43.17460317460318
229.5482295482296,-202.58852258852255,-61.53846153846154,-4.102564102564102,0.0,24.42002442002442,-51.77045177045177,8.791208791208792,-22.857142857142858,0.0,-195.55555555555557,91.23321123321124,0.0,-69.74358974358974,-81.46520146520146,50.989010989010985,-26.37362637362637,0.0,-131.86813186813183,-20.903540903540904,42.39316239316239,-16.996336996336996,0.0,61.92918192918193,3.3211233211233213,-102.56410256410255,-8.4004884004884,42.39316239316239
236.1904761904762,-201.4163614163614,-58.41269841269841,-5.274725274725275,0.0,31.45299145299145,-47.472527472527474,4.102564102564102,-18.55921855921856,0.0,-184.6153846153846,92.014652014652,0.0,-69.74358974358974,-74.82295482295483,52.94261294261294,-21.294261294261293,0.0,-120.14652014652016,-18.94993894993895,42.39316239316239,-16.214896214896214,0.0,58.8034188034188,-7.619047619047619,-87.32600732600733,-7.619047619047619,42.39316239316239
239.7069597069597,-199.07203907203908,-52.94261294261294,-2.93040293040293,0.0,34.969474969474966,-40.83028083028083,2.148962148962149,-13.47985347985348,0.0,-168.2051282051282,91.23321123321124,0.0,-72.47863247863248,-62.31990231990232,61.14774114774115,-19.34065934065934,0.0,-109.2063492063492,-11.526251526251526,45.90964590964591,-18.55921855921856,0.0,53.333333333333336,32.62515262515262,-123.27228327228327,-5.665445665445666,45.90964590964591
240.0976800976801,-202.58852258852255,-54.89621489621489,5.665445665445666,0.0,33.01587301587302,-36.92307692307692,-3.711843711843712,-3.711843711843712,0.0,-149.45054945054946,85.37240537240537,0.0,-77.94871794871794,-50.5982905982906,63.49206349206349,-11.916971916971915,0.0,-106.47130647130648,-3.711843711843712,45.90964590964591,-13.47985347985348,0.0,55.28693528693529,1.3675213675213675,-92.014652014652,-0.9768009768009768,45.90964590964591
239.3162393162393,-201.8070818070818,-58.8034188034188,8.4004884004884,0.0,32.62515262515262,-31.843711843711844,-9.18192918192918,-3.711843711843712,0.0,-127.17948717948718,77.16727716727716,0.0,-80.68376068376068,-35.36019536019536,62.31990231990232,-13.47985347985348,0.0,-103.34554334554336,5.274725274725275,43.95604395604396,-14.652014652014651,0.0,59.1941391941392,-46.3003663003663,-39.26739926739927,0.1953601953601953,43.95604395604396
235.7997557997558,-203.76068376068372,-58.8034188034188,8.00976800976801,0.0,31.843711843711844,-26.764346764346765,-11.526251526251526,-11.135531135531137,0.0,-103.73626373626374,66.22710622710623,0.0,-81.07448107448107,-21.68498168498169,61.53846153846154,-20.903540903540904,0.0,-97.87545787545788,11.916971916971915,43.17460317460318,-20.903540903540904,0.0,59.1941391941392,-0.9768009768009768,-69.74358974358974,-1.7582417582417582,43.17460317460318
226.8131868131868,-206.1050061050061,-59.58485958485959,11.526251526251526,0.0,29.89010989010989,-26.764346764346765,-15.433455433455434,-14.261294261294262,0.0,-84.2002442002442,53.333333333333336,0.0,-80.68376068376068,-13.47985347985348,53.333333333333336,-20.12210012210012,0.0,-92.7960927960928,11.916971916971915,34.969474969474966,-16.996336996336996,0.0,59.975579975579976,43.56532356532357,-97.87545787545788,-6.446886446886447,34.969474969474966
217.04517704517704,-207.66788766788767,-59.1941391941392,15.042735042735044,0.0,29.89010989010989,-28.32722832722833,-20.12210012210012,-15.042735042735044,0.0,-63.49206349206349,38.095238095238095,0.0,-79.51159951159951,-10.354090354090356,43.56532356532357,-13.47985347985348,0.0,-91.23321123321124,8.00976800976801,26.37362637362637,-5.274725274725275,0.0,59.58485958485959,29.499389499389498,-71.6971916971917,-12.307692307692308,26.37362637362637
210.01221001221,-204.54212454212453,-57.24053724053724,12.307692307692308,0.0,32.234432234432234,-27.155067155067155,-22.857142857142858,-21.294261294261293,0.0,-40.04884004884005,25.982905982905983,0.0,-75.6043956043956,-2.93040293040293,36.92307692307692,-15.042735042735044,0.0,-85.76312576312576,7.619047619047619,20.12210012210012,0.1953601953601953,0.0,57.63125763125763,50.20757020757021,-81.85592185592185,-18.55921855921856,20.12210012210012
208.0586080586081,-201.4163614163614,-62.31990231990232,11.526251526251526,0.0,36.53235653235653,-27.545787545787547,-26.37362637362637,-25.592185592185597,0.0,-18.168498168498168,15.433455433455434,0.0,-72.86935286935287,3.3211233211233213,29.10866910866911,-14.652014652014651,0.0,-77.94871794871794,5.665445665445666,10.744810744810744,5.665445665445666,0.0,62.71062271062271,62.71062271062271,-88.1074481074481,-25.592185592185597,10.744810744810744
206.4957264957265,-195.55555555555557,-70.13431013431014,13.47985347985348,0.0,39.26739926739927,-27.936507936507937,-31.45299145299145,-24.81074481074481,0.0,1.7582417582417582,3.3211233211233213,0.0,-72.08791208791209,10.744810744810744,20.12210012210012,-9.18192918192918,0.0,-72.86935286935287,1.3675213675213675,2.148962148962149,18.55921855921856,0.0,70.52503052503053,56.45909645909646,-90.84249084249085,-27.936507936507937,2.148962148962149
206.1050061050061,-182.66178266178267,-77.55799755799755,7.228327228327228,0.0,45.90964590964591,-25.592185592185597,-35.36019536019536,-31.45299145299145,0.0,22.466422466422465,-8.00976800976801,0.0,-65.44566544566544,19.34065934065934,12.307692307692308,-11.916971916971915,0.0,-64.66422466422466,-1.3675213675213675,0.1953601953601953,20.512820512820515,0.0,77.94871794871794,70.13431013431014,-120.92796092796092,-25.592185592185597,0.1953601953601953
203.76068376068372,-170.15873015873015,-81.85592185592185,2.93040293040293,0.0,52.55189255189255,-22.466422466422465,-37.31379731379732,-36.92307692307692,0.0,35.75091575091575,-18.94993894993895,0.0,-58.8034188034188,25.982905982905983,6.446886446886447,-13.870573870573873,0.0,-58.02197802197802,-2.93040293040293,4.102564102564102,16.605616605616607,0.0,82.24664224664225,95.14041514041514,-159.21855921855922,-22.466422466422465,4.102564102564102
192.8205128205128,-156.87423687423689,-81.85592185592185,8.00976800976801,0.0,56.06837606837607,-22.857142857142858,-44.346764346764346,-25.592185592185597,0.0,42.78388278388278,-30.671550671550676,0.0,-53.724053724053725,25.592185592185597,3.3211233211233213,-0.9768009768009768,0.0,-55.28693528693529,-8.00976800976801,10.744810744810744,25.2014652014652,0.0,82.24664224664225,77.94871794871794,-161.95360195360195,-14.261294261294262,10.744810744810744
179.53601953601952,-142.8083028083028,-76.38583638583638,11.526251526251526,0.0,59.975579975579976,-24.81074481074481,-48.64468864468864,-13.870573870573873,0.0,44.346764346764346,-40.43956043956044,0.0,-51.37973137973138,26.37362637362637,3.3211233211233213,7.619047619047619,0.0,-55.28693528693529,-5.274725274725275,18.55921855921856,28.71794871794872,0.0,76.77655677655677,88.88888888888889,-182.66178266178267,-9.572649572649572,18.55921855921856
171.33089133089132,-129.13308913308913,-71.30647130647131,6.446886446886447,0.0,67.78998778998779,-25.592185592185597,-48.64468864468864,-14.652014652014651,0.0,45.12820512820513,-40.43956043956044,0.0,-43.56532356532357,31.45299145299145,8.4004884004884,0.1953601953601953,0.0,-49.03540903540904,-0.5860805860805861,26.764346764346765,17.77777777777778,0.0,71.6971916971917,113.89499389499387,-204.15140415140417,-8.791208791208792,26.764346764346765
164.6886446886447,-117.4114774114774,-71.6971916971917,11.916971916971915,0.0,73.65079365079364,-29.89010989010989,-49.81684981684982,-6.056166056166056,0.0,43.56532356532357,-36.92307692307692,0.0,-39.65811965811966,36.92307692307692,11.526251526251526,-0.1953601953601953,0.0,-41.22100122100122,3.711843711843712,27.545787545787547,16.996336996336996,0.0,72.08791208791209,90.06105006105007,-176.8009768009768,-6.837606837606837,27.545787545787547
159.21855921855922,-109.5970695970696,-76.38583638583638,19.73137973137973,0.0,76.38583638583638,-34.969474969474966,-53.333333333333336,4.102564102564102,0.0,38.095238095238095,-32.234432234432234,0.0,-37.31379731379732,39.65811965811966,9.18192918192918,2.5396825396825395,0.0,-33.40659340659341,2.93040293040293,22.075702075702075,21.294261294261293,0.0,76.77655677655677,29.499389499389498,-113.11355311355312,-4.493284493284493,22.075702075702075
156.4835164835165,-95.92185592185592,-78.33943833943835,14.261294261294262,0.0,83.80952380952381,-36.92307692307692,-50.5982905982906,0.5860805860805861,0.0,36.53235653235653,-24.42002442002442,0.0,-27.936507936507937,42.78388278388278,8.4004884004884,-1.7582417582417582,0.0,-20.512820512820515,2.93040293040293,22.075702075702075,15.042735042735044,0.0,78.73015873015873,21.68498168498169,-102.95482295482296,-5.665445665445666,22.075702075702075
152.96703296703296,-85.76312576312576,-77.16727716727716,15.433455433455434,0.0,88.88888888888889,-39.65811965811966,-50.20757020757021,6.446886446886447,0.0,33.01587301587302,-18.55921855921856,0.0,-20.903540903540904,41.61172161172161,8.4004884004884,2.148962148962149,0.0,-9.963369963369964,0.9768009768009768,23.63858363858364,16.214896214896214,0.0,77.55799755799755,65.44566544566544,-147.88766788766787,-5.274725274725275,23.63858363858364
143.1990231990232,-75.995115995116,-76.38583638583638,21.294261294261293,0.0,91.23321123321124,-44.737484737484735,-51.77045177045177,17.77777777777778,0.0,26.764346764346765,-17.77777777777778,0.0,-17.77777777777778,34.18803418803419,7.619047619047619,16.214896214896214,0.0,-6.446886446886447,-3.711843711843712,24.02930402930403,26.37362637362637,0.0,76.77655677655677,42.39316239316239,-127.17948717948718,-6.446886446886447,24.02930402930403
135.3846153846154,-61.53846153846154,-72.47863247863248,18.94993894993895,0.0,97.87545787545788,-45.51892551892552,-49.42612942612943,17.387057387057386,0.0,24.42002442002442,-13.47985347985348,0.0,-13.089133089133089,31.843711843711844,7.619047619047619,22.075702075702075,0.0,0.1953601953601953,-5.274725274725275,24.02930402930403,29.499389499389498,0.0,72.86935286935287,9.963369963369964,-98.26617826617829,-6.056166056166056,24.02930402930403
130.6959706959707,-46.69108669108669,-69.74358974358974,14.652014652014651,0.0,102.17338217338218,-38.87667887667888,-45.12820512820513,11.135531135531137,0.0,27.155067155067155,-9.572649572649572,0.0,-8.4004884004884,36.92307692307692,11.526251526251526,18.55921855921856,0.0,7.619047619047619,-2.148962148962149,28.32722832722833,23.63858363858364,0.0,70.13431013431014,45.90964590964591,-136.16605616605617,-3.3211233211233213,28.32722832722833
125.6166056166056,-34.57875457875458,-72.86935286935287,19.73137973137973,0.0,104.12698412698413,-31.062271062271066,-43.56532356532357,8.791208791208792,0.0,30.671550671550676,-6.446886446886447,0.0,-4.493284493284493,42.78388278388278,10.354090354090356,19.34065934065934,0.0,15.042735042735044,0.9768009768009768,25.982905982905983,24.42002442002442,0.0,73.26007326007326,59.58485958485959,-152.96703296703296,0.9768009768009768,25.982905982905983
122.1001221001221,-19.73137973137973,-76.38583638583638,25.2014652014652,0.0,108.8156288156288,-18.94993894993895,-42.78388278388278,4.493284493284493,0.0,43.56532356532357,-2.148962148962149,0.0,2.148962148962149,53.724053724053725,7.619047619047619,16.214896214896214,0.0,24.02930402930403,8.00976800976801,24.42002442002442,22.466422466422465,0.0,76.77655677655677,32.62515262515262,-130.3052503052503,7.619047619047619,24.42002442002442
121.31868131868131,-9.18192918192918,-76.77655677655677,27.545787545787547,0.0,113.89499389499387,-6.837606837606837,-39.26739926739927,-3.3211233211233213,0.0,61.53846153846154,-0.5860805860805861,0.0,13.870573870573873,68.18070818070818,6.446886446886447,4.884004884004884,0.0,32.234432234432234,17.387057387057386,27.155067155067155,15.824175824175825,0.0,77.16727716727716,16.605616605616607,-118.1929181929182,16.214896214896214,27.155067155067155
119.75579975579976,-0.5860805860805861,-80.29304029304029,37.31379731379732,0.0,124.05372405372404,-3.711843711843712,-38.87667887667888,-4.493284493284493,0.0,79.51159951159951,-4.102564102564102,0.0,27.545787545787547,79.9023199023199,0.1953601953601953,0.5860805860805861,0.0,37.704517704517706,22.466422466422465,28.71794871794872,18.168498168498168,0.0,80.68376068376068,-7.619047619047619,-101.3919413919414,22.857142857142858,28.71794871794872
116.23931623931624,4.493284493284493,-82.63736263736264,49.03540903540904,0.0,134.6031746031746,-2.5396825396825395,-40.43956043956044,-2.5396825396825395,0.0,97.48473748473748,-14.261294261294262,0.0,39.65811965811966,87.71672771672772,-7.228327228327228,1.7582417582417582,0.0,40.43956043956044,24.42002442002442,29.89010989010989,25.592185592185597,0.0,83.02808302808303,-29.89010989010989,-82.63736263736264,27.545787545787547,29.89010989010989
111.55067155067157,9.963369963369964,-77.55799755799755,47.86324786324786,0.0,145.15262515262515,-0.5860805860805861,-37.31379731379732,-13.47985347985348,0.0,114.28571428571428,-25.2014652014652,0.0,55.28693528693529,92.4053724053724,-12.307692307692308,-5.274725274725275,0.0,43.95604395604396,25.2014652014652,33.40659340659341,24.02930402930403,0.0,77.94871794871794,-1.7582417582417582,-112.33211233211232,33.01587301587302,33.40659340659341
103.34554334554336,17.387057387057386,-71.6971916971917,47.081807081807085,0.0,151.01343101343102,4.102564102564102,-33.7973137973138,-23.63858363858364,0.0,125.6166056166056,-35.75091575091575,0.0,72.47863247863248,95.14041514041514,-19.34065934065934,-11.526251526251526,0.0,50.20757020757021,24.81074481074481,35.36019536019536,22.466422466422465,0.0,72.08791208791209,21.68498168498169,-132.64957264957266,35.36019536019536,35.36019536019536
90.06105006105007,26.764346764346765,-67.3992673992674,54.89621489621489,0.0,152.18559218559218,11.526251526251526,-33.01587301587302,-24.02930402930403,0.0,133.82173382173383,-44.346764346764346,0.0,84.2002442002442,92.4053724053724,-27.155067155067155,-6.056166056166056,0.0,54.5054945054945,22.857142857142858,33.40659340659341,29.499389499389498,0.0,67.78998778998779,5.665445665445666,-113.5042735042735,40.43956043956044,33.40659340659341
81.85592185592185,35.75091575091575,-63.10134310134311,56.06837606837607,0.0,155.3113553113553,20.903540903540904,-33.40659340659341,-30.671550671550676,0.0,140.46398046398048,-45.90964590964591,0.0,101.001221001221,88.4981684981685,-39.65811965811966,-4.493284493284493,0.0,62.31990231990232,21.68498168498169,25.592185592185597,33.40659340659341,0.0,63.49206349206349,22.466422466422465,-127.57020757020756,48.64468864468864,25.592185592185597
76.38583638583638,49.81684981684982,-54.89621489621489,46.3003663003663,0.0,161.56288156288156,32.234432234432234,-27.545787545787547,-46.69108669108669,0.0,145.54334554334554,-45.90964590964591,0.0,118.5836385836386,93.18681318681318,-45.12820512820513,-18.168498168498168,0.0,72.47863247863248,28.32722832722833,21.68498168498169,22.857142857142858,0.0,55.28693528693529,55.67765567765568,-157.26495726495727,57.63125763125763,21.68498168498169
69.35286935286935,60.366300366300365,-48.25396825396825,45.90964590964591,0.0,165.0793650793651,38.095238095238095,-26.37362637362637,-47.472527472527474,0.0,148.2783882783883,-44.346764346764346,0.0,130.3052503052503,94.74969474969475,-54.114774114774114,-20.512820512820515,0.0,80.68376068376068,30.671550671550676,14.261294261294262,21.294261294261293,0.0,48.64468864468864,24.02930402930403,-118.5836385836386,65.83638583638583,14.261294261294262
65.83638583638583,66.22710622710623,-41.22100122100122,43.56532356532357,0.0,168.98656898656898,37.31379731379732,-22.857142857142858,-47.081807081807085,0.0,142.41758241758242,-40.83028083028083,0.0,139.29181929181928,93.57753357753356,-61.92918192918193,-25.2014652014652,0.0,85.37240537240537,33.40659340659341,8.4004884004884,15.433455433455434,0.0,41.61172161172161,-35.75091575091575,-52.16117216117216,74.43223443223444,8.4004884004884
61.14774114774115,72.08791208791209,-28.71794871794872,35.36019536019536,0.0,171.33089133089132,31.843711843711844,-11.916971916971915,-49.42612942612943,0.0,130.3052503052503,-32.234432234432234,0.0,151.01343101343102,90.06105006105007,-60.366300366300365,-37.704517704517706,0.0,93.57753357753356,38.095238095238095,7.619047619047619,-0.1953601953601953,0.0,29.10866910866911,-18.94993894993895,-52.55189255189255,76.77655677655677,7.619047619047619
55.28693528693529,75.21367521367522,-20.512820512820515,36.92307692307692,0.0,170.94017094017093,21.294261294261293,-0.9768009768009768,-43.56532356532357,0.0,110.37851037851038,-19.73137973137973,0.0,157.65567765567766,84.59096459096459,-57.24053724053724,-42.78388278388278,0.0,101.78266178266178,40.43956043956044,6.837606837606837,-9.572649572649572,0.0,20.903540903540904,18.168498168498168,-72.86935286935287,77.94871794871794,6.837606837606837
48.25396825396825,74.82295482295483,-18.55921855921856,43.95604395604396,0.0,167.03296703296704,9.963369963369964,2.93040293040293,-30.28083028083028,0.0,86.15384615384616,-4.884004884004884,0.0,159.6092796092796,72.86935286935287,-57.24053724053724,-38.095238095238095,0.0,105.68986568986568,38.48595848595848,0.1953601953601953,-9.963369963369964,0.0,18.94993894993895,7.228327228327228,-50.5982905982906,81.85592185592185,0.1953601953601953
41.61172161172161,76.38583638583638,-12.307692307692308,41.22100122100122,0.0,165.86080586080587,4.102564102564102,5.665445665445666,-28.32722832722833,0.0,63.49206349206349,8.4004884004884,0.0,163.9072039072039,63.49206349206349,-55.28693528693529,-42.39316239316239,0.0,111.94139194139194,38.48595848595848,-4.493284493284493,-17.387057387057386,0.0,12.698412698412698,1.3675213675213675,-27.936507936507937,82.63736263736264,-4.493284493284493
32.234432234432234,81.07448107448107,-6.056166056166056,33.7973137973138,0.0,162.34432234432234,0.5860805860805861,5.665445665445666,-25.592185592185597,0.0,45.51892551892552,15.042735042735044,0.0,161.95360195360195,58.41269841269841,-52.16117216117216,-45.90964590964591,0.0,117.4114774114774,38.48595848595848,-9.18192918192918,-25.592185592185597,0.0,6.446886446886447,25.592185592185597,-38.48595848595848,83.02808302808303,-9.18192918192918
19.73137973137973,87.32600732600733,-2.5396825396825395,32.234432234432234,0.0,158.04639804639805,-2.5396825396825395,0.1953601953601953,-16.996336996336996,0.0,31.45299145299145,12.307692307692308,0.0,155.7020757020757,46.3003663003663,-54.5054945054945,-40.43956043956044,0.0,115.45787545787546,32.234432234432234,-16.605616605616607,-24.81074481074481,0.0,2.93040293040293,35.75091575091575,-42.78388278388278,81.85592185592185,-16.605616605616607
7.619047619047619,92.7960927960928,-1.7582417582417582,28.71794871794872,0.0,152.18559218559218,-3.3211233211233213,-3.711843711843712,-14.261294261294262,0.0,20.903540903540904,5.274725274725275,0.0,149.05982905982907,31.843711843711844,-57.63125763125763,-36.53235653235653,0.0,110.37851037851038,24.81074481074481,-22.857142857142858,-26.764346764346765,0.0,2.148962148962149,28.71794871794872,-33.01587301587302,78.73015873015873,-22.857142857142858
-0.1953601953601953,94.35897435897436,3.3211233211233213,21.68498168498169,0.0,147.1062271062271,-4.102564102564102,-2.93040293040293,-18.55921855921856,0.0,16.605616605616607,-2.148962148962149,0.0,142.8083028083028,24.42002442002442,-55.67765567765568,-38.095238095238095,0.0,107.25274725274726,22.857142857142858,-22.857142857142858,-34.969474969474966,0.0,-2.93040293040293,37.704517704517706,-35.75091575091575,76.38583638583638,-22.857142857142858
-7.228327228327228,93.57753357753356,7.619047619047619,26.764346764346765,0.0,142.8083028083028,-3.3211233211233213,-4.102564102564102,-12.307692307692308,0.0,16.214896214896214,-9.18192918192918,0.0,136.94749694749694,18.168498168498168,-54.5054945054945,-33.7973137973138,0.0,101.3919413919414,24.02930402930403,-24.81074481074481,-34.57875457875458,0.0,-7.228327228327228,6.837606837606837,-0.5860805860805861,76.77655677655677,-24.81074481074481
-15.042735042735044,88.1074481074481,11.135531135531137,37.31379731379732,0.0,139.68253968253967,-3.3211233211233213,-7.619047619047619,-4.493284493284493,0.0,17.387057387057386,-14.261294261294262,0.0,132.64957264957266,18.55921855921856,-59.1941391941392,-28.71794871794872,0.0,95.92185592185592,27.936507936507937,-27.936507936507937,-33.7973137973138,0.0,-10.744810744810744,-2.148962148962149,17.77777777777778,79.51159951159951,-27.936507936507937
-19.73137973137973,86.54456654456655,21.68498168498169,35.75091575091575,0.0,139.29181929181928,-0.9768009768009768,-4.884004884004884,-7.228327228327228,0.0,23.247863247863247,-15.433455433455434,0.0,134.993894993895,25.2014652014652,-57.63125763125763,-39.26739926739927,0.0,96.31257631257633,38.095238095238095,-25.592185592185597,-47.472527472527474,0.0,-21.294261294261293,43.56532356532357,-15.042735042735044,83.41880341880342,-25.592185592185597
-26.764346764346765,86.15384615384616,30.671550671550676,40.04884004884005,0.0,138.1196581196581,-0.5860805860805861,-1.3675213675213675,-4.493284493284493,0.0,28.71794871794872,-18.168498168498168,0.0,134.993894993895,32.62515262515262,-55.28693528693529,-47.86324786324786,0.0,91.23321123321124,50.989010989010985,-21.294261294261293,-57.63125763125763,0.0,-30.28083028083028,34.18803418803419,2.5396825396825395,88.88888888888889,-21.294261294261293
-36.92307692307692,83.80952380952381,31.062271062271066,52.94261294261294,0.0,131.4774114774115,-2.148962148962149,-2.93040293040293,6.446886446886447,0.0,33.01587301587302,-22.075702075702075,0.0,131.4774114774115,32.234432234432234,-62.71062271062271,-40.43956043956044,0.0,82.63736263736264,53.724053724053725,-22.857142857142858,-53.724053724053725,0.0,-30.671550671550676,39.65811965811966,0.1953601953601953,90.06105006105007,-22.857142857142858
-40.04884004884005,85.76312576312576,33.01587301587302,53.724053724053725,0.0,127.57020757020756,0.9768009768009768,-0.9768009768009768,6.056166056166056,0.0,43.95604395604396,-23.63858363858364,0.0,130.6959706959707,33.40659340659341,-65.05494505494505,-36.92307692307692,0.0,76.38583638583638,56.84981684981685,-18.168498168498168,-54.5054945054945,0.0,-32.62515262515262,30.28083028083028,8.791208791208792,90.06105006105007,-18.168498168498168
-41.61172161172161,91.23321123321124,43.95604395604396,48.64468864468864,0.0,122.4908424908425,8.791208791208792,6.837606837606837,4.102564102564102,0.0,55.67765567765568,-24.42002442002442,0.0,131.4774114774115,40.04884004884005,-59.975579975579976,-38.48595848595848,0.0,72.47863247863248,66.22710622710623,-8.00976800976801,-58.8034188034188,0.0,-43.56532356532357,54.89621489621489,-13.089133089133089,88.4981684981685,-8.00976800976801
-45.12820512820513,97.87545787545788,47.472527472527474,54.114774114774114,0.0,114.28571428571428,14.652014652014651,8.00976800976801,16.996336996336996,0.0,65.05494505494505,-20.512820512820515,0.0,132.25885225885227,41.22100122100122,-60.366300366300365,-25.2014652014652,0.0,69.74358974358974,71.30647130647131,-3.3211233211233213,-50.20757020757021,0.0,-47.081807081807085,15.433455433455434,24.02930402930403,86.93528693528694,-3.3211233211233213
-45.90964590964591,106.86202686202688,57.24053724053724,52.16117216117216,0.0,108.03418803418803,22.075702075702075,15.433455433455434,24.81074481074481,0.0,70.52503052503053,-12.307692307692308,0.0,129.9145299145299,48.64468864468864,-54.5054945054945,-17.387057387057386,0.0,69.35286935286935,78.33943833943835,4.884004884004884,-48.25396825396825,0.0,-56.84981684981685,-33.01587301587302,72.86935286935287,83.41880341880342,4.884004884004884
-43.17460317460318,115.06715506715508,67.78998778998779,45.51892551892552,0.0,106.08058608058607,25.2014652014652,24.02930402930403,28.32722832722833,0.0,67.3992673992674,-2.148962148962149,0.0,128.74236874236874,50.989010989010985,-45.90964590964591,-16.214896214896214,0.0,68.18070818070818,85.76312576312576,12.698412698412698,-51.37973137973138,0.0,-67.3992673992674,-10.354090354090356,49.42612942612943,79.12087912087912,12.698412698412698
-42.002442002442,117.8021978021978,74.04151404151405,42.002442002442,0.0,99.82905982905984,22.857142857142858,31.062271062271066,37.704517704517706,0.0,56.45909645909646,6.056166056166056,0.0,121.7094017094017,47.081807081807085,-38.87667887667888,-12.698412698412698,0.0,63.88278388278388,86.54456654456655,15.433455433455434,-50.989010989010985,0.0,-73.65079365079364,21.68498168498169,13.870573870573873,71.30647130647131,15.433455433455434
-43.17460317460318,116.23931623931624,76.77655677655677,43.56532356532357,0.0,91.62393162393164,21.68498168498169,32.62515262515262,45.90964590964591,0.0,43.17460317460318,17.77777777777778,0.0,112.72283272283272,36.92307692307692,-35.36019536019536,-2.148962148962149,0.0,58.8034188034188,79.9023199023199,14.261294261294262,-43.56532356532357,0.0,-76.38583638583638,-3.711843711843712,37.31379731379732,63.88278388278388,14.261294261294262
-43.95604395604396,115.45787545787546,79.9023199023199,39.65811965811966,0.0,84.59096459096459,23.247863247863247,34.969474969474966,47.472527472527474,0.0,31.062271062271066,26.764346764346765,0.0,108.03418803418803,26.37362637362637,-29.499389499389498,0.1953601953601953,0.0,54.114774114774114,76.38583638583638,14.261294261294262,-42.002442002442,0.0,-79.51159951159951,-42.39316239316239,74.04151404151405,58.8034188034188,14.261294261294262
-48.25396825396825,115.06715506715508,82.63736263736264,40.04884004884005,0.0,72.86935286935287,24.02930402930403,39.26739926739927,52.16117216117216,0.0,16.214896214896214,38.095238095238095,0.0,102.56410256410255,16.996336996336996,-19.34065934065934,-0.5860805860805861,0.0,52.16117216117216,73.26007326007326,15.824175824175825,-43.17460317460318,0.0,-82.24664224664225,-24.42002442002442,58.41269841269841,54.114774114774114,15.824175824175825
-55.67765567765568,115.06715506715508,81.07448107448107,48.25396825396825,0.0,58.8034188034188,25.982905982905983,39.26739926739927,64.27350427350427,0.0,3.3211233211233213,49.03540903540904,0.0,94.35897435897436,8.791208791208792,-13.089133089133089,9.18192918192918,0.0,52.94261294261294,68.57142857142857,13.870573870573873,-36.92307692307692,0.0,-80.68376068376068,-21.294261294261293,60.366300366300365,50.20757020757021,13.870573870573873
-58.02197802197802,115.06715506715508,78.73015873015873,51.37973137973138,0.0,45.51892551892552,30.671550671550676,42.39316239316239,68.18070818070818,0.0,-5.665445665445666,58.8034188034188,0.0,88.4981684981685,3.3211233211233213,-6.837606837606837,13.089133089133089,0.0,54.5054945054945,66.22710622710623,11.526251526251526,-36.14163614163614,0.0,-78.33943833943835,-20.12210012210012,62.31990231990232,45.90964590964591,11.526251526251526
-56.06837606837607,115.06715506715508,77.55799755799755,49.03540903540904,0.0,36.14163614163614,34.18803418803419,47.472527472527474,66.61782661782662,0.0,-13.089133089133089,65.05494505494505,0.0,80.68376068376068,0.5860805860805861,-1.7582417582417582,10.354090354090356,0.0,55.67765567765568,64.27350427350427,8.4004884004884,-39.26739926739927,0.0,-77.16727716727716,-11.135531135531137,56.45909645909646,40.83028083028083,8.4004884004884
-57.63125763125763,111.94139194139194,72.08791208791209,52.55189255189255,0.0,23.63858363858364,38.48595848595848,48.25396825396825,67.78998778998779,0.0,-14.652014652014651,65.05494505494505,0.0,70.91575091575092,-0.9768009768009768,0.1953601953601953,14.652014652014651,0.0,54.89621489621489,58.41269841269841,3.711843711843712,-34.18803418803419,0.0,-71.6971916971917,-49.81684981684982,96.7032967032967,34.57875457875458,3.711843711843712
-58.41269841269841,110.76923076923076,63.10134310134311,58.41269841269841,0.0,15.042735042735044,43.95604395604396,48.64468864468864,64.66422466422466,0.0,-9.963369963369964,61.92918192918193,0.0,65.44566544566544,-1.7582417582417582,-1.3675213675213675,22.075702075702075,0.0,52.55189255189255,53.724053724053725,-0.9768009768009768,-21.68498168498169,0.0,-62.71062271062271,-75.6043956043956,117.8021978021978,32.234432234432234,-0.9768009768009768
-60.366300366300365,115.06715506715508,58.8034188034188,55.28693528693529,0.0,12.307692307692308,53.724053724053725,51.77045177045177,49.42612942612943,0.0,0.1953601953601953,56.84981684981685,0.0,61.53846153846154,3.711843711843712,4.493284493284493,17.387057387057386,0.0,50.5982905982906,50.989010989010985,1.3675213675213675,-16.996336996336996,0.0,-58.41269841269841,-54.5054945054945,93.96825396825396,29.89010989010989,1.3675213675213675
-63.88278388278388,120.14652014652016,50.989010989010985,58.02197802197802,0.0,11.916971916971915,63.49206349206349,50.989010989010985,38.095238095238095,0.0,11.526251526251526,49.81684981684982,0.0,57.24053724053724,9.572649572649572,8.4004884004884,18.94993894993895,0.0,52.16117216117216,42.78388278388278,5.274725274725275,-6.446886446886447,0.0,-50.5982905982906,-48.64468864468864,83.02808302808303,25.982905982905983,5.274725274725275
-67.78998778998779,123.27228327228327,38.095238095238095,71.6971916971917,0.0,11.916971916971915,72.47863247863248,44.346764346764346,35.36019536019536,0.0,28.71794871794872,40.04884004884005,0.0,53.724053724053725,14.652014652014651,7.619047619047619,29.499389499389498,0.0,55.28693528693529,31.062271062271066,8.00976800976801,10.354090354090356,0.0,-37.704517704517706,-102.56410256410255,128.35164835164835,25.982905982905983,8.00976800976801
-66.22710622710623,124.83516483516485,29.89010989010989,72.08791208791209,0.0,21.294261294261293,81.46520146520146,39.26739926739927,16.996336996336996,0.0,50.989010989010985,32.62515262515262,0.0,56.84981684981685,23.247863247863247,6.446886446886447,27.155067155067155,0.0,61.53846153846154,23.247863247863247,11.526251526251526,15.824175824175825,0.0,-29.499389499389498,-106.08058608058607,128.35164835164835,25.592185592185597,11.526251526251526
-66.22710622710623,124.83516483516485,22.466422466422465,74.04151404151405,0.0,30.671550671550676,89.67032967032966,33.40659340659341,0.9768009768009768,0.0,75.6043956043956,22.075702075702075,0.0,61.14774114774115,35.75091575091575,4.884004884004884,19.73137973137973,0.0,68.96214896214896,20.12210012210012,16.214896214896214,15.824175824175825,0.0,-22.075702075702075,-58.8034188034188,81.07448107448107,27.545787545787547,16.214896214896214
-68.18070818070818,119.75579975579976,8.791208791208792,86.15384615384616,0.0,38.48595848595848,92.4053724053724,25.2014652014652,-9.572649572649572,0.0,99.82905982905984,9.572649572649572,0.0,67.3992673992674,45.12820512820513,-2.148962148962149,19.73137973137973,0.0,72.47863247863248,18.94993894993895,14.652014652014651,21.68498168498169,0.0,-8.4004884004884,-90.45177045177046,113.89499389499387,34.18803418803419,14.652014652014651
-71.30647130647131,116.23931623931624,-0.1953601953601953,87.32600732600733,0.0,46.69108669108669,93.18681318681318,20.512820512820515,-29.10866910866911,0.0,119.75579975579976,-0.5860805860805861,0.0,76.77655677655677,52.94261294261294,-8.00976800976801,11.526251526251526,0.0,74.04151404151405,22.857142857142858,10.744810744810744,23.247863247863247,0.0,0.5860805860805861,-122.88156288156289,150.23199023199024,41.22100122100122,10.744810744810744
-72.86935286935287,115.06715506715508,-6.446886446886447,83.02808302808303,0.0,54.114774114774114,95.14041514041514,18.55921855921856,-49.42612942612943,0.0,134.993894993895,-6.837606837606837,0.0,85.37240537240537,58.41269841269841,-6.837606837606837,-1.7582417582417582,0.0,76.77655677655677,25.982905982905983,9.18192918192918,20.903540903540904,0.0,6.837606837606837,-84.98168498168498,117.02075702075702,44.346764346764346,9.18192918192918
-74.82295482295483,115.06715506715508,-11.526251526251526,81.85592185592185,0.0,57.24053724053724,92.7960927960928,17.387057387057386,-58.02197802197802,0.0,142.02686202686203,-6.837606837606837,0.0,90.06105006105007,57.63125763125763,-2.93040293040293,-7.619047619047619,0.0,81.07448107448107,24.02930402930403,6.446886446886447,22.466422466422465,0.0,11.916971916971915,-67.3992673992674,97.87545787545788,47.86324786324786,6.446886446886447
-75.995115995116,115.06715506715508,-14.652014652014651,80.68376068376068,0.0,57.24053724053724,89.27960927960928,18.55921855921856,-60.757020757020754,0.0,141.63614163614164,-1.7582417582417582,0.0,90.84249084249085,50.5982905982906,2.148962148962149,-11.526251526251526,0.0,80.68376068376068,19.73137973137973,4.884004884004884,25.2014652014652,0.0,15.042735042735044,-84.2002442002442,108.42490842490842,50.20757020757021,4.884004884004884
-74.82295482295483,118.5836385836386,-11.526251526251526,72.47863247863248,0.0,56.84981684981685,86.15384615384616,24.02930402930403,-63.88278388278388,0.0,132.25885225885227,10.744810744810744,0.0,89.67032967032966,43.95604395604396,13.089133089133089,-23.247863247863247,0.0,80.29304029304029,16.214896214896214,5.274725274725275,18.55921855921856,0.0,11.916971916971915,-80.29304029304029,99.82905982905984,50.5982905982906,5.274725274725275
-74.04151404151405,120.53724053724054,-13.089133089133089,71.6971916971917,0.0,54.5054945054945,79.9023199023199,28.71794871794872,-58.8034188034188,0.0,115.06715506715508,22.466422466422465,0.0,87.32600732600733,33.01587301587302,24.81074481074481,-29.89010989010989,0.0,79.9023199023199,14.261294261294262,7.619047619047619,11.916971916971915,0.0,13.47985347985348,-85.37240537240537,101.001221001221,51.77045177045177,7.619047619047619
-74.04151404151405,118.5836385836386,-16.605616605616607,75.995115995116,0.0,49.81684981684982,69.74358974358974,33.7973137973138,-50.5982905982906,0.0,89.67032967032966,32.62515262515262,0.0,82.24664224664225,18.168498168498168,31.062271062271066,-23.247863247863247,0.0,75.6043956043956,11.916971916971915,5.665445665445666,12.698412698412698,0.0,16.996336996336996,-101.3919413919414,114.28571428571428,52.16117216117216,5.665445665445666
-75.995115995116,118.97435897435898,-14.261294261294262,70.13431013431014,0.0,43.95604395604396,63.10134310134311,41.61172161172161,-50.989010989010985,0.0,63.49206349206349,44.737484737484735,0.0,77.94871794871794,5.274725274725275,43.17460317460318,-24.81074481074481,0.0,73.26007326007326,14.652014652014651,5.274725274725275,6.837606837606837,0.0,14.652014652014651,-70.13431013431014,83.02808302808303,53.724053724053725,5.274725274725275
-75.995115995116,118.1929181929182,-12.307692307692308,64.66422466422466,0.0,38.095238095238095,57.63125763125763,49.81684981684982,-52.16117216117216,0.0,41.61172161172161,56.06837606837607,0.0,72.86935286935287,-3.3211233211233213,59.58485958485959,-25.982905982905983,0.0,74.43223443223444,19.73137973137973,6.056166056166056,0.9768009768009768,0.0,12.698412698412698,-50.20757020757021,63.49206349206349,56.45909645909646,6.056166056166056
-78.73015873015873,116.63003663003664,-8.791208791208792,67.78998778998779,0.0,25.2014652014652,52.94261294261294,58.8034188034188,-41.22100122100122,0.0,20.512820512820515,66.22710622710623,0.0,59.975579975579976,-10.744810744810744,72.86935286935287,-13.089133089133089,0.0,71.6971916971917,22.466422466422465,6.446886446886447,5.274725274725275,0.0,9.18192918192918,-74.43223443223444,83.80952380952381,60.366300366300365,6.446886446886447
-82.63736263736264,117.02075702075702,-1.7582417582417582,66.22710622710623,0.0,8.4004884004884,52.55189255189255,66.22710622710623,-29.499389499389498,0.0,4.493284493284493,72.08791208791209,0.0,43.56532356532357,-16.214896214896214,84.98168498168498,-6.837606837606837,0.0,64.27350427350427,25.982905982905983,4.493284493284493,8.00976800976801,0.0,2.148962148962149,-44.737484737484735,51.37973137973138,61.14774114774115,4.493284493284493
-81.07448107448107,118.97435897435898,3.3211233211233213,56.06837606837607,0.0,0.5860805860805861,53.724053724053725,74.43223443223444,-30.28083028083028,0.0,-2.93040293040293,74.43223443223444,0.0,34.969474969474966,-15.042735042735044,91.62393162393164,-14.652014652014651,0.0,58.41269841269841,33.01587301587302,3.3211233211233213,-1.3675213675213675,0.0,-2.93040293040293,-27.545787545787547,35.75091575091575,59.975579975579976,3.3211233211233213
-78.33943833943835,116.63003663003664,2.5396825396825395,54.89621489621489,0.0,-6.056166056166056,50.20757020757021,74.82295482295483,-22.466422466422465,0.0,-8.791208791208792,68.18070818070818,0.0,25.592185592185597,-17.387057387057386,86.54456654456655,-8.791208791208792,0.0,50.989010989010985,34.18803418803419,-0.1953601953601953,-0.9768009768009768,0.0,-2.148962148962149,-78.73015873015873,85.76312576312576,57.24053724053724,-0.1953601953601953
-79.9023199023199,109.5970695970696,-1.7582417582417582,57.24053724053724,0.0,-9.572649572649572,40.83028083028083,70.13431013431014,-15.824175824175825,0.0,-15.433455433455434,54.5054945054945,0.0,17.77777777777778,-22.466422466422465,71.30647130647131,-1.7582417582417582,0.0,40.43956043956044,32.234432234432234,-8.791208791208792,-0.1953601953601953,0.0,2.148962148962149,-136.55677655677655,142.8083028083028,55.28693528693529,-8.791208791208792
-76.38583638583638,104.12698412698413,-4.102564102564102,48.64468864468864,0.0,-1.3675213675213675,33.40659340659341,65.05494505494505,-25.2014652014652,0.0,-18.94993894993895,43.17460317460318,0.0,19.34065934065934,-23.63858363858364,57.24053724053724,-7.228327228327228,0.0,39.26739926739927,31.843711843711844,-17.387057387057386,-9.572649572649572,0.0,4.493284493284493,-129.9145299145299,140.85470085470087,54.114774114774114,-17.387057387057386
-77.55799755799755,95.14041514041514,-3.711843711843712,47.472527472527474,0.0,0.1953601953601953,26.37362637362637,59.975579975579976,-25.2014652014652,0.0,-23.63858363858364,27.155067155067155,0.0,17.387057387057386,-27.936507936507937,43.95604395604396,-3.711843711843712,0.0,38.095238095238095,26.37362637362637,-22.075702075702075,-13.47985347985348,0.0,4.102564102564102,-86.54456654456655,103.73626373626374,52.94261294261294,-22.075702075702075
-83.80952380952381,85.76312576312576,-0.9768009768009768,48.25396825396825,0.0,-2.148962148962149,18.94993894993895,52.55189255189255,-20.512820512820515,0.0,-28.32722832722833,7.228327228327228,0.0,13.089133089133089,-34.18803418803419,28.32722832722833,2.148962148962149,0.0,34.57875457875458,19.34065934065934,-27.936507936507937,-16.214896214896214,0.0,1.3675213675213675,-80.68376068376068,105.68986568986568,51.77045177045177,-27.936507936507937
-89.67032967032966,77.55799755799755,4.493284493284493,42.78388278388278,0.0,-6.056166056166056,14.652014652014651,47.081807081807085,-20.12210012210012,0.0,-26.37362637362637,-13.47985347985348,0.0,12.307692307692308,-36.14163614163614,15.042735042735044,-0.1953601953601953,0.0,33.7973137973138,14.261294261294262,-31.843711843711844,-25.982905982905983,0.0,-4.102564102564102,-67.78998778998779,104.9084249084249,51.37973137973138,-31.843711843711844
-94.74969474969475,68.96214896214896,10.744810744810744,37.31379731379732,0.0,-11.916971916971915,10.354090354090356,42.002442002442,-17.77777777777778,0.0,-15.433455433455434,-38.48595848595848,0.0,11.135531135531137,-37.704517704517706,5.665445665445666,-4.884004884004884,0.0,34.18803418803419,7.228327228327228,-31.45299145299145,-36.53235653235653,0.0,-10.354090354090356,-23.247863247863247,74.82295482295483,46.69108669108669,-31.45299145299145
-104.51770451770452,59.58485958485959,10.744810744810744,39.26739926739927,0.0,-19.73137973137973,0.5860805860805861,34.969474969474966,-8.791208791208792,0.0,-3.711843711843712,-67.00854700854701,0.0,6.446886446886447,-40.43956043956044,-5.274725274725275,-3.3211233211233213,0.0,31.45299145299145,-1.7582417582417582,-36.53235653235653,-37.31379731379732,0.0,-10.354090354090356,16.996336996336996,43.95604395604396,41.22100122100122,-36.53235653235653
-113.11355311355312,49.42612942612943,8.00976800976801,38.87667887667888,0.0,-25.2014652014652,-11.916971916971915,25.982905982905983,-3.3211233211233213,0.0,3.3211233211233213,-90.06105006105007,0.0,0.9768009768009768,-44.346764346764346,-16.214896214896214,-6.056166056166056,0.0,28.32722832722833,-13.870573870573873,-45.90964590964591,-34.969474969474966,0.0,-7.619047619047619,15.042735042735044,54.114774114774114,35.75091575091575,-45.90964590964591
-120.53724053724054,42.39316239316239,8.00976800976801,35.75091575091575,0.0,-28.32722832722833,-24.81074481074481,18.94993894993895,1.7582417582417582,0.0,3.711843711843712,-105.68986568986568,0.0,-4.102564102564102,-53.333333333333336,-22.075702075702075,-8.791208791208792,0.0,25.982905982905983,-27.155067155067155,-57.63125763125763,-31.062271062271066,0.0,-7.619047619047619,12.307692307692308,61.53846153846154,31.062271062271066,-57.63125763125763
-124.83516483516485,37.31379731379732,8.791208791208792,33.7973137973138,0.0,-31.062271062271066,-37.31379731379732,13.870573870573873,10.744810744810744,0.0,-1.7582417582417582,-116.23931623931624,0.0,-13.089133089133089,-64.66422466422466,-26.764346764346765,-6.837606837606837,0.0,25.982905982905983,-42.78388278388278,-72.08791208791209,-24.81074481074481,0.0,-8.4004884004884,-0.1953601953601953,79.51159951159951,22.857142857142858,-72.08791208791209
-129.52380952380952,34.18803418803419,7.619047619047619,35.36019536019536,0.0,-38.87667887667888,-44.737484737484735,9.963369963369964,22.075702075702075,0.0,-16.214896214896214,-116.23931623931624,0.0,-22.466422466422465,-78.33943833943835,-33.40659340659341,-4.102564102564102,0.0,23.63858363858364,-55.67765567765568,-90.06105006105007,-17.77777777777778,0.0,-7.228327228327228,-17.387057387057386,104.9084249084249,13.870573870573873,-90.06105006105007
-135.3846153846154,37.31379731379732,9.963369963369964,32.62515262515262,0.0,-51.37973137973138,-44.346764346764346,13.870573870573873,27.545787545787547,0.0,-29.10866910866911,-108.03418803418803,0.0,-29.89010989010989,-90.84249084249085,-35.36019536019536,-6.056166056166056,0.0,23.63858363858364,-67.00854700854701,-101.3919413919414,-18.94993894993895,0.0,-9.572649572649572,22.857142857142858,72.86935286935287,6.056166056166056,-101.3919413919414
-138.5103785103785,42.39316239316239,11.916971916971915,29.499389499389498,0.0,-64.66422466422466,-41.22100122100122,20.12210012210012,31.843711843711844,0.0,-43.17460317460318,-97.48473748473748,0.0,-37.31379731379732,-102.56410256410255,-33.7973137973138,-9.18192918192918,0.0,22.075702075702075,-77.16727716727716,-110.37851037851038,-19.34065934065934,0.0,-11.526251526251526,38.095238095238095,67.00854700854701,-3.711843711843712,-110.37851037851038
-149.45054945054946,47.081807081807085,7.619047619047619,36.14163614163614,0.0,-83.02808302808303,-40.83028083028083,23.63858363858364,42.78388278388278,0.0,-60.366300366300365,-85.37240537240537,0.0,-50.20757020757021,-111.15995115995116,-34.969474969474966,-6.446886446886447,0.0,13.870573870573873,-89.67032967032966,-118.97435897435898,-10.354090354090356,0.0,-7.228327228327228,13.089133089133089,99.43833943833944,-16.996336996336996,-118.97435897435898
-157.65567765567766,51.37973137973138,1.3675213675213675,40.04884004884005,0.0,-95.14041514041514,-44.346764346764346,24.42002442002442,50.989010989010985,0.0,-75.21367521367522,-72.86935286935287,0.0,-61.14774114774115,-118.97435897435898,-35.75091575091575,-7.619047619047619,0.0,4.102564102564102,-99.04761904761904,-127.96092796092796,-1.7582417582417582,0.0,-0.9768009768009768,16.605616605616607,95.14041514041514,-24.42002442002442,-127.96092796092796
-159.6092796092796,57.63125763125763,-1.3675213675213675,33.7973137973138,0.0,-101.3919413919414,-47.081807081807085,29.89010989010989,49.81684981684982,0.0,-88.1074481074481,-59.58485958485959,0.0,-68.18070818070818,-120.14652014652016,-28.71794871794872,-22.857142857142858,0.0,-0.1953601953601953,-106.08058608058607,-134.993894993895,-1.3675213675213675,0.0,1.7582417582417582,40.04884004884005,71.30647130647131,-31.843711843711844,-134.993894993895
-159.6092796092796,59.975579975579976,-10.354090354090356,37.704517704517706,0.0,-105.68986568986568,-52.94261294261294,28.71794871794872,57.63125763125763,0.0,-103.73626373626374,-45.12820512820513,0.0,-74.43223443223444,-122.4908424908425,-29.89010989010989,-28.32722832722833,0.0,-4.102564102564102,-115.45787545787546,-145.15262515262515,8.4004884004884,0.0,10.744810744810744,-4.884004884004884,112.72283272283272,-40.43956043956044,-145.15262515262515
-163.9072039072039,61.14774114774115,-16.996336996336996,41.61172161172161,0.0,-116.63003663003664,-54.89621489621489,27.545787545787547,66.22710622710623,0.0,-117.8021978021978,-34.969474969474966,0.0,-80.29304029304029,-124.05372405372404,-33.01587301587302,-32.234432234432234,0.0,-11.526251526251526,-122.88156288156289,-152.96703296703296,15.433455433455434,0.0,17.387057387057386,-72.08791208791209,176.8009768009768,-46.3003663003663,-152.96703296703296
-166.64224664224665,67.3992673992674,-19.34065934065934,35.36019536019536,0.0,-121.31868131868131,-51.77045177045177,28.32722832722833,62.31990231990232,0.0,-126.7887667887668,-26.37362637362637,0.0,-82.24664224664225,-119.75579975579976,-34.969474969474966,-45.12820512820513,0.0,-14.652014652014651,-126.7887667887668,-152.96703296703296,10.744810744810744,0.0,19.73137973137973,-67.00854700854701,168.2051282051282,-49.81684981684982,-152.96703296703296
-173.2844932844933,70.13431013431014,-19.34065934065934,33.40659340659341,0.0,-127.96092796092796,-48.25396825396825,24.81074481074481,62.71062271062271,0.0,-131.86813186813183,-23.63858363858364,0.0,-84.98168498168498,-115.06715506715508,-40.43956043956044,-50.989010989010985,0.0,-22.075702075702075,-131.4774114774115,-148.2783882783883,8.00976800976801,0.0,19.73137973137973,-31.062271062271066,131.08669108669108,-54.89621489621489,-148.2783882783883
-182.66178266178267,71.30647130647131,-21.68498168498169,34.969474969474966,0.0,-131.4774114774115,-47.472527472527474,15.824175824175825,65.44566544566544,0.0,-131.08669108669108,-28.71794871794872,0.0,-89.27960927960928,-111.94139194139194,-48.64468864468864,-50.5982905982906,0.0,-31.843711843711844,-136.16605616605617,-142.02686202686203,7.619047619047619,0.0,22.075702075702075,-32.234432234432234,127.96092796092796,-57.63125763125763,-142.02686202686203
-188.5225885225885,75.6043956043956,-23.63858363858364,29.499389499389498,0.0,-129.9145299145299,-40.83028083028083,7.619047619047619,56.84981684981685,0.0,-122.88156288156289,-34.57875457875458,0.0,-89.67032967032966,-106.08058608058607,-55.28693528693529,-57.63125763125763,0.0,-39.65811965811966,-136.55677655677655,-135.77533577533578,1.3675213675213675,0.0,24.02930402930403,-38.095238095238095,124.44444444444444,-55.67765567765568,-135.77533577533578
-187.3504273504273,78.73015873015873,-25.2014652014652,24.02930402930403,0.0,-124.83516483516485,-33.01587301587302,2.93040293040293,45.51892551892552,0.0,-109.2063492063492,-45.51892551892552,0.0,-85.76312576312576,-99.82905982905984,-54.89621489621489,-69.35286935286935,0.0,-43.95604395604396,-133.43101343101344,-128.74236874236874,-5.274725274725275,0.0,25.592185592185597,0.1953601953601953,77.94871794871794,-54.5054945054945,-128.74236874236874
-186.17826617826617,77.16727716727716,-32.234432234432234,29.10866910866911,0.0,-119.75579975579976,-25.2014652014652,-4.884004884004884,38.87667887667888,0.0,-92.7960927960928,-58.02197802197802,0.0,-82.63736263736264,-92.7960927960928,-60.366300366300365,-71.6971916971917,0.0,-47.86324786324786,-131.08669108669108,-128.35164835164835,-2.148962148962149,0.0,32.62515262515262,28.71794871794872,42.002442002442,-53.333333333333336,-128.35164835164835
-183.44322344322345,77.16727716727716,-37.704517704517706,31.062271062271066,0.0,-114.28571428571428,-10.744810744810744,-11.526251526251526,24.42002442002442,0.0,-69.35286935286935,-72.08791208791209,0.0,-77.55799755799755,-83.41880341880342,-63.88278388278388,-79.51159951159951,0.0,-54.5054945054945,-126.007326007326,-126.7887667887668,0.5860805860805861,0.0,38.095238095238095,27.545787545787547,33.40659340659341,-51.37973137973138,-126.7887667887668
-177.1916971916972,77.16727716727716,-39.65811965811966,27.936507936507937,0.0,-104.12698412698413,1.3675213675213675,-16.214896214896214,8.00976800976801,0.0,-41.22100122100122,-81.46520146520146,0.0,-68.18070818070818,-69.35286935286935,-64.27350427350427,-90.84249084249085,0.0,-56.45909645909646,-118.5836385836386,-121.7094017094017,1.3675213675213675,0.0,40.04884004884005,34.57875457875458,18.168498168498168,-50.989010989010985,-121.7094017094017
-170.15873015873015,70.52503052503053,-40.83028083028083,31.062271062271066,0.0,-94.35897435897436,5.665445665445666,-21.68498168498169,2.148962148962149,0.0,-19.34065934065934,-87.71672771672772,0.0,-62.31990231990232,-55.67765567765568,-65.44566544566544,-93.57753357753356,0.0,-58.8034188034188,-115.06715506715508,-113.11355311355312,8.4004884004884,0.0,41.22100122100122,11.526251526251526,32.234432234432234,-50.989010989010985,-113.11355311355312
-165.86080586080587,66.22710622710623,-42.39316239316239,33.7973137973138,0.0,-84.2002442002442,2.93040293040293,-25.2014652014652,-0.1953601953601953,0.0,-3.711843711843712,-87.71672771672772,0.0,-55.28693528693529,-46.3003663003663,-66.61782661782662,-93.18681318681318,0.0,-60.757020757020754,-110.37851037851038,-104.12698412698413,11.526251526251526,0.0,42.78388278388278,-9.572649572649572,45.90964590964591,-50.20757020757021,-104.12698412698413
-157.65567765567766,65.05494505494505,-35.75091575091575,23.63858363858364,0.0,-74.43223443223444,2.5396825396825395,-22.466422466422465,-8.791208791208792,0.0,6.056166056166056,-78.73015873015873,0.0,-43.95604395604396,-37.704517704517706,-58.41269841269841,-103.73626373626374,0.0,-54.89621489621489,-103.34554334554336,-86.93528693528694,0.5860805860805861,0.0,36.14163614163614,18.94993894993895,8.791208791208792,-45.12820512820513,-86.93528693528694
-151.4041514041514,63.49206349206349,-27.545787545787547,20.512820512820515,0.0,-70.91575091575092,3.3211233211233213,-13.089133089133089,-12.698412698412698,0.0,6.446886446886447,-63.49206349206349,0.0,-38.48595848595848,-28.32722832722833,-44.737484737484735,-109.98778998778998,0.0,-48.64468864468864,-92.4053724053724,-68.18070818070818,-13.47985347985348,0.0,27.936507936507937,0.1953601953601953,23.63858363858364,-36.53235653235653,-68.18070818070818
-147.88766788766787,59.975579975579976,-25.592185592185597,27.545787545787547,0.0,-74.43223443223444,7.619047619047619,-8.4004884004884,-8.791208791208792,0.0,2.5396825396825395,-44.346764346764346,0.0,-39.65811965811966,-24.81074481074481,-31.062271062271066,-102.56410256410255,0.0,-47.081807081807085,-81.85592185592185,-57.24053724053724,-13.089133089133089,0.0,25.982905982905983,-18.168498168498168,36.92307692307692,-27.155067155067155,-57.24053724053724
-138.1196581196581,63.88278388278388,-20.903540903540904,21.294261294261293,0.0,-74.04151404151405,20.512820512820515,0.9768009768009768,-20.12210012210012,0.0,-0.1953601953601953,-14.652014652014651,0.0,-38.095238095238095,-16.605616605616607,-15.433455433455434,-102.17338217338218,0.0,-42.002442002442,-67.3992673992674,-50.20757020757021,-13.089133089133089,0.0,21.294261294261293,-35.75091575091575,47.081807081807085,-18.168498168498168,-50.20757020757021
-125.6166056166056,67.00854700854701,-15.433455433455434,13.089133089133089,0.0,-72.86935286935287,29.499389499389498,15.824175824175825,-33.01587301587302,0.0,-8.791208791208792,14.652014652014651,0.0,-34.969474969474966,-9.963369963369964,2.93040293040293,-103.34554334554336,0.0,-39.26739926739927,-50.20757020757021,-42.78388278388278,-14.261294261294262,0.0,15.824175824175825,-8.4004884004884,11.916971916971915,-10.354090354090356,-42.78388278388278
-113.89499389499387,66.22710622710623,-18.94993894993895,13.47985347985348,0.0,-73.26007326007326,32.62515262515262,24.81074481074481,-36.53235653235653,0.0,-18.55921855921856,39.65811965811966,0.0,-32.234432234432234,-9.18192918192918,14.261294261294262,-93.96825396825396,0.0,-38.87667887667888,-36.92307692307692,-44.346764346764346,-0.9768009768009768,0.0,19.34065934065934,-31.843711843711844,25.592185592185597,-5.665445665445666,-44.346764346764346
-104.51770451770452,65.83638583638583,-21.294261294261293,11.526251526251526,0.0,-72.86935286935287,33.40659340659341,34.57875457875458,-42.39316239316239,0.0,-27.545787545787547,58.8034188034188,0.0,-27.545787545787547,-12.698412698412698,21.68498168498169,-86.15384615384616,0.0,-40.43956043956044,-25.982905982905983,-41.22100122100122,1.7582417582417582,0.0,21.68498168498169,-71.6971916971917,56.45909645909646,-2.93040293040293,-41.22100122100122
-92.7960927960928,65.83638583638583,-19.73137973137973,5.665445665445666,0.0,-70.52503052503053,33.01587301587302,44.737484737484735,-47.86324786324786,0.0,-36.92307692307692,72.47863247863248,0.0,-22.075702075702075,-15.433455433455434,34.18803418803419,-83.80952380952381,0.0,-38.87667887667888,-13.47985347985348,-29.499389499389498,-5.274725274725275,0.0,20.12210012210012,-35.75091575091575,10.354090354090356,0.1953601953601953,-29.499389499389498
-83.41880341880342,61.53846153846154,-24.02930402930403,12.698412698412698,0.0,-72.47863247863248,33.40659340659341,46.69108669108669,-40.83028083028083,0.0,-42.002442002442,81.85592185592185,0.0,-24.42002442002442,-17.387057387057386,45.90964590964591,-68.96214896214896,0.0,-40.04884004884005,-3.711843711843712,-14.261294261294262,-6.837606837606837,0.0,24.42002442002442,15.433455433455434,-50.5982905982906,3.3211233211233213,-14.261294261294262
-72.86935286935287,58.02197802197802,-28.71794871794872,18.55921855921856,0.0,-71.30647130647131,36.53235653235653,45.51892551892552,-35.36019536019536,0.0,-41.22100122100122,85.76312576312576,0.0,-25.982905982905983,-21.294261294261293,54.5054945054945,-50.5982905982906,0.0,-42.002442002442,1.7582417582417582,-3.3211233211233213,-0.9768009768009768,0.0,29.10866910866911,-10.744810744810744,-38.48595848595848,7.619047619047619,-3.3211233211233213
-59.1941391941392,59.1941391941392,-28.32722832722833,12.307692307692308,0.0,-66.61782661782662,46.3003663003663,43.95604395604396,-40.04884004884005,0.0,-38.095238095238095,88.88888888888889,0.0,-22.466422466422465,-22.075702075702075,63.49206349206349,-36.92307692307692,0.0,-38.87667887667888,10.744810744810744,4.493284493284493,2.93040293040293,0.0,28.71794871794872,-36.92307692307692,-28.32722832722833,13.870573870573873,4.493284493284493
-46.69108669108669,58.8034188034188,-27.936507936507937,6.056166056166056,0.0,-64.66422466422466,58.8034188034188,41.22100122100122,-45.90964590964591,0.0,-30.28083028083028,85.37240537240537,0.0,-19.73137973137973,-21.294261294261293,73.26007326007326,-26.764346764346765,0.0,-35.36019536019536,17.77777777777778,12.698412698412698,7.228327228327228,0.0,28.32722832722833,-42.002442002442,-34.969474969474966,16.605616605616607,12.698412698412698
-37.704517704517706,54.114774114774114,-29.10866910866911,3.711843711843712,0.0,-59.975579975579976,67.00854700854701,38.095238095238095,-54.114774114774114,0.0,-18.168498168498168,75.6043956043956,0.0,-16.214896214896214,-19.73137973137973,75.995115995116,-14.261294261294262,0.0,-31.45299145299145,21.294261294261293,14.652014652014651,16.605616605616607,0.0,29.499389499389498,-47.081807081807085,-37.704517704517706,19.73137973137973,14.652014652014651
-29.89010989010989,49.81684981684982,-26.764346764346765,-5.274725274725275,0.0,-50.989010989010985,72.86935286935287,37.704517704517706,-72.08791208791209,0.0,-6.446886446886447,65.83638583638583,0.0,-8.4004884004884,-14.652014652014651,75.21367521367522,-17.387057387057386,0.0,-23.63858363858364,25.2014652014652,15.042735042735044,13.089133089133089,0.0,27.155067155067155,-32.62515262515262,-53.724053724053725,21.294261294261293,15.042735042735044
-21.68498168498169,43.95604395604396,-21.68498168498169,-11.135531135531137,0.0,-41.61172161172161,77.55799755799755,38.095238095238095,-84.98168498168498,0.0,9.572649572649572,53.724053724053725,0.0,-3.3211233211233213,-5.274725274725275,74.04151404151405,-23.63858363858364,0.0,-16.605616605616607,27.936507936507937,18.94993894993895,8.00976800976801,0.0,22.075702075702075,-8.00976800976801,-74.43223443223444,20.512820512820515,18.94993894993895
-15.824175824175825,33.40659340659341,-22.857142857142858,-3.711843711843712,0.0,-32.62515262515262,74.82295482295483,34.969474969474966,-86.93528693528694,0.0,25.2014652014652,38.095238095238095,0.0,0.9768009768009768,2.148962148962149,67.00854700854701,-22.466422466422465,0.0,-12.307692307692308,25.2014652014652,16.605616605616607,16.214896214896214,0.0,23.247863247863247,-17.77777777777778,-63.88278388278388,19.73137973137973,16.605616605616607
-11.916971916971915,26.37362637362637,-23.247863247863247,2.148962148962149,0.0,-21.68498168498169,70.91575091575092,31.062271062271066,-87.32600732600733,0.0,37.31379731379732,23.63858363858364,0.0,11.135531135531137,4.493284493284493,56.84981684981685,-20.512820512820515,0.0,-8.00976800976801,22.857142857142858,11.526251526251526,23.247863247863247,0.0,23.63858363858364,-25.982905982905983,-54.89621489621489,18.94993894993895,11.526251526251526
-7.619047619047619,23.63858363858364,-16.605616605616607,-2.148962148962149,0.0,-13.089133089133089,70.91575091575092,33.01587301587302,-94.74969474969475,0.0,49.42612942612943,8.791208791208792,0.0,22.857142857142858,10.744810744810744,52.16117216117216,-25.982905982905983,0.0,-2.5396825396825395,27.155067155067155,11.526251526251526,21.68498168498169,0.0,16.996336996336996,5.274725274725275,-84.98168498168498,19.73137973137973,11.526251526251526
-4.102564102564102,21.294261294261293,-13.089133089133089,-4.493284493284493,0.0,-4.493284493284493,69.74358974358974,31.062271062271066,-98.26617826617829,0.0,58.41269841269841,1.7582417582417582,0.0,32.234432234432234,15.824175824175825,49.03540903540904,-28.71794871794872,0.0,4.493284493284493,29.10866910866911,10.744810744810744,20.903540903540904,0.0,13.47985347985348,22.075702075702075,-96.31257631257633,18.94993894993895,10.744810744810744
-3.711843711843712,18.94993894993895,-8.791208791208792,-6.056166056166056,0.0,-0.1953601953601953,65.83638583638583,28.32722832722833,-95.53113553113552,0.0,59.58485958485959,-0.5860805860805861,0.0,34.969474969474966,19.34065934065934,43.17460317460318,-22.857142857142858,0.0,13.870573870573873,27.545787545787547,7.619047619047619,22.857142857142858,0.0,9.18192918192918,-22.466422466422465,-44.737484737484735,16.214896214896214,7.619047619047619
0.1953601953601953,19.34065934065934,2.148962148962149,-20.903540903540904,0.0,2.93040293040293,65.44566544566544,31.843711843711844,-100.21978021978022,0.0,59.58485958485959,6.056166056166056,0.0,36.92307692307692,28.71794871794872,45.12820512820513,-27.155067155067155,0.0,26.37362637362637,30.671550671550676,7.228327228327228,16.605616605616607,0.0,-1.7582417582417582,-18.55921855921856,-38.87667887667888,13.47985347985348,7.228327228327228
5.274725274725275,21.68498168498169,11.135531135531137,-30.28083028083028,0.0,0.9768009768009768,68.18070818070818,34.969474969474966,-96.31257631257633,0.0,56.84981684981685,18.168498168498168,0.0,33.01587301587302,39.26739926739927,49.42612942612943,-27.155067155067155,0.0,40.04884004884005,28.32722832722833,7.228327228327228,16.605616605616607,0.0,-10.744810744810744,6.837606837606837,-56.06837606837607,6.056166056166056,7.228327228327228
6.056166056166056,25.982905982905983,9.572649572649572,-31.843711843711844,0.0,-9.572649572649572,69.35286935286935,36.53235653235653,-86.15384615384616,0.0,49.03540903540904,28.32722832722833,0.0,23.247863247863247,45.51892551892552,50.989010989010985,-16.214896214896214,0.0,46.69108669108669,25.592185592185597,0.9768009768009768,27.545787545787547,0.0,-9.18192918192918,-53.333333333333336,4.102564102564102,0.1953601953601953,0.9768009768009768
8.4004884004884,31.843711843711844,7.228327228327228,-37.31379731379732,0.0,-21.68498168498169,73.65079365079364,40.83028083028083,-81.46520146520146,0.0,43.56532356532357,38.48595848595848,0.0,18.168498168498168,48.25396825396825,52.16117216117216,-8.791208791208792,0.0,54.114774114774114,22.466422466422465,-4.102564102564102,35.75091575091575,0.0,-6.837606837606837,-112.33211233211232,58.8034188034188,-1.3675213675213675,-4.102564102564102
12.307692307692308,41.22100122100122,3.3211233211233213,-46.69108669108669,0.0,-33.7973137973138,82.24664224664225,45.90964590964591,-82.63736263736264,0.0,42.002442002442,45.51892551892552,0.0,10.354090354090356,53.333333333333336,53.333333333333336,-7.619047619047619,0.0,58.8034188034188,18.94993894993895,-9.572649572649572,39.65811965811966,0.0,-2.93040293040293,-86.54456654456655,31.062271062271066,-8.791208791208792,-9.572649572649572
11.526251526251526,48.25396825396825,-6.446886446886447,-50.20757020757021,0.0,-47.081807081807085,83.80952380952381,45.90964590964591,-79.9023199023199,0.0,35.75091575091575,50.20757020757021,0.0,0.1953601953601953,54.114774114774114,49.42612942612943,-0.5860805860805861,0.0,57.63125763125763,13.47985347985348,-17.387057387057386,48.64468864468864,0.0,6.837606837606837,-79.9023199023199,20.512820512820515,-18.55921855921856,-17.387057387057386
9.572649572649572,51.37973137973138,-14.652014652014651,-52.16117216117216,0.0,-59.1941391941392,83.80952380952381,43.95604395604396,-73.26007326007326,0.0,29.10866910866911,52.94261294261294,0.0,-7.619047619047619,49.42612942612943,44.346764346764346,7.619047619047619,0.0,54.5054945054945,4.493284493284493,-22.857142857142858,56.84981684981685,0.0,15.042735042735044,-101.78266178266178,36.14163614163614,-27.155067155067155,-22.857142857142858
8.791208791208792,55.67765567765568,-16.996336996336996,-60.757020757020754,0.0,-69.74358974358974,83.80952380952381,44.737484737484735,-71.6971916971917,0.0,22.857142857142858,56.06837606837607,0.0,-14.261294261294262,49.81684981684982,40.04884004884005,6.056166056166056,0.0,51.37973137973138,-4.102564102564102,-24.02930402930403,57.63125763125763,0.0,17.387057387057386,-116.23931623931624,48.64468864468864,-38.095238095238095,-24.02930402930403
8.4004884004884,59.1941391941392,-24.42002442002442,-63.10134310134311,0.0,-80.29304029304029,82.63736263736264,42.39316239316239,-64.27350427350427,0.0,17.77777777777778,58.02197802197802,0.0,-20.12210012210012,49.81684981684982,34.969474969474966,9.572649572649572,0.0,49.42612942612943,-11.916971916971915,-24.81074481074481,61.14774114774115,0.0,24.81074481074481,-135.77533577533578,65.05494505494505,-49.03540903540904,-24.81074481074481
9.572649572649572,61.14774114774115,-36.92307692307692,-60.757020757020754,0.0,-91.62393162393164,83.41880341880342,37.704517704517706,-56.45909645909646,0.0,17.387057387057386,59.1941391941392,0.0,-18.94993894993895,45.12820512820513,29.89010989010989,13.089133089133089,0.0,49.81684981684982,-20.512820512820515,-27.936507936507937,67.78998778998779,0.0,37.31379731379732,-151.01343101343102,75.6043956043956,-55.28693528693529,-27.936507936507937
9.18192918192918,63.10134310134311,-45.90964590964591,-66.22710622710623,0.0,-99.43833943833944,84.59096459096459,32.62515262515262,-58.02197802197802,0.0,26.37362637362637,54.89621489621489,0.0,-12.698412698412698,43.95604395604396,22.466422466422465,4.884004884004884,0.0,50.989010989010985,-29.10866910866911,-31.843711843711844,68.18070818070818,0.0,46.3003663003663,-131.86813186813183,56.45909645909646,-60.757020757020754,-31.843711843711844
9.572649572649572,63.49206349206349,-56.06837606837607,-71.30647130647131,0.0,-102.95482295482296,83.41880341880342,25.2014652014652,-59.975579975579976,0.0,36.53235653235653,44.737484737484735,0.0,-4.493284493284493,38.48595848595848,13.870573870573873,-4.493284493284493,0.0,50.5982905982906,-38.095238095238095,-36.14163614163614,66.22710622710623,0.0,56.45909645909646,-90.06105006105007,16.605616605616607,-70.13431013431014,-36.14163614163614
3.711843711843712,57.63125763125763,-66.22710622710623,-63.49206349206349,0.0,-111.55067155067157,77.55799755799755,11.526251526251526,-46.3003663003663,0.0,44.346764346764346,28.32722832722833,0.0,1.3675213675213675,25.2014652014652,3.711843711843712,-3.3211233211233213,0.0,46.69108669108669,-50.5982905982906,-40.04884004884005,70.52503052503053,0.0,66.61782661782662,-102.56410256410255,32.234432234432234,-78.33943833943835,-40.04884004884005
-6.837606837606837,51.77045177045177,-65.44566544566544,-54.5054945054945,0.0,-120.92796092796092,70.52503052503053,3.711843711843712,-28.32722832722833,0.0,51.37973137973138,9.963369963369964,0.0,2.5396825396825395,15.824175824175825,-5.665445665445666,-2.93040293040293,0.0,38.87667887667888,-63.49206349206349,-40.04884004884005,72.86935286935287,0.0,65.83638583638583,-66.22710622710623,4.884004884004884,-87.71672771672772,-40.04884004884005
-11.135531135531137,51.37973137973138,-56.06837606837607,-52.55189255189255,0.0,-122.88156288156289,69.35286935286935,2.93040293040293,-18.55921855921856,0.0,62.71062271062271,0.5860805860805861,0.0,6.056166056166056,15.824175824175825,-11.916971916971915,-11.916971916971915,0.0,37.704517704517706,-67.78998778998779,-37.31379731379732,64.27350427350427,0.0,56.45909645909646,-20.12210012210012,-28.32722832722833,-94.74969474969475,-37.31379731379732
-14.652014652014651,49.42612942612943,-43.95604395604396,-43.17460317460318,0.0,-128.35164835164835,71.30647130647131,2.93040293040293,0.1953601953601953,0.0,75.995115995116,-3.3211233211233213,0.0,8.00976800976801,20.12210012210012,-15.042735042735044,-15.433455433455434,0.0,41.22100122100122,-69.74358974358974,-35.75091575091575,61.14774114774115,0.0,44.346764346764346,-42.78388278388278,7.228327228327228,-97.48473748473748,-35.75091575091575
-19.73137973137973,45.51892551892552,-32.62515262515262,-27.936507936507937,0.0,-135.77533577533578,77.94871794871794,2.5396825396825395,18.94993894993895,0.0,90.06105006105007,0.1953601953601953,0.0,8.791208791208792,25.982905982905983,-18.168498168498168,-13.47985347985348,0.0,43.95604395604396,-70.13431013431014,-37.704517704517706,66.22710622710623,0.0,33.01587301587302,-93.96825396825396,71.30647130647131,-97.09401709401708,-37.704517704517706
-19.73137973137973,45.90964590964591,-19.73137973137973,-24.81074481074481,0.0,-136.16605616605617,87.71672771672772,4.102564102564102,23.247863247863247,0.0,105.2991452991453,10.354090354090356,0.0,14.261294261294262,31.45299145299145,-12.698412698412698,-21.294261294261293,0.0,50.20757020757021,-65.83638583638583,-35.75091575091575,62.71062271062271,0.0,20.12210012210012,-68.57142857142857,58.8034188034188,-95.92185592185592,-35.75091575091575
-21.294261294261293,40.04884004884005,-10.744810744810744,-18.55921855921856,0.0,-139.68253968253967,91.62393162393164,3.711843711843712,30.671550671550676,0.0,110.37851037851038,20.512820512820515,0.0,16.996336996336996,30.28083028083028,-5.274725274725275,-22.466422466422465,0.0,54.89621489621489,-63.10134310134311,-33.7973137973138,60.757020757020754,0.0,11.135531135531137,-10.354090354090356,13.47985347985348,-95.92185592185592,-33.7973137973138
-26.37362637362637,31.45299145299145,-4.102564102564102,-3.711843711843712,0.0,-147.1062271062271,94.35897435897436,0.9768009768009768,47.472527472527474,0.0,105.68986568986568,31.062271062271066,0.0,13.089133089133089,22.075702075702075,4.493284493284493,-9.963369963369964,0.0,54.114774114774114,-62.31990231990232,-27.936507936507937,65.44566544566544,0.0,4.493284493284493,-19.34065934065934,33.40659340659341,-95.14041514041514,-27.936507936507937
-28.32722832722833,26.37362637362637,2.5396825396825395,5.665445665445666,0.0,-153.35775335775335,97.09401709401708,2.93040293040293,58.8034188034188,0.0,99.43833943833944,43.56532356532357,0.0,6.056166056166056,13.870573870573873,14.261294261294262,4.493284493284493,0.0,52.55189255189255,-58.02197802197802,-22.075702075702075,68.18070818070818,0.0,-2.148962148962149,-41.22100122100122,64.27350427350427,-92.7960927960928,-22.075702075702075
-28.32722832722833,23.63858363858364,14.261294261294262,8.791208791208792,0.0,-157.26495726495727,99.04761904761904,9.963369963369964,65.83638583638583,0.0,88.1074481074481,54.114774114774114,0.0,0.5860805860805861,9.572649572649572,24.42002442002442,13.47985347985348,0.0,52.16117216117216,-50.5982905982906,-14.652014652014651,61.53846153846154,0.0,-13.870573870573873,-25.2014652014652,56.84981684981685,-89.27960927960928,-14.652014652014651
-31.843711843711844,21.294261294261293,22.466422466422465,18.94993894993895,0.0,-164.6886446886447,100.21978021978022,13.870573870573873,80.68376068376068,0.0,75.995115995116,63.10134310134311,0.0,-8.00976800976801,7.619047619047619,26.37362637362637,29.89010989010989,0.0,52.55189255189255,-45.51892551892552,-14.261294261294262,64.27350427350427,0.0,-22.075702075702075,-34.969474969474966,74.04151404151405,-84.2002442002442,-14.261294261294262
-37.31379731379732,23.247863247863247,29.89010989010989,22.857142857142858,0.0,-171.7216117216117,98.26617826617829,17.77777777777778,94.35897435897436,0.0,62.31990231990232,72.86935286935287,0.0,-16.214896214896214,6.446886446886447,24.42002442002442,43.17460317460318,0.0,50.5982905982906,-40.04884004884005,-17.387057387057386,64.66422466422466,0.0,-29.499389499389498,-56.84981684981685,97.87545787545788,-76.38583638583638,-17.387057387057386
-41.61172161172161,27.936507936507937,41.22100122100122,15.042735042735044,0.0,-174.84737484737485,95.14041514041514,24.42002442002442,97.87545787545788,0.0,49.03540903540904,80.29304029304029,0.0,-19.34065934065934,8.4004884004884,23.63858363858364,43.95604395604396,0.0,52.94261294261294,-30.28083028083028,-16.605616605616607,50.989010989010985,0.0,-40.83028083028083,-40.43956043956044,85.76312576312576,-67.00854700854701,-16.605616605616607
-45.12820512820513,31.843711843711844,48.64468864468864,11.526251526251526,0.0,-174.84737484737485,86.93528693528694,22.466422466422465,111.94139194139194,0.0,36.92307692307692,84.59096459096459,0.0,-24.42002442002442,8.4004884004884,20.12210012210012,52.16117216117216,0.0,55.28693528693529,-23.63858363858364,-17.77777777777778,42.39316239316239,0.0,-48.25396825396825,-46.69108669108669,94.35897435897436,-58.41269841269841,-17.77777777777778
-50.989010989010985,35.36019536019536,58.41269841269841,6.056166056166056,0.0,-177.97313797313797,80.29304029304029,21.68498168498169,124.05372405372404,0.0,27.155067155067155,83.80952380952381,0.0,-27.545787545787547,5.274725274725275,18.168498168498168,66.61782661782662,0.0,53.724053724053725,-15.433455433455434,-13.870573870573873,38.48595848595848,0.0,-58.02197802197802,-68.18070818070818,115.06715506715508,-51.77045177045177,-13.870573870573873
-51.77045177045177,42.39316239316239,69.35286935286935,-1.7582417582417582,0.0,-174.45665445665446,79.9023199023199,26.764346764346765,124.83516483516485,0.0,24.81074481074481,77.16727716727716,0.0,-25.982905982905983,2.5396825396825395,21.68498168498169,74.04151404151405,0.0,52.94261294261294,-2.5396825396825395,-5.274725274725275,27.155067155067155,0.0,-68.96214896214896,-46.3003663003663,92.014652014652,-44.346764346764346,-5.274725274725275
-51.77045177045177,50.5982905982906,75.995115995116,-6.446886446886447,0.0,-167.81440781440782,80.29304029304029,29.499389499389498,124.44444444444444,0.0,27.155067155067155,65.05494505494505,0.0,-22.857142857142858,0.1953601953601953,22.466422466422465,82.63736263736264,0.0,53.724053724053725,5.274725274725275,2.148962148962149,18.94993894993895,0.0,-75.6043956043956,-48.64468864468864,91.23321123321124,-39.65811965811966,2.148962148962149
-54.5054945054945,52.16117216117216,74.82295482295483,0.9768009768009768,0.0,-164.2979242979243,77.16727716727716,30.671550671550676,128.74236874236874,0.0,30.671550671550676,47.472527472527474,0.0,-22.466422466422465,-4.884004884004884,18.168498168498168,97.87545787545788,0.0,48.64468864468864,8.791208791208792,5.665445665445666,22.075702075702075,0.0,-74.43223443223444,-83.41880341880342,115.06715506715508,-33.7973137973138,5.665445665445666
-55.28693528693529,54.5054945054945,70.91575091575092,5.274725274725275,0.0,-151.01343101343102,74.04151404151405,30.28083028083028,121.7094017094017,0.0,39.26739926739927,32.234432234432234,0.0,-16.605616605616607,-6.056166056166056,9.963369963369964,98.26617826617829,0.0,45.90964590964591,15.042735042735044,3.711843711843712,18.168498168498168,0.0,-70.52503052503053,-57.24053724053724,84.2002442002442,-26.764346764346765,3.711843711843712
-53.724053724053725,54.89621489621489,70.91575091575092,-0.9768009768009768,0.0,-130.6959706959707,69.74358974358974,28.71794871794872,101.78266178266178,0.0,51.77045177045177,18.168498168498168,0.0,-8.4004884004884,-0.9768009768009768,2.148962148962149,83.02808302808303,0.0,47.472527472527474,20.903540903540904,0.1953601953601953,4.493284493284493,0.0,-70.52503052503053,-11.135531135531137,38.095238095238095,-18.94993894993895,0.1953601953601953
-51.77045177045177,50.989010989010985,67.00854700854701,-3.711843711843712,0.0,-111.15995115995116,63.10134310134311,22.466422466422465,86.93528693528694,0.0,62.71062271062271,4.493284493284493,0.0,-2.148962148962149,3.3211233211233213,-8.791208791208792,70.52503052503053,0.0,46.3003663003663,24.02930402930403,-6.837606837606837,-0.1953601953601953,0.0,-66.61782661782662,-19.34065934065934,45.12820512820513,-14.261294261294262,-6.837606837606837
-49.81684981684982,48.64468864468864,66.22710622710623,-10.744810744810744,0.0,-92.4053724053724,58.02197802197802,16.605616605616607,70.91575091575092,0.0,72.86935286935287,-8.4004884004884,0.0,6.446886446886447,11.135531135531137,-17.77777777777778,60.757020757020754,0.0,45.90964590964591,30.28083028083028,-10.744810744810744,-4.493284493284493,0.0,-65.83638583638583,-72.08791208791209,95.53113553113552,-9.18192918192918,-10.744810744810744
-45.12820512820513,48.64468864468864,65.83638583638583,-25.2014652014652,0.0,-72.86935286935287,52.55189255189255,14.652014652014651,48.25396825396825,0.0,81.85592185592185,-22.466422466422465,0.0,15.824175824175825,16.996336996336996,-20.512820512820515,43.56532356532357,0.0,47.081807081807085,34.18803418803419,-9.18192918192918,-15.042735042735044,0.0,-65.44566544566544,-49.42612942612943,72.08791208791209,-9.18192918192918,-9.18192918192918
-39.65811965811966,50.20757020757021,57.63125763125763,-36.53235653235653,0.0,-56.06837606837607,43.17460317460318,9.572649572649572,32.62515262515262,0.0,86.15384615384616,-36.14163614163614,0.0,22.075702075702075,19.34065934065934,-24.81074481074481,31.45299145299145,0.0,45.12820512820513,31.45299145299145,-11.526251526251526,-16.214896214896214,0.0,-57.24053724053724,-15.824175824175825,24.81074481074481,-10.744810744810744,-11.526251526251526
-37.704517704517706,49.42612942612943,44.737484737484735,-40.04884004884005,0.0,-42.002442002442,31.843711843711844,0.1953601953601953,25.592185592185597,0.0,87.32600732600733,-49.03540903540904,0.0,28.32722832722833,17.387057387057386,-31.062271062271066,27.545787545787547,0.0,38.87667887667888,25.982905982905983,-11.135531135531137,-10.744810744810744,0.0,-44.346764346764346,-51.77045177045177,41.61172161172161,-11.526251526251526,-11.135531135531137
-35.36019536019536,49.03540903540904,35.75091575091575,-47.081807081807085,0.0,-25.982905982905983,22.466422466422465,-7.228327228327228,12.698412698412698,0.0,90.84249084249085,-56.84981684981685,0.0,36.14163614163614,18.168498168498168,-34.57875457875458,11.526251526251526,0.0,33.7973137973138,22.466422466422465,-10.744810744810744,-13.870573870573873,0.0,-35.36019536019536,-65.83638583638583,44.737484737484735,-14.652014652014651,-10.744810744810744
-32.234432234432234,48.64468864468864,30.28083028083028,-54.5054945054945,0.0,-10.744810744810744,15.042735042735044,-13.089133089133089,0.1953601953601953,0.0,92.7960927960928,-58.02197802197802,0.0,43.56532356532357,23.63858363858364,-34.57875457875458,-5.665445665445666,0.0,34.18803418803419,18.94993894993895,-4.884004884004884,-21.68498168498169,0.0,-29.89010989010989,-36.14163614163614,6.056166056166056,-16.996336996336996,-4.884004884004884
-33.01587301587302,44.737484737484735,25.982905982905983,-54.89621489621489,0.0,-0.9768009768009768,6.446886446886447,-17.387057387057386,-4.884004884004884,0.0,89.67032967032966,-54.114774114774114,0.0,45.90964590964591,29.499389499389498,-32.234432234432234,-14.261294261294262,0.0,31.843711843711844,18.168498168498168,3.711843711843712,-25.592185592185597,0.0,-25.592185592185597,-9.18192918192918,-23.63858363858364,-18.94993894993895,3.711843711843712
-34.969474969474966,40.43956043956044,21.294261294261293,-56.84981684981685,0.0,2.93040293040293,-2.93040293040293,-18.168498168498168,-11.526251526251526,0.0,80.29304029304029,-46.3003663003663,0.0,45.90964590964591,34.969474969474966,-29.89010989010989,-21.294261294261293,0.0,28.71794871794872,19.73137973137973,7.619047619047619,-27.545787545787547,0.0,-20.903540903540904,22.857142857142858,-56.06837606837607,-20.512820512820515,7.619047619047619
-31.45299145299145,36.14163614163614,14.652014652014651,-65.05494505494505,0.0,8.00976800976801,-12.698412698412698,-16.996336996336996,-23.63858363858364,0.0,67.3992673992674,-34.57875457875458,0.0,41.61172161172161,39.26739926739927,-22.075702075702075,-29.499389499389498,0.0,27.155067155067155,21.294261294261293,8.791208791208792,-29.10866910866911,0.0,-14.261294261294262,58.41269841269841,-91.62393162393164,-23.63858363858364,8.791208791208792
-33.01587301587302,31.062271062271066,3.711843711843712,-63.49206349206349,0.0,6.446886446886447,-26.764346764346765,-16.214896214896214,-24.81074481074481,0.0,49.03540903540904,-25.982905982905983,0.0,30.671550671550676,39.65811965811966,-15.824175824175825,-28.32722832722833,0.0,18.168498168498168,20.903540903540904,7.619047619047619,-21.68498168498169,0.0,-3.3211233211233213,40.83028083028083,-77.94871794871794,-27.155067155067155,7.619047619047619
-34.18803418803419,23.247863247863247,-6.056166056166056,-59.58485958485959,0.0,6.837606837606837,-42.002442002442,-18.168498168498168,-22.857142857142858,0.0,30.671550671550676,-20.12210012210012,0.0,20.512820512820515,36.92307692307692,-15.824175824175825,-24.02930402930403,0.0,5.665445665445666,19.34065934065934,3.3211233211233213,-11.526251526251526,0.0,6.446886446886447,12.698412698412698,-52.94261294261294,-31.062271062271066,3.3211233211233213
-30.671550671550676,18.55921855921856,-9.572649572649572,-68.57142857142857,0.0,14.261294261294262,-52.16117216117216,-19.34065934065934,-33.7973137973138,0.0,16.605616605616607,-16.996336996336996,0.0,14.652014652014651,34.969474969474966,-11.526251526251526,-32.62515262515262,0.0,-2.93040293040293,16.605616605616607,5.274725274725275,-14.261294261294262,0.0,9.963369963369964,41.61172161172161,-86.54456654456655,-35.36019536019536,5.274725274725275
-29.499389499389498,14.652014652014651,-10.744810744810744,-77.55799755799755,0.0,21.294261294261293,-60.366300366300365,-21.68498168498169,-43.17460317460318,0.0,4.884004884004884,-18.168498168498168,0.0,9.572649572649572,34.18803418803419,-5.665445665445666,-42.39316239316239,0.0,-9.963369963369964,15.433455433455434,14.652014652014651,-24.81074481074481,0.0,11.135531135531137,40.04884004884005,-92.014652014652,-35.36019536019536,14.652014652014651
-28.71794871794872,7.619047619047619,-16.996336996336996,-77.16727716727716,0.0,24.42002442002442,-67.78998778998779,-31.843711843711844,-40.83028083028083,0.0,-4.884004884004884,-25.592185592185597,0.0,3.711843711843712,31.062271062271066,-11.135531135531137,-34.18803418803419,0.0,-16.214896214896214,8.791208791208792,18.94993894993895,-22.857142857142858,0.0,17.387057387057386,9.572649572649572,-67.78998778998779,-38.48595848595848,18.94993894993895
-22.075702075702075,2.5396825396825395,-24.42002442002442,-86.93528693528694,0.0,33.01587301587302,-73.26007326007326,-41.22100122100122,-50.989010989010985,0.0,-7.228327228327228,-31.45299145299145,0.0,1.7582417582417582,29.499389499389498,-13.870573870573873,-33.40659340659341,0.0,-18.94993894993895,4.102564102564102,24.02930402930403,-26.37362637362637,0.0,24.81074481074481,16.214896214896214,-77.94871794871794,-42.78388278388278,24.02930402930403
-16.996336996336996,1.7582417582417582,-32.62515262515262,-98.65689865689866,0.0,37.31379731379732,-76.77655677655677,-46.3003663003663,-61.53846153846154,0.0,-2.5396825396825395,-39.65811965811966,0.0,-0.9768009768009768,33.40659340659341,-14.261294261294262,-34.969474969474966,0.0,-18.94993894993895,3.3211233211233213,31.062271062271066,-33.01587301587302,0.0,33.01587301587302,48.25396825396825,-112.33211233211232,-47.86324786324786,31.062271062271066
-15.042735042735044,-0.9768009768009768,-45.51892551892552,-96.7032967032967,0.0,36.92307692307692,-81.85592185592185,-56.84981684981685,-58.02197802197802,0.0,2.148962148962149,-51.77045177045177,0.0,-7.619047619047619,33.40659340659341,-21.68498168498169,-20.12210012210012,0.0,-25.982905982905983,-0.5860805860805861,30.671550671550676,-20.903540903540904,0.0,45.90964590964591,8.4004884004884,-75.6043956043956,-56.06837606837607,30.671550671550676
-14.261294261294262,-2.5396825396825395,-54.5054945054945,-100.21978021978022,0.0,36.92307692307692,-86.93528693528694,-64.66422466422466,-58.8034188034188,0.0,6.446886446886447,-65.44566544566544,0.0,-13.870573870573873,29.89010989010989,-30.28083028083028,-13.870573870573873,0.0,-35.36019536019536,-5.274725274725275,26.764346764346765,-14.652014652014651,0.0,54.89621489621489,-27.545787545787547,-47.081807081807085,-60.757020757020754,26.764346764346765
-13.089133089133089,-5.274725274725275,-57.63125763125763,-108.8156288156288,0.0,36.53235653235653,-89.67032967032966,-67.00854700854701,-66.22710622710623,0.0,8.4004884004884,-77.55799755799755,0.0,-16.996336996336996,26.37362637362637,-33.01587301587302,-18.168498168498168,0.0,-43.56532356532357,-7.228327228327228,27.936507936507937,-19.73137973137973,0.0,58.02197802197802,8.4004884004884,-88.1074481074481,-63.10134310134311,27.936507936507937
-11.916971916971915,-11.526251526251526,-65.44566544566544,-105.68986568986568,0.0,31.843711843711844,-93.57753357753356,-74.04151404151405,-60.366300366300365,0.0,5.274725274725275,-89.27960927960928,0.0,-24.42002442002442,20.903540903540904,-38.48595848595848,-13.870573870573873,0.0,-52.55189255189255,-11.526251526251526,26.764346764346765,-19.34065934065934,0.0,65.83638583638583,47.86324786324786,-132.25885225885227,-64.27350427350427,26.764346764346765
-11.135531135531137,-20.12210012210012,-79.12087912087912,-97.87545787545788,0.0,26.37362637362637,-97.87545787545788,-84.59096459096459,-54.114774114774114,0.0,1.3675213675213675,-98.65689865689866,0.0,-31.843711843711844,13.089133089133089,-49.03540903540904,-6.446886446886447,0.0,-61.14774114774115,-18.55921855921856,21.68498168498169,-16.996336996336996,0.0,79.51159951159951,27.545787545787547,-116.23931623931624,-63.10134310134311,21.68498168498169
-10.744810744810744,-27.936507936507937,-91.62393162393164,-93.57753357753356,0.0,16.996336996336996,-98.26617826617829,-90.45177045177046,-54.89621489621489,0.0,2.148962148962149,-102.56410256410255,0.0,-38.87667887667888,10.354090354090356,-52.94261294261294,-7.619047619047619,0.0,-68.57142857142857,-22.857142857142858,21.294261294261293,-19.34065934065934,0.0,92.014652014652,8.4004884004884,-96.31257631257633,-63.49206349206349,21.294261294261293
-6.837606837606837,-33.7973137973138,-108.03418803418803,-88.88888888888889,0.0,10.744810744810744,-98.26617826617829,-94.35897435897436,-56.84981684981685,0.0,2.93040293040293,-103.73626373626374,0.0,-51.37973137973138,8.791208791208792,-52.94261294261294,-7.619047619047619,0.0,-78.33943833943835,-26.764346764346765,18.55921855921856,-17.77777777777778,0.0,108.42490842490842,31.45299145299145,-119.75579975579976,-65.44566544566544,18.55921855921856
-5.665445665445666,-40.83028083028083,-124.05372405372404,-79.9023199023199,0.0,4.884004884004884,-100.21978021978022,-101.001221001221,-55.67765567765568,0.0,0.1953601953601953,-102.17338217338218,0.0,-67.00854700854701,0.9768009768009768,-53.724053724053725,-0.5860805860805861,0.0,-89.67032967032966,-33.7973137973138,11.135531135531137,-8.00976800976801,0.0,124.44444444444444,48.25396825396825,-137.33821733821733,-68.18070818070818,11.135531135531137
-0.5860805860805861,-47.472527472527474,-128.74236874236874,-79.12087912087912,0.0,0.1953601953601953,-98.26617826617829,-97.87545787545788,-61.14774114774115,0.0,-4.493284493284493,-92.4053724053724,0.0,-81.46520146520146,-7.228327228327228,-45.51892551892552,-1.7582417582417582,0.0,-100.6105006105006,-38.87667887667888,10.354090354090356,-7.228327228327228,0.0,129.13308913308913,65.44566544566544,-152.18559218559218,-70.52503052503053,10.354090354090356
8.791208791208792,-52.94261294261294,-128.35164835164835,-78.73015873015873,0.0,-0.5860805860805861,-95.14041514041514,-89.67032967032966,-65.83638583638583,0.0,-12.698412698412698,-78.33943833943835,0.0,-99.82905982905984,-12.698412698412698,-31.45299145299145,-4.102564102564102,0.0,-108.03418803418803,-42.78388278388278,12.698412698412698,-11.526251526251526,0.0,128.74236874236874,82.63736263736264,-165.47008547008548,-72.47863247863248,12.698412698412698
15.824175824175825,-61.53846153846154,-129.52380952380952,-63.10134310134311,0.0,-6.056166056166056,-91.23321123321124,-83.41880341880342,-57.63125763125763,0.0,-22.466422466422465,-60.366300366300365,0.0,-123.66300366300366,-18.94993894993895,-15.042735042735044,4.493284493284493,0.0,-116.23931623931624,-48.64468864468864,16.605616605616607,-4.493284493284493,0.0,129.9145299145299,65.83638583638583,-144.76190476190476,-74.04151404151405,16.605616605616607
22.075702075702075,-70.52503052503053,-129.9145299145299,-48.64468864468864,0.0,-8.791208791208792,-91.23321123321124,-75.995115995116,-50.20757020757021,0.0,-33.40659340659341,-42.002442002442,0.0,-145.54334554334554,-20.903540903540904,2.93040293040293,11.526251526251526,0.0,-125.6166056166056,-51.37973137973138,22.857142857142858,0.9768009768009768,0.0,130.3052503052503,52.94261294261294,-128.35164835164835,-72.86935286935287,22.857142857142858
32.62515262515262,-76.77655677655677,-131.4774114774115,-44.346764346764346,0.0,-8.4004884004884,-90.06105006105007,-65.83638583638583,-54.114774114774114,0.0,-42.39316239316239,-22.857142857142858,0.0,-165.0793650793651,-16.996336996336996,20.12210012210012,6.056166056166056,0.0,-131.08669108669108,-49.81684981684982,25.592185592185597,-0.5860805860805861,0.0,131.86813186813183,98.26617826617829,-167.42368742368745,-73.65079365079364,25.592185592185597
39.26739926739927,-82.63736263736264,-136.94749694749694,-40.83028083028083,0.0,-9.18192918192918,-97.48473748473748,-58.02197802197802,-55.67765567765568,0.0,-50.989010989010985,-11.916971916971915,0.0,-181.4896214896215,-18.55921855921856,30.671550671550676,4.493284493284493,0.0,-140.0732600732601,-49.81684981684982,24.02930402930403,0.5860805860805861,0.0,137.33821733821733,121.7094017094017,-189.3040293040293,-73.26007326007326,24.02930402930403
45.51892551892552,-90.06105006105007,-143.5897435897436,-33.7973137973138,0.0,-8.791208791208792,-110.37851037851038,-56.45909645909646,-46.3003663003663,0.0,-59.1941391941392,-6.446886446886447,0.0,-195.94627594627596,-23.247863247863247,27.545787545787547,13.870573870573873,0.0,-148.66910866910868,-52.55189255189255,15.042735042735044,8.4004884004884,0.0,143.98046398046398,65.05494505494505,-133.82173382173383,-70.91575091575092,15.042735042735044
54.89621489621489,-92.4053724053724,-143.1990231990232,-41.22100122100122,0.0,-6.056166056166056,-118.1929181929182,-47.081807081807085,-50.20757020757021,0.0,-61.53846153846154,-1.7582417582417582,0.0,-203.36996336996336,-22.857142857142858,21.294261294261293,9.18192918192918,0.0,-152.57631257631255,-51.37973137973138,5.274725274725275,2.5396825396825395,0.0,143.5897435897436,55.28693528693529,-122.1001221001221,-68.57142857142857,5.274725274725275
61.14774114774115,-93.18681318681318,-140.0732600732601,-42.002442002442,0.0,-4.884004884004884,-121.7094017094017,-36.14163614163614,-50.5982905982906,0.0,-61.92918192918193,0.1953601953601953,0.0,-211.1843711843712,-23.63858363858364,16.996336996336996,10.744810744810744,0.0,-157.65567765567766,-49.81684981684982,0.9768009768009768,-0.1953601953601953,0.0,140.46398046398048,94.35897435897436,-160.0,-65.83638583638583,0.9768009768009768
63.49206349206349,-99.82905982905984,-139.29181929181928,-31.062271062271066,0.0,-7.228327228327228,-124.83516483516485,-30.28083028083028,-43.95604395604396,0.0,-62.71062271062271,-0.5860805860805861,0.0,-222.12454212454213,-22.857142857142858,11.526251526251526,19.73137973137973,0.0,-166.64224664224665,-48.25396825396825,-0.5860805860805861,3.3211233211233213,0.0,139.68253968253967,79.9023199023199,-145.15262515262515,-61.14774114774115,-0.5860805860805861
64.27350427350427,-106.86202686202688,-140.0732600732601,-25.592185592185597,0.0,-6.837606837606837,-126.3980463980464,-24.81074481074481,-49.03540903540904,0.0,-65.83638583638583,-0.5860805860805861,0.0,-226.8131868131868,-22.857142857142858,8.4004884004884,20.12210012210012,0.0,-174.06593406593407,-46.69108669108669,-0.1953601953601953,0.9768009768009768,0.0,140.46398046398048,63.49206349206349,-124.83516483516485,-58.02197802197802,-0.1953601953601953
66.61782661782662,-113.89499389499387,-140.46398046398048,-27.936507936507937,0.0,-4.884004884004884,-127.17948717948718,-20.12210012210012,-61.53846153846154,0.0,-67.00854700854701,-4.493284493284493,0.0,-230.32967032967036,-22.857142857142858,7.619047619047619,15.433455433455434,0.0,-181.8803418803419,-47.86324786324786,6.056166056166056,-5.274725274725275,0.0,140.85470085470087,126.007326007326,-182.66178266178267,-58.8034188034188,6.056166056166056
66.61782661782662,-118.97435897435898,-145.15262515262515,-25.982905982905983,0.0,-1.7582417582417582,-129.9145299145299,-24.02930402930403,-66.61782661782662,0.0,-63.88278388278388,-13.47985347985348,0.0,-232.67399267399267,-24.42002442002442,2.93040293040293,16.214896214896214,0.0,-189.3040293040293,-50.989010989010985,10.744810744810744,-8.00976800976801,0.0,145.54334554334554,141.63614163614164,-199.07203907203908,-58.02197802197802,10.744810744810744
68.57142857142857,-124.83516483516485,-147.49694749694748,-25.2014652014652,0.0,1.3675213675213675,-132.64957264957266,-27.545787545787547,-70.13431013431014,0.0,-58.02197802197802,-21.68498168498169,0.0,-233.06471306471303,-28.71794871794872,-2.148962148962149,16.996336996336996,0.0,-197.11843711843716,-55.67765567765568,11.916971916971915,-7.228327228327228,0.0,147.88766788766787,97.48473748473748,-160.3907203907204,-53.724053724053725,11.916971916971915
75.6043956043956,-125.22588522588522,-141.63614163614164,-35.36019536019536,0.0,7.619047619047619,-125.6166056166056,-27.936507936507937,-81.07448107448107,0.0,-45.90964590964591,-27.936507936507937,0.0,-229.1575091575092,-31.062271062271066,-4.493284493284493,9.18192918192918,0.0,-201.02564102564105,-56.45909645909646,16.605616605616607,-15.433455433455434,0.0,142.02686202686203,68.96214896214896,-138.5103785103785,-49.03540903540904,16.605616605616607
83.80952380952381,-129.13308913308913,-134.6031746031746,-34.18803418803419,0.0,15.433455433455434,-122.1001221001221,-29.10866910866911,-79.12087912087912,0.0,-35.75091575091575,-33.7973137973138,0.0,-226.031746031746,-33.7973137973138,-3.3211233211233213,6.446886446886447,0.0,-206.1050061050061,-55.28693528693529,21.294261294261293,-17.387057387057386,0.0,134.993894993895,56.84981684981685,-133.43101343101344,-45.51892551892552,21.294261294261293
91.23321123321124,-137.72893772893772,-127.17948717948718,-25.592185592185597,0.0,20.903540903540904,-120.53724053724054,-28.32722832722833,-71.6971916971917,0.0,-33.40659340659341,-34.18803418803419,0.0,-223.6874236874237,-40.83028083028083,-0.9768009768009768,7.228327228327228,0.0,-213.91941391941396,-50.989010989010985,21.294261294261293,-14.652014652014651,0.0,127.57020757020756,58.8034188034188,-137.33821733821733,-42.39316239316239,21.294261294261293
103.34554334554336,-146.7155067155067,-116.23931623931624,-27.936507936507937,0.0,30.671550671550676,-120.53724053724054,-24.81074481074481,-73.65079365079364,0.0,-33.01587301587302,-28.71794871794872,0.0,-217.43589743589743,-44.737484737484735,0.9768009768009768,0.5860805860805861,0.0,-214.7008547008547,-45.90964590964591,22.857142857142858,-22.857142857142858,0.0,116.63003663003664,73.65079365079364,-145.54334554334554,-40.04884004884005,22.857142857142858
113.11355311355312,-158.43711843711844,-106.47130647130648,-28.32722832722833,0.0,36.92307692307692,-125.6166056166056,-19.34065934065934,-72.47863247863248,0.0,-38.48595848595848,-22.857142857142858,0.0,-213.13797313797315,-47.081807081807085,5.274725274725275,-5.665445665445666,0.0,-213.13797313797315,-38.87667887667888,25.2014652014652,-33.40659340659341,0.0,106.86202686202688,90.84249084249085,-148.2783882783883,-38.87667887667888,25.2014652014652
117.4114774114774,-174.45665445665446,-102.56410256410255,-16.996336996336996,0.0,34.969474969474966,-133.43101343101344,-20.512820512820515,-57.24053724053724,0.0,-49.81684981684982,-16.605616605616607,0.0,-215.87301587301587,-53.724053724053725,8.791208791208792,2.93040293040293,0.0,-213.52869352869357,-34.18803418803419,24.42002442002442,-33.7973137973138,0.0,102.95482295482296,49.03540903540904,-92.014652014652,-35.75091575091575,24.42002442002442
122.1001221001221,-186.95970695970692,-97.48473748473748,-16.996336996336996,0.0,29.499389499389498,-138.5103785103785,-19.34065934065934,-51.37973137973138,0.0,-61.92918192918193,-10.744810744810744,0.0,-217.04517704517704,-61.14774114774115,10.354090354090356,9.963369963369964,0.0,-211.1843711843712,-30.671550671550676,24.42002442002442,-39.65811965811966,0.0,97.87545787545788,38.48595848595848,-69.35286935286935,-31.45299145299145,24.42002442002442
129.9145299145299,-194.7741147741148,-89.67032967032966,-25.592185592185597,0.0,27.936507936507937,-140.85470085470087,-13.870573870573873,-53.724053724053725,0.0,-72.08791208791209,-3.711843711843712,0.0,-213.52869352869357,-67.3992673992674,18.94993894993895,8.791208791208792,0.0,-206.1050061050061,-26.37362637362637,30.28083028083028,-49.03540903540904,0.0,90.06105006105007,70.52503052503053,-94.35897435897436,-29.499389499389498,30.28083028083028
134.993894993895,-201.02564102564105,-87.32600732600733,-24.02930402930403,0.0,19.73137973137973,-142.02686202686203,-11.526251526251526,-43.56532356532357,0.0,-83.80952380952381,1.3675213675213675,0.0,-215.48229548229548,-74.82295482295483,25.982905982905983,17.387057387057386,0.0,-206.4957264957265,-23.63858363858364,32.62515262515262,-47.472527472527474,0.0,87.71672771672772,61.92918192918193,-86.15384615384616,-29.499389499389498,32.62515262515262
142.41758241758242,-205.7142857142857,-86.93528693528694,-29.499389499389498,0.0,12.698412698412698,-144.76190476190476,-9.963369963369964,-38.095238095238095,0.0,-93.57753357753356,9.18192918192918,0.0,-214.31013431013432,-82.63736263736264,25.982905982905983,24.02930402930403,0.0,-204.54212454212453,-24.02930402930403,27.936507936507937,-44.346764346764346,0.0,87.32600732600733,10.354090354090356,-39.65811965811966,-29.89010989010989,27.936507936507937
150.23199023199024,-206.1050061050061,-85.37240537240537,-43.95604395604396,0.0,9.963369963369964,-151.4041514041514,-6.837606837606837,-37.704517704517706,0.0,-106.08058608058607,13.47985347985348,0.0,-213.52869352869357,-86.54456654456655,28.32722832722833,24.81074481074481,0.0,-202.1978021978022,-21.68498168498169,28.32722832722833,-50.20757020757021,0.0,85.76312576312576,30.671550671550676,-62.71062271062271,-32.62515262515262,28.32722832722833
154.9206349206349,-207.27716727716728,-86.93528693528694,-51.77045177045177,0.0,5.274725274725275,-161.17216117216117,-6.837606837606837,-29.10866910866911,0.0,-119.75579975579976,13.870573870573873,0.0,-218.2173382173382,-91.62393162393164,28.32722832722833,32.62515262515262,0.0,-200.63492063492063,-22.857142857142858,28.71794871794872,-52.55189255189255,0.0,87.32600732600733,65.05494505494505,-97.48473748473748,-38.095238095238095,28.71794871794872
155.7020757020757,-211.5750915750916,-93.18681318681318,-52.94261294261294,0.0,-3.3211233211233213,-172.8937728937729,-10.744810744810744,-14.652014652014651,0.0,-133.43101343101344,11.916971916971915,0.0,-224.85958485958488,-97.87545787545788,24.02930402930403,50.20757020757021,0.0,-199.46275946275944,-28.71794871794872,23.247863247863247,-43.56532356532357,0.0,93.57753357753356,18.94993894993895,-54.114774114774114,-42.78388278388278,23.247863247863247
156.87423687423689,-213.13797313797315,-100.6105006105006,-59.1941391941392,0.0,-6.837606837606837,-182.27106227106228,-14.261294261294262,-11.135531135531137,0.0,-141.63614163614164,5.274725274725275,0.0,-226.4224664224664,-103.73626373626374,19.73137973137973,58.41269841269841,0.0,-196.72771672771677,-34.18803418803419,19.34065934065934,-38.48595848595848,0.0,101.001221001221,-31.45299145299145,-8.791208791208792,-46.3003663003663,19.34065934065934
161.95360195360195,-213.13797313797315,-107.25274725274726,-62.71062271062271,0.0,-4.884004884004884,-186.95970695970692,-17.77777777777778,-10.354090354090356,0.0,-143.98046398046398,0.5860805860805861,0.0,-224.85958485958488,-104.12698412698413,17.77777777777778,61.92918192918193,0.0,-191.64835164835165,-38.48595848595848,18.168498168498168,-34.969474969474966,0.0,107.64346764346764,-20.12210012210012,-25.592185592185597,-50.5982905982906,18.168498168498168
163.9072039072039,-212.7472527472528,-115.06715506715508,-61.92918192918193,0.0,-7.619047619047619,-185.006105006105,-24.42002442002442,-6.837606837606837,0.0,-140.85470085470087,-4.884004884004884,0.0,-222.9059829059829,-102.56410256410255,15.042735042735044,65.83638583638583,0.0,-188.5225885225885,-42.002442002442,14.261294261294262,-25.592185592185597,0.0,115.45787545787546,-20.12210012210012,-31.45299145299145,-54.5054945054945,14.261294261294262
163.9072039072039,-210.7936507936508,-120.14652014652016,-63.49206349206349,0.0,-5.274725274725275,-183.44322344322345,-31.062271062271066,-8.791208791208792,0.0,-133.82173382173383,-12.307692307692308,0.0,-215.48229548229548,-100.6105006105006,8.4004884004884,66.22710622710623,0.0,-185.006105006105,-43.56532356532357,10.354090354090356,-21.68498168498169,0.0,120.53724053724054,-32.62515262515262,-20.512820512820515,-56.84981684981685,10.354090354090356
163.9072039072039,-207.27716727716728,-119.75579975579976,-67.3992673992674,0.0,-0.9768009768009768,-178.36385836385836,-36.92307692307692,-13.870573870573873,0.0,-127.17948717948718,-17.77777777777778,0.0,-202.58852258852255,-98.26617826617829,2.5396825396825395,61.53846153846154,0.0,-178.75457875457874,-42.78388278388278,11.526251526251526,-25.2014652014652,0.0,120.14652014652016,-17.77777777777778,-32.234432234432234,-58.8034188034188,11.526251526251526
159.21855921855922,-208.44932844932845,-117.02075702075702,-61.53846153846154,0.0,-2.148962148962149,-170.15873015873015,-43.17460317460318,-10.744810744810744,0.0,-119.36507936507935,-23.63858363858364,0.0,-190.47619047619048,-95.53113553113552,-6.446886446886447,63.88278388278388,0.0,-175.23809523809524,-42.78388278388278,13.089133089133089,-22.857142857142858,0.0,117.4114774114774,-16.996336996336996,-24.02930402930403,-60.366300366300365,13.089133089133089
148.66910866910868,-210.7936507936508,-111.55067155067157,-50.5982905982906,0.0,-2.93040293040293,-163.9072039072039,-50.20757020757021,-6.056166056166056,0.0,-111.55067155067157,-29.10866910866911,0.0,-176.8009768009768,-91.23321123321124,-18.94993894993895,67.3992673992674,0.0,-173.2844932844933,-44.346764346764346,13.870573870573873,-14.261294261294262,0.0,111.94139194139194,-23.247863247863247,-8.00976800976801,-60.366300366300365,13.870573870573873
140.85470085470087,-209.6214896214896,-101.001221001221,-45.90964590964591,0.0,-0.5860805860805861,-152.57631257631255,-51.37973137973138,-10.354090354090356,0.0,-98.65689865689866,-31.843711843711844,0.0,-157.65567765567766,-83.02808302808303,-24.81074481074481,55.28693528693529,0.0,-170.15873015873015,-41.22100122100122,18.94993894993895,-16.605616605616607,0.0,101.3919413919414,7.228327228327228,-31.062271062271066,-56.84981684981685,18.94993894993895
131.4774114774115,-206.8864468864469,-87.32600732600733,-40.43956043956044,0.0,0.1953601953601953,-137.72893772893772,-52.94261294261294,-12.307692307692308,0.0,-82.63736263736264,-34.57875457875458,0.0,-141.24542124542126,-70.91575091575092,-24.81074481074481,42.002442002442,0.0,-167.42368742368745,-37.31379731379732,24.42002442002442,-13.870573870573873,0.0,87.71672771672772,23.247863247863247,-39.65811965811966,-51.77045177045177,24.42002442002442
114.28571428571428,-200.63492063492063,-74.82295482295483,-24.81074481074481,0.0,-0.5860805860805861,-125.22588522588522,-52.94261294261294,-6.056166056166056,0.0,-66.61782661782662,-38.48595848595848,0.0,-130.6959706959707,-64.27350427350427,-20.512820512820515,42.002442002442,0.0,-168.2051282051282,-35.75091575091575,27.545787545787547,3.3211233211233213,0.0,75.21367521367522,-6.837606837606837,-5.274725274725275,-47.081807081807085,27.545787545787547
102.95482295482296,-194.3833943833944,-61.14774114774115,-13.089133089133089,0.0,2.5396825396825395,-111.55067155067157,-49.03540903540904,-7.619047619047619,0.0,-50.989010989010985,-33.01587301587302,0.0,-116.23931623931624,-61.92918192918193,-12.307692307692308,36.53235653235653,0.0,-165.86080586080587,-35.75091575091575,34.18803418803419,12.698412698412698,0.0,61.53846153846154,8.791208791208792,-17.387057387057386,-42.78388278388278,34.18803418803419
97.87545787545788,-181.4896214896215,-44.346764346764346,-10.744810744810744,0.0,12.307692307692308,-93.18681318681318,-40.43956043956044,-17.387057387057386,0.0,-34.57875457875458,-19.73137973137973,0.0,-97.87545787545788,-52.94261294261294,0.5860805860805861,23.247863247863247,0.0,-154.52991452991452,-33.40659340659341,46.3003663003663,13.870573870573873,0.0,44.737484737484735,44.737484737484735,-48.64468864468864,-39.65811965811966,46.3003663003663
89.67032967032966,-173.67521367521368,-29.10866910866911,3.3211233211233213,0.0,15.042735042735044,-77.55799755799755,-33.40659340659341,-12.307692307692308,0.0,-22.075702075702075,-5.274725274725275,0.0,-83.80952380952381,-47.86324786324786,10.354090354090356,25.592185592185597,0.0,-145.54334554334554,-32.62515262515262,60.757020757020754,22.075702075702075,0.0,29.499389499389498,44.737484737484735,-42.002442002442,-38.87667887667888,60.757020757020754
86.54456654456655,-164.6886446886447,-12.307692307692308,10.354090354090356,0.0,17.77777777777778,-63.88278388278388,-22.466422466422465,-10.354090354090356,0.0,-11.135531135531137,13.47985347985348,0.0,-68.96214896214896,-42.39316239316239,18.94993894993895,25.982905982905983,0.0,-131.86813186813183,-31.45299145299145,74.04151404151405,23.63858363858364,0.0,12.698412698412698,6.056166056166056,2.5396825396825395,-37.31379731379732,74.04151404151405
82.63736263736264,-151.4041514041514,5.665445665445666,8.4004884004884,0.0,17.387057387057386,-50.5982905982906,-10.354090354090356,-8.791208791208792,0.0,-3.711843711843712,30.28083028083028,0.0,-52.94261294261294,-34.57875457875458,29.10866910866911,21.294261294261293,0.0,-111.94139194139194,-29.10866910866911,83.02808302808303,22.075702075702075,0.0,-5.274725274725275,22.075702075702075,-4.493284493284493,-36.53235653235653,83.02808302808303
74.04151404151405,-141.63614163614164,23.63858363858364,11.526251526251526,0.0,8.4004884004884,-40.83028083028083,-0.1953601953601953,1.7582417582417582,0.0,-1.7582417582417582,45.51892551892552,0.0,-47.472527472527474,-31.45299145299145,40.83028083028083,25.592185592185597,0.0,-97.09401709401708,-29.10866910866911,85.76312576312576,28.71794871794872,0.0,-23.247863247863247,51.37973137973138,-25.2014652014652,-35.75091575091575,85.76312576312576
60.366300366300365,-131.4774114774115,38.48595848595848,18.94993894993895,0.0,-3.711843711843712,-33.40659340659341,9.18192918192918,16.214896214896214,0.0,-5.665445665445666,61.92918192918193,0.0,-49.81684981684982,-34.969474969474966,50.5982905982906,38.095238095238095,0.0,-89.27960927960928,-31.062271062271066,83.02808302808303,42.002442002442,0.0,-38.095238095238095,8.4004884004884,20.903540903540904,-33.7973137973138,83.02808302808303
49.81684981684982,-115.06715506715508,53.333333333333336,15.433455433455434,0.0,-10.744810744810744,-24.42002442002442,18.94993894993895,21.294261294261293,0.0,-8.791208791208792,77.55799755799755,0.0,-50.20757020757021,-35.75091575091575,59.58485958485959,39.26739926739927,0.0,-77.94871794871794,-33.40659340659341,78.33943833943835,46.69108669108669,0.0,-52.94261294261294,-24.02930402930403,56.45909645909646,-33.40659340659341,78.33943833943835
40.83028083028083,-98.26617826617829,67.3992673992674,9.963369963369964,0.0,-18.94993894993895,-11.916971916971915,25.982905982905983,26.764346764346765,0.0,-9.963369963369964,91.23321123321124,0.0,-50.5982905982906,-34.969474969474966,70.13431013431014,37.704517704517706,0.0,-65.83638583638583,-32.234432234432234,75.21367521367522,44.737484737484735,0.0,-67.00854700854701,-25.2014652014652,62.31990231990232,-33.7973137973138,75.21367521367522
31.843711843711844,-83.41880341880342,75.995115995116,11.916971916971915,0.0,-30.28083028083028,-1.7582417582417582,31.062271062271066,39.65811965811966,0.0,-8.4004884004884,101.001221001221,0.0,-51.77045177045177,-33.01587301587302,71.30647130647131,45.90964590964591,0.0,-55.28693528693529,-31.062271062271066,70.91575091575092,47.86324786324786,0.0,-75.6043956043956,-27.545787545787547,66.22710622710623,-33.01587301587302,70.91575091575092
25.982905982905983,-67.78998778998779,79.51159951159951,10.744810744810744,0.0,-39.26739926739927,6.446886446886447,35.75091575091575,47.86324786324786,0.0,-0.9768009768009768,107.64346764346764,0.0,-48.64468864468864,-26.764346764346765,68.57142857142857,46.3003663003663,0.0,-41.61172161172161,-27.155067155067155,62.71062271062271,46.3003663003663,0.0,-79.12087912087912,-33.7973137973138,74.82295482295483,-31.45299145299145,62.71062271062271
20.903540903540904,-51.77045177045177,84.2002442002442,5.274725274725275,0.0,-50.20757020757021,19.34065934065934,40.43956043956044,49.03540903540904,0.0,9.18192918192918,112.72283272283272,0.0,-38.87667887667888,-13.870573870573873,63.10134310134311,40.04884004884005,0.0,-25.982905982905983,-16.996336996336996,54.5054945054945,38.87667887667888,0.0,-83.80952380952381,-36.53235653235653,81.85592185592185,-27.155067155067155,54.5054945054945
13.870573870573873,-41.61172161172161,82.63736263736264,16.214896214896214,0.0,-60.757020757020754,29.89010989010989,39.26739926739927,63.49206349206349,0.0,18.168498168498168,115.84859584859583,0.0,-33.7973137973138,-4.102564102564102,52.16117216117216,47.081807081807085,0.0,-17.387057387057386,-8.00976800976801,43.56532356532357,43.56532356532357,0.0,-82.24664224664225,-61.53846153846154,108.03418803418803,-19.34065934065934,43.56532356532357
5.665445665445666,-30.671550671550676,79.12087912087912,24.42002442002442,0.0,-69.35286935286935,40.83028083028083,36.92307692307692,70.91575091575092,0.0,27.155067155067155,115.06715506715508,0.0,-28.32722832722833,4.493284493284493,38.095238095238095,50.989010989010985,0.0,-10.354090354090356,-2.148962148962149,31.45299145299145,47.86324786324786,0.0,-78.73015873015873,-76.38583638583638,122.4908424908425,-11.526251526251526,31.45299145299145
2.148962148962149,-14.261294261294262,81.46520146520146,15.433455433455434,0.0,-70.52503052503053,57.63125763125763,37.31379731379732,61.14774114774115,0.0,39.26739926739927,114.67643467643468,0.0,-16.996336996336996,17.77777777777778,29.10866910866911,37.704517704517706,0.0,-0.5860805860805861,8.00976800976801,24.81074481074481,35.75091575091575,0.0,-81.07448107448107,-64.66422466422466,114.28571428571428,-6.056166056166056,24.81074481074481
0.1953601953601953,-3.3211233211233213,86.54456654456655,10.354090354090356,0.0,-74.43223443223444,73.26007326007326,33.7973137973138,61.53846153846154,0.0,53.333333333333336,110.37851037851038,0.0,-8.00976800976801,29.499389499389498,20.512820512820515,32.62515262515262,0.0,9.18192918192918,18.55921855921856,17.387057387057386,29.10866910866911,0.0,-86.15384615384616,-75.21367521367522,126.3980463980464,2.93040293040293,17.387057387057386
-3.3211233211233213,4.493284493284493,85.37240537240537,14.652014652014651,0.0,-78.33943833943835,84.2002442002442,28.71794871794872,68.18070818070818,0.0,67.78998778998779,102.95482295482296,0.0,-2.93040293040293,38.095238095238095,9.572649572649572,40.04884004884005,0.0,18.168498168498168,25.592185592185597,7.228327228327228,33.40659340659341,0.0,-84.98168498168498,-105.68986568986568,158.04639804639805,9.572649572649572,7.228327228327228
-4.493284493284493,15.433455433455434,90.45177045177046,10.354090354090356,0.0,-75.21367521367522,95.14041514041514,27.936507936507937,64.27350427350427,0.0,86.15384615384616,95.14041514041514,0.0,9.572649572649572,49.81684981684982,1.7582417582417582,40.04884004884005,0.0,34.18803418803419,36.92307692307692,-0.1953601953601953,31.062271062271066,0.0,-90.06105006105007,-106.47130647130648,163.5164835164835,17.387057387057386,-0.1953601953601953
-4.493284493284493,21.68498168498169,97.48473748473748,8.4004884004884,0.0,-69.74358974358974,103.34554334554336,27.545787545787547,62.31990231990232,0.0,102.17338217338218,86.93528693528694,0.0,25.2014652014652,60.366300366300365,-2.93040293040293,38.87667887667888,0.0,51.37973137973138,48.25396825396825,-3.711843711843712,25.982905982905983,0.0,-97.09401709401708,-39.26739926739927,102.95482295482296,25.592185592185597,-3.711843711843712
-11.526251526251526,25.982905982905983,97.48473748473748,18.168498168498168,0.0,-67.3992673992674,104.9084249084249,24.02930402930403,69.35286935286935,0.0,109.2063492063492,76.77655677655677,0.0,36.53235653235653,61.92918192918193,-7.619047619047619,47.081807081807085,0.0,64.27350427350427,50.989010989010985,-7.228327228327228,29.499389499389498,0.0,-97.09401709401708,-45.12820512820513,112.33211233211232,30.671550671550676,-7.228327228327228
-17.77777777777778,34.18803418803419,95.92185592185592,18.168498168498168,0.0,-63.88278388278388,109.98778998778998,20.903540903540904,64.27350427350427,0.0,112.72283272283272,69.74358974358974,0.0,50.5982905982906,64.27350427350427,-9.963369963369964,42.39316239316239,0.0,78.73015873015873,53.333333333333336,-7.619047619047619,23.247863247863247,0.0,-95.53113553113552,-70.52503052503053,139.68253968253967,34.57875457875458,-7.619047619047619
-20.903540903540904,41.22100122100122,96.31257631257633,11.135531135531137,0.0,-59.58485958485959,114.67643467643468,21.68498168498169,51.77045177045177,0.0,113.5042735042735,68.57142857142857,0.0,66.61782661782662,69.74358974358974,-6.837606837606837,25.2014652014652,0.0,93.96825396825396,58.41269841269841,-8.00976800976801,10.744810744810744,0.0,-95.92185592185592,-27.545787545787547,101.78266178266178,38.87667887667888,-8.00976800976801
-26.37362637362637,47.472527472527474,93.18681318681318,10.744810744810744,0.0,-58.8034188034188,115.84859584859583,21.294261294261293,47.86324786324786,0.0,111.15995115995116,68.96214896214896,0.0,75.995115995116,72.47863247863248,-6.056166056166056,20.12210012210012,0.0,106.86202686202688,61.53846153846154,-12.698412698412698,7.228327228327228,0.0,-92.7960927960928,17.77777777777778,59.58485958485959,43.95604395604396,-12.698412698412698
-33.01587301587302,54.114774114774114,91.23321123321124,11.916971916971915,0.0,-60.366300366300365,114.67643467643468,21.294261294261293,48.64468864468864,0.0,106.47130647130648,69.74358974358974,0.0,82.24664224664225,71.30647130647131,-8.00976800976801,21.294261294261293,0.0,114.28571428571428,63.10134310134311,-20.903540903540904,11.135531135531137,0.0,-90.84249084249085,9.572649572649572,68.57142857142857,50.20757020757021,-20.903540903540904
-38.48595848595848,60.757020757020754,94.35897435897436,7.228327228327228,0.0,-60.757020757020754,109.98778998778998,27.155067155067155,47.472527472527474,0.0,100.21978021978022,72.08791208791209,0.0,89.27960927960928,72.47863247863248,-8.791208791208792,19.73137973137973,0.0,124.44444444444444,67.3992673992674,-26.37362637362637,7.619047619047619,0.0,-93.96825396825396,15.433455433455434,68.96214896214896,54.5054945054945,-26.37362637362637
-46.69108669108669,65.83638583638583,97.48473748473748,6.446886446886447,0.0,-67.3992673992674,101.78266178266178,31.843711843711844,56.84981684981685,0.0,88.4981684981685,72.08791208791209,0.0,88.88888888888889,66.22710622710623,-9.572649572649572,29.89010989010989,0.0,130.6959706959707,68.18070818070818,-27.545787545787547,5.274725274725275,0.0,-97.09401709401708,35.36019536019536,54.89621489621489,52.55189255189255,-27.545787545787547
-56.45909645909646,69.74358974358974,94.74969474969475,9.963369963369964,0.0,-78.73015873015873,93.57753357753356,31.843711843711844,71.6971916971917,0.0,73.65079365079364,68.18070818070818,0.0,81.46520146520146,57.63125763125763,-13.870573870573873,48.64468864468864,0.0,133.43101343101344,61.92918192918193,-26.37362637362637,5.665445665445666,0.0,-94.35897435897436,22.075702075702075,69.35286935286935,47.081807081807085,-26.37362637362637
-63.49206349206349,73.26007326007326,89.67032967032966,8.00976800976801,0.0,-87.71672771672772,89.67032967032966,31.062271062271066,74.82295482295483,0.0,61.53846153846154,63.10134310134311,0.0,78.33943833943835,49.81684981684982,-18.168498168498168,59.58485958485959,0.0,138.9010989010989,56.84981684981685,-24.81074481074481,-0.1953601953601953,0.0,-89.27960927960928,14.261294261294262,81.07448107448107,40.04884004884005,-24.81074481074481
-70.52503052503053,77.94871794871794,85.37240537240537,3.3211233211233213,0.0,-95.53113553113552,85.76312576312576,32.234432234432234,74.04151404151405,0.0,49.81684981684982,56.84981684981685,0.0,72.86935286935287,43.56532356532357,-20.12210012210012,69.35286935286935,0.0,145.93406593406593,52.16117216117216,-19.34065934065934,-11.135531135531137,0.0,-84.98168498168498,-1.7582417582417582,102.17338217338218,34.18803418803419,-19.34065934065934
-78.73015873015873,82.24664224664225,79.51159951159951,4.102564102564102,0.0,-102.95482295482296,80.29304029304029,29.499389499389498,80.68376068376068,0.0,39.65811965811966,46.69108669108669,0.0,67.3992673992674,36.92307692307692,-24.02930402930403,84.59096459096459,0.0,153.74847374847374,45.90964590964591,-19.73137973137973,-12.307692307692308,0.0,-79.12087912087912,-42.39316239316239,143.1990231990232,32.234432234432234,-19.73137973137973
-85.37240537240537,86.54456654456655,77.16727716727716,1.3675213675213675,0.0,-106.08058608058607,74.04151404151405,28.71794871794872,84.2002442002442,0.0,31.062271062271066,36.92307692307692,0.0,66.61782661782662,29.89010989010989,-25.982905982905983,95.92185592185592,0.0,160.0,41.61172161172161,-20.903540903540904,-12.307692307692308,0.0,-76.77655677655677,-61.92918192918193,163.5164835164835,32.234432234432234,-20.903540903540904
-90.06105006105007,95.14041514041514,79.51159951159951,-9.572649572649572,0.0,-106.08058608058607,68.57142857142857,34.18803418803419,78.33943833943835,0.0,24.02930402930403,29.89010989010989,0.0,68.96214896214896,28.71794871794872,-21.68498168498169,93.18681318681318,0.0,169.37728937728937,41.61172161172161,-16.214896214896214,-23.63858363858364,0.0,-79.12087912087912,-24.02930402930403,127.57020757020756,30.28083028083028,-16.214896214896214
-89.27960927960928,99.04761904761904,79.9023199023199,-13.089133089133089,0.0,-105.68986568986568,65.83638583638583,34.57875457875458,80.68376068376068,0.0,17.77777777777778,25.2014652014652,0.0,73.26007326007326,29.499389499389498,-21.68498168498169,92.4053724053724,0.0,177.97313797313797,40.43956043956044,-14.652014652014651,-28.71794871794872,0.0,-79.51159951159951,-17.387057387057386,122.4908424908425,28.71794871794872,-14.652014652014651
-85.76312576312576,98.65689865689866,70.91575091575092,-8.791208791208792,0.0,-99.82905982905984,61.53846153846154,28.71794871794872,83.80952380952381,0.0,14.652014652014651,21.68498168498169,0.0,79.51159951159951,26.37362637362637,-28.71794871794872,95.14041514041514,0.0,181.0989010989011,36.14163614163614,-20.903540903540904,-22.075702075702075,0.0,-70.52503052503053,-73.26007326007326,175.23809523809524,27.936507936507937,-20.903540903540904
-79.51159951159951,95.14041514041514,65.44566544566544,-8.4004884004884,0.0,-86.54456654456655,58.02197802197802,24.81074481074481,75.21367521367522,0.0,15.042735042735044,16.996336996336996,0.0,90.06105006105007,27.545787545787547,-32.62515262515262,86.54456654456655,0.0,185.006105006105,36.53235653235653,-23.63858363858364,-24.42002442002442,0.0,-65.05494505494505,-66.22710622710623,170.54945054945054,27.936507936507937,-23.63858363858364
-70.13431013431014,90.06105006105007,60.366300366300365,-7.619047619047619,0.0,-67.3992673992674,52.55189255189255,22.466422466422465,63.88278388278388,0.0,16.605616605616607,12.698412698412698,0.0,102.17338217338218,29.10866910866911,-35.36019536019536,75.21367521367522,0.0,189.6947496947497,36.92307692307692,-26.37362637362637,-26.764346764346765,0.0,-59.975579975579976,-33.01587301587302,141.24542124542126,28.32722832722833,-26.37362637362637
-65.83638583638583,86.15384615384616,50.5982905982906,0.5860805860805861,0.0,-49.81684981684982,43.56532356532357,18.94993894993895,58.41269841269841,0.0,17.77777777777778,7.228327228327228,0.0,109.5970695970696,26.764346764346765,-36.53235653235653,73.26007326007326,0.0,192.03907203907204,32.234432234432234,-29.499389499389498,-18.94993894993895,0.0,-50.20757020757021,-63.10134310134311,169.76800976800976,27.155067155067155,-29.499389499389498
-60.757020757020754,82.63736263736264,46.3003663003663,2.148962148962149,0.0,-31.843711843711844,36.14163614163614,19.34065934065934,46.69108669108669,0.0,21.68498168498169,1.3675213675213675,0.0,120.14652014652016,23.247863247863247,-32.62515262515262,69.35286935286935,0.0,193.992673992674,28.32722832722833,-22.466422466422465,-17.77777777777778,0.0,-45.90964590964591,-100.6105006105006,203.36996336996336,25.592185592185597,-22.466422466422465
-53.333333333333336,82.24664224664225,43.56532356532357,-0.5860805860805861,0.0,-13.870573870573873,30.671550671550676,21.68498168498169,32.62515262515262,0.0,24.42002442002442,-1.7582417582417582,0.0,134.6031746031746,21.68498168498169,-25.982905982905983,57.63125763125763,0.0,201.8070818070818,24.81074481074481,-8.4004884004884,-27.545787545787547,0.0,-43.17460317460318,-79.51159951159951,177.58241758241758,22.466422466422465,-8.4004884004884
-48.64468864468864,81.46520146520146,41.61172161172161,-1.7582417582417582,0.0,-2.5396825396825395,26.764346764346765,20.12210012210012,26.764346764346765,0.0,24.02930402930403,-5.274725274725275,0.0,144.76190476190476,18.168498168498168,-20.903540903540904,54.114774114774114,0.0,205.32356532356533,19.73137973137973,3.3211233211233213,-31.062271062271066,0.0,-41.22100122100122,-74.04151404151405,166.64224664224665,17.77777777777778,3.3211233211233213
-45.51892551892552,77.94871794871794,38.48595848595848,-1.3675213675213675,0.0,6.056166056166056,24.81074481074481,14.261294261294262,22.075702075702075,0.0,25.592185592185597,-10.354090354090356,0.0,158.82783882783883,11.526251526251526,-22.075702075702075,50.5982905982906,0.0,204.15140415140417,15.824175824175825,11.135531135531137,-32.234432234432234,0.0,-38.095238095238095,-108.03418803418803,192.03907203907204,18.168498168498168,11.135531135531137
-40.83028083028083,74.82295482295483,42.002442002442,-7.228327228327228,0.0,16.605616605616607,25.2014652014652,15.042735042735044,9.572649572649572,0.0,26.37362637362637,-14.261294261294262,0.0,173.2844932844933,8.4004884004884,-18.168498168498168,35.75091575091575,0.0,203.36996336996336,18.94993894993895,18.94993894993895,-40.83028083028083,0.0,-41.61172161172161,-93.18681318681318,173.2844932844933,19.73137973137973,18.94993894993895
-35.36019536019536,73.26007326007326,43.56532356532357,-9.572649572649572,0.0,25.592185592185597,26.764346764346765,15.433455433455434,1.3675213675213675,0.0,23.63858363858364,-15.824175824175825,0.0,182.66178266178267,4.493284493284493,-12.307692307692308,27.936507936507937,0.0,201.02564102564105,19.73137973137973,23.63858363858364,-41.61172161172161,0.0,-43.17460317460318,-71.30647130647131,147.1062271062271,19.34065934065934,23.63858363858364
-33.40659340659341,72.08791208791209,44.737484737484735,-7.228327228327228,0.0,34.18803418803419,25.2014652014652,15.824175824175825,-0.1953601953601953,0.0,20.512820512820515,-17.77777777777778,0.0,186.17826617826617,-3.3211233211233213,-8.4004884004884,30.28083028083028,0.0,194.3833943833944,20.12210012210012,23.247863247863247,-33.01587301587302,0.0,-44.346764346764346,-54.5054945054945,120.92796092796092,20.512820512820515,23.247863247863247
-27.545787545787547,74.43223443223444,52.16117216117216,-13.47985347985348,0.0,44.346764346764346,26.764346764346765,22.466422466422465,-9.18192918192918,0.0,17.77777777777778,-15.042735042735044,0.0,193.992673992674,-6.837606837606837,-0.5860805860805861,23.63858363858364,0.0,193.992673992674,27.545787545787547,27.545787545787547,-37.704517704517706,0.0,-51.77045177045177,-2.93040293040293,65.83638583638583,23.63858363858364,27.545787545787547
-23.63858363858364,79.12087912087912,59.58485958485959,-13.47985347985348,0.0,50.5982905982906,28.32722832722833,27.936507936507937,-7.228327228327228,0.0,12.698412698412698,-9.572649572649572,0.0,196.72771672771677,-6.837606837606837,8.4004884004884,22.466422466422465,0.0,193.992673992674,34.969474969474966,33.7973137973138,-42.39316239316239,0.0,-59.1941391941392,20.12210012210012,39.26739926739927,27.155067155067155,33.7973137973138
-25.592185592185597,81.07448107448107,65.05494505494505,-5.665445665445666,0.0,49.03540903540904,27.545787545787547,28.32722832722833,7.619047619047619,0.0,5.665445665445666,-3.711843711843712,0.0,195.16483516483515,-7.619047619047619,9.963369963369964,32.234432234432234,0.0,192.03907203907204,41.22100122100122,34.57875457875458,-36.92307692307692,0.0,-64.66422466422466,-21.68498168498169,81.46520146520146,31.843711843711844,34.57875457875458
-29.499389499389498,80.68376068376068,71.30647130647131,0.9768009768009768,0.0,42.002442002442,31.062271062271066,29.10866910866911,19.34065934065934,0.0,0.5860805860805861,2.5396825396825395,0.0,192.42979242979243,-4.884004884004884,9.572649572649572,37.704517704517706,0.0,188.91330891330887,47.86324786324786,33.01587301587302,-34.18803418803419,0.0,-70.91575091575092,-30.28083028083028,94.74969474969475,35.75091575091575,33.01587301587302
-29.10866910866911,81.07448107448107,80.29304029304029,-1.7582417582417582,0.0,36.53235653235653,37.704517704517706,32.234432234432234,21.68498168498169,0.0,-1.3675213675213675,12.307692307692308,0.0,188.5225885225885,0.5860805860805861,13.089133089133089,31.843711843711844,0.0,188.5225885225885,53.724053724053725,33.40659340659341,-40.43956043956044,0.0,-79.9023199023199,4.884004884004884,65.05494505494505,38.87667887667888,33.40659340659341
-31.843711843711844,77.16727716727716,86.54456654456655,-1.3675213675213675,0.0,25.2014652014652,39.26739926739927,30.671550671550676,31.843711843711844,0.0,-5.665445665445666,15.433455433455434,0.0,179.53601953601952,-1.3675213675213675,12.307692307692308,38.48595848595848,0.0,184.6153846153846,52.94261294261294,27.545787545787547,-35.36019536019536,0.0,-86.15384615384616,-10.354090354090356,83.80952380952381,40.04884004884005,27.545787545787547
-31.45299145299145,72.47863247863248,90.45177045177046,-4.493284493284493,0.0,15.824175824175825,40.83028083028083,27.545787545787547,39.26739926739927,0.0,-6.056166056166056,16.996336996336996,0.0,171.33089133089132,-6.446886446886447,5.665445665445666,47.472527472527474,0.0,178.75457875457874,49.42612942612943,20.12210012210012,-30.28083028083028,0.0,-90.06105006105007,-68.18070818070818,139.29181929181928,40.04884004884005,20.12210012210012
-26.764346764346765,72.08791208791209,93.96825396825396,-9.963369963369964,0.0,11.135531135531137,45.12820512820513,30.28083028083028,38.87667887667888,0.0,-0.5860805860805861,17.387057387057386,0.0,163.12576312576311,-5.665445665445666,7.228327228327228,48.25396825396825,0.0,176.4102564102564,49.42612942612943,21.294261294261293,-33.01587301587302,0.0,-93.57753357753356,-41.61172161172161,111.94139194139194,40.43956043956044,21.294261294261293
-20.903540903540904,66.61782661782662,91.62393162393164,-6.837606837606837,0.0,4.102564102564102,49.03540903540904,28.71794871794872,45.90964590964591,0.0,4.493284493284493,16.214896214896214,0.0,155.3113553113553,-3.3211233211233213,8.791208791208792,55.28693528693529,0.0,172.11233211233213,48.64468864468864,26.37362637362637,-30.671550671550676,0.0,-91.23321123321124,3.711843711843712,62.31990231990232,41.22100122100122,26.37362637362637
-17.387057387057386,61.14774114774115,90.06105006105007,3.711843711843712,0.0,-5.274725274725275,55.28693528693529,26.764346764346765,58.8034188034188,0.0,15.433455433455434,15.433455433455434,0.0,145.15262515262515,2.5396825396825395,6.837606837606837,65.05494505494505,0.0,165.86080586080587,49.42612942612943,29.89010989010989,-23.63858363858364,0.0,-89.67032967032966,-26.764346764346765,92.4053724053724,42.78388278388278,29.89010989010989
-13.089133089133089,58.02197802197802,93.57753357753356,8.00976800976801,0.0,-13.089133089133089,67.3992673992674,26.764346764346765,64.27350427350427,0.0,32.234432234432234,18.94993894993895,0.0,138.1196581196581,19.73137973137973,6.837606837606837,65.05494505494505,0.0,163.5164835164835,53.724053724053725,36.53235653235653,-22.075702075702075,0.0,-93.18681318681318,-48.64468864468864,116.63003663003664,43.95604395604396,36.53235653235653
-12.307692307692308,56.45909645909646,101.3919413919414,8.791208791208792,0.0,-21.294261294261293,74.04151404151405,28.71794871794872,71.30647130647131,0.0,48.64468864468864,20.903540903540904,0.0,131.86813186813183,35.36019536019536,8.791208791208792,61.53846153846154,0.0,160.78144078144078,58.41269841269841,42.39316239316239,-22.075702075702075,0.0,-101.001221001221,-34.18803418803419,106.86202686202688,43.95604395604396,42.39316239316239
-18.55921855921856,52.55189255189255,111.55067155067157,11.916971916971915,0.0,-31.45299145299145,76.77655677655677,27.155067155067155,83.80952380952381,0.0,62.31990231990232,20.12210012210012,0.0,122.88156288156289,44.737484737484735,6.837606837606837,66.22710622710623,0.0,155.3113553113553,59.975579975579976,42.78388278388278,-15.824175824175825,0.0,-111.15995115995116,-42.002442002442,119.36507936507935,43.95604395604396,42.78388278388278
-24.81074481074481,52.16117216117216,118.1929181929182,13.089133089133089,0.0,-38.095238095238095,81.07448107448107,27.936507936507937,86.93528693528694,0.0,79.12087912087912,16.605616605616607,0.0,114.67643467643468,52.94261294261294,5.274725274725275,65.05494505494505,0.0,150.23199023199024,60.757020757020754,41.22100122100122,-13.47985347985348,0.0,-117.8021978021978,-54.5054945054945,137.33821733821733,43.17460317460318,41.22100122100122
-27.936507936507937,49.42612942612943,122.88156288156289,13.870573870573873,0.0,-44.346764346764346,89.67032967032966,31.45299145299145,80.68376068376068,0.0,95.53113553113552,11.916971916971915,0.0,110.37851037851038,61.14774114774115,7.619047619047619,56.06837606837607,0.0,148.2783882783883,64.66422466422466,41.22100122100122,-17.387057387057386,0.0,-122.4908424908425,-36.92307692307692,127.57020757020756,45.12820512820513,41.22100122100122
-28.71794871794872,41.61172161172161,120.92796092796092,22.857142857142858,0.0,-49.81684981684982,95.53113553113552,29.89010989010989,79.12087912087912,0.0,109.5970695970696,9.18192918192918,0.0,107.25274725274726,68.96214896214896,7.619047619047619,50.5982905982906,0.0,148.66910866910868,67.3992673992674,38.87667887667888,-18.94993894993895,0.0,-120.53724053724054,-31.062271062271066,130.3052503052503,49.03540903540904,38.87667887667888
-30.671550671550676,36.14163614163614,117.4114774114774,29.499389499389498,0.0,-55.67765567765568,101.001221001221,25.982905982905983,79.9023199023199,0.0,122.1001221001221,6.056166056166056,0.0,104.9084249084249,80.68376068376068,3.3211233211233213,45.51892551892552,0.0,150.23199023199024,70.91575091575092,33.7973137973138,-18.94993894993895,0.0,-117.02075702075702,-35.36019536019536,142.02686202686203,53.333333333333336,33.7973137973138
-27.545787545787547,34.18803418803419,117.8021978021978,24.42002442002442,0.0,-54.114774114774114,103.34554334554336,25.982905982905983,72.47863247863248,0.0,133.43101343101344,4.493284493284493,0.0,108.8156288156288,92.7960927960928,2.93040293040293,33.01587301587302,0.0,154.9206349206349,78.73015873015873,33.01587301587302,-26.37362637362637,0.0,-117.4114774114774,11.135531135531137,100.21978021978022,58.41269841269841,33.01587301587302
-27.155067155067155,34.18803418803419,117.8021978021978,16.996336996336996,0.0,-53.333333333333336,101.001221001221,23.247863247863247,69.35286935286935,0.0,137.72893772893772,2.93040293040293,0.0,111.15995115995116,101.3919413919414,5.665445665445666,22.466422466422465,0.0,160.0,79.12087912087912,34.18803418803419,-30.671550671550676,0.0,-117.4114774114774,21.68498168498169,88.88888888888889,61.14774114774115,34.18803418803419
-33.7973137973138,35.36019536019536,117.02075702075702,17.77777777777778,0.0,-56.06837606837607,97.09401709401708,17.77777777777778,76.77655677655677,0.0,135.3846153846154,-1.3675213675213675,0.0,106.08058608058607,102.95482295482296,6.056166056166056,24.42002442002442,0.0,158.04639804639805,72.08791208791209,36.92307692307692,-25.2014652014652,0.0,-116.63003663003664,-21.294261294261293,126.7887667887668,60.366300366300365,36.92307692307692
-38.87667887667888,38.87667887667888,114.28571428571428,16.996336996336996,0.0,-56.45909645909646,96.31257631257633,16.214896214896214,74.82295482295483,0.0,136.55677655677655,-3.711843711843712,0.0,102.95482295482296,98.65689865689866,9.18192918192918,23.63858363858364,0.0,155.7020757020757,63.49206349206349,39.26739926739927,-22.466422466422465,0.0,-113.89499389499387,-9.572649572649572,108.42490842490842,55.67765567765568,39.26739926739927
-38.095238095238095,41.61172161172161,114.28571428571428,11.526251526251526,0.0,-55.28693528693529,100.6105006105006,19.73137973137973,63.49206349206349,0.0,135.77533577533578,-0.1953601953601953,0.0,99.82905982905984,96.7032967032967,17.387057387057386,15.824175824175825,0.0,156.87423687423689,54.114774114774114,45.90964590964591,-25.592185592185597,0.0,-113.89499389499387,29.10866910866911,68.18070818070818,47.081807081807085,45.90964590964591
-40.83028083028083,37.31379731379732,113.5042735042735,16.605616605616607,0.0,-60.366300366300365,102.17338217338218,20.512820512820515,63.49206349206349,0.0,131.08669108669108,1.3675213675213675,0.0,87.71672771672772,91.62393162393164,21.294261294261293,19.34065934065934,0.0,151.4041514041514,42.002442002442,48.25396825396825,-20.512820512820515,0.0,-113.11355311355312,2.93040293040293,90.84249084249085,39.65811965811966,48.25396825396825
-38.87667887667888,34.57875457875458,111.55067155067157,15.042735042735044,0.0,-57.63125763125763,100.6105006105006,19.34065934065934,59.975579975579976,0.0,127.96092796092796,4.884004884004884,0.0,78.73015873015873,86.15384615384616,23.63858363858364,21.68498168498169,0.0,145.54334554334554,33.40659340659341,47.86324786324786,-15.824175824175825,0.0,-111.15995115995116,-55.28693528693529,142.02686202686203,34.57875457875458,47.86324786324786
-33.7973137973138,34.969474969474966,112.33211233211232,2.148962148962149,0.0,-52.55189255189255,99.04761904761904,20.903540903540904,47.081807081807085,0.0,122.1001221001221,7.228327228327228,0.0,70.52503052503053,85.37240537240537,29.89010989010989,13.089133089133089,0.0,143.1990231990232,26.764346764346765,51.37973137973138,-20.12210012210012,0.0,-111.94139194139194,-28.71794871794872,108.03418803418803,27.545787545787547,51.37973137973138
-31.062271062271066,34.18803418803419,107.64346764346764,-6.446886446886447,0.0,-50.989010989010985,94.74969474969475,17.387057387057386,41.22100122100122,0.0,112.33211233211232,4.493284493284493,0.0,56.84981684981685,82.63736263736264,29.10866910866911,14.261294261294262,0.0,136.94749694749694,17.77777777777778,49.42612942612943,-19.34065934065934,0.0,-107.25274725274726,-4.102564102564102,74.43223443223444,20.12210012210012,49.42612942612943
-31.45299145299145,32.234432234432234,100.21978021978022,-12.307692307692308,0.0,-49.42612942612943,86.93528693528694,11.135531135531137,38.48595848595848,0.0,105.68986568986568,0.1953601953601953,0.0,43.95604395604396,75.21367521367522,24.42002442002442,21.294261294261293,0.0,128.35164835164835,8.4004884004884,43.95604395604396,-13.47985347985348,0.0,-99.82905982905984,-31.45299145299145,92.4053724053724,13.089133089133089,43.95604395604396
-30.28083028083028,32.234432234432234,95.53113553113552,-22.075702075702075,0.0,-48.25396825396825,84.2002442002442,12.698412698412698,24.81074481074481,0.0,101.78266178266178,-5.665445665445666,0.0,36.92307692307692,70.52503052503053,20.512820512820515,21.68498168498169,0.0,125.22588522588522,0.9768009768009768,40.04884004884005,-13.089133089133089,0.0,-95.14041514041514,-26.37362637362637,81.46520146520146,4.102564102564102,40.04884004884005
-27.936507936507937,28.71794871794872,93.57753357753356,-28.71794871794872,0.0,-42.39316239316239,80.29304029304029,15.433455433455434,9.963369963369964,0.0,97.87545787545788,-11.135531135531137,0.0,29.499389499389498,67.78998778998779,18.55921855921856,22.466422466422465,0.0,119.36507936507935,-2.93040293040293,38.095238095238095,-12.698412698412698,0.0,-93.18681318681318,10.354090354090356,41.22100122100122,-0.9768009768009768,38.095238095238095
-29.10866910866911,25.2014652014652,90.84249084249085,-26.764346764346765,0.0,-33.40659340659341,74.43223443223444,12.307692307692308,4.493284493284493,0.0,93.18681318681318,-18.168498168498168,0.0,23.247863247863247,63.88278388278388,16.996336996336996,29.10866910866911,0.0,110.76923076923076,-6.837606837606837,38.48595848595848,-5.274725274725275,0.0,-90.45177045177046,14.652014652014651,27.936507936507937,-4.493284493284493,38.48595848595848
-27.936507936507937,27.545787545787547,88.88888888888889,-31.45299145299145,0.0,-15.042735042735044,69.74358974358974,8.791208791208792,-7.228327228327228,0.0,92.014652014652,-24.02930402930403,0.0,21.294261294261293,64.27350427350427,16.605616605616607,25.592185592185597,0.0,103.34554334554336,-9.18192918192918,38.48595848595848,-0.5860805860805861,0.0,-88.4981684981685,20.903540903540904,9.963369963369964,-6.837606837606837,38.48595848595848
-25.592185592185597,34.57875457875458,86.93528693528694,-38.48595848595848,0.0,2.5396825396825395,70.13431013431014,3.711843711843712,-21.294261294261293,0.0,92.7960927960928,-29.10866910866911,0.0,20.512820512820515,69.35286935286935,15.042735042735044,19.73137973137973,0.0,96.7032967032967,-8.4004884004884,36.53235653235653,3.3211233211233213,0.0,-86.54456654456655,15.433455433455434,2.148962148962149,-7.228327228327228,36.53235653235653
-27.936507936507937,41.61172161172161,82.63736263736264,-35.75091575091575,0.0,11.526251526251526,72.86935286935287,-1.3675213675213675,-23.63858363858364,0.0,94.35897435897436,-36.14163614163614,0.0,18.55921855921856,75.6043956043956,11.526251526251526,18.94993894993895,0.0,91.62393162393164,-8.791208791208792,31.45299145299145,12.698412698412698,0.0,-82.24664224664225,-22.466422466422465,26.764346764346765,-5.274725274725275,31.45299145299145
-30.28083028083028,48.25396825396825,79.9023199023199,-34.18803418803419,0.0,17.77777777777778,75.6043956043956,-2.148962148962149,-29.10866910866911,0.0,102.95482295482296,-40.43956043956044,0.0,20.512820512820515,82.63736263736264,3.3211233211233213,14.652014652014651,0.0,88.88888888888889,-10.354090354090356,20.512820512820515,23.63858363858364,0.0,-79.51159951159951,-50.20757020757021,45.90964590964591,-1.3675213675213675,20.512820512820515
-27.545787545787547,56.45909645909646,83.41880341880342,-40.43956043956044,0.0,22.857142857142858,88.1074481074481,4.884004884004884,-45.90964590964591,0.0,116.23931623931624,-39.65811965811966,0.0,26.37362637362637,97.09401709401708,1.3675213675213675,-1.7582417582417582,0.0,92.4053724053724,-5.665445665445666,15.042735042735044,22.466422466422465,0.0,-83.02808302808303,-13.089133089133089,4.884004884004884,3.711843711843712,15.042735042735044
-31.843711843711844,67.3992673992674,91.23321123321124,-42.002442002442,0.0,19.73137973137973,105.2991452991453,14.261294261294262,-56.45909645909646,0.0,123.27228327228327,-35.75091575091575,0.0,30.671550671550676,116.23931623931624,6.446886446886447,-21.294261294261293,0.0,96.7032967032967,0.5860805860805861,18.94993894993895,15.433455433455434,0.0,-90.84249084249085,-15.433455433455434,5.665445665445666,9.572649572649572,18.94993894993895
-31.843711843711844,70.91575091575092,89.27960927960928,-34.18803418803419,0.0,24.81074481074481,110.76923076923076,11.526251526251526,-55.67765567765568,0.0,131.86813186813183,-31.062271062271066,0.0,36.14163614163614,119.75579975579976,3.3211233211233213,-21.294261294261293,0.0,98.26617826617829,0.1953601953601953,16.605616605616607,24.02930402930403,0.0,-88.88888888888889,-37.31379731379732,23.247863247863247,12.698412698412698,16.605616605616607
-31.843711843711844,80.68376068376068,90.45177045177046,-34.57875457875458,0.0,32.234432234432234,119.36507936507935,12.698412698412698,-62.71062271062271,0.0,138.9010989010989,-23.63858363858364,0.0,45.51892551892552,125.22588522588522,7.619047619047619,-31.843711843711844,0.0,101.78266178266178,3.3211233211233213,19.34065934065934,21.68498168498169,0.0,-90.06105006105007,-38.48595848595848,22.075702075702075,16.605616605616607,19.34065934065934
-33.01587301587302,91.62393162393164,91.23321123321124,-35.36019536019536,0.0,35.75091575091575,128.74236874236874,16.605616605616607,-69.74358974358974,0.0,144.37118437118437,-15.824175824175825,0.0,56.84981684981685,127.57020757020756,15.042735042735044,-43.95604395604396,0.0,106.47130647130648,8.00976800976801,25.982905982905983,15.042735042735044,0.0,-90.84249084249085,9.572649572649572,-26.37362637362637,18.55921855921856,25.982905982905983
-33.7973137973138,95.53113553113552,86.93528693528694,-26.37362637362637,0.0,36.53235653235653,134.21245421245422,15.433455433455434,-65.83638583638583,0.0,150.23199023199024,-11.135531135531137,0.0,65.83638583638583,122.1001221001221,13.870573870573873,-39.26739926739927,0.0,109.2063492063492,8.00976800976801,22.857142857142858,21.68498168498169,0.0,-86.54456654456655,-13.870573870573873,-0.5860805860805861,23.63858363858364,22.857142857142858
-34.969474969474966,102.17338217338218,84.59096459096459,-24.42002442002442,0.0,33.7973137973138,140.85470085470087,18.55921855921856,-67.78998778998779,0.0,154.9206349206349,-4.493284493284493,0.0,73.65079365079364,117.4114774114774,13.47985347985348,-40.83028083028083,0.0,113.11355311355312,7.619047619047619,16.996336996336996,25.592185592185597,0.0,-84.2002442002442,-65.44566544566544,52.55189255189255,27.936507936507937,16.996336996336996
-33.01587301587302,108.42490842490842,86.15384615384616,-29.499389499389498,0.0,28.71794871794872,152.18559218559218,23.63858363858364,-74.04151404151405,0.0,156.87423687423689,0.9768009768009768,0.0,80.68376068376068,115.45787545787546,18.168498168498168,-50.20757020757021,0.0,118.5836385836386,9.963369963369964,13.870573870573873,20.903540903540904,0.0,-85.76312576312576,-29.89010989010989,22.857142857142858,28.71794871794872,13.870573870573873
-31.45299145299145,109.98778998778998,81.46520146520146,-25.982905982905983,0.0,24.42002442002442,155.7020757020757,22.466422466422465,-70.52503052503053,0.0,152.96703296703296,4.102564102564102,0.0,84.59096459096459,106.08058608058607,20.12210012210012,-49.42612942612943,0.0,120.92796092796092,7.619047619047619,8.00976800976801,24.02930402930403,0.0,-81.07448107448107,15.824175824175825,-18.55921855921856,24.02930402930403,8.00976800976801
-31.45299145299145,113.89499389499387,70.91575091575092,-19.73137973137973,0.0,22.075702075702075,153.35775335775335,15.042735042735044,-59.58485958485959,0.0,145.93406593406593,5.274725274725275,0.0,84.2002442002442,94.35897435897436,18.55921855921856,-40.04884004884005,0.0,117.02075702075702,4.884004884004884,2.5396825396825395,31.843711843711844,0.0,-70.52503052503053,3.3211233211233213,-11.526251526251526,20.12210012210012,2.5396825396825395
-33.7973137973138,119.36507936507935,69.74358974358974,-23.247863247863247,0.0,18.55921855921856,152.57631257631255,14.652014652014651,-55.28693528693529,0.0,139.29181929181928,6.837606837606837,0.0,84.2002442002442,87.71672771672772,24.02930402930403,-40.43956043956044,0.0,113.11355311355312,7.619047619047619,6.837606837606837,26.764346764346765,0.0,-69.35286935286935,8.791208791208792,-19.73137973137973,18.94993894993895,6.837606837606837
-36.14163614163614,120.53724053724054,68.18070818070818,-19.73137973137973,0.0,14.652014652014651,148.66910866910868,11.916971916971915,-44.737484737484735,0.0,133.82173382173383,5.665445665445666,0.0,81.46520146520146,85.37240537240537,27.155067155067155,-34.18803418803419,0.0,109.2063492063492,12.698412698412698,14.261294261294262,22.857142857142858,0.0,-67.78998778998779,40.43956043956044,-49.03540903540904,17.77777777777778,14.261294261294262
-38.48595848595848,121.7094017094017,64.27350427350427,-13.089133089133089,0.0,8.4004884004884,146.32478632478632,6.446886446886447,-29.10866910866911,0.0,126.7887667887668,7.619047619047619,0.0,75.6043956043956,83.80952380952381,23.63858363858364,-18.55921855921856,0.0,104.12698412698413,17.387057387057386,16.996336996336996,25.592185592185597,0.0,-63.88278388278388,42.78388278388278,-50.989010989010985,20.903540903540904,16.996336996336996
-42.78388278388278,122.1001221001221,68.57142857142857,-15.824175824175825,0.0,0.9768009768009768,145.54334554334554,7.228327228327228,-23.247863247863247,0.0,122.4908424908425,8.791208791208792,0.0,72.86935286935287,86.93528693528694,23.247863247863247,-17.387057387057386,0.0,101.001221001221,26.764346764346765,19.73137973137973,17.387057387057386,0.0,-68.18070818070818,62.71062271062271,-63.88278388278388,27.155067155067155,19.73137973137973
-44.346764346764346,116.63003663003664,71.6971916971917,-15.824175824175825,0.0,-3.3211233211233213,142.02686202686203,8.4004884004884,-20.12210012210012,0.0,118.1929181929182,11.135531135531137,0.0,68.18070818070818,92.7960927960928,25.2014652014652,-22.075702075702075,0.0,99.43833943833944,36.92307692307692,18.55921855921856,7.619047619047619,0.0,-71.30647130647131,93.57753357753356,-79.12087912087912,29.499389499389498,18.55921855921856
-49.03540903540904,108.42490842490842,67.3992673992674,0.1953601953601953,0.0,-8.791208791208792,135.77533577533578,3.711843711843712,-4.102564102564102,0.0,106.08058608058607,13.47985347985348,0.0,61.53846153846154,90.06105006105007,23.63858363858364,-14.652014652014651,0.0,93.96825396825396,40.83028083028083,12.698412698412698,11.916971916971915,0.0,-67.00854700854701,82.24664224664225,-55.28693528693529,29.499389499389498,12.698412698412698
-58.41269841269841,98.26617826617829,67.00854700854701,16.214896214896214,0.0,-14.261294261294262,126.7887667887668,2.93040293040293,7.228327228327228,0.0,93.57753357753356,14.652014652014651,0.0,56.45909645909646,86.15384615384616,23.63858363858364,-14.652014652014651,0.0,86.54456654456655,42.78388278388278,8.791208791208792,12.698412698412698,0.0,-66.61782661782662,77.16727716727716,-36.92307692307692,31.062271062271066,8.791208791208792
-65.05494505494505,88.88888888888889,77.55799755799755,24.42002442002442,0.0,-18.55921855921856,124.44444444444444,9.18192918192918,9.963369963369964,0.0,83.80952380952381,18.168498168498168,0.0,55.67765567765568,90.06105006105007,29.499389499389498,-24.42002442002442,0.0,79.9023199023199,49.81684981684982,12.307692307692308,6.837606837606837,0.0,-77.16727716727716,138.5103785103785,-79.9023199023199,31.062271062271066,12.307692307692308
-65.05494505494505,82.63736263736264,79.9023199023199,36.53235653235653,0.0,-18.94993894993895,124.83516483516485,8.4004884004884,18.94993894993895,0.0,76.38583638583638,25.592185592185597,0.0,61.92918192918193,88.88888888888889,26.37362637362637,-24.02930402930403,0.0,77.94871794871794,52.94261294261294,13.089133089133089,8.4004884004884,0.0,-79.51159951159951,134.6031746031746,-70.91575091575092,33.7973137973138,13.089133089133089
-69.35286935286935,82.24664224664225,85.76312576312576,43.56532356532357,0.0,-24.02930402930403,127.96092796092796,11.916971916971915,25.2014652014652,0.0,74.43223443223444,33.7973137973138,0.0,64.66422466422466,90.84249084249085,25.2014652014652,-24.81074481074481,0.0,71.6971916971917,57.24053724053724,15.824175824175825,9.572649572649572,0.0,-85.37240537240537,62.71062271062271,1.3675213675213675,40.43956043956044,15.824175824175825
-65.83638583638583,87.71672771672772,93.96825396825396,35.75091575091575,0.0,-22.075702075702075,136.16605616605617,18.55921855921856,17.77777777777778,0.0,80.29304029304029,46.69108669108669,0.0,70.52503052503053,95.53113553113552,25.982905982905983,-33.7973137973138,0.0,70.13431013431014,64.66422466422466,18.168498168498168,3.711843711843712,0.0,-93.57753357753356,53.333333333333336,9.18192918192918,46.69108669108669,18.168498168498168
-62.71062271062271,94.35897435897436,97.09401709401708,31.843711843711844,0.0,-18.168498168498168,140.46398046398048,24.42002442002442,13.089133089133089,0.0,84.2002442002442,62.31990231990232,0.0,74.04151404151405,97.87545787545788,31.45299145299145,-43.56532356532357,0.0,68.18070818070818,71.30647130647131,18.94993894993895,0.1953601953601953,0.0,-96.7032967032967,76.38583638583638,-17.387057387057386,50.989010989010985,18.94993894993895
-64.66422466422466,97.09401709401708,98.26617826617829,36.14163614163614,0.0,-17.77777777777778,140.46398046398048,27.545787545787547,16.214896214896214,0.0,80.68376068376068,77.94871794871794,0.0,70.91575091575092,97.48473748473748,39.26739926739927,-49.03540903540904,0.0,61.14774114774115,74.43223443223444,18.94993894993895,2.93040293040293,0.0,-97.87545787545788,54.89621489621489,-0.9768009768009768,56.06837606837607,18.94993894993895
-65.83638583638583,99.04761904761904,101.001221001221,36.14163614163614,0.0,-13.47985347985348,138.1196581196581,32.62515262515262,12.698412698412698,0.0,75.21367521367522,94.35897435897436,0.0,70.52503052503053,99.43833943833944,48.25396825396825,-59.1941391941392,0.0,57.63125763125763,79.12087912087912,19.73137973137973,1.3675213675213675,0.0,-100.6105006105006,47.081807081807085,5.665445665445666,59.58485958485959,19.73137973137973
-62.31990231990232,97.48473748473748,110.76923076923076,33.7973137973138,0.0,-8.00976800976801,139.68253968253967,37.704517704517706,9.963369963369964,0.0,69.35286935286935,110.76923076923076,0.0,76.38583638583638,105.2991452991453,57.24053724053724,-74.43223443223444,0.0,58.41269841269841,85.37240537240537,24.42002442002442,-4.493284493284493,0.0,-110.37851037851038,100.6105006105006,-41.22100122100122,61.14774114774115,24.42002442002442
-61.14774114774115,93.18681318681318,115.84859584859583,37.704517704517706,0.0,-2.93040293040293,133.82173382173383,40.43956043956044,13.47985347985348,0.0,59.58485958485959,121.7094017094017,0.0,81.46520146520146,106.47130647130648,59.975579975579976,-79.51159951159951,0.0,55.28693528693529,86.15384615384616,31.45299145299145,-5.274725274725275,0.0,-115.45787545787546,116.63003663003664,-56.84981684981685,64.27350427350427,31.45299145299145
-58.41269841269841,86.54456654456655,119.36507936507935,40.43956043956044,0.0,0.9768009768009768,127.17948717948718,41.22100122100122,15.824175824175825,0.0,52.16117216117216,127.96092796092796,0.0,88.88888888888889,101.3919413919414,58.8034188034188,-78.33943833943835,0.0,49.81684981684982,84.59096459096459,40.04884004884005,-3.3211233211233213,0.0,-118.97435897435898,85.37240537240537,-31.062271062271066,68.57142857142857,40.04884004884005
-49.81684981684982,83.80952380952381,120.92796092796092,35.36019536019536,0.0,11.916971916971915,126.3980463980464,43.56532356532357,7.228327228327228,0.0,47.472527472527474,131.4774114774115,0.0,99.43833943833944,96.7032967032967,61.53846153846154,-85.37240537240537,0.0,42.39316239316239,83.80952380952381,51.37973137973138,-5.665445665445666,0.0,-120.53724053724054,71.30647130647131,-30.671550671550676,72.08791208791209,51.37973137973138
-44.737484737484735,81.46520146520146,115.45787545787546,34.57875457875458,0.0,20.903540903540904,119.75579975579976,42.39316239316239,2.148962148962149,0.0,40.04884004884005,131.86813186813183,0.0,108.8156288156288,90.45177045177046,61.53846153846154,-86.93528693528694,0.0,32.234432234432234,83.80952380952381,58.8034188034188,-1.3675213675213675,0.0,-115.06715506715508,63.49206349206349,-42.78388278388278,77.16727716727716,58.8034188034188
-40.83028083028083,79.12087912087912,104.9084249084249,38.48595848595848,0.0,31.843711843711844,108.42490842490842,40.04884004884005,0.1953601953601953,0.0,30.28083028083028,130.6959706959707,0.0,114.28571428571428,81.07448107448107,61.92918192918193,-81.85592185592185,0.0,22.857142857142858,80.68376068376068,63.88278388278388,6.837606837606837,0.0,-104.51770451770452,59.1941391941392,-53.724053724053725,77.94871794871794,63.88278388278388
-34.969474969474966,77.16727716727716,98.26617826617829,34.969474969474966,0.0,43.95604395604396,98.26617826617829,40.83028083028083,-8.4004884004884,0.0,24.02930402930403,126.7887667887668,0.0,118.1929181929182,77.55799755799755,63.88278388278388,-84.98168498168498,0.0,18.168498168498168,83.41880341880342,66.61782661782662,4.884004884004884,0.0,-97.87545787545788,110.37851037851038,-109.5970695970696,79.12087912087912,66.61782661782662
-29.499389499389498,74.43223443223444,93.18681318681318,30.28083028083028,0.0,52.94261294261294,86.93528693528694,42.78388278388278,-15.433455433455434,0.0,18.168498168498168,121.31868131868131,0.0,118.1929181929182,75.6043956043956,61.53846153846154,-84.2002442002442,0.0,16.996336996336996,86.54456654456655,66.61782661782662,0.1953601953601953,0.0,-92.7960927960928,149.84126984126985,-145.15262515262515,79.51159951159951,66.61782661782662
-27.155067155067155,64.27350427350427,87.32600732600733,38.87667887667888,0.0,53.724053724053725,72.08791208791209,40.43956043956044,-4.102564102564102,0.0,9.963369963369964,109.5970695970696,0.0,109.5970695970696,67.78998778998779,56.06837606837607,-63.49206349206349,0.0,15.042735042735044,83.80952380952381,64.66422466422466,4.884004884004884,0.0,-86.93528693528694,117.4114774114774,-107.64346764346764,79.9023199023199,64.66422466422466
-24.02930402930403,49.42612942612943,89.27960927960928,47.86324786324786,0.0,49.42612942612943,60.757020757020754,44.346764346764346,5.274725274725275,0.0,4.884004884004884,97.87545787545788,0.0,100.21978021978022,60.757020757020754,52.55189255189255,-43.56532356532357,0.0,12.698412698412698,84.59096459096459,64.66422466422466,6.837606837606837,0.0,-88.88888888888889,160.3907203907204,-143.98046398046398,83.02808302808303,64.66422466422466
-16.996336996336996,43.56532356532357,93.18681318681318,39.65811965811966,0.0,47.86324786324786,63.10134310134311,48.25396825396825,-0.9768009768009768,0.0,4.884004884004884,95.14041514041514,0.0,101.001221001221,63.88278388278388,49.03540903540904,-41.61172161172161,0.0,14.261294261294262,90.84249084249085,64.27350427350427,0.9768009768009768,0.0,-92.7960927960928,175.23809523809524,-154.52991452991452,83.41880341880342,64.27350427350427
-18.168498168498168,31.062271062271066,98.26617826617829,42.002442002442,0.0,38.095238095238095,59.975579975579976,52.55189255189255,0.9768009768009768,0.0,0.1953601953601953,93.96825396825396,0.0,99.82905982905984,66.22710622710623,44.346764346764346,-35.75091575091575,0.0,15.433455433455434,91.23321123321124,64.27350427350427,2.5396825396825395,0.0,-97.87545787545788,136.94749694749694,-112.33211233211232,82.63736263736264,64.27350427350427
-21.68498168498169,21.68498168498169,97.09401709401708,42.002442002442,0.0,31.45299145299145,52.94261294261294,51.77045177045177,0.5860805860805861,0.0,-0.9768009768009768,91.62393162393164,0.0,97.87545787545788,66.22710622710623,33.40659340659341,-28.71794871794872,0.0,11.916971916971915,87.32600732600733,59.975579975579976,8.00976800976801,0.0,-96.7032967032967,73.65079365079364,-50.5982905982906,79.12087912087912,59.975579975579976
-20.12210012210012,16.996336996336996,94.74969474969475,25.982905982905983,0.0,34.57875457875458,47.472527472527474,51.37973137973138,-16.996336996336996,0.0,1.3675213675213675,92.014652014652,0.0,100.6105006105006,68.57142857142857,25.982905982905983,-37.31379731379732,0.0,12.698412698412698,81.85592185592185,56.45909645909646,4.884004884004884,0.0,-94.35897435897436,84.98168498168498,-62.31990231990232,71.6971916971917,56.45909645909646
-22.857142857142858,10.744810744810744,89.67032967032966,15.042735042735044,0.0,35.75091575091575,38.095238095238095,47.081807081807085,-29.10866910866911,0.0,1.7582417582417582,86.15384615384616,0.0,94.74969474969475,66.61782661782662,19.34065934065934,-39.26739926739927,0.0,10.744810744810744,70.91575091575092,52.94261294261294,5.274725274725275,0.0,-89.27960927960928,120.14652014652016,-99.82905982905984,62.71062271062271,52.94261294261294
-24.02930402930403,2.148962148962149,77.94871794871794,13.089133089133089,0.0,33.01587301587302,27.545787545787547,38.48595848595848,-31.062271062271066,0.0,2.5396825396825395,75.21367521367522,0.0,83.80952380952381,59.58485958485959,13.47985347985348,-28.71794871794872,0.0,6.056166056166056,56.45909645909646,50.20757020757021,12.698412698412698,0.0,-77.55799755799755,93.18681318681318,-81.07448107448107,56.06837606837607,50.20757020757021
-20.512820512820515,-0.1953601953601953,70.13431013431014,6.446886446886447,0.0,31.45299145299145,25.982905982905983,37.704517704517706,-40.83028083028083,0.0,4.493284493284493,69.74358974358974,0.0,76.77655677655677,61.14774114774115,12.307692307692308,-29.499389499389498,0.0,4.493284493284493,52.94261294261294,51.77045177045177,9.572649572649572,0.0,-69.74358974358974,79.12087912087912,-74.04151404151405,54.114774114774114,51.77045177045177
-16.214896214896214,0.9768009768009768,62.71062271062271,2.5396825396825395,0.0,29.499389499389498,25.982905982905983,40.04884004884005,-47.472527472527474,0.0,6.056166056166056,68.57142857142857,0.0,70.91575091575092,67.3992673992674,15.824175824175825,-35.36019536019536,0.0,4.884004884004884,52.16117216117216,58.02197802197802,1.3675213675213675,0.0,-62.31990231990232,101.001221001221,-100.6105006105006,51.77045177045177,58.02197802197802
-14.652014652014651,2.5396825396825395,51.77045177045177,8.4004884004884,0.0,25.982905982905983,23.63858363858364,39.65811965811966,-42.002442002442,0.0,6.056166056166056,66.61782661782662,0.0,64.27350427350427,70.13431013431014,16.605616605616607,-33.40659340659341,0.0,2.93040293040293,48.64468864468864,63.88278388278388,0.1953601953601953,0.0,-51.37973137973138,109.98778998778998,-117.4114774114774,48.64468864468864,63.88278388278388
-11.916971916971915,7.228327228327228,38.48595848595848,10.744810744810744,0.0,26.37362637362637,20.512820512820515,38.095238095238095,-42.002442002442,0.0,8.00976800976801,65.05494505494505,0.0,59.58485958485959,69.35286935286935,16.605616605616607,-34.969474969474966,0.0,-0.9768009768009768,46.3003663003663,65.83638583638583,-0.1953601953601953,0.0,-38.095238095238095,106.47130647130648,-122.1001221001221,46.3003663003663,65.83638583638583
-8.791208791208792,10.744810744810744,29.10866910866911,5.274725274725275,0.0,31.843711843711844,18.55921855921856,36.14163614163614,-50.5982905982906,0.0,8.4004884004884,63.88278388278388,0.0,59.975579975579976,63.49206349206349,19.73137973137973,-42.002442002442,0.0,-2.148962148962149,42.002442002442,65.44566544566544,-4.102564102564102,0.0,-28.71794871794872,101.001221001221,-124.44444444444444,43.56532356532357,65.44566544566544
-5.274725274725275,10.744810744810744,19.73137973137973,4.884004884004884,0.0,34.18803418803419,14.652014652014651,27.545787545787547,-46.69108669108669,0.0,7.228327228327228,57.63125763125763,0.0,57.63125763125763,49.42612942612943,24.02930402930403,-34.18803418803419,0.0,-2.148962148962149,33.7973137973138,62.31990231990232,2.93040293040293,0.0,-19.34065934065934,66.61782661782662,-98.26617826617829,38.87667887667888,62.31990231990232
-2.93040293040293,7.619047619047619,9.963369963369964,6.056166056166056,0.0,31.843711843711844,12.307692307692308,18.94993894993895,-42.39316239316239,0.0,3.711843711843712,51.77045177045177,0.0,54.89621489621489,34.969474969474966,26.37362637362637,-22.857142857142858,0.0,-2.5396825396825395,26.764346764346765,56.45909645909646,12.698412698412698,0.0,-9.572649572649572,31.062271062271066,-70.91575091575092,37.31379731379732,56.45909645909646
0.1953601953601953,10.354090354090356,5.665445665445666,0.1953601953601953,0.0,29.89010989010989,13.870573870573873,16.214896214896214,-44.737484737484735,0.0,0.1953601953601953,51.37973137973138,0.0,55.28693528693529,29.10866910866911,31.45299145299145,-20.12210012210012,0.0,1.3675213675213675,25.982905982905983,57.24053724053724,9.18192918192918,0.0,-5.274725274725275,57.24053724053724,-101.001221001221,34.969474969474966,57.24053724053724
0.5860805860805861,11.135531135531137,4.102564102564102,-3.3211233211233213,0.0,22.075702075702075,11.916971916971915,15.042735042735044,-37.31379731379732,0.0,-6.056166056166056,48.64468864468864,0.0,52.94261294261294,22.857142857142858,34.18803418803419,-14.261294261294262,0.0,3.711843711843712,25.592185592185597,58.8034188034188,6.446886446886447,0.0,-3.711843711843712,65.83638583638583,-110.37851037851038,29.89010989010989,58.8034188034188
-5.665445665445666,7.228327228327228,-5.274725274725275,8.4004884004884,0.0,6.056166056166056,2.93040293040293,9.963369963369964,-16.996336996336996,0.0,-18.55921855921856,40.83028083028083,0.0,41.61172161172161,11.916971916971915,32.234432234432234,1.7582417582417582,0.0,-0.9768009768009768,19.34065934065934,57.24053724053724,12.307692307692308,0.0,5.665445665445666,24.42002442002442,-70.13431013431014,23.247863247863247,57.24053724053724
-10.354090354090356,3.3211233211233213,-9.572649572649572,8.4004884004884,0.0,-1.3675213675213675,-6.056166056166056,8.4004884004884,-10.354090354090356,0.0,-29.89010989010989,34.57875457875458,0.0,33.01587301587302,1.7582417582417582,26.764346764346765,9.963369963369964,0.0,-6.837606837606837,16.996336996336996,51.77045177045177,8.791208791208792,0.0,9.963369963369964,41.61172161172161,-78.73015873015873,15.824175824175825,51.77045177045177
-11.916971916971915,-2.93040293040293,-10.744810744810744,5.274725274725275,0.0,-7.619047619047619,-17.77777777777778,6.446886446886447,-3.3211233211233213,0.0,-43.56532356532357,24.81074481074481,0.0,25.982905982905983,-11.135531135531137,25.592185592185597,15.042735042735044,0.0,-10.744810744810744,17.387057387057386,47.472527472527474,0.9768009768009768,0.0,11.135531135531137,67.00854700854701,-95.14041514041514,11.135531135531137,47.472527472527474
-16.605616605616607,-14.261294261294262,-14.652014652014651,11.135531135531137,0.0,-17.387057387057386,-28.32722832722833,-1.7582417582417582,11.135531135531137,0.0,-56.06837606837607,13.870573870573873,0.0,12.698412698412698,-24.42002442002442,20.512820512820515,28.32722832722833,0.0,-18.55921855921856,15.042735042735044,38.48595848595848,2.5396825396825395,0.0,15.042735042735044,47.472527472527474,-64.27350427350427,7.228327228327228,38.48595848595848
-18.55921855921856,-22.466422466422465,-18.168498168498168,12.698412698412698,0.0,-21.294261294261293,-34.969474969474966,-11.526251526251526,20.512820512820515,0.0,-63.49206349206349,6.837606837606837,0.0,4.884004884004884,-32.62515262515262,9.963369963369964,40.43956043956044,0.0,-21.68498168498169,12.698412698412698,26.37362637362637,4.493284493284493,0.0,18.55921855921856,-10.744810744810744,4.884004884004884,4.493284493284493,26.37362637362637
-17.387057387057386,-27.545787545787547,-18.168498168498168,6.446886446886447,0.0,-22.857142857142858,-37.31379731379732,-18.94993894993895,21.294261294261293,0.0,-67.78998778998779,0.9768009768009768,0.0,0.5860805860805861,-37.31379731379732,6.446886446886447,38.48595848595848,0.0,-25.592185592185597,12.698412698412698,21.68498168498169,-1.3675213675213675,0.0,18.55921855921856,0.5860805860805861,5.274725274725275,0.5860805860805861,21.68498168498169
-21.68498168498169,-32.234432234432234,-23.247863247863247,8.791208791208792,0.0,-28.32722832722833,-42.002442002442,-27.545787545787547,28.71794871794872,0.0,-72.47863247863248,-5.665445665445666,0.0,-6.837606837606837,-40.83028083028083,-1.3675213675213675,43.17460317460318,0.0,-31.062271062271066,9.18192918192918,15.824175824175825,-0.9768009768009768,0.0,23.63858363858364,30.28083028083028,-15.824175824175825,-3.711843711843712,15.824175824175825
-25.592185592185597,-38.48595848595848,-28.32722832722833,15.042735042735044,0.0,-30.28083028083028,-49.81684981684982,-36.92307692307692,38.48595848595848,0.0,-75.995115995116,-12.698412698412698,0.0,-16.214896214896214,-47.081807081807085,-8.00976800976801,49.81684981684982,0.0,-38.095238095238095,3.711843711843712,9.963369963369964,0.5860805860805861,0.0,28.71794871794872,-0.1953601953601953,23.63858363858364,-6.837606837606837,9.963369963369964
-25.982905982905983,-42.002442002442,-27.545787545787547,13.870573870573873,0.0,-27.545787545787547,-56.45909645909646,-39.26739926739927,40.43956043956044,0.0,-79.51159951159951,-15.042735042735044,0.0,-23.247863247863247,-46.69108669108669,-9.18192918192918,46.69108669108669,0.0,-43.95604395604396,7.619047619047619,7.619047619047619,-6.446886446886447,0.0,27.936507936507937,-6.446886446886447,40.83028083028083,-5.665445665445666,7.619047619047619
-29.10866910866911,-44.346764346764346,-25.592185592185597,17.387057387057386,0.0,-29.10866910866911,-61.92918192918193,-38.87667887667888,47.081807081807085,0.0,-83.41880341880342,-15.824175824175825,0.0,-33.01587301587302,-41.61172161172161,-7.619047619047619,45.90964590964591,0.0,-45.12820512820513,15.042735042735044,5.665445665445666,-13.47985347985348,0.0,25.982905982905983,22.075702075702075,21.68498168498169,0.1953601953601953,5.665445665445666
-29.89010989010989,-46.69108669108669,-23.63858363858364,27.545787545787547,0.0,-30.671550671550676,-65.44566544566544,-39.65811965811966,62.31990231990232,0.0,-88.1074481074481,-12.307692307692308,0.0,-42.78388278388278,-34.18803418803419,-8.00976800976801,50.5982905982906,0.0,-45.12820512820513,20.903540903540904,0.1953601953601953,-11.916971916971915,0.0,24.02930402930403,23.63858363858364,30.28083028083028,2.93040293040293,0.1953601953601953
-28.32722832722833,-44.346764346764346,-22.075702075702075,33.01587301587302,0.0,-30.671550671550676,-62.71062271062271,-38.48595848595848,69.74358974358974,0.0,-88.1074481074481,-2.5396825396825395,0.0,-49.81684981684982,-25.592185592185597,-9.572649572649572,52.94261294261294,0.0,-44.346764346764346,25.2014652014652,-5.665445665445666,-9.18192918192918,0.0,22.466422466422465,26.37362637362637,32.62515262515262,6.056166056166056,-5.665445665445666
-25.592185592185597,-38.095238095238095,-20.512820512820515,31.062271062271066,0.0,-29.10866910866911,-56.84981684981685,-34.57875457875458,67.00854700854701,0.0,-87.71672771672772,6.446886446886447,0.0,-52.94261294261294,-17.387057387057386,-5.665445665445666,43.56532356532357,0.0,-41.61172161172161,29.89010989010989,-7.619047619047619,-13.47985347985348,0.0,20.903540903540904,25.592185592185597,33.01587301587302,7.619047619047619,-7.619047619047619
-24.42002442002442,-33.01587301587302,-23.63858363858364,38.87667887667888,0.0,-28.71794871794872,-52.94261294261294,-32.62515262515262,70.52503052503053,0.0,-87.32600732600733,14.652014652014651,0.0,-59.1941391941392,-12.698412698412698,-1.7582417582417582,44.346764346764346,0.0,-42.002442002442,27.545787545787547,-7.228327228327228,-8.00976800976801,0.0,24.02930402930403,-25.592185592185597,81.46520146520146,4.884004884004884,-7.228327228327228
-24.42002442002442,-27.155067155067155,-25.2014652014652,41.61172161172161,0.0,-26.37362637362637,-48.25396825396825,-30.671550671550676,68.57142857142857,0.0,-84.2002442002442,21.294261294261293,0.0,-64.27350427350427,-8.4004884004884,-2.5396825396825395,47.081807081807085,0.0,-46.3003663003663,24.81074481074481,-6.837606837606837,-0.9768009768009768,0.0,25.592185592185597,-52.55189255189255,102.56410256410255,2.5396825396825395,-6.837606837606837
-22.857142857142858,-17.77777777777778,-22.075702075702075,31.843711843711844,0.0,-19.73137973137973,-44.346764346764346,-24.81074481074481,56.45909645909646,0.0,-81.07448107448107,25.982905982905983,0.0,-63.88278388278388,-1.3675213675213675,0.5860805860805861,38.095238095238095,0.0,-47.472527472527474,27.936507936507937,-0.9768009768009768,-4.493284493284493,0.0,22.466422466422465,-20.512820512820515,64.27350427350427,3.3211233211233213,-0.9768009768009768
-26.764346764346765,-9.572649572649572,-16.214896214896214,29.10866910866911,0.0,-18.168498168498168,-43.95604395604396,-14.652014652014651,52.55189255189255,0.0,-84.2002442002442,27.545787545787547,0.0,-65.83638583638583,4.493284493284493,6.837606837606837,34.57875457875458,0.0,-50.989010989010985,33.01587301587302,7.228327228327228,-8.791208791208792,0.0,16.605616605616607,-35.75091575091575,76.38583638583638,5.665445665445666,7.228327228327228
-24.02930402930403,-6.837606837606837,-16.605616605616607,35.36019536019536,0.0,-15.824175824175825,-43.17460317460318,-15.824175824175825,62.31990231990232,0.0,-86.15384615384616,32.62515262515262,0.0,-66.61782661782662,0.1953601953601953,-1.7582417582417582,52.94261294261294,0.0,-54.5054945054945,29.499389499389498,1.3675213675213675,6.446886446886447,0.0,16.996336996336996,-66.22710622710623,103.34554334554336,6.056166056166056,1.3675213675213675
-20.512820512820515,-0.5860805860805861,-7.619047619047619,31.062271062271066,0.0,-13.089133089133089,-39.26739926739927,-6.837606837606837,60.366300366300365,0.0,-91.62393162393164,40.83028083028083,0.0,-67.00854700854701,-3.3211233211233213,0.1953601953601953,55.28693528693529,0.0,-56.06837606837607,31.062271062271066,2.148962148962149,6.056166056166056,0.0,8.00976800976801,-56.84981684981685,92.7960927960928,6.056166056166056,2.148962148962149
-15.433455433455434,2.93040293040293,3.3211233211233213,29.499389499389498,0.0,-11.916971916971915,-32.234432234432234,3.3211233211233213,61.14774114774115,0.0,-97.48473748473748,49.81684981684982,0.0,-66.22710622710623,-7.228327228327228,4.102564102564102,58.02197802197802,0.0,-54.89621489621489,32.62515262515262,4.102564102564102,5.274725274725275,0.0,-2.93040293040293,-11.135531135531137,46.69108669108669,6.056166056166056,4.102564102564102
-9.572649572649572,2.148962148962149,11.135531135531137,33.7973137973138,0.0,-11.135531135531137,-25.982905982905983,4.884004884004884,70.91575091575092,0.0,-100.6105006105006,57.24053724053724,0.0,-67.78998778998779,-15.042735042735044,1.7582417582417582,72.86935286935287,0.0,-54.89621489621489,27.936507936507937,1.7582417582417582,14.652014652014651,0.0,-10.744810744810744,-49.42612942612943,83.80952380952381,3.3211233211233213,1.7582417582417582
-6.837606837606837,2.5396825396825395,24.02930402930403,27.545787545787547,0.0,-9.18192918192918,-22.466422466422465,8.00976800976801,72.08791208791209,0.0,-101.3919413919414,59.975579975579976,0.0,-70.52503052503053,-15.433455433455434,2.93040293040293,77.94871794871794,0.0,-56.45909645909646,28.71794871794872,7.619047619047619,12.698412698412698,0.0,-23.63858363858364,-79.9023199023199,111.94139194139194,2.5396825396825395,7.619047619047619
-2.5396825396825395,0.9768009768009768,38.48595848595848,15.433455433455434,0.0,-5.665445665445666,-19.34065934065934,9.18192918192918,69.35286935286935,0.0,-100.21978021978022,56.84981684981685,0.0,-69.74358974358974,-9.572649572649572,5.274725274725275,75.6043956043956,0.0,-55.28693528693529,31.45299145299145,18.168498168498168,4.884004884004884,0.0,-38.095238095238095,-32.234432234432234,64.66422466422466,2.148962148962149,18.168498168498168
0.1953601953601953,-3.3211233211233213,52.55189255189255,6.837606837606837,0.0,-1.3675213675213675,-19.73137973137973,4.493284493284493,74.43223443223444,0.0,-98.26617826617829,50.989010989010985,0.0,-69.35286935286935,-8.4004884004884,3.711843711843712,81.85592185592185,0.0,-56.06837606837607,31.062271062271066,22.466422466422465,8.00976800976801,0.0,-52.16117216117216,-6.446886446886447,40.43956043956044,1.3675213675213675,22.466422466422465
0.9768009768009768,-11.135531135531137,69.35286935286935,0.1953601953601953,0.0,0.1953601953601953,-23.63858363858364,-0.5860805860805861,81.85592185592185,0.0,-97.09401709401708,41.61172161172161,0.0,-72.86935286935287,-9.963369963369964,1.3675213675213675,88.88888888888889,0.0,-61.92918192918193,29.499389499389498,24.81074481074481,13.089133089133089,0.0,-68.96214896214896,-24.02930402930403,61.53846153846154,-1.7582417582417582,24.81074481074481
4.493284493284493,-16.996336996336996,88.88888888888889,-8.791208791208792,0.0,3.3211233211233213,-22.466422466422465,1.7582417582417582,83.02808302808303,0.0,-98.65689865689866,35.36019536019536,0.0,-70.91575091575092,-11.916971916971915,2.93040293040293,88.88888888888889,0.0,-65.44566544566544,28.71794871794872,25.592185592185597,17.387057387057386,0.0,-88.4981684981685,-37.704517704517706,76.38583638583638,-3.711843711843712,25.592185592185597
4.493284493284493,-19.34065934065934,104.12698412698413,-7.228327228327228,0.0,4.493284493284493,-20.903540903540904,6.446886446886447,90.06105006105007,0.0,-97.48473748473748,29.89010989010989,0.0,-67.00854700854701,-18.55921855921856,6.056166056166056,92.4053724053724,0.0,-67.78998778998779,26.37362637362637,25.592185592185597,27.155067155067155,0.0,-103.73626373626374,-47.86324786324786,84.2002442002442,-5.274725274725275,25.592185592185597
1.7582417582417582,-17.77777777777778,110.76923076923076,-0.5860805860805861,0.0,4.884004884004884,-22.075702075702075,9.572649572649572,100.21978021978022,0.0,-96.7032967032967,26.37362637362637,0.0,-62.71062271062271,-27.155067155067155,4.493284493284493,99.82905982905984,0.0,-72.86935286935287,22.857142857142858,23.247863247863247,39.26739926739927,0.0,-110.37851037851038,-56.06837606837607,84.2002442002442,-6.837606837606837,23.247863247863247
2.148962148962149,-11.916971916971915,108.8156288156288,0.5860805860805861,0.0,9.572649572649572,-22.466422466422465,14.261294261294262,97.09401709401708,0.0,-93.18681318681318,23.63858363858364,0.0,-53.724053724053725,-28.71794871794872,3.711843711843712,94.35897435897436,0.0,-77.16727716727716,24.42002442002442,25.2014652014652,40.83028083028083,0.0,-108.42490842490842,-35.36019536019536,49.03540903540904,-5.665445665445666,25.2014652014652
3.711843711843712,-2.5396825396825395,102.95482295482296,-4.102564102564102,0.0,18.168498168498168,-25.2014652014652,16.214896214896214,90.45177045177046,0.0,-88.88888888888889,20.903540903540904,0.0,-47.081807081807085,-20.512820512820515,3.711843711843712,81.46520146520146,0.0,-77.94871794871794,27.936507936507937,28.71794871794872,37.31379731379732,0.0,-102.56410256410255,-1.3675213675213675,-2.93040293040293,-2.148962148962149,28.71794871794872
3.711843711843712,2.148962148962149,89.67032967032966,-3.3211233211233213,0.0,25.2014652014652,-34.969474969474966,9.572649572649572,91.62393162393164,0.0,-86.93528693528694,13.47985347985348,0.0,-46.69108669108669,-16.996336996336996,1.3675213675213675,76.38583638583638,0.0,-83.80952380952381,27.155067155067155,27.936507936507937,40.43956043956044,0.0,-89.27960927960928,-11.135531135531137,-11.916971916971915,-1.3675213675213675,27.936507936507937
6.056166056166056,6.056166056166056,79.12087912087912,-8.00976800976801,0.0,36.14163614163614,-46.69108669108669,2.5396825396825395,90.45177045177046,0.0,-86.54456654456655,4.102564102564102,0.0,-45.51892551892552,-13.47985347985348,0.1953601953601953,67.78998778998779,0.0,-88.4981684981685,27.155067155067155,26.764346764346765,40.04884004884005,0.0,-78.73015873015873,-38.48595848595848,-0.5860805860805861,-0.9768009768009768,26.764346764346765
6.056166056166056,11.526251526251526,78.33943833943835,-20.12210012210012,0.0,41.61172161172161,-53.724053724053725,2.93040293040293,84.98168498168498,0.0,-84.98168498168498,-5.665445665445666,0.0,-45.90964590964591,-7.228327228327228,6.446886446886447,52.55189255189255,0.0,-90.45177045177046,27.155067155067155,33.01587301587302,33.01587301587302,0.0,-77.94871794871794,-5.274725274725275,-45.90964590964591,-0.5860805860805861,33.01587301587302
3.3211233211233213,18.168498168498168,74.43223443223444,-26.37362637362637,0.0,43.17460317460318,-57.63125763125763,0.5860805860805861,82.63736263736264,0.0,-86.54456654456655,-8.791208791208792,0.0,-38.48595848595848,-14.652014652014651,9.18192918192918,46.69108669108669,0.0,-88.1074481074481,22.857142857142858,34.18803418803419,31.062271062271066,0.0,-74.04151404151405,-25.982905982905983,-33.7973137973138,-1.3675213675213675,34.18803418803419
0.1953601953601953,19.73137973137973,68.57142857142857,-25.592185592185597,0.0,41.22100122100122,-61.92918192918193,-1.3675213675213675,83.80952380952381,0.0,-90.45177045177046,-8.4004884004884,0.0,-35.36019536019536,-21.68498168498169,8.00976800976801,45.90964590964591,0.0,-93.18681318681318,19.34065934065934,34.57875457875458,33.7973137973138,0.0,-68.18070818070818,-113.5042735042735,44.737484737484735,-1.7582417582417582,34.57875457875458
0.1953601953601953,18.55921855921856,64.27350427350427,-32.62515262515262,0.0,43.95604395604396,-64.66422466422466,0.1953601953601953,70.91575091575092,0.0,-93.18681318681318,-4.493284493284493,0.0,-29.10866910866911,-23.247863247863247,8.00976800976801,32.62515262515262,0.0,-95.53113553113552,18.55921855921856,35.75091575091575,27.545787545787547,0.0,-63.88278388278388,-101.3919413919414,30.28083028083028,-1.3675213675213675,35.75091575091575
0.9768009768009768,17.387057387057386,58.02197802197802,-36.53235653235653,0.0,48.64468864468864,-65.05494505494505,-0.9768009768009768,56.84981684981685,0.0,-95.14041514041514,-1.3675213675213675,0.0,-23.247863247863247,-22.857142857142858,4.102564102564102,21.68498168498169,0.0,-97.09401709401708,18.94993894993895,31.45299145299145,23.63858363858364,0.0,-57.63125763125763,-55.28693528693529,-16.996336996336996,-1.7582417582417582,31.45299145299145
-0.1953601953601953,12.307692307692308,49.42612942612943,-33.40659340659341,0.0,49.42612942612943,-65.83638583638583,-6.056166056166056,51.37973137973138,0.0,-97.09401709401708,-7.619047619047619,0.0,-24.81074481074481,-25.2014652014652,-2.93040293040293,18.168498168498168,0.0,-103.34554334554336,16.996336996336996,21.68498168498169,25.982905982905983,0.0,-49.03540903540904,-78.33943833943835,0.9768009768009768,0.1953601953601953,21.68498168498169
-4.102564102564102,9.18192918192918,47.081807081807085,-38.48595848595848,0.0,49.03540903540904,-64.27350427350427,-9.963369963369964,39.65811965811966,0.0,-97.09401709401708,-18.94993894993895,0.0,-24.81074481074481,-30.28083028083028,-8.791208791208792,10.354090354090356,0.0,-106.08058608058607,15.433455433455434,12.698412698412698,20.903540903540904,0.0,-46.69108669108669,-85.76312576312576,9.572649572649572,-0.1953601953601953,12.698412698412698
-9.572649572649572,9.18192918192918,47.081807081807085,-47.86324786324786,0.0,45.90964590964591,-60.757020757020754,-12.698412698412698,26.37362637362637,0.0,-98.26617826617829,-32.234432234432234,0.0,-26.37362637362637,-38.87667887667888,-11.526251526251526,4.493284493284493,0.0,-105.2991452991453,11.135531135531137,7.228327228327228,11.135531135531137,0.0,-46.69108669108669,-22.857142857142858,-49.03540903540904,-0.9768009768009768,7.228327228327228
-15.824175824175825,4.884004884004884,42.002442002442,-53.724053724053725,0.0,38.48595848595848,-63.88278388278388,-17.77777777777778,20.512820512820515,0.0,-104.9084249084249,-43.56532356532357,0.0,-31.843711843711844,-49.42612942612943,-16.214896214896214,4.884004884004884,0.0,-106.47130647130648,4.884004884004884,-0.9768009768009768,7.619047619047619,0.0,-41.61172161172161,14.261294261294262,-82.24664224664225,-3.3211233211233213,-0.9768009768009768
-21.294261294261293,-7.228327228327228,34.57875457875458,-56.45909645909646,0.0,29.499389499389498,-74.82295482295483,-22.075702075702075,15.824175824175825,0.0,-110.37851037851038,-51.77045177045177,0.0,-38.095238095238095,-61.53846153846154,-21.294261294261293,6.446886446886447,0.0,-112.33211233211232,-2.148962148962149,-7.228327228327228,6.446886446886447,0.0,-34.18803418803419,23.63858363858364,-85.76312576312576,-8.4004884004884,-7.228327228327228
-24.02930402930403,-16.605616605616607,27.155067155067155,-62.31990231990232,0.0,21.294261294261293,-81.85592185592185,-24.42002442002442,7.619047619047619,0.0,-115.06715506715508,-56.06837606837607,0.0,-41.61172161172161,-63.10134310134311,-27.545787545787547,0.9768009768009768,0.0,-115.84859584859583,-3.711843711843712,-14.652014652014651,1.3675213675213675,0.0,-26.764346764346765,34.969474969474966,-88.1074481074481,-12.698412698412698,-14.652014652014651
-26.764346764346765,-26.764346764346765,16.996336996336996,-61.14774114774115,0.0,6.446886446886447,-84.98168498168498,-28.71794871794872,8.791208791208792,0.0,-117.4114774114774,-62.71062271062271,0.0,-46.69108669108669,-62.71062271062271,-35.36019536019536,1.3675213675213675,0.0,-119.75579975579976,-5.274725274725275,-23.63858363858364,3.711843711843712,0.0,-16.605616605616607,14.261294261294262,-67.78998778998779,-14.652014652014651,-23.63858363858364
-33.40659340659341,-33.40659340659341,8.791208791208792,-55.28693528693529,0.0,-9.963369963369964,-86.15384615384616,-33.01587301587302,15.824175824175825,0.0,-116.23931623931624,-69.74358974358974,0.0,-53.333333333333336,-63.49206349206349,-45.12820512820513,7.619047619047619,0.0,-125.6166056166056,-7.619047619047619,-32.234432234432234,8.4004884004884,0.0,-8.4004884004884,-8.4004884004884,-42.78388278388278,-20.12210012210012,-32.234432234432234
-36.53235653235653,-34.18803418803419,4.102564102564102,-55.67765567765568,0.0,-22.466422466422465,-81.85592185592185,-35.36019536019536,17.387057387057386,0.0,-111.94139194139194,-74.04151404151405,0.0,-57.24053724053724,-60.757020757020754,-49.42612942612943,5.274725274725275,0.0,-125.22588522588522,-7.228327228327228,-33.40659340659341,2.148962148962149,0.0,-3.711843711843712,14.261294261294262,-62.71062271062271,-23.247863247863247,-33.40659340659341
-38.48595848595848,-31.45299145299145,-1.7582417582417582,-56.84981684981685,0.0,-32.62515262515262,-75.995115995116,-38.87667887667888,18.55921855921856,0.0,-104.9084249084249,-75.21367521367522,0.0,-63.10134310134311,-52.94261294261294,-49.81684981684982,3.711843711843712,0.0,-120.92796092796092,-6.446886446886447,-32.62515262515262,-4.102564102564102,0.0,2.148962148962149,24.81074481074481,-68.57142857142857,-26.37362637362637,-32.62515262515262
-41.22100122100122,-35.36019536019536,-11.526251526251526,-46.3003663003663,0.0,-41.61172161172161,-76.77655677655677,-44.346764346764346,26.764346764346765,0.0,-98.26617826617829,-77.16727716727716,0.0,-76.38583638583638,-45.90964590964591,-49.81684981684982,13.089133089133089,0.0,-120.14652014652016,-8.791208791208792,-31.062271062271066,0.1953601953601953,0.0,11.916971916971915,-0.9768009768009768,-36.92307692307692,-31.843711843711844,-31.062271062271066
-42.39316239316239,-43.95604395604396,-20.12210012210012,-35.75091575091575,0.0,-52.94261294261294,-76.77655677655677,-48.64468864468864,34.969474969474966,0.0,-90.06105006105007,-73.65079365079364,0.0,-88.88888888888889,-35.75091575091575,-43.17460317460318,18.168498168498168,0.0,-115.45787545787546,-11.526251526251526,-25.592185592185597,1.3675213675213675,0.0,20.512820512820515,30.671550671550676,-60.366300366300365,-34.57875457875458,-25.592185592185597
-38.48595848595848,-42.002442002442,-24.42002442002442,-40.83028083028083,0.0,-54.89621489621489,-64.27350427350427,-52.94261294261294,25.2014652014652,0.0,-80.29304029304029,-70.13431013431014,0.0,-94.74969474969475,-19.34065934065934,-39.26739926739927,11.135531135531137,0.0,-108.03418803418803,-4.102564102564102,-22.857142857142858,-7.619047619047619,0.0,24.81074481074481,40.83028083028083,-61.92918192918193,-34.969474969474966,-22.857142857142858
-36.92307692307692,-47.081807081807085,-29.10866910866911,-35.75091575091575,0.0,-61.53846153846154,-56.45909645909646,-59.1941391941392,26.764346764346765,0.0,-72.47863247863248,-70.91575091575092,0.0,-105.2991452991453,-11.916971916971915,-34.969474969474966,16.996336996336996,0.0,-105.68986568986568,-2.93040293040293,-17.387057387057386,-9.18192918192918,0.0,29.499389499389498,16.214896214896214,-31.45299145299145,-33.7973137973138,-17.387057387057386
-38.48595848595848,-48.64468864468864,-36.53235653235653,-31.843711843711844,0.0,-67.00854700854701,-47.081807081807085,-67.3992673992674,25.2014652014652,0.0,-62.31990231990232,-67.78998778998779,0.0,-109.2063492063492,-8.791208791208792,-34.57875457875458,22.466422466422465,0.0,-102.56410256410255,-2.148962148962149,-16.605616605616607,-9.18192918192918,0.0,36.92307692307692,-28.32722832722833,18.94993894993895,-33.7973137973138,-16.605616605616607
-36.14163614163614,-42.002442002442,-43.56532356532357,-36.53235653235653,0.0,-63.10134310134311,-34.18803418803419,-72.08791208791209,9.963369963369964,0.0,-50.20757020757021,-60.366300366300365,0.0,-105.2991452991453,-5.665445665445666,-34.57875457875458,15.433455433455434,0.0,-96.7032967032967,0.5860805860805861,-16.605616605616607,-18.55921855921856,0.0,43.95604395604396,-15.433455433455434,11.916971916971915,-33.01587301587302,-16.605616605616607
-37.704517704517706,-38.48595848595848,-54.5054945054945,-28.71794871794872,0.0,-64.66422466422466,-25.982905982905983,-71.30647130647131,1.3675213675213675,0.0,-41.61172161172161,-50.5982905982906,0.0,-104.9084249084249,-5.274725274725275,-33.7973137973138,11.135531135531137,0.0,-91.23321123321124,-2.93040293040293,-20.512820512820515,-18.94993894993895,0.0,54.89621489621489,39.65811965811966,-36.92307692307692,-34.969474969474966,-20.512820512820515
-45.90964590964591,-34.57875457875458,-67.3992673992674,-13.47985347985348,0.0,-71.30647130647131,-18.168498168498168,-69.35286935286935,-2.148962148962149,0.0,-32.62515262515262,-38.095238095238095,0.0,-106.47130647130648,-4.493284493284493,-34.57875457875458,10.354090354090356,0.0,-86.54456654456655,-11.526251526251526,-27.155067155067155,-9.963369963369964,0.0,67.78998778998779,30.671550671550676,-24.81074481074481,-36.14163614163614,-27.155067155067155
-48.25396825396825,-27.936507936507937,-71.6971916971917,-10.354090354090356,0.0,-70.52503052503053,-7.228327228327228,-65.05494505494505,-15.433455433455434,0.0,-22.075702075702075,-22.857142857142858,0.0,-100.21978021978022,-1.7582417582417582,-33.7973137973138,-2.148962148962149,0.0,-75.21367521367522,-18.94993894993895,-34.57875457875458,-10.354090354090356,0.0,72.08791208791209,8.00976800976801,3.711843711843712,-37.31379731379732,-34.57875457875458
-47.081807081807085,-20.903540903540904,-71.30647130647131,-9.572649572649572,0.0,-67.00854700854701,0.1953601953601953,-56.84981684981685,-25.982905982905983,0.0,-13.47985347985348,-12.698412698412698,0.0,-94.35897435897436,1.7582417582417582,-27.545787545787547,-17.77777777777778,0.0,-63.88278388278388,-25.2014652014652,-34.969474969474966,-15.042735042735044,0.0,71.6971916971917,21.68498168498169,-6.446886446886447,-35.75091575091575,-34.969474969474966
-47.86324786324786,-13.47985347985348,-75.21367521367522,-5.274725274725275,0.0,-62.71062271062271,2.93040293040293,-54.89621489621489,-28.32722832722833,0.0,-7.619047619047619,-6.837606837606837,0.0,-88.1074481074481,0.1953601953601953,-22.857142857142858,-20.12210012210012,0.0,-54.89621489621489,-30.671550671550676,-31.843711843711844,-13.870573870573873,0.0,75.6043956043956,8.791208791208792,4.493284493284493,-33.7973137973138,-31.843711843711844
-47.081807081807085,-4.102564102564102,-81.46520146520146,-7.228327228327228,0.0,-53.333333333333336,4.102564102564102,-54.5054945054945,-36.92307692307692,0.0,-2.5396825396825395,-0.9768009768009768,0.0,-76.38583638583638,0.9768009768009768,-20.12210012210012,-25.982905982905983,0.0,-45.90964590964591,-31.062271062271066,-26.37362637362637,-18.55921855921856,0.0,81.85592185592185,-4.102564102564102,10.744810744810744,-27.936507936507937,-26.37362637362637
-43.56532356532357,6.837606837606837,-88.88888888888889,-12.307692307692308,0.0,-43.17460317460318,5.665445665445666,-49.03540903540904,-51.77045177045177,0.0,0.9768009768009768,6.446886446886447,0.0,-64.27350427350427,6.446886446886447,-15.433455433455434,-38.095238095238095,0.0,-38.095238095238095,-24.42002442002442,-17.387057387057386,-31.062271062271066,0.0,89.27960927960928,-7.228327228327228,4.884004884004884,-19.34065934065934,-17.387057387057386
-45.12820512820513,17.77777777777778,-99.82905982905984,-6.446886446886447,0.0,-36.53235653235653,5.665445665445666,-45.90964590964591,-56.84981684981685,0.0,0.1953601953601953,14.652014652014651,0.0,-57.24053724053724,9.18192918192918,-11.916971916971915,-38.095238095238095,0.0,-34.18803418803419,-18.55921855921856,-10.354090354090356,-34.57875457875458,0.0,100.21978021978022,-32.234432234432234,20.512820512820515,-10.354090354090356,-10.354090354090356
-47.081807081807085,28.71794871794872,-107.25274725274726,-0.1953601953601953,0.0,-30.671550671550676,7.228327228327228,-42.002442002442,-59.58485958485959,0.0,-0.5860805860805861,20.512820512820515,0.0,-50.5982905982906,9.572649572649572,-8.4004884004884,-36.53235653235653,0.0,-29.89010989010989,-15.042735042735044,-6.446886446886447,-33.7973137973138,0.0,107.64346764346764,-46.69108669108669,26.764346764346765,-4.493284493284493,-6.446886446886447
-43.56532356532357,41.61172161172161,-107.25274725274726,-3.3211233211233213,0.0,-23.63858363858364,14.261294261294262,-32.62515262515262,-70.13431013431014,0.0,0.1953601953601953,27.936507936507937,0.0,-40.83028083028083,8.791208791208792,-0.1953601953601953,-46.3003663003663,0.0,-25.592185592185597,-11.135531135531137,-0.9768009768009768,-40.04884004884005,0.0,107.64346764346764,-11.526251526251526,-11.135531135531137,-0.5860805860805861,-0.9768009768009768
-38.87667887667888,53.333333333333336,-105.2991452991453,-3.711843711843712,0.0,-15.824175824175825,18.168498168498168,-24.42002442002442,-72.47863247863248,0.0,-4.102564102564102,27.936507936507937,0.0,-34.57875457875458,0.1953601953601953,9.18192918192918,-48.25396825396825,0.0,-24.81074481074481,-9.572649572649572,2.93040293040293,-40.83028083028083,0.0,105.68986568986568,8.4004884004884,-36.14163614163614,-0.5860805860805861,2.93040293040293
-35.75091575091575,60.366300366300365,-109.5970695970696,4.102564102564102,0.0,-8.791208791208792,15.824175824175825,-24.42002442002442,-62.71062271062271,0.0,-11.916971916971915,21.68498168498169,0.0,-29.89010989010989,-18.168498168498168,11.135531135531137,-33.7973137973138,0.0,-28.32722832722833,-16.605616605616607,1.7582417582417582,-27.545787545787547,0.0,109.98778998778998,-30.671550671550676,-9.18192918192918,-1.7582417582417582,1.7582417582417582
-28.71794871794872,69.35286935286935,-111.55067155067157,-2.93040293040293,0.0,3.3211233211233213,14.652014652014651,-21.68498168498169,-70.52503052503053,0.0,-14.652014652014651,15.433455433455434,0.0,-22.466422466422465,-25.982905982905983,8.791208791208792,-35.36019536019536,0.0,-33.01587301587302,-15.042735042735044,0.1953601953601953,-26.37362637362637,0.0,111.94139194139194,-10.354090354090356,-42.002442002442,0.1953601953601953,0.1953601953601953
-17.77777777777778,77.94871794871794,-111.94139194139194,-15.824175824175825,0.0,18.94993894993895,13.089133089133089,-20.512820512820515,-80.68376068376068,0.0,-19.34065934065934,10.744810744810744,0.0,-12.307692307692308,-30.28083028083028,10.354090354090356,-45.51892551892552,0.0,-33.40659340659341,-9.18192918192918,-1.3675213675213675,-33.01587301587302,0.0,112.33211233211232,32.62515262515262,-99.82905982905984,4.884004884004884,-1.3675213675213675
-10.354090354090356,81.85592185592185,-116.63003663003664,-17.77777777777778,0.0,31.843711843711844,8.4004884004884,-24.42002442002442,-80.29304029304029,0.0,-26.764346764346765,5.274725274725275,0.0,-7.619047619047619,-37.31379731379732,6.837606837606837,-42.002442002442,0.0,-37.704517704517706,-7.619047619047619,-7.619047619047619,-26.764346764346765,0.0,117.02075702075702,2.93040293040293,-86.15384615384616,11.526251526251526,-7.619047619047619
-1.3675213675213675,87.71672771672772,-117.02075702075702,-25.982905982905983,0.0,43.56532356532357,11.135531135531137,-24.02930402930403,-88.4981684981685,0.0,-32.234432234432234,3.711843711843712,0.0,-0.5860805860805861,-36.53235653235653,6.837606837606837,-47.081807081807085,0.0,-38.87667887667888,-0.5860805860805861,-13.089133089133089,-24.02930402930403,0.0,117.4114774114774,-51.37973137973138,-43.56532356532357,20.512820512820515,-13.089133089133089
7.228327228327228,90.84249084249085,-112.72283272283272,-34.57875457875458,0.0,55.67765567765568,14.261294261294262,-16.605616605616607,-102.95482295482296,0.0,-36.53235653235653,4.102564102564102,0.0,8.4004884004884,-35.75091575091575,9.18192918192918,-59.58485958485959,0.0,-38.095238095238095,4.884004884004884,-15.824175824175825,-27.936507936507937,0.0,113.11355311355312,-17.387057387057386,-83.02808302808303,26.764346764346765,-15.824175824175825
14.261294261294262,86.15384615384616,-110.37851037851038,-32.234432234432234,0.0,66.22710622710623,10.354090354090356,-10.354090354090356,-108.8156288156288,0.0,-41.61172161172161,0.1953601953601953,0.0,14.261294261294262,-39.65811965811966,6.446886446886447,-63.10134310134311,0.0,-41.61172161172161,6.446886446886447,-19.34065934065934,-27.155067155067155,0.0,110.76923076923076,17.77777777777778,-120.14652014652016,29.89010989010989,-19.34065934065934
16.605616605616607,76.38583638583638,-110.76923076923076,-22.075702075702075,0.0,75.21367521367522,1.3675213675213675,-4.884004884004884,-111.15995115995116,0.0,-50.20757020757021,-3.711843711843712,0.0,18.94993894993895,-43.95604395604396,-1.3675213675213675,-65.05494505494505,0.0,-48.25396825396825,8.00976800976801,-25.592185592185597,-25.592185592185597,0.0,111.15995115995116,0.9768009768009768,-101.001221001221,34.969474969474966,-25.592185592185597
19.73137973137973,64.66422466422466,-106.47130647130648,-18.55921855921856,0.0,86.15384615384616,-8.00976800976801,-0.5860805860805861,-117.8021978021978,0.0,-57.63125763125763,-9.963369963369964,0.0,26.37362637362637,-46.3003663003663,-9.572649572649572,-76.38583638583638,0.0,-54.114774114774114,13.089133089133089,-30.671550671550676,-34.57875457875458,0.0,106.86202686202688,12.307692307692308,-104.51770451770452,40.43956043956044,-30.671550671550676
22.466422466422465,49.81684981684982,-100.21978021978022,-9.572649572649572,0.0,95.14041514041514,-20.12210012210012,0.9768009768009768,-113.5042735042735,0.0,-70.13431013431014,-15.824175824175825,0.0,27.545787545787547,-52.16117216117216,-13.089133089133089,-78.33943833943835,0.0,-59.975579975579976,13.870573870573873,-33.40659340659341,-36.53235653235653,0.0,100.6105006105006,38.095238095238095,-122.4908424908425,43.56532356532357,-33.40659340659341
22.075702075702075,34.18803418803419,-94.74969474969475,1.7582417582417582,0.0,99.82905982905984,-30.28083028083028,-1.3675213675213675,-102.95482295482296,0.0,-85.37240537240537,-19.73137973137973,0.0,24.02930402930403,-59.975579975579976,-17.77777777777778,-71.6971916971917,0.0,-68.18070818070818,11.916971916971915,-39.26739926739927,-30.671550671550676,0.0,95.14041514041514,39.65811965811966,-114.28571428571428,43.56532356532357,-39.26739926739927
24.02930402930403,20.903540903540904,-85.37240537240537,3.711843711843712,0.0,104.9084249084249,-38.48595848595848,-2.148962148962149,-99.82905982905984,0.0,-97.09401709401708,-22.857142857142858,0.0,22.857142857142858,-68.57142857142857,-21.68498168498169,-68.96214896214896,0.0,-75.6043956043956,8.791208791208792,-41.61172161172161,-27.155067155067155,0.0,85.76312576312576,50.989010989010985,-122.1001221001221,45.12820512820513,-41.61172161172161
29.499389499389498,9.18192918192918,-74.04151404151405,-1.7582417582417582,0.0,111.94139194139194,-45.12820512820513,0.1953601953601953,-104.12698412698413,0.0,-106.47130647130648,-24.42002442002442,0.0,24.81074481074481,-77.16727716727716,-23.63858363858364,-70.91575091575092,0.0,-78.73015873015873,2.148962148962149,-39.26739926739927,-31.062271062271066,0.0,74.43223443223444,56.06837606837607,-121.31868131868131,40.43956043956044,-39.26739926739927
33.40659340659341,-4.493284493284493,-71.30647130647131,-0.9768009768009768,0.0,114.28571428571428,-55.28693528693529,-2.93040293040293,-99.43833943833944,0.0,-117.8021978021978,-31.062271062271066,0.0,24.42002442002442,-91.62393162393164,-31.062271062271066,-61.92918192918193,0.0,-85.76312576312576,-4.884004884004884,-37.31379731379732,-30.671550671550676,0.0,71.6971916971917,34.969474969474966,-97.09401709401708,34.969474969474966,-37.31379731379732
33.01587301587302,-16.996336996336996,-71.30647130647131,-5.274725274725275,0.0,111.15995115995116,-67.3992673992674,-9.18192918192918,-94.35897435897436,0.0,-128.74236874236874,-42.39316239316239,0.0,24.81074481074481,-104.12698412698413,-40.43956043956044,-55.28693528693529,0.0,-92.014652014652,-10.744810744810744,-34.18803418803419,-36.53235653235653,0.0,71.6971916971917,38.48595848595848,-99.04761904761904,31.45299145299145,-34.18803418803419
37.31379731379732,-24.42002442002442,-68.18070818070818,-22.075702075702075,0.0,110.37851037851038,-76.38583638583638,-13.47985347985348,-97.87545787545788,0.0,-139.68253968253967,-54.114774114774114,0.0,24.81074481074481,-113.89499389499387,-48.25396825396825,-54.114774114774114,0.0,-95.14041514041514,-13.870573870573873,-30.28083028083028,-50.5982905982906,0.0,68.57142857142857,81.85592185592185,-136.55677655677655,25.2014652014652,-30.28083028083028
39.65811965811966,-34.969474969474966,-68.57142857142857,-32.234432234432234,0.0,104.51770451770452,-87.71672771672772,-21.68498168498169,-91.23321123321124,0.0,-151.7948717948718,-68.18070818070818,0.0,15.824175824175825,-122.88156288156289,-49.81684981684982,-48.64468864468864,0.0,-101.001221001221,-17.77777777777778,-29.10866910866911,-56.84981684981685,0.0,68.96214896214896,79.51159951159951,-127.96092796092796,16.996336996336996,-29.10866910866911
37.704517704517706,-47.081807081807085,-76.38583638583638,-29.89010989010989,0.0,96.31257631257633,-101.78266178266178,-32.234432234432234,-77.55799755799755,0.0,-161.17216117216117,-83.41880341880342,0.0,1.7582417582417582,-131.08669108669108,-58.41269841269841,-33.40659340659341,0.0,-110.76923076923076,-24.81074481074481,-35.75091575091575,-48.64468864468864,0.0,76.77655677655677,42.39316239316239,-91.23321123321124,11.135531135531137,-35.75091575091575
42.78388278388278,-54.89621489621489,-79.51159951159951,-41.61172161172161,0.0,97.48473748473748,-110.76923076923076,-38.48595848595848,-81.85592185592185,0.0,-165.86080586080587,-92.7960927960928,0.0,-4.102564102564102,-136.94749694749694,-65.44566544566544,-31.062271062271066,0.0,-114.67643467643468,-30.671550671550676,-40.43956043956044,-50.989010989010985,0.0,79.9023199023199,34.57875457875458,-78.73015873015873,1.7582417582417582,-40.43956043956044
46.69108669108669,-65.44566544566544,-84.59096459096459,-46.3003663003663,0.0,97.09401709401708,-120.92796092796092,-43.17460317460318,-82.63736263736264,0.0,-169.76800976800976,-104.12698412698413,0.0,-10.354090354090356,-145.54334554334554,-66.22710622710623,-29.10866910866911,0.0,-117.4114774114774,-39.65811965811966,-41.22100122100122,-52.16117216117216,0.0,84.98168498168498,64.66422466422466,-103.73626373626374,-7.228327228327228,-41.22100122100122
46.3003663003663,-76.77655677655677,-97.09401709401708,-39.65811965811966,0.0,91.62393162393164,-131.08669108669108,-55.28693528693529,-72.47863247863248,0.0,-173.2844932844933,-115.45787545787546,0.0,-16.996336996336996,-157.26495726495727,-74.04151404151405,-16.996336996336996,0.0,-121.7094017094017,-52.55189255189255,-45.12820512820513,-45.12820512820513,0.0,97.48473748473748,28.32722832722833,-65.05494505494505,-16.996336996336996,-45.12820512820513
45.90964590964591,-84.98168498168498,-104.51770451770452,-45.51892551892552,0.0,84.59096459096459,-137.72893772893772,-65.44566544566544,-70.91575091575092,0.0,-176.4102564102564,-126.3980463980464,0.0,-21.68498168498169,-166.25152625152626,-81.46520146520146,-14.652014652014651,0.0,-121.7094017094017,-63.49206349206349,-47.86324786324786,-50.20757020757021,0.0,104.9084249084249,-23.247863247863247,-5.665445665445666,-25.592185592185597,-47.86324786324786
47.081807081807085,-94.74969474969475,-110.37851037851038,-47.86324786324786,0.0,77.55799755799755,-147.1062271062271,-71.30647130647131,-65.05494505494505,0.0,-178.36385836385836,-133.43101343101344,0.0,-28.32722832722833,-170.54945054945054,-80.68376068376068,-20.512820512820515,0.0,-119.75579975579976,-70.91575091575092,-51.37973137973138,-58.02197802197802,0.0,110.76923076923076,0.1953601953601953,-19.34065934065934,-34.18803418803419,-51.37973137973138
47.86324786324786,-104.9084249084249,-117.8021978021978,-40.83028083028083,0.0,68.57142857142857,-155.7020757020757,-75.995115995116,-52.55189255189255,0.0,-181.0989010989011,-134.993894993895,0.0,-42.39316239316239,-171.7216117216117,-80.68376068376068,-18.168498168498168,0.0,-121.7094017094017,-78.73015873015873,-57.63125763125763,-54.5054945054945,0.0,118.1929181929182,35.36019536019536,-43.17460317460318,-45.12820512820513,-57.63125763125763
46.3003663003663,-114.67643467643468,-121.31868131868131,-34.18803418803419,0.0,53.724053724053725,-160.78144078144078,-77.16727716727716,-39.65811965811966,0.0,-180.70818070818072,-134.993894993895,0.0,-56.06837606837607,-169.76800976800976,-82.63736263736264,-15.433455433455434,0.0,-124.44444444444444,-81.85592185592185,-66.61782661782662,-50.5982905982906,0.0,121.7094017094017,28.32722832722833,-26.764346764346765,-50.989010989010985,-66.61782661782662
49.03540903540904,-118.1929181929182,-120.14652014652016,-31.45299145299145,0.0,44.737484737484735,-160.3907203907204,-75.21367521367522,-29.89010989010989,0.0,-179.53601953601952,-128.35164835164835,0.0,-65.83638583638583,-165.0793650793651,-78.33943833943835,-19.34065934065934,0.0,-123.66300366300366,-81.46520146520146,-72.47863247863248,-50.5982905982906,0.0,120.53724053724054,28.32722832722833,-16.605616605616607,-56.06837606837607,-72.47863247863248
48.25396825396825,-120.92796092796092,-118.5836385836386,-24.02930402930403,0.0,31.843711843711844,-158.82783882783883,-70.52503052503053,-18.168498168498168,0.0,-175.62881562881563,-121.7094017094017,0.0,-73.26007326007326,-160.3907203907204,-74.43223443223444,-17.387057387057386,0.0,-121.31868131868131,-82.63736263736264,-75.995115995116,-44.737484737484735,0.0,118.97435897435898,34.57875457875458,-15.824175824175825,-60.757020757020754,-75.995115995116
45.51892551892552,-124.44444444444444,-119.75579975579976,-14.261294261294262,0.0,19.34065934065934,-154.9206349206349,-70.91575091575092,-6.446886446886447,0.0,-167.03296703296704,-117.8021978021978,0.0,-77.16727716727716,-155.7020757020757,-73.26007326007326,-12.307692307692308,0.0,-116.23931623931624,-84.98168498168498,-79.9023199023199,-36.92307692307692,0.0,120.14652014652016,15.042735042735044,8.791208791208792,-62.71062271062271,-79.9023199023199
44.346764346764346,-124.05372405372404,-117.02075702075702,-16.605616605616607,0.0,12.698412698412698,-149.45054945054946,-68.96214896214896,-8.00976800976801,0.0,-154.13919413919413,-111.55067155067157,0.0,-73.26007326007326,-145.54334554334554,-68.57142857142857,-22.466422466422465,0.0,-103.34554334554336,-84.59096459096459,-80.68376068376068,-40.83028083028083,0.0,117.4114774114774,9.18192918192918,21.68498168498169,-62.31990231990232,-80.68376068376068
45.51892551892552,-124.83516483516485,-115.45787545787546,-14.652014652014651,0.0,8.00976800976801,-143.5897435897436,-64.66422466422466,-9.963369963369964,0.0,-134.993894993895,-104.9084249084249,0.0,-67.3992673992674,-130.3052503052503,-61.92918192918193,-30.28083028083028,0.0,-90.06105006105007,-81.85592185592185,-76.38583638583638,-41.22100122100122,0.0,115.84859584859583,23.63858363858364,12.698412698412698,-60.757020757020754,-76.38583638583638
43.17460317460318,-129.13308913308913,-114.28571428571428,-3.711843711843712,0.0,0.1953601953601953,-137.72893772893772,-63.10134310134311,-2.5396825396825395,0.0,-117.02075702075702,-100.6105006105006,0.0,-66.22710622710623,-115.45787545787546,-56.06837606837607,-28.71794871794872,0.0,-81.85592185592185,-77.94871794871794,-72.86935286935287,-33.01587301587302,0.0,114.67643467643468,-22.857142857142858,65.05494505494505,-58.41269841269841,-72.86935286935287
38.87667887667888,-130.3052503052503,-108.42490842490842,3.711843711843712,0.0,-8.4004884004884,-130.3052503052503,-59.1941391941392,2.93040293040293,0.0,-99.04761904761904,-94.35897435897436,0.0,-67.3992673992674,-97.09401709401708,-49.81684981684982,-29.10866910866911,0.0,-75.21367521367522,-71.30647130647131,-68.18070818070818,-28.32722832722833,0.0,108.8156288156288,-45.12820512820513,93.18681318681318,-56.06837606837607,-68.18070818070818
34.18803418803419,-124.83516483516485,-96.7032967032967,5.274725274725275,0.0,-15.433455433455434,-117.02075702075702,-49.03540903540904,0.9768009768009768,0.0,-81.07448107448107,-84.2002442002442,0.0,-69.74358974358974,-74.04151404151405,-35.75091575091575,-36.53235653235653,0.0,-67.78998778998779,-59.1941391941392,-56.06837606837607,-33.01587301587302,0.0,97.09401709401708,-11.135531135531137,64.27350427350427,-52.55189255189255,-56.06837606837607
26.764346764346765,-118.97435897435898,-87.32600732600733,8.4004884004884,0.0,-23.63858363858364,-106.47130647130648,-40.83028083028083,1.7582417582417582,0.0,-64.27350427350427,-75.21367521367522,0.0,-81.07448107448107,-52.94261294261294,-22.466422466422465,-38.48595848595848,0.0,-62.31990231990232,-50.20757020757021,-47.86324786324786,-34.969474969474966,0.0,87.71672771672772,-10.354090354090356,66.22710622710623,-48.64468864468864,-47.86324786324786
18.168498168498168,-111.94139194139194,-80.68376068376068,11.526251526251526,0.0,-31.45299145299145,-96.31257631257633,-36.92307692307692,3.3211233211233213,0.0,-49.03540903540904,-65.05494505494505,0.0,-95.53113553113552,-36.14163614163614,-14.652014652014651,-33.40659340659341,0.0,-55.28693528693529,-45.51892551892552,-45.12820512820513,-33.7973137973138,0.0,81.07448107448107,-61.53846153846154,120.14652014652016,-48.25396825396825,-45.12820512820513
18.55921855921856,-101.3919413919414,-73.65079365079364,1.3675213675213675,0.0,-33.7973137973138,-81.07448107448107,-31.062271062271066,-6.837606837606837,0.0,-33.01587301587302,-52.94261294261294,0.0,-103.34554334554336,-15.824175824175825,-8.00976800976801,-35.36019536019536,0.0,-41.61172161172161,-35.75091575091575,-44.346764346764346,-41.61172161172161,0.0,74.04151404151405,-55.28693528693529,117.4114774114774,-46.3003663003663,-44.346764346764346
17.77777777777778,-95.53113553113552,-68.18070818070818,-2.148962148962149,0.0,-41.61172161172161,-67.78998778998779,-26.764346764346765,-11.135531135531137,0.0,-18.55921855921856,-45.90964590964591,0.0,-110.76923076923076,-1.3675213675213675,-3.711843711843712,-31.062271062271066,0.0,-30.671550671550676,-29.10866910866911,-44.346764346764346,-42.002442002442,0.0,68.57142857142857,-15.824175824175825,77.94871794871794,-44.346764346764346,-44.346764346764346
14.652014652014651,-92.4053724053724,-62.71062271062271,0.9768009768009768,0.0,-52.16117216117216,-58.02197802197802,-24.42002442002442,-3.711843711843712,0.0,-6.446886446886447,-40.04884004884005,0.0,-115.45787545787546,8.791208791208792,-6.056166056166056,-15.433455433455434,0.0,-24.42002442002442,-24.81074481074481,-49.81684981684982,-29.10866910866911,0.0,63.10134310134311,-69.74358974358974,131.08669108669108,-44.346764346764346,-49.81684981684982
12.698412698412698,-87.32600732600733,-53.724053724053725,-5.274725274725275,0.0,-63.88278388278388,-45.12820512820513,-19.73137973137973,-3.711843711843712,0.0,4.493284493284493,-34.57875457875458,0.0,-114.28571428571428,19.73137973137973,-4.493284493284493,-13.089133089133089,0.0,-15.433455433455434,-17.387057387057386,-52.94261294261294,-25.592185592185597,0.0,54.114774114774114,-97.87545787545788,160.78144078144078,-42.002442002442,-52.94261294261294
8.4004884004884,-81.07448107448107,-41.22100122100122,-14.652014652014651,0.0,-73.26007326007326,-38.87667887667888,-12.698412698412698,-2.5396825396825395,0.0,16.996336996336996,-30.28083028083028,0.0,-113.5042735042735,31.062271062271066,0.1953601953601953,-14.261294261294262,0.0,-6.446886446886447,-11.135531135531137,-53.724053724053725,-22.466422466422465,0.0,41.61172161172161,-66.22710622710623,127.96092796092796,-39.65811965811966,-53.724053724053725
3.711843711843712,-73.26007326007326,-28.32722832722833,-20.512820512820515,0.0,-82.24664224664225,-34.969474969474966,-6.056166056166056,4.493284493284493,0.0,29.10866910866911,-23.63858363858364,0.0,-116.63003663003664,41.61172161172161,4.493284493284493,-13.089133089133089,0.0,-0.1953601953601953,-8.4004884004884,-54.5054945054945,-17.387057387057386,0.0,28.71794871794872,-52.55189255189255,109.5970695970696,-36.53235653235653,-54.5054945054945
-1.3675213675213675,-63.88278388278388,-15.824175824175825,-23.247863247863247,0.0,-87.32600732600733,-26.37362637362637,-0.9768009768009768,10.354090354090356,0.0,40.83028083028083,-16.996336996336996,0.0,-118.1929181929182,51.37973137973138,9.572649572649572,-10.744810744810744,0.0,8.4004884004884,-7.619047619047619,-56.45909645909646,-9.963369963369964,0.0,16.214896214896214,-55.28693528693529,106.86202686202688,-31.062271062271066,-56.45909645909646
-4.884004884004884,-52.55189255189255,-1.3675213675213675,-28.32722832722833,0.0,-88.1074481074481,-10.744810744810744,5.665445665445666,4.884004884004884,0.0,56.84981684981685,-8.791208791208792,0.0,-113.11355311355312,62.31990231990232,14.261294261294262,-13.47985347985348,0.0,18.55921855921856,-1.7582417582417582,-54.89621489621489,-9.572649572649572,0.0,1.7582417582417582,-36.53235653235653,83.41880341880342,-22.857142857142858,-54.89621489621489
-9.572649572649572,-43.56532356532357,9.18192918192918,-23.63858363858364,0.0,-87.32600732600733,5.274725274725275,9.963369963369964,2.5396825396825395,0.0,71.30647130647131,-0.9768009768009768,0.0,-105.68986568986568,69.35286935286935,17.387057387057386,-8.4004884004884,0.0,25.982905982905983,1.7582417582417582,-50.20757020757021,-4.102564102564102,0.0,-8.791208791208792,-35.75091575091575,75.6043956043956,-12.307692307692308,-50.20757020757021
-15.824175824175825,-36.14163614163614,16.996336996336996,-11.916971916971915,0.0,-87.71672771672772,21.68498168498169,12.307692307692308,3.711843711843712,0.0,84.2002442002442,3.3211233211233213,0.0,-92.7960927960928,74.82295482295483,15.824175824175825,2.148962148962149,0.0,34.18803418803419,8.4004884004884,-47.472527472527474,5.274725274725275,0.0,-16.605616605616607,-32.62515262515262,73.65079365079364,-4.102564102564102,-47.472527472527474
-21.294261294261293,-27.155067155067155,28.32722832722833,-11.526251526251526,0.0,-87.32600732600733,36.92307692307692,19.34065934065934,-2.148962148962149,0.0,96.7032967032967,10.354090354090356,0.0,-75.995115995116,82.63736263736264,18.94993894993895,2.5396825396825395,0.0,44.737484737484735,19.73137973137973,-40.43956043956044,4.493284493284493,0.0,-27.936507936507937,5.665445665445666,38.87667887667888,4.884004884004884,-40.43956043956044
-27.936507936507937,-18.55921855921856,39.65811965811966,-8.00976800976801,0.0,-88.1074481074481,42.39316239316239,29.10866910866911,0.5860805860805861,0.0,103.73626373626374,16.996336996336996,0.0,-62.31990231990232,90.45177045177046,26.37362637362637,4.102564102564102,0.0,55.28693528693529,27.936507936507937,-29.89010989010989,5.665445665445666,0.0,-39.26739926739927,19.73137973137973,28.71794871794872,12.307692307692308,-29.89010989010989
-35.75091575091575,-14.261294261294262,49.81684981684982,4.102564102564102,0.0,-92.014652014652,40.04884004884005,35.36019536019536,19.34065934065934,0.0,106.08058608058607,18.55921855921856,0.0,-52.94261294261294,95.14041514041514,27.936507936507937,18.168498168498168,0.0,64.27350427350427,28.32722832722833,-22.857142857142858,18.94993894993895,0.0,-49.42612942612943,-10.744810744810744,60.757020757020754,15.433455433455434,-22.857142857142858
-43.56532356532357,-9.572649572649572,61.92918192918193,11.526251526251526,0.0,-95.14041514041514,35.75091575091575,42.002442002442,36.14163614163614,0.0,104.51770451770452,18.94993894993895,0.0,-42.002442002442,97.87545787545788,29.499389499389498,28.71794871794872,0.0,73.26007326007326,24.81074481074481,-11.916971916971915,29.10866910866911,0.0,-61.53846153846154,-0.9768009768009768,52.94261294261294,12.307692307692308,-11.916971916971915
-44.737484737484735,-0.9768009768009768,72.47863247863248,8.791208791208792,0.0,-90.45177045177046,38.095238095238095,48.64468864468864,37.704517704517706,0.0,104.51770451770452,21.68498168498169,0.0,-22.466422466422465,99.82905982905984,29.10866910866911,27.545787545787547,0.0,85.76312576312576,19.34065934065934,0.1953601953601953,28.71794871794872,0.0,-72.08791208791209,25.982905982905983,23.63858363858364,10.354090354090356,0.1953601953601953
-44.737484737484735,3.711843711843712,76.77655677655677,13.47985347985348,0.0,-85.37240537240537,37.704517704517706,49.03540903540904,47.472527472527474,0.0,103.73626373626374,20.512820512820515,0.0,-2.93040293040293,95.14041514041514,22.075702075702075,37.704517704517706,0.0,97.09401709401708,5.665445665445666,11.916971916971915,36.53235653235653,0.0,-76.38583638583638,-20.12210012210012,62.71062271062271,5.665445665445666,11.916971916971915
-43.56532356532357,13.089133089133089,78.73015873015873,15.042735042735044,0.0,-80.68376068376068,43.17460317460318,49.42612942612943,51.37973137973138,0.0,104.51770451770452,22.075702075702075,0.0,16.214896214896214,89.27960927960928,15.042735042735044,43.95604395604396,0.0,106.86202686202688,-4.493284493284493,25.2014652014652,38.095238095238095,0.0,-78.33943833943835,-92.014652014652,130.3052503052503,-0.5860805860805861,25.2014652014652
-37.31379731379732,25.2014652014652,82.24664224664225,10.744810744810744,0.0,-70.13431013431014,50.989010989010985,56.06837606837607,44.346764346764346,0.0,112.33211233211232,26.37362637362637,0.0,35.36019536019536,83.02808302808303,17.387057387057386,38.095238095238095,0.0,119.36507936507935,-13.47985347985348,38.87667887667888,30.671550671550676,0.0,-81.85592185592185,-99.04761904761904,131.86813186813183,-2.93040293040293,38.87667887667888
-32.234432234432234,37.704517704517706,86.54456654456655,13.870573870573873,0.0,-58.8034188034188,54.114774114774114,64.27350427350427,46.3003663003663,0.0,118.5836385836386,29.89010989010989,0.0,49.42612942612943,74.04151404151405,23.247863247863247,39.65811965811966,0.0,130.3052503052503,-22.857142857142858,51.77045177045177,28.71794871794872,0.0,-86.15384615384616,-67.00854700854701,95.92185592185592,-7.228327228327228,51.77045177045177
-33.40659340659341,46.3003663003663,89.67032967032966,25.2014652014652,0.0,-49.81684981684982,50.989010989010985,69.74358974358974,57.24053724053724,0.0,122.88156288156289,30.28083028083028,0.0,56.06837606837607,62.71062271062271,25.592185592185597,49.81684981684982,0.0,135.3846153846154,-33.40659340659341,61.92918192918193,32.62515262515262,0.0,-89.27960927960928,-78.33943833943835,103.73626373626374,-11.526251526251526,61.92918192918193
-29.10866910866911,55.28693528693529,94.35897435897436,29.499389499389498,0.0,-39.26739926739927,53.724053724053725,77.55799755799755,57.63125763125763,0.0,130.3052503052503,31.843711843711844,0.0,63.88278388278388,57.24053724053724,30.28083028083028,51.37973137973138,0.0,140.46398046398048,-36.53235653235653,69.35286935286935,31.062271062271066,0.0,-93.96825396825396,-93.96825396825396,115.06715506715508,-11.135531135531137,69.35286935286935
-20.512820512820515,63.49206349206349,100.6105006105006,29.89010989010989,0.0,-26.37362637362637,59.1941391941392,81.46520146520146,58.8034188034188,0.0,135.77533577533578,32.62515262515262,0.0,73.65079365079364,54.89621489621489,33.7973137973138,53.724053724053725,0.0,147.1062271062271,-37.704517704517706,79.51159951159951,28.32722832722833,0.0,-100.21978021978022,-75.21367521367522,92.7960927960928,-11.135531135531137,79.51159951159951
-14.652014652014651,65.83638583638583,102.56410256410255,33.7973137973138,0.0,-19.73137973137973,60.757020757020754,81.46520146520146,65.44566544566544,0.0,138.1196581196581,29.89010989010989,0.0,81.07448107448107,52.55189255189255,31.45299145299145,62.31990231990232,0.0,149.45054945054946,-40.04884004884005,88.1074481074481,31.062271062271066,0.0,-102.17338217338218,-65.83638583638583,78.73015873015873,-11.916971916971915,88.1074481074481
-4.884004884004884,66.61782661782662,104.12698412698413,30.671550671550676,0.0,-11.526251526251526,64.66422466422466,80.68376068376068,62.71062271062271,0.0,137.33821733821733,29.10866910866911,0.0,90.45177045177046,48.25396825396825,26.37362637362637,66.61782661782662,0.0,151.4041514041514,-42.78388278388278,95.53113553113552,29.499389499389498,0.0,-103.73626373626374,-76.77655677655677,87.32600732600733,-14.261294261294262,95.53113553113552
4.884004884004884,67.78998778998779,107.64346764346764,23.63858363858364,0.0,-1.3675213675213675,65.44566544566544,83.02808302808303,57.24053724053724,0.0,133.04029304029305,27.936507936507937,0.0,103.73626373626374,40.83028083028083,22.075702075702075,63.10134310134311,0.0,154.13919413919413,-47.081807081807085,103.34554334554336,21.294261294261293,0.0,-107.25274725274726,-55.28693528693529,62.71062271062271,-17.77777777777778,103.34554334554336
9.18192918192918,66.22710622710623,108.42490842490842,26.37362637362637,0.0,6.446886446886447,58.02197802197802,81.85592185592185,64.27350427350427,0.0,121.7094017094017,26.37362637362637,0.0,112.72283272283272,26.764346764346765,16.214896214896214,67.78998778998779,0.0,152.96703296703296,-56.84981684981685,106.08058608058607,23.63858363858364,0.0,-108.03418803418803,-52.94261294261294,57.63125763125763,-24.02930402930403,106.08058608058607
11.526251526251526,61.92918192918193,106.47130647130648,31.843711843711844,0.0,11.526251526251526,49.42612942612943,78.33943833943835,72.08791208791209,0.0,108.8156288156288,23.247863247863247,0.0,114.67643467643468,11.135531135531137,9.572649572649572,74.82295482295483,0.0,144.76190476190476,-65.83638583638583,100.6105006105006,32.234432234432234,0.0,-106.08058608058607,-48.64468864468864,48.64468864468864,-27.936507936507937,100.6105006105006
15.824175824175825,63.49206349206349,109.2063492063492,27.155067155067155,0.0,17.387057387057386,47.472527472527474,79.12087912087912,71.30647130647131,0.0,99.04761904761904,22.857142857142858,0.0,118.5836385836386,3.711843711843712,8.4004884004884,67.78998778998779,0.0,140.0732600732601,-67.3992673992674,96.31257631257633,31.062271062271066,0.0,-108.8156288156288,0.1953601953601953,-3.711843711843712,-29.89010989010989,96.31257631257633
17.387057387057386,65.44566544566544,110.37851037851038,25.2014652014652,0.0,17.387057387057386,47.081807081807085,77.16727716727716,76.38583638583638,0.0,88.4981684981685,21.68498168498169,0.0,117.02075702075702,-2.93040293040293,7.228327228327228,67.00854700854701,0.0,133.43101343101344,-67.00854700854701,88.4981684981685,33.7973137973138,0.0,-109.98778998778998,12.307692307692308,-16.605616605616607,-30.671550671550676,88.4981684981685
17.387057387057386,62.31990231990232,101.78266178266178,31.062271062271066,0.0,12.307692307692308,44.346764346764346,69.35286935286935,86.15384615384616,0.0,76.77655677655677,15.433455433455434,0.0,110.76923076923076,-10.354090354090356,0.1953601953601953,75.6043956043956,0.0,125.6166056166056,-67.78998778998779,75.6043956043956,42.002442002442,0.0,-101.3919413919414,-38.095238095238095,32.234432234432234,-31.062271062271066,75.6043956043956
18.94993894993895,62.31990231990232,97.48473748473748,24.42002442002442,0.0,13.47985347985348,43.95604395604396,62.31990231990232,83.80952380952381,0.0,68.96214896214896,12.307692307692308,0.0,111.15995115995116,-13.870573870573873,-7.228327228327228,73.65079365079364,0.0,123.66300366300366,-65.05494505494505,67.78998778998779,36.92307692307692,0.0,-97.09401709401708,-49.03540903540904,45.12820512820513,-31.843711843711844,67.78998778998779
22.466422466422465,62.31990231990232,93.18681318681318,18.168498168498168,0.0,18.94993894993895,40.43956043956044,57.63125763125763,79.51159951159951,0.0,58.41269841269841,6.837606837606837,0.0,113.5042735042735,-18.168498168498168,-7.619047619047619,65.44566544566544,0.0,122.1001221001221,-61.92918192918193,65.83638583638583,26.764346764346765,0.0,-92.7960927960928,-23.63858363858364,23.63858363858364,-34.57875457875458,65.83638583638583
23.63858363858364,56.45909645909646,83.80952380952381,19.73137973137973,0.0,22.075702075702075,31.45299145299145,47.081807081807085,83.41880341880342,0.0,46.69108669108669,0.9768009768009768,0.0,112.33211233211232,-24.81074481074481,-13.089133089133089,67.3992673992674,0.0,116.63003663003664,-65.83638583638583,59.1941391941392,31.062271062271066,0.0,-83.41880341880342,-63.49206349206349,65.44566544566544,-39.65811965811966,59.1941391941392
25.2014652014652,50.5982905982906,77.55799755799755,19.73137973137973,0.0,23.63858363858364,24.42002442002442,40.83028083028083,83.41880341880342,0.0,35.75091575091575,2.148962148962149,0.0,108.42490842490842,-29.499389499389498,-11.526251526251526,60.757020757020754,0.0,110.37851037851038,-69.35286935286935,57.24053724053724,29.89010989010989,0.0,-77.16727716727716,-110.37851037851038,113.11355311355312,-41.22100122100122,57.24053724053724
25.982905982905983,46.69108669108669,74.04151404151405,17.77777777777778,0.0,21.294261294261293,20.512820512820515,40.83028083028083,81.85592185592185,0.0,22.466422466422465,9.963369963369964,0.0,104.12698412698413,-32.62515262515262,-5.665445665445666,47.86324786324786,0.0,104.51770451770452,-69.35286935286935,54.114774114774114,24.02930402930403,0.0,-73.65079365079364,-69.74358974358974,77.16727716727716,-43.56532356532357,54.114774114774114
24.42002442002442,40.83028083028083,67.78998778998779,20.12210012210012,0.0,11.526251526251526,14.261294261294262,41.61172161172161,85.76312576312576,0.0,7.619047619047619,18.55921855921856,0.0,93.57753357753356,-38.095238095238095,-1.3675213675213675,43.17460317460318,0.0,100.6105006105006,-71.30647130647131,47.081807081807085,20.12210012210012,0.0,-67.3992673992674,-29.499389499389498,44.737484737484735,-45.51892551892552,47.081807081807085
19.73137973137973,32.234432234432234,57.24053724053724,26.764346764346765,0.0,-3.3211233211233213,9.963369963369964,37.704517704517706,92.7960927960928,0.0,-4.102564102564102,27.936507936507937,0.0,76.38583638583638,-41.22100122100122,-1.7582417582417582,44.346764346764346,0.0,94.74969474969475,-72.86935286935287,36.53235653235653,18.55921855921856,0.0,-56.84981684981685,-54.5054945054945,75.995115995116,-43.95604395604396,36.53235653235653
18.168498168498168,29.499389499389498,49.42612942612943,23.247863247863247,0.0,-12.307692307692308,11.916971916971915,35.75091575091575,86.93528693528694,0.0,-9.963369963369964,34.969474969474966,0.0,63.49206349206349,-38.095238095238095,-1.3675213675213675,36.53235653235653,0.0,93.96825396825396,-68.18070818070818,27.936507936507937,5.665445665445666,0.0,-49.03540903540904,-59.975579975579976,91.62393162393164,-42.002442002442,27.936507936507937
18.55921855921856,25.592185592185597,42.78388278388278,20.903540903540904,0.0,-18.94993894993895,11.135531135531137,30.28083028083028,86.54456654456655,0.0,-11.916971916971915,36.53235653235653,0.0,47.081807081807085,-34.969474969474966,0.1953601953601953,37.31379731379732,0.0,92.7960927960928,-65.44566544566544,21.68498168498169,0.1953601953601953,0.0,-42.39316239316239,-40.43956043956044,82.24664224664225,-44.737484737484735,21.68498168498169
18.55921855921856,19.73137973137973,34.57875457875458,22.466422466422465,0.0,-28.32722832722833,9.572649572649572,24.42002442002442,90.45177045177046,0.0,-15.042735042735044,37.31379731379732,0.0,27.936507936507937,-34.18803418803419,-0.9768009768009768,44.346764346764346,0.0,86.54456654456655,-65.05494505494505,13.870573870573873,0.9768009768009768,0.0,-34.18803418803419,-32.62515262515262,80.29304029304029,-46.69108669108669,13.870573870573873
19.34065934065934,16.605616605616607,28.71794871794872,18.94993894993895,0.0,-36.92307692307692,10.354090354090356,25.592185592185597,84.98168498168498,0.0,-16.996336996336996,41.22100122100122,0.0,14.652014652014651,-35.75091575091575,0.1953601953601953,44.346764346764346,0.0,82.63736263736264,-62.31990231990232,8.791208791208792,-4.884004884004884,0.0,-28.32722832722833,-10.354090354090356,65.44566544566544,-48.64468864468864,8.791208791208792
20.903540903540904,9.963369963369964,26.37362637362637,13.47985347985348,0.0,-46.3003663003663,6.446886446886447,31.843711843711844,80.29304029304029,0.0,-18.55921855921856,43.95604395604396,0.0,0.5860805860805861,-41.22100122100122,2.5396825396825395,46.69108669108669,0.0,77.94871794871794,-59.975579975579976,2.5396825396825395,-10.744810744810744,0.0,-25.982905982905983,11.526251526251526,51.77045177045177,-50.989010989010985,2.5396825396825395
14.261294261294262,0.1953601953601953,22.857142857142858,17.77777777777778,0.0,-65.83638583638583,1.7582417582417582,34.18803418803419,85.37240537240537,0.0,-24.02930402930403,45.12820512820513,0.0,-16.214896214896214,-49.03540903540904,0.1953601953601953,54.89621489621489,0.0,68.96214896214896,-60.757020757020754,-6.446886446886447,-10.744810744810744,0.0,-22.466422466422465,-23.247863247863247,94.35897435897436,-50.989010989010985,-6.446886446886447
7.228327228327228,-8.00976800976801,15.433455433455434,24.02930402930403,0.0,-83.80952380952381,0.1953601953601953,32.234432234432234,90.06105006105007,0.0,-27.545787545787547,43.95604395604396,0.0,-30.28083028083028,-54.114774114774114,-4.493284493284493,60.366300366300365,0.0,59.975579975579976,-58.02197802197802,-20.512820512820515,-9.963369963369964,0.0,-15.042735042735044,-50.20757020757021,125.6166056166056,-48.64468864468864,-20.512820512820515
0.9768009768009768,-13.870573870573873,15.042735042735044,18.94993894993895,0.0,-96.31257631257633,0.5860805860805861,31.843711843711844,86.54456654456655,0.0,-26.764346764346765,38.48595848595848,0.0,-39.26739926739927,-53.724053724053725,-5.665445665445666,52.94261294261294,0.0,50.989010989010985,-49.81684981684982,-29.10866910866911,-16.996336996336996,0.0,-14.652014652014651,-6.056166056166056,88.4981684981685,-45.90964590964591,-29.10866910866911
-9.572649572649572,-21.68498168498169,19.34065934065934,20.12210012210012,0.0,-113.89499389499387,2.5396825396825395,27.545787545787547,91.23321123321124,0.0,-33.01587301587302,30.28083028083028,0.0,-48.25396825396825,-57.63125763125763,-5.274725274725275,48.25396825396825,0.0,34.969474969474966,-42.39316239316239,-35.36019536019536,-20.903540903540904,0.0,-18.94993894993895,-11.135531135531137,96.31257631257633,-41.22100122100122,-35.36019536019536
-24.42002442002442,-27.545787545787547,16.605616605616607,27.936507936507937,0.0,-131.4774114774115,2.148962148962149,21.294261294261293,101.001221001221,0.0,-40.43956043956044,22.466422466422465,0.0,-52.94261294261294,-67.78998778998779,-9.963369963369964,52.55189255189255,0.0,20.512820512820515,-37.31379731379732,-45.12820512820513,-15.824175824175825,0.0,-16.214896214896214,-30.671550671550676,115.84859584859583,-36.92307692307692,-45.12820512820513
-34.969474969474966,-31.843711843711844,19.34065934065934,23.247863247863247,0.0,-140.46398046398048,0.5860805860805861,19.73137973137973,96.7032967032967,0.0,-47.86324786324786,16.996336996336996,0.0,-53.333333333333336,-79.12087912087912,-10.744810744810744,48.64468864468864,0.0,8.00976800976801,-30.671550671550676,-50.5982905982906,-20.512820512820515,0.0,-18.94993894993895,-13.089133089133089,100.21978021978022,-32.62515262515262,-50.5982905982906
-47.472527472527474,-35.36019536019536,25.2014652014652,16.214896214896214,0.0,-148.66910866910868,-3.3211233211233213,20.903540903540904,89.67032967032966,0.0,-58.02197802197802,13.47985347985348,0.0,-55.67765567765568,-88.1074481074481,-11.526251526251526,45.12820512820513,0.0,-5.665445665445666,-24.42002442002442,-51.77045177045177,-27.545787545787547,0.0,-24.81074481074481,38.87667887667888,47.472527472527474,-27.155067155067155,-51.77045177045177
-59.58485958485959,-37.704517704517706,21.68498168498169,18.55921855921856,0.0,-155.7020757020757,-6.446886446886447,16.214896214896214,89.27960927960928,0.0,-65.05494505494505,11.916971916971915,0.0,-59.58485958485959,-94.35897435897436,-15.824175824175825,46.69108669108669,0.0,-18.168498168498168,-19.73137973137973,-57.63125763125763,-26.37362637362637,0.0,-21.294261294261293,2.5396825396825395,79.12087912087912,-20.12210012210012,-57.63125763125763
-66.61782661782662,-39.26739926739927,16.605616605616607,13.870573870573873,0.0,-156.87423687423689,-10.354090354090356,13.870573870573873,78.33943833943835,0.0,-67.3992673992674,8.791208791208792,0.0,-60.757020757020754,-91.23321123321124,-20.512820512820515,36.53235653235653,0.0,-25.982905982905983,-13.089133089133089,-62.71062271062271,-32.62515262515262,0.0,-16.214896214896214,-46.3003663003663,124.83516483516485,-12.698412698412698,-62.71062271062271
-71.30647130647131,-38.095238095238095,12.698412698412698,5.665445665445666,0.0,-152.18559218559218,-14.261294261294262,13.089133089133089,62.71062271062271,0.0,-68.96214896214896,6.837606837606837,0.0,-56.06837606837607,-82.24664224664225,-21.68498168498169,17.387057387057386,0.0,-29.89010989010989,-1.3675213675213675,-66.61782661782662,-43.17460317460318,0.0,-12.307692307692308,-15.433455433455434,91.62393162393164,-2.148962148962149,-66.61782661782662
-75.995115995116,-37.31379731379732,6.446886446886447,7.619047619047619,0.0,-148.2783882783883,-17.387057387057386,11.526251526251526,55.67765567765568,0.0,-68.96214896214896,2.5396825396825395,0.0,-52.55189255189255,-77.55799755799755,-22.466422466422465,8.791208791208792,0.0,-33.40659340659341,4.884004884004884,-75.21367521367522,-40.04884004884005,0.0,-6.056166056166056,4.102564102564102,68.57142857142857,5.274725274725275,-75.21367521367522
-81.46520146520146,-34.18803418803419,2.93040293040293,12.307692307692308,0.0,-142.8083028083028,-20.12210012210012,10.744810744810744,51.77045177045177,0.0,-70.52503052503053,0.9768009768009768,0.0,-44.737484737484735,-74.82295482295483,-25.982905982905983,2.93040293040293,0.0,-35.75091575091575,11.916971916971915,-85.76312576312576,-33.40659340659341,0.0,-2.5396825396825395,2.148962148962149,68.96214896214896,13.089133089133089,-85.76312576312576
-86.15384615384616,-27.545787545787547,5.274725274725275,11.916971916971915,0.0,-135.77533577533578,-16.996336996336996,15.042735042735044,41.61172161172161,0.0,-71.30647130647131,3.3211233211233213,0.0,-35.36019536019536,-70.91575091575092,-22.857142857142858,-5.274725274725275,0.0,-36.53235653235653,23.247863247863247,-89.67032967032966,-33.01587301587302,0.0,-4.884004884004884,34.18803418803419,35.75091575091575,22.857142857142858,-89.67032967032966
-87.71672771672772,-19.73137973137973,10.354090354090356,15.042735042735044,0.0,-128.35164835164835,-6.446886446886447,16.214896214896214,36.92307692307692,0.0,-67.3992673992674,8.00976800976801,0.0,-26.37362637362637,-61.92918192918193,-20.512820512820515,-8.791208791208792,0.0,-36.53235653235653,35.36019536019536,-86.15384615384616,-31.45299145299145,0.0,-9.963369963369964,45.51892551892552,18.168498168498168,33.01587301587302,-86.15384615384616
-89.67032967032966,-11.916971916971915,14.652014652014651,21.294261294261293,0.0,-122.4908424908425,4.493284493284493,16.996336996336996,35.36019536019536,0.0,-58.02197802197802,11.526251526251526,0.0,-15.042735042735044,-49.03540903540904,-21.294261294261293,-9.18192918192918,0.0,-34.57875457875458,49.81684981684982,-81.07448107448107,-29.89010989010989,0.0,-14.261294261294262,29.10866910866911,33.01587301587302,42.002442002442,-81.07448107448107
-84.98168498168498,-4.102564102564102,18.168498168498168,16.605616605616607,0.0,-111.94139194139194,20.12210012210012,16.996336996336996,20.12210012210012,0.0,-40.43956043956044,16.996336996336996,0.0,-0.9768009768009768,-25.982905982905983,-21.294261294261293,-19.34065934065934,0.0,-26.37362637362637,66.22710622710623,-70.13431013431014,-38.48595848595848,0.0,-17.77777777777778,33.01587301587302,25.2014652014652,54.114774114774114,-70.13431013431014
-72.86935286935287,1.7582417582417582,18.168498168498168,10.744810744810744,0.0,-96.7032967032967,36.92307692307692,15.824175824175825,2.148962148962149,0.0,-15.824175824175825,22.466422466422465,0.0,16.996336996336996,-3.3211233211233213,-20.903540903540904,-31.843711843711844,0.0,-14.261294261294262,80.29304029304029,-59.975579975579976,-45.12820512820513,0.0,-17.77777777777778,26.764346764346765,22.857142857142858,65.83638583638583,-59.975579975579976
-64.27350427350427,6.056166056166056,15.433455433455434,12.307692307692308,0.0,-89.27960927960928,49.42612942612943,13.089133089133089,-3.3211233211233213,0.0,5.274725274725275,26.764346764346765,0.0,26.764346764346765,11.526251526251526,-19.73137973137973,-33.7973137973138,0.0,-7.228327228327228,87.71672771672772,-53.724053724053725,-40.83028083028083,0.0,-15.042735042735044,-4.493284493284493,43.95604395604396,73.65079365079364,-53.724053724053725
-57.63125763125763,12.307692307692308,11.135531135531137,12.698412698412698,0.0,-84.59096459096459,60.757020757020754,13.089133089133089,-8.4004884004884,0.0,24.42002442002442,36.53235653235653,0.0,30.28083028083028,28.71794871794872,-16.996336996336996,-38.48595848595848,0.0,-0.1953601953601953,92.014652014652,-48.25396825396825,-38.095238095238095,0.0,-10.744810744810744,0.9768009768009768,30.28083028083028,77.55799755799755,-48.25396825396825
-47.472527472527474,21.294261294261293,14.261294261294262,6.056166056166056,0.0,-80.68376068376068,76.77655677655677,16.996336996336996,-17.387057387057386,0.0,43.17460317460318,48.64468864468864,0.0,33.40659340659341,48.64468864468864,-6.056166056166056,-52.55189255189255,0.0,9.18192918192918,95.53113553113552,-35.36019536019536,-45.51892551892552,0.0,-13.870573870573873,52.16117216117216,-24.42002442002442,77.94871794871794,-35.36019536019536
-41.61172161172161,28.32722832722833,15.824175824175825,11.135531135531137,0.0,-80.29304029304029,88.4981684981685,20.12210012210012,-12.698412698412698,0.0,58.8034188034188,59.975579975579976,0.0,29.89010989010989,67.00854700854701,0.5860805860805861,-55.28693528693529,0.0,18.55921855921856,95.53113553113552,-22.857142857142858,-47.472527472527474,0.0,-15.433455433455434,26.37362637362637,3.711843711843712,74.82295482295483,-22.857142857142858
-35.36019536019536,32.234432234432234,18.55921855921856,19.34065934065934,0.0,-79.9023199023199,100.6105006105006,18.94993894993895,-2.93040293040293,0.0,78.33943833943835,68.57142857142857,0.0,21.294261294261293,86.93528693528694,2.148962148962149,-45.12820512820513,0.0,28.32722832722833,93.57753357753356,-11.916971916971915,-43.95604395604396,0.0,-18.168498168498168,-54.114774114774114,92.4053724053724,70.13431013431014,-11.916971916971915
-20.512820512820515,36.14163614163614,25.592185592185597,18.168498168498168,0.0,-70.52503052503053,114.28571428571428,20.512820512820515,-3.711843711843712,0.0,101.001221001221,78.33943833943835,0.0,18.94993894993895,108.42490842490842,3.711843711843712,-40.43956043956044,0.0,46.3003663003663,92.014652014652,-0.5860805860805861,-46.3003663003663,0.0,-25.2014652014652,-74.43223443223444,122.1001221001221,66.61782661782662,-0.5860805860805861
-8.4004884004884,40.04884004884005,29.89010989010989,23.63858363858364,0.0,-67.00854700854701,125.22588522588522,24.02930402930403,3.711843711843712,0.0,120.53724053724054,86.54456654456655,0.0,11.526251526251526,123.66300366300366,6.837606837606837,-26.764346764346765,0.0,59.975579975579976,90.45177045177046,8.00976800976801,-43.17460317460318,0.0,-29.499389499389498,-55.67765567765568,112.72283272283272,62.71062271062271,8.00976800976801
-0.9768009768009768,42.78388278388278,31.45299145299145,28.32722832722833,0.0,-71.30647130647131,133.82173382173383,23.247863247863247,17.77777777777778,0.0,136.16605616605617,94.74969474969475,0.0,0.1953601953601953,133.82173382173383,4.884004884004884,-6.446886446886447,0.0,69.74358974358974,83.41880341880342,11.135531135531137,-32.234432234432234,0.0,-31.062271062271066,-100.6105006105006,160.78144078144078,59.1941391941392,11.135531135531137
5.274725274725275,45.51892551892552,36.92307692307692,23.247863247863247,0.0,-76.38583638583638,140.0732600732601,28.32722832722833,21.294261294261293,0.0,147.88766788766787,104.51770451770452,0.0,-8.791208791208792,140.85470085470087,8.4004884004884,2.148962148962149,0.0,78.73015873015873,74.82295482295483,17.77777777777778,-27.936507936507937,0.0,-36.53235653235653,-115.06715506715508,182.27106227106228,52.94261294261294,17.77777777777778
9.18192918192918,52.16117216117216,38.87667887667888,13.870573870573873,0.0,-81.07448107448107,146.7155067155067,32.234432234432234,16.996336996336996,0.0,156.0927960927961,111.55067155067157,0.0,-14.261294261294262,142.02686202686203,14.652014652014651,7.619047619047619,0.0,86.93528693528694,61.92918192918193,28.71794871794872,-27.545787545787547,0.0,-38.48595848595848,-86.54456654456655,156.0927960927961,42.39316239316239,28.71794871794872
11.135531135531137,52.16117216117216,34.57875457875458,11.916971916971915,0.0,-84.59096459096459,147.49694749694748,31.843711843711844,16.996336996336996,0.0,162.73504273504273,111.94139194139194,0.0,-17.77777777777778,136.94749694749694,15.433455433455434,19.73137973137973,0.0,90.45177045177046,45.90964590964591,39.26739926739927,-21.68498168498169,0.0,-34.18803418803419,-87.32600732600733,151.7948717948718,35.36019536019536,39.26739926739927
15.433455433455434,48.64468864468864,31.062271062271066,9.963369963369964,0.0,-80.29304029304029,145.93406593406593,29.89010989010989,11.526251526251526,0.0,168.5958485958486,109.98778998778998,0.0,-17.387057387057386,130.3052503052503,14.652014652014651,30.671550671550676,0.0,91.23321123321124,34.18803418803419,48.64468864468864,-15.042735042735044,0.0,-30.671550671550676,-98.26617826617829,155.3113553113553,31.45299145299145,48.64468864468864
22.466422466422465,43.95604395604396,32.234432234432234,11.526251526251526,0.0,-70.91575091575092,143.5897435897436,31.062271062271066,8.791208791208792,0.0,171.33089133089132,108.8156288156288,0.0,-14.652014652014651,128.74236874236874,16.214896214896214,37.31379731379732,0.0,93.18681318681318,25.592185592185597,61.53846153846154,-13.089133089133089,0.0,-31.843711843711844,-94.74969474969475,146.32478632478632,28.32722832722833,61.53846153846154
27.936507936507937,36.92307692307692,34.969474969474966,24.81074481074481,0.0,-64.27350427350427,139.29181929181928,31.843711843711844,19.73137973137973,0.0,172.11233211233213,106.08058608058607,0.0,-13.089133089133089,128.74236874236874,17.77777777777778,45.90964590964591,0.0,91.62393162393164,21.68498168498169,72.08791208791209,-6.446886446886447,0.0,-34.57875457875458,-106.47130647130648,151.01343101343102,27.936507936507937,72.08791208791209
30.28083028083028,26.37362637362637,40.04884004884005,41.22100122100122,0.0,-57.63125763125763,133.04029304029305,29.89010989010989,35.36019536019536,0.0,170.15873015873015,105.68986568986568,0.0,-13.47985347985348,128.74236874236874,17.77777777777778,57.63125763125763,0.0,88.1074481074481,17.77777777777778,79.12087912087912,4.493284493284493,0.0,-39.65811965811966,-107.64346764346764,149.45054945054946,29.499389499389498,79.12087912087912
31.062271062271066,22.075702075702075,51.77045177045177,45.51892551892552,0.0,-50.20757020757021,127.57020757020756,32.62515262515262,42.78388278388278,0.0,163.9072039072039,104.51770451770452,0.0,-9.963369963369964,126.007326007326,23.247863247863247,56.84981684981685,0.0,86.54456654456655,13.47985347985348,88.1074481074481,6.837606837606837,0.0,-51.37973137973138,-52.94261294261294,93.57753357753356,29.89010989010989,88.1074481074481
29.89010989010989,19.73137973137973,62.71062271062271,47.081807081807085,0.0,-45.51892551892552,122.88156288156289,33.40659340659341,50.5982905982906,0.0,156.87423687423689,101.001221001221,0.0,-4.884004884004884,120.53724053724054,27.936507936507937,57.24053724053724,0.0,87.71672771672772,8.4004884004884,94.74969474969475,9.18192918192918,0.0,-62.31990231990232,-34.18803418803419,71.6971916971917,31.843711843711844,94.74969474969475
27.155067155067155,13.870573870573873,65.83638583638583,53.333333333333336,0.0,-40.83028083028083,111.55067155067157,28.71794871794872,63.10134310134311,0.0,146.32478632478632,93.96825396825396,0.0,-4.493284493284493,109.2063492063492,29.10866910866911,67.78998778998779,0.0,83.02808302808303,0.1953601953601953,98.26617826617829,18.168498168498168,0.0,-65.44566544566544,-61.53846153846154,91.62393162393164,34.969474969474966,98.26617826617829
24.81074481074481,9.572649572649572,66.22710622710623,56.45909645909646,0.0,-36.53235653235653,98.65689865689866,23.247863247863247,72.86935286935287,0.0,135.3846153846154,86.93528693528694,0.0,-6.056166056166056,98.26617826617829,31.843711843711844,70.52503052503053,0.0,77.16727716727716,-5.665445665445666,99.82905982905984,22.857142857142858,0.0,-65.83638583638583,-42.78388278388278,67.3992673992674,36.14163614163614,99.82905982905984
27.155067155067155,6.446886446886447,66.61782661782662,50.5982905982906,0.0,-27.936507936507937,88.1074481074481,21.68498168498169,71.30647130647131,0.0,127.96092796092796,81.07448107448107,0.0,-4.102564102564102,96.7032967032967,33.01587301587302,60.757020757020754,0.0,75.21367521367522,-5.274725274725275,101.001221001221,15.433455433455434,0.0,-66.22710622710623,0.1953601953601953,21.294261294261293,36.14163614163614,101.001221001221
29.10866910866911,-1.7582417582417582,61.14774114774115,55.28693528693529,0.0,-18.55921855921856,71.30647130647131,14.652014652014651,77.55799755799755,0.0,119.75579975579976,72.08791208791209,0.0,-8.791208791208792,90.45177045177046,29.89010989010989,60.366300366300365,0.0,65.05494505494505,-8.4004884004884,96.7032967032967,18.94993894993895,0.0,-60.757020757020754,-9.572649572649572,26.37362637362637,34.969474969474966,96.7032967032967
29.89010989010989,-9.572649572649572,57.63125763125763,57.24053724053724,0.0,-10.354090354090356,58.8034188034188,8.4004884004884,79.9023199023199,0.0,109.98778998778998,65.83638583638583,0.0,-13.089133089133089,81.46520146520146,22.857142857142858,61.53846153846154,0.0,54.89621489621489,-13.870573870573873,86.54456654456655,25.2014652014652,0.0,-57.24053724053724,-56.06837606837607,67.78998778998779,32.62515262515262,86.54456654456655
34.57875457875458,-13.089133089133089,65.44566544566544,44.346764346764346,0.0,0.5860805860805861,52.94261294261294,6.837606837606837,71.30647130647131,0.0,100.6105006105006,60.757020757020754,0.0,-12.698412698412698,71.6971916971917,18.94993894993895,56.45909645909646,0.0,49.03540903540904,-16.605616605616607,77.94871794871794,24.02930402930403,0.0,-65.05494505494505,-29.10866910866911,38.48595848595848,28.71794871794872,77.94871794871794
34.18803418803419,-15.042735042735044,74.82295482295483,37.31379731379732,0.0,8.4004884004884,45.90964590964591,4.102564102564102,73.26007326007326,0.0,88.1074481074481,53.724053724053725,0.0,-16.605616605616607,58.8034188034188,15.042735042735044,60.366300366300365,0.0,42.39316239316239,-22.075702075702075,70.13431013431014,27.936507936507937,0.0,-74.43223443223444,10.744810744810744,-1.3675213675213675,23.63858363858364,70.13431013431014
30.671550671550676,-17.387057387057386,83.80952380952381,33.40659340659341,0.0,13.47985347985348,36.92307692307692,-0.1953601953601953,79.9023199023199,0.0,75.6043956043956,47.86324786324786,0.0,-20.12210012210012,43.17460317460318,10.354090354090356,68.18070818070818,0.0,34.969474969474966,-27.545787545787547,59.58485958485959,34.969474969474966,0.0,-83.41880341880342,-11.916971916971915,21.68498168498169,20.12210012210012,59.58485958485959
28.71794871794872,-18.55921855921856,93.57753357753356,25.2014652014652,0.0,19.34065934065934,29.499389499389498,-2.148962148962149,82.24664224664225,0.0,65.05494505494505,41.22100122100122,0.0,-20.512820512820515,29.10866910866911,9.18192918192918,66.61782661782662,0.0,29.499389499389498,-30.28083028083028,51.37973137973138,33.7973137973138,0.0,-93.18681318681318,-16.605616605616607,31.062271062271066,15.433455433455434,51.37973137973138
27.545787545787547,-19.34065934065934,100.21978021978022,17.77777777777778,0.0,25.982905982905983,20.12210012210012,-2.148962148962149,82.63736263736264,0.0,55.67765567765568,34.57875457875458,0.0,-22.075702075702075,19.73137973137973,6.446886446886447,62.71062271062271,0.0,25.982905982905983,-30.671550671550676,41.61172161172161,30.28083028083028,0.0,-99.82905982905984,-6.056166056166056,28.32722832722833,9.963369963369964,41.61172161172161
25.592185592185597,-23.247863247863247,101.78266178266178,17.77777777777778,0.0,28.71794871794872,9.963369963369964,-3.3211233211233213,87.32600732600733,0.0,46.3003663003663,25.2014652014652,0.0,-27.936507936507937,9.572649572649572,0.1953601953601953,66.61782661782662,0.0,19.34065934065934,-34.18803418803419,27.155067155067155,34.57875457875458,0.0,-101.3919413919414,-24.81074481074481,51.37973137973138,4.884004884004884,27.155067155067155
24.42002442002442,-24.42002442002442,105.2991452991453,10.354090354090356,0.0,29.499389499389498,3.711843711843712,-0.9768009768009768,84.2002442002442,0.0,36.53235653235653,18.55921855921856,0.0,-33.7973137973138,-0.9768009768009768,-6.056166056166056,67.00854700854701,0.0,9.963369963369964,-35.75091575091575,15.042735042735044,34.969474969474966,0.0,-104.9084249084249,-36.14163614163614,64.27350427350427,0.1953601953601953,15.042735042735044
25.592185592185597,-24.02930402930403,111.15995115995116,-1.7582417582417582,0.0,29.499389499389498,0.1953601953601953,2.93040293040293,77.94871794871794,0.0,25.592185592185597,12.307692307692308,0.0,-38.48595848595848,-12.307692307692308,-9.18192918192918,64.66422466422466,0.0,3.711843711843712,-38.87667887667888,5.274725274725275,31.843711843711844,0.0,-110.76923076923076,-28.32722832722833,59.1941391941392,-6.837606837606837,5.274725274725275
25.2014652014652,-25.592185592185597,113.5042735042735,-5.274725274725275,0.0,27.936507936507937,-6.446886446886447,4.884004884004884,81.46520146520146,0.0,12.307692307692308,4.493284493284493,0.0,-43.95604395604396,-30.671550671550676,-13.47985347985348,72.08791208791209,0.0,-3.3211233211233213,-47.081807081807085,-4.102564102564102,38.095238095238095,0.0,-113.11355311355312,-47.081807081807085,77.16727716727716,-15.042735042735044,-4.102564102564102
22.466422466422465,-27.545787545787547,116.23931623931624,-5.274725274725275,0.0,27.155067155067155,-14.261294261294262,6.446886446886447,85.76312576312576,0.0,-0.5860805860805861,-1.3675213675213675,0.0,-45.90964590964591,-51.37973137973138,-15.433455433455434,77.94871794871794,0.0,-12.307692307692308,-56.84981684981685,-11.916971916971915,45.51892551892552,0.0,-115.84859584859583,-30.671550671550676,61.14774114774115,-22.857142857142858,-11.916971916971915
21.68498168498169,-27.545787545787547,119.75579975579976,-11.916971916971915,0.0,29.89010989010989,-16.214896214896214,10.744810744810744,77.94871794871794,0.0,-9.18192918192918,-4.884004884004884,0.0,-42.39316239316239,-65.83638583638583,-13.089133089133089,71.30647130647131,0.0,-17.77777777777778,-60.366300366300365,-16.214896214896214,44.737484737484735,0.0,-119.36507936507935,31.45299145299145,1.3675213675213675,-28.71794871794872,-16.214896214896214
19.34065934065934,-24.02930402930403,119.36507936507935,-14.261294261294262,0.0,33.01587301587302,-16.996336996336996,14.652014652014651,69.35286935286935,0.0,-13.089133089133089,-7.619047619047619,0.0,-41.22100122100122,-74.04151404151405,-9.963369963369964,67.3992673992674,0.0,-20.903540903540904,-65.83638583638583,-15.824175824175825,44.737484737484735,0.0,-118.97435897435898,42.39316239316239,-9.18192918192918,-31.45299145299145,-15.824175824175825
12.698412698412698,-19.34065934065934,113.5042735042735,-5.665445665445666,0.0,31.843711843711844,-12.698412698412698,15.433455433455434,66.22710622710623,0.0,-12.698412698412698,-9.963369963369964,0.0,-42.39316239316239,-77.16727716727716,-10.744810744810744,71.30647130647131,0.0,-26.37362637362637,-71.6971916971917,-15.042735042735044,54.114774114774114,0.0,-113.11355311355312,12.307692307692308,13.870573870573873,-31.45299145299145,-15.042735042735044
8.4004884004884,-13.870573870573873,106.86202686202688,-6.056166056166056,0.0,33.01587301587302,-4.884004884004884,16.996336996336996,49.03540903540904,0.0,-7.228327228327228,-9.18192918192918,0.0,-38.87667887667888,-77.94871794871794,-9.963369963369964,64.66422466422466,0.0,-29.10866910866911,-72.86935286935287,-13.870573870573873,53.333333333333336,0.0,-106.47130647130648,35.75091575091575,-11.526251526251526,-31.843711843711844,-13.870573870573873
8.791208791208792,-8.4004884004884,99.04761904761904,-4.102564102564102,0.0,40.83028083028083,2.148962148962149,19.34065934065934,31.843711843711844,0.0,-0.9768009768009768,-7.619047619047619,0.0,-30.28083028083028,-79.51159951159951,-5.665445665445666,53.724053724053725,0.0,-25.982905982905983,-75.995115995116,-9.18192918192918,49.03540903540904,0.0,-98.65689865689866,68.57142857142857,-43.95604395604396,-33.01587301587302,-9.18192918192918
7.228327228327228,-10.354090354090356,88.88888888888889,3.711843711843712,0.0,45.12820512820513,3.3211233211233213,15.824175824175825,23.63858363858364,0.0,-0.1953601953601953,-8.4004884004884,0.0,-21.68498168498169,-84.2002442002442,-8.791208791208792,52.16117216117216,0.0,-25.982905982905983,-77.55799755799755,-10.744810744810744,52.16117216117216,0.0,-88.4981684981685,59.58485958485959,-34.57875457875458,-31.843711843711844,-10.744810744810744
2.5396825396825395,-12.307692307692308,81.46520146520146,8.00976800976801,0.0,50.5982905982906,0.9768009768009768,15.042735042735044,12.307692307692308,0.0,-2.93040293040293,-6.056166056166056,0.0,-8.791208791208792,-88.1074481074481,-7.619047619047619,41.22100122100122,0.0,-25.592185592185597,-73.26007326007326,-13.089133089133089,48.25396825396825,0.0,-81.07448107448107,31.062271062271066,-0.9768009768009768,-25.592185592185597,-13.089133089133089
2.148962148962149,-10.744810744810744,75.995115995116,6.837606837606837,0.0,61.53846153846154,-0.1953601953601953,16.214896214896214,-2.93040293040293,0.0,-5.274725274725275,-4.493284493284493,0.0,5.274725274725275,-86.54456654456655,-4.493284493284493,25.2014652014652,0.0,-19.73137973137973,-67.00854700854701,-9.18192918192918,35.75091575091575,0.0,-75.6043956043956,69.74358974358974,-34.969474969474966,-18.168498168498168,-9.18192918192918
-1.3675213675213675,-8.00976800976801,67.3992673992674,9.963369963369964,0.0,68.18070818070818,-1.3675213675213675,15.042735042735044,-14.261294261294262,0.0,-8.00976800976801,-4.884004884004884,0.0,19.73137973137973,-85.37240537240537,-2.93040293040293,16.605616605616607,0.0,-15.824175824175825,-59.975579975579976,-4.884004884004884,30.28083028083028,0.0,-67.00854700854701,117.02075702075702,-83.80952380952381,-8.791208791208792,-4.884004884004884
-9.18192918192918,-4.493284493284493,59.58485958485959,12.698412698412698,0.0,72.86935286935287,0.5860805860805861,12.307692307692308,-29.10866910866911,0.0,-6.446886446886447,-6.056166056166056,0.0,34.18803418803419,-84.2002442002442,-2.148962148962149,6.446886446886447,0.0,-13.47985347985348,-53.724053724053725,-2.148962148962149,24.02930402930403,0.0,-59.1941391941392,105.68986568986568,-76.38583638583638,3.711843711843712,-2.148962148962149
-11.526251526251526,-0.9768009768009768,51.77045177045177,11.135531135531137,0.0,81.85592185592185,4.884004884004884,13.870573870573873,-52.16117216117216,0.0,0.1953601953601953,-7.619047619047619,0.0,50.5982905982906,-83.02808302808303,-1.7582417582417582,-7.619047619047619,0.0,-9.572649572649572,-49.03540903540904,2.93040293040293,14.261294261294262,0.0,-51.37973137973138,90.84249084249085,-64.27350427350427,13.870573870573873,2.93040293040293
-11.916971916971915,2.148962148962149,46.3003663003663,10.744810744810744,0.0,87.71672771672772,15.042735042735044,15.824175824175825,-72.47863247863248,0.0,7.619047619047619,-11.135531135531137,0.0,65.83638583638583,-79.12087912087912,-1.7582417582417582,-18.55921855921856,0.0,-5.665445665445666,-42.78388278388278,9.18192918192918,4.493284493284493,0.0,-45.90964590964591,105.2991452991453,-77.94871794871794,22.466422466422465,9.18192918192918
-15.824175824175825,3.711843711843712,42.002442002442,12.698412698412698,0.0,86.54456654456655,22.075702075702075,17.387057387057386,-83.80952380952381,0.0,14.652014652014651,-14.261294261294262,0.0,78.73015873015873,-75.21367521367522,-4.884004884004884,-23.63858363858364,0.0,-4.102564102564102,-36.92307692307692,13.870573870573873,0.1953601953601953,0.0,-41.61172161172161,101.3919413919414,-72.86935286935287,31.062271062271066,13.870573870573873
-17.77777777777778,5.665445665445666,38.87667887667888,10.354090354090356,0.0,86.93528693528694,26.37362637362637,21.68498168498169,-97.48473748473748,0.0,22.466422466422465,-13.47985347985348,0.0,92.014652014652,-67.78998778998779,-6.837606837606837,-36.14163614163614,0.0,0.1953601953601953,-30.28083028083028,22.857142857142858,-12.307692307692308,0.0,-38.48595848595848,119.36507936507935,-85.76312576312576,38.87667887667888,22.857142857142858
-16.605616605616607,9.18192918192918,37.704517704517706,4.884004884004884,0.0,84.59096459096459,33.40659340659341,24.81074481074481,-108.42490842490842,0.0,33.7973137973138,-15.433455433455434,0.0,101.78266178266178,-52.94261294261294,-8.791208791208792,-48.64468864468864,0.0,8.4004884004884,-20.903540903540904,35.36019536019536,-32.62515262515262,0.0,-37.31379731379732,145.54334554334554,-108.42490842490842,46.69108669108669,35.36019536019536
-21.68498168498169,8.4004884004884,32.234432234432234,9.18192918192918,0.0,71.30647130647131,37.704517704517706,24.02930402930403,-104.12698412698413,0.0,43.56532356532357,-16.605616605616607,0.0,105.2991452991453,-37.704517704517706,-10.744810744810744,-50.5982905982906,0.0,18.55921855921856,-15.042735042735044,47.472527472527474,-45.90964590964591,0.0,-31.843711843711844,111.15995115995116,-73.65079365079364,56.45909645909646,47.472527472527474
-24.81074481074481,6.056166056166056,27.545787545787547,13.089133089133089,0.0,58.02197802197802,39.65811965811966,22.075702075702075,-99.04761904761904,0.0,53.724053724053725,-15.042735042735044,0.0,102.95482295482296,-20.903540903540904,-15.042735042735044,-47.472527472527474,0.0,26.37362637362637,-8.4004884004884,57.24053724053724,-57.24053724053724,0.0,-27.155067155067155,96.7032967032967,-57.63125763125763,66.61782661782662,57.24053724053724
-25.2014652014652,9.572649572649572,24.42002442002442,11.135531135531137,0.0,42.39316239316239,50.5982905982906,23.247863247863247,-96.31257631257633,0.0,63.10134310134311,-12.698412698412698,0.0,100.6105006105006,-2.148962148962149,-15.042735042735044,-46.69108669108669,0.0,37.31379731379732,1.3675213675213675,68.57142857142857,-73.65079365079364,0.0,-24.02930402930403,124.44444444444444,-83.41880341880342,74.43223443223444,68.57142857142857
-25.592185592185597,12.307692307692308,22.466422466422465,13.089133089133089,0.0,19.73137973137973,61.14774114774115,21.68498168498169,-80.68376068376068,0.0,68.18070818070818,-10.354090354090356,0.0,93.96825396825396,11.135531135531137,-13.089133089133089,-34.969474969474966,0.0,45.51892551892552,12.698412698412698,76.38583638583638,-79.12087912087912,0.0,-22.075702075702075,99.04761904761904,-58.41269841269841,81.85592185592185,76.38583638583638
-28.32722832722833,15.042735042735044,17.387057387057386,18.55921855921856,0.0,0.5860805860805861,66.22710622710623,15.042735042735044,-58.41269841269841,0.0,69.35286935286935,-6.056166056166056,0.0,85.76312576312576,16.605616605616607,-15.433455433455434,-13.870573870573873,0.0,44.737484737484735,18.94993894993895,76.38583638583638,-68.57142857142857,0.0,-16.996336996336996,64.27350427350427,-28.71794871794872,84.59096459096459,76.38583638583638
-26.764346764346765,22.075702075702075,17.387057387057386,12.307692307692308,0.0,-13.870573870573873,74.04151404151405,12.698412698412698,-46.3003663003663,0.0,72.47863247863248,0.1953601953601953,0.0,83.41880341880342,22.857142857142858,-13.47985347985348,-4.102564102564102,0.0,47.86324786324786,27.155067155067155,82.24664224664225,-69.74358974358974,0.0,-16.996336996336996,62.71062271062271,-30.28083028083028,84.2002442002442,82.24664224664225
-22.857142857142858,28.71794871794872,17.387057387057386,6.837606837606837,0.0,-22.857142857142858,77.94871794871794,10.354090354090356,-33.7973137973138,0.0,76.77655677655677,6.056166056166056,0.0,81.07448107448107,30.28083028083028,-10.744810744810744,2.5396825396825395,0.0,49.81684981684982,35.75091575091575,87.71672771672772,-70.52503052503053,0.0,-16.996336996336996,72.86935286935287,-45.12820512820513,82.63736263736264,87.71672771672772
-24.81074481074481,31.062271062271066,15.824175824175825,10.354090354090356,0.0,-33.7973137973138,76.38583638583638,4.884004884004884,-14.652014652014651,0.0,77.16727716727716,11.526251526251526,0.0,73.65079365079364,37.31379731379732,-8.4004884004884,16.605616605616607,0.0,47.86324786324786,40.04884004884005,94.35897435897436,-64.27350427350427,0.0,-15.433455433455434,24.02930402930403,-0.1953601953601953,81.07448107448107,94.35897435897436
-25.2014652014652,31.843711843711844,17.77777777777778,8.791208791208792,0.0,-37.31379731379732,70.13431013431014,3.711843711843712,-2.148962148962149,0.0,77.55799755799755,16.214896214896214,0.0,66.61782661782662,45.90964590964591,-4.493284493284493,24.42002442002442,0.0,47.86324786324786,45.51892551892552,104.12698412698413,-65.83638583638583,0.0,-17.387057387057386,-31.843711843711844,56.45909645909646,77.16727716727716,104.12698412698413
-18.94993894993895,31.843711843711844,22.857142857142858,0.9768009768009768,0.0,-36.14163614163614,61.92918192918193,5.274725274725275,4.884004884004884,0.0,73.26007326007326,24.42002442002442,0.0,60.757020757020754,55.67765567765568,7.619047619047619,25.592185592185597,0.0,51.77045177045177,52.16117216117216,114.67643467643468,-68.96214896214896,0.0,-22.466422466422465,-18.55921855921856,43.17460317460318,74.82295482295483,114.67643467643468
-15.042735042735044,28.32722832722833,28.71794871794872,-1.3675213675213675,0.0,-38.095238095238095,53.333333333333336,3.711843711843712,20.512820512820515,0.0,65.05494505494505,34.969474969474966,0.0,50.989010989010985,63.49206349206349,16.996336996336996,34.57875457875458,0.0,53.333333333333336,55.67765567765568,120.14652014652016,-62.31990231990232,0.0,-28.32722832722833,3.711843711843712,20.512820512820515,71.6971916971917,120.14652014652016
-12.307692307692308,26.764346764346765,31.062271062271066,-5.274725274725275,0.0,-42.39316239316239,42.39316239316239,2.93040293040293,36.14163614163614,0.0,56.45909645909646,48.64468864468864,0.0,45.12820512820513,68.18070818070818,24.02930402930403,42.78388278388278,0.0,56.06837606837607,55.67765567765568,122.1001221001221,-53.333333333333336,0.0,-30.671550671550676,-24.02930402930403,46.3003663003663,68.18070818070818,122.1001221001221
-6.446886446886447,28.71794871794872,33.40659340659341,-12.307692307692308,0.0,-49.81684981684982,40.43956043956044,6.446886446886447,44.346764346764346,0.0,47.081807081807085,66.61782661782662,0.0,42.39316239316239,75.6043956043956,32.62515262515262,41.61172161172161,0.0,61.14774114774115,57.63125763125763,124.05372405372404,-49.42612942612943,0.0,-33.01587301587302,-43.17460317460318,58.8034188034188,65.44566544566544,124.05372405372404
-4.102564102564102,32.234432234432234,29.89010989010989,-9.18192918192918,0.0,-60.757020757020754,39.65811965811966,7.619047619047619,61.14774114774115,0.0,40.04884004884005,81.85592185592185,0.0,35.75091575091575,83.02808302808303,39.65811965811966,42.002442002442,0.0,59.975579975579976,59.975579975579976,121.7094017094017,-40.83028083028083,0.0,-29.499389499389498,-63.88278388278388,70.91575091575092,61.53846153846154,121.7094017094017
-3.711843711843712,30.671550671550676,20.903540903540904,1.3675213675213675,0.0,-74.82295482295483,36.53235653235653,7.619047619047619,79.51159951159951,0.0,34.57875457875458,92.014652014652,0.0,27.155067155067155,84.59096459096459,42.78388278388278,47.081807081807085,0.0,55.67765567765568,59.1941391941392,117.8021978021978,-30.28083028083028,0.0,-20.512820512820515,-101.001221001221,99.04761904761904,57.24053724053724,117.8021978021978
-0.1953601953601953,30.28083028083028,16.996336996336996,2.5396825396825395,0.0,-82.24664224664225,36.14163614163614,11.916971916971915,83.41880341880342,0.0,32.62515262515262,102.56410256410255,0.0,19.34065934065934,92.7960927960928,50.989010989010985,37.704517704517706,0.0,52.55189255189255,62.31990231990232,116.23931623931624,-29.499389499389498,0.0,-16.605616605616607,-91.23321123321124,83.41880341880342,53.333333333333336,116.23931623931624
5.665445665445666,25.982905982905983,10.744810744810744,0.1953601953601953,0.0,-86.93528693528694,35.36019536019536,12.307692307692308,82.24664224664225,0.0,32.62515262515262,111.15995115995116,0.0,7.228327228327228,103.73626373626374,60.366300366300365,27.545787545787547,0.0,48.64468864468864,65.83638583638583,114.28571428571428,-29.10866910866911,0.0,-10.354090354090356,-69.35286935286935,58.02197802197802,50.5982905982906,114.28571428571428
5.665445665445666,16.214896214896214,1.3675213675213675,2.93040293040293,0.0,-95.14041514041514,29.89010989010989,7.228327228327228,84.59096459096459,0.0,33.40659340659341,113.5042735042735,0.0,-6.056166056166056,112.33211233211232,65.05494505494505,30.671550671550676,0.0,43.56532356532357,66.61782661782662,110.37851037851038,-18.94993894993895,0.0,-0.9768009768009768,-103.73626373626374,91.23321123321124,48.64468864468864,110.37851037851038
7.228327228327228,9.572649572649572,-7.228327228327228,0.1953601953601953,0.0,-95.92185592185592,24.81074481074481,2.5396825396825395,77.55799755799755,0.0,34.18803418803419,111.55067155067157,0.0,-18.168498168498168,120.53724053724054,71.30647130647131,31.45299145299145,0.0,37.31379731379732,67.78998778998779,108.42490842490842,-9.18192918192918,0.0,7.619047619047619,-104.12698412698413,88.88888888888889,46.69108669108669,108.42490842490842
9.572649572649572,5.274725274725275,-16.605616605616607,-8.00976800976801,0.0,-94.74969474969475,20.903540903540904,0.1953601953601953,62.31990231990232,0.0,32.62515262515262,105.68986568986568,0.0,-27.155067155067155,128.35164835164835,81.46520146520146,24.81074481074481,0.0,31.062271062271066,71.6971916971917,109.98778998778998,-6.446886446886447,0.0,16.996336996336996,-34.969474969474966,15.433455433455434,45.90964590964591,109.98778998778998
10.744810744810744,1.3675213675213675,-31.45299145299145,-7.619047619047619,0.0,-91.23321123321124,13.47985347985348,-6.446886446886447,56.45909645909646,0.0,28.32722832722833,95.53113553113552,0.0,-33.40659340659341,127.57020757020756,81.46520146520146,29.499389499389498,0.0,23.247863247863247,70.52503052503053,107.25274725274726,3.711843711843712,0.0,31.843711843711844,-48.64468864468864,20.12210012210012,44.346764346764346,107.25274725274726
15.824175824175825,-1.7582417582417582,-45.90964590964591,-4.493284493284493,0.0,-84.59096459096459,5.665445665445666,-11.135531135531137,52.55189255189255,0.0,22.466422466422465,86.15384615384616,0.0,-38.87667887667888,124.05372405372404,82.24664224664225,34.969474969474966,0.0,14.652014652014651,66.61782661782662,104.51770451770452,14.652014652014651,0.0,46.3003663003663,-108.8156288156288,70.13431013431014,41.61172161172161,104.51770451770452
23.63858363858364,-2.93040293040293,-52.16117216117216,-10.354090354090356,0.0,-77.55799755799755,4.102564102564102,-9.572649572649572,40.04884004884005,0.0,15.042735042735044,84.98168498168498,0.0,-40.04884004884005,124.44444444444444,84.2002442002442,30.671550671550676,0.0,15.042735042735044,64.27350427350427,102.17338217338218,16.214896214896214,0.0,52.55189255189255,-78.33943833943835,35.75091575091575,39.65811965811966,102.17338217338218
34.18803418803419,-1.7582417582417582,-59.58485958485959,-13.870573870573873,0.0,-67.3992673992674,3.3211233211233213,-12.307692307692308,33.7973137973138,0.0,8.791208791208792,85.37240537240537,0.0,-43.17460317460318,124.44444444444444,84.2002442002442,32.62515262515262,0.0,15.433455433455434,61.53846153846154,98.65689865689866,21.294261294261293,0.0,59.975579975579976,-58.02197802197802,6.446886446886447,38.48595848595848,98.65689865689866
40.04884004884005,-2.148962148962149,-65.83638583638583,-9.18192918192918,0.0,-62.71062271062271,4.102564102564102,-15.042735042735044,34.969474969474966,0.0,0.1953601953601953,85.76312576312576,0.0,-49.42612942612943,119.36507936507935,86.15384615384616,40.43956043956044,0.0,12.698412698412698,55.67765567765568,94.35897435897436,32.62515262515262,0.0,66.22710622710623,-101.78266178266178,40.83028083028083,36.92307692307692,94.35897435897436
45.51892551892552,-0.9768009768009768,-71.30647130647131,-9.963369963369964,0.0,-54.5054945054945,4.884004884004884,-16.605616605616607,29.499389499389498,0.0,-9.18192918192918,85.76312576312576,0.0,-50.5982905982906,108.8156288156288,88.88888888888889,39.65811965811966,0.0,10.354090354090356,52.55189255189255,89.67032967032966,33.01587301587302,0.0,71.6971916971917,-119.75579975579976,52.55189255189255,34.57875457875458,89.67032967032966
49.03540903540904,1.7582417582417582,-80.29304029304029,-11.135531135531137,0.0,-47.472527472527474,3.3211233211233213,-18.94993894993895,21.68498168498169,0.0,-22.466422466422465,81.85592185592185,0.0,-51.77045177045177,93.18681318681318,92.4053724053724,37.704517704517706,0.0,7.619047619047619,45.90964590964591,87.71672771672772,28.71794871794872,0.0,80.68376068376068,-95.53113553113552,16.996336996336996,31.45299145299145,87.71672771672772
51.37973137973138,0.1953601953601953,-90.45177045177046,-6.056166056166056,0.0,-41.22100122100122,1.3675213675213675,-22.075702075702075,17.387057387057386,0.0,-35.36019536019536,74.04151404151405,0.0,-54.5054945054945,72.86935286935287,90.45177045177046,43.17460317460318,0.0,1.7582417582417582,36.92307692307692,79.9023199023199,31.062271062271066,0.0,90.84249084249085,-84.59096459096459,-0.9768009768009768,25.2014652014652,79.9023199023199
53.333333333333336,-1.7582417582417582,-97.87545787545788,-3.711843711843712,0.0,-36.14163614163614,0.5860805860805861,-23.63858363858364,8.00976800976801,0.0,-45.12820512820513,65.83638583638583,0.0,-57.63125763125763,52.55189255189255,88.88888888888889,45.12820512820513,0.0,-1.3675213675213675,27.545787545787547,72.86935286935287,29.10866910866911,0.0,98.26617826617829,-77.94871794871794,-11.135531135531137,18.168498168498168,72.86935286935287
56.45909645909646,0.1953601953601953,-100.6105006105006,-7.619047619047619,0.0,-30.671550671550676,7.619047619047619,-18.168498168498168,-9.963369963369964,0.0,-48.25396825396825,58.8034188034188,0.0,-60.757020757020754,42.002442002442,89.67032967032966,42.39316239316239,0.0,-4.493284493284493,22.466422466422465,68.18070818070818,26.37362637362637,0.0,101.001221001221,-62.31990231990232,-35.36019536019536,13.47985347985348,68.18070818070818
59.1941391941392,3.711843711843712,-100.21978021978022,-7.619047619047619,0.0,-25.982905982905983,17.77777777777778,-15.433455433455434,-20.903540903540904,0.0,-45.12820512820513,50.20757020757021,0.0,-68.18070818070818,34.18803418803419,89.27960927960928,48.64468864468864,0.0,-9.18192918192918,18.168498168498168,58.8034188034188,35.36019536019536,0.0,100.6105006105006,-68.57142857142857,-37.704517704517706,6.837606837606837,58.8034188034188
58.8034188034188,8.791208791208792,-99.04761904761904,-8.00976800976801,0.0,-25.982905982905983,28.32722832722833,-12.698412698412698,-27.545787545787547,0.0,-36.92307692307692,42.002442002442,0.0,-72.47863247863248,24.42002442002442,86.54456654456655,54.89621489621489,0.0,-16.214896214896214,15.042735042735044,49.42612942612943,44.346764346764346,0.0,99.43833943833944,-88.1074481074481,-24.81074481074481,0.1953601953601953,49.42612942612943
59.975579975579976,16.214896214896214,-92.014652014652,-19.34065934065934,0.0,-22.466422466422465,36.92307692307692,-7.619047619047619,-41.22100122100122,0.0,-27.545787545787547,33.40659340659341,0.0,-71.30647130647131,15.042735042735044,84.2002442002442,52.16117216117216,0.0,-24.42002442002442,15.824175824175825,45.51892551892552,42.78388278388278,0.0,92.4053724053724,-66.22710622710623,-55.67765567765568,-6.056166056166056,45.51892551892552
59.975579975579976,22.857142857142858,-85.37240537240537,-28.32722832722833,0.0,-17.387057387057386,38.48595848595848,-6.446886446886447,-44.346764346764346,0.0,-23.247863247863247,17.387057387057386,0.0,-72.47863247863248,-0.1953601953601953,78.33943833943835,56.45909645909646,0.0,-36.53235653235653,12.698412698412698,40.43956043956044,44.737484737484735,0.0,85.76312576312576,-61.14774114774115,-68.96214896214896,-14.261294261294262,40.43956043956044
55.28693528693529,24.02930402930403,-80.29304029304029,-26.764346764346765,0.0,-15.042735042735044,31.062271062271066,-9.963369963369964,-33.40659340659341,0.0,-25.2014652014652,-5.665445665445666,0.0,-75.21367521367522,-19.73137973137973,67.00854700854701,69.74358974358974,0.0,-52.16117216117216,7.228327228327228,34.969474969474966,50.989010989010985,0.0,80.68376068376068,-111.94139194139194,-27.936507936507937,-18.55921855921856,34.969474969474966
50.20757020757021,27.936507936507937,-76.38583638583638,-24.42002442002442,0.0,-10.744810744810744,26.37362637362637,-13.089133089133089,-24.81074481074481,0.0,-26.37362637362637,-29.10866910866911,0.0,-73.26007326007326,-35.36019536019536,53.724053724053725,81.85592185592185,0.0,-65.44566544566544,4.102564102564102,33.40659340659341,53.333333333333336,0.0,76.77655677655677,-103.34554334554336,-46.3003663003663,-20.12210012210012,33.40659340659341
46.3003663003663,38.48595848595848,-68.96214896214896,-32.234432234432234,0.0,-2.5396825396825395,28.32722832722833,-10.744810744810744,-30.28083028083028,0.0,-27.155067155067155,-46.3003663003663,0.0,-70.52503052503053,-40.04884004884005,46.69108669108669,79.12087912087912,0.0,-72.08791208791209,4.884004884004884,34.18803418803419,47.081807081807085,0.0,69.35286935286935,-49.81684981684982,-107.64346764346764,-22.075702075702075,34.18803418803419
40.83028083028083,44.737484737484735,-63.88278388278388,-31.843711843711844,0.0,0.1953601953601953,30.671550671550676,-14.652014652014651,-25.592185592185597,0.0,-28.32722832722833,-58.02197802197802,0.0,-71.6971916971917,-42.78388278388278,41.22100122100122,82.63736263736264,0.0,-77.16727716727716,4.493284493284493,30.28083028083028,49.81684981684982,0.0,64.27350427350427,-72.08791208791209,-91.23321123321124,-23.247863247863247,30.28083028083028
36.92307692307692,50.989010989010985,-58.02197802197802,-40.43956043956044,0.0,4.102564102564102,33.40659340659341,-16.214896214896214,-31.843711843711844,0.0,-29.499389499389498,-59.58485958485959,0.0,-70.13431013431014,-42.78388278388278,36.14163614163614,80.29304029304029,0.0,-80.29304029304029,9.572649572649572,23.247863247863247,49.03540903540904,0.0,58.41269841269841,-113.89499389499387,-47.081807081807085,-28.71794871794872,23.247863247863247
36.14163614163614,56.06837606837607,-46.69108669108669,-59.1941391941392,0.0,9.572649572649572,34.969474969474966,-12.698412698412698,-44.737484737484735,0.0,-34.57875457875458,-57.24053724053724,0.0,-70.13431013431014,-45.51892551892552,41.61172161172161,68.96214896214896,0.0,-81.07448107448107,13.47985347985348,21.68498168498169,40.04884004884005,0.0,47.081807081807085,-75.21367521367522,-77.94871794871794,-39.65811965811966,21.68498168498169
32.234432234432234,55.67765567765568,-37.31379731379732,-66.22710622710623,0.0,10.744810744810744,27.155067155067155,-11.916971916971915,-42.002442002442,0.0,-43.95604395604396,-55.67765567765568,0.0,-73.26007326007326,-50.989010989010985,45.90964590964591,69.35286935286935,0.0,-84.59096459096459,14.652014652014651,19.73137973137973,39.65811965811966,0.0,37.704517704517706,-34.57875457875458,-112.72283272283272,-49.81684981684982,19.73137973137973
25.2014652014652,52.94261294261294,-31.843711843711844,-66.22710622710623,0.0,8.4004884004884,15.824175824175825,-13.089133089133089,-30.28083028083028,0.0,-56.06837606837607,-55.28693528693529,0.0,-74.82295482295483,-63.88278388278388,45.51892551892552,81.46520146520146,0.0,-92.7960927960928,16.214896214896214,20.512820512820515,43.17460317460318,0.0,32.234432234432234,-52.94261294261294,-92.7960927960928,-55.67765567765568,20.512820512820515
19.73137973137973,54.89621489621489,-25.982905982905983,-67.3992673992674,0.0,5.665445665445666,7.228327228327228,-9.963369963369964,-20.903540903540904,0.0,-65.05494505494505,-54.5054945054945,0.0,-72.08791208791209,-69.74358974358974,45.12820512820513,87.32600732600733,0.0,-97.48473748473748,18.94993894993895,26.764346764346765,41.22100122100122,0.0,26.37362637362637,-67.00854700854701,-83.80952380952381,-56.45909645909646,26.764346764346765
15.824175824175825,57.24053724053724,-20.903540903540904,-61.92918192918193,0.0,4.493284493284493,-0.1953601953601953,-8.4004884004884,-5.665445665445666,0.0,-68.57142857142857,-51.37973137973138,0.0,-70.13431013431014,-62.31990231990232,44.737484737484735,91.62393162393164,0.0,-97.09401709401708,26.764346764346765,31.45299145299145,40.83028083028083,0.0,21.294261294261293,-35.36019536019536,-120.14652014652016,-50.5982905982906,31.45299145299145
6.837606837606837,58.8034188034188,-15.042735042735044,-53.724053724053725,0.0,1.7582417582417582,-7.228327228327228,-9.572649572649572,12.307692307692308,0.0,-70.13431013431014,-49.42612942612943,0.0,-69.74358974358974,-50.20757020757021,39.65811965811966,103.73626373626374,0.0,-96.31257631257633,36.53235653235653,33.7973137973138,46.3003663003663,0.0,15.433455433455434,-19.73137973137973,-133.04029304029305,-43.95604395604396,33.7973137973138
0.5860805860805861,62.71062271062271,-6.837606837606837,-50.989010989010985,0.0,-1.3675213675213675,-4.493284493284493,-7.228327228327228,19.73137973137973,0.0,-66.22710622710623,-44.346764346764346,0.0,-66.61782661782662,-33.40659340659341,38.095238095238095,106.47130647130648,0.0,-89.27960927960928,47.081807081807085,36.92307692307692,48.25396825396825,0.0,7.228327228327228,-21.68498168498169,-124.83516483516485,-38.87667887667888,36.92307692307692
-1.7582417582417582,65.05494505494505,3.3211233211233213,-51.77045177045177,0.0,-1.3675213675213675,0.9768009768009768,-4.102564102564102,18.55921855921856,0.0,-57.24053724053724,-41.22100122100122,0.0,-62.71062271062271,-16.996336996336996,40.83028083028083,102.95482295482296,0.0,-78.73015873015873,53.333333333333336,40.43956043956044,46.3003663003663,0.0,-2.93040293040293,-2.5396825396825395,-129.52380952380952,-40.83028083028083,40.43956043956044
-9.572649572649572,62.71062271062271,10.744810744810744,-44.737484737484735,0.0,-4.102564102564102,3.3211233211233213,-2.5396825396825395,23.247863247863247,0.0,-48.25396825396825,-44.737484737484735,0.0,-58.02197802197802,-12.698412698412698,38.095238095238095,108.8156288156288,0.0,-72.08791208791209,52.94261294261294,41.61172161172161,51.77045177045177,0.0,-10.354090354090356,-15.433455433455434,-101.78266178266178,-47.081807081807085,41.61172161172161
-17.77777777777778,58.02197802197802,16.996336996336996,-36.53235653235653,0.0,-8.00976800976801,4.102564102564102,-3.3211233211233213,28.32722832722833,0.0,-36.14163614163614,-54.114774114774114,0.0,-51.77045177045177,-11.135531135531137,33.7973137973138,110.76923076923076,0.0,-66.22710622710623,47.86324786324786,41.22100122100122,57.24053724053724,0.0,-16.605616605616607,-42.78388278388278,-58.41269841269841,-54.114774114774114,41.22100122100122
-24.42002442002442,54.5054945054945,23.247863247863247,-36.92307692307692,0.0,-7.619047619047619,3.711843711843712,-2.5396825396825395,23.63858363858364,0.0,-20.903540903540904,-65.44566544566544,0.0,-44.346764346764346,-2.5396825396825395,26.764346764346765,100.6105006105006,0.0,-57.24053724053724,44.737484737484735,38.48595848595848,53.333333333333336,0.0,-22.857142857142858,1.7582417582417582,-84.2002442002442,-61.14774114774115,38.48595848595848
-35.36019536019536,49.81684981684982,26.37362637362637,-30.671550671550676,0.0,-11.135531135531137,-0.5860805860805861,-4.493284493284493,27.545787545787547,0.0,-7.228327228327228,-79.12087912087912,0.0,-38.48595848595848,9.963369963369964,14.652014652014651,93.96825396825396,0.0,-48.25396825396825,43.56532356532357,31.062271062271066,52.55189255189255,0.0,-25.982905982905983,12.698412698412698,-75.995115995116,-61.92918192918193,31.062271062271066
-51.37973137973138,45.90964590964591,25.2014652014652,-15.433455433455434,0.0,-22.857142857142858,-2.5396825396825395,-9.963369963369964,40.04884004884005,0.0,0.9768009768009768,-88.88888888888889,0.0,-38.87667887667888,25.592185592185597,2.5396825396825395,99.82905982905984,0.0,-40.04884004884005,43.95604395604396,23.247863247863247,61.14774114774115,0.0,-24.81074481074481,-28.32722832722833,-18.168498168498168,-57.24053724053724,23.247863247863247
-59.58485958485959,50.20757020757021,25.592185592185597,-11.916971916971915,0.0,-29.499389499389498,2.148962148962149,-9.963369963369964,42.39316239316239,0.0,11.135531135531137,-87.71672771672772,0.0,-34.57875457875458,40.04884004884005,-4.102564102564102,99.43833943833944,0.0,-26.764346764346765,47.081807081807085,15.042735042735044,63.49206349206349,0.0,-25.2014652014652,-5.665445665445666,-27.155067155067155,-53.724053724053725,15.042735042735044
-64.27350427350427,56.45909645909646,26.764346764346765,-8.791208791208792,0.0,-37.31379731379732,9.572649572649572,-8.00976800976801,46.3003663003663,0.0,17.77777777777778,-82.24664224664225,0.0,-30.671550671550676,49.81684981684982,-4.493284493284493,101.001221001221,0.0,-13.089133089133089,48.64468864468864,13.089133089133089,64.66422466422466,0.0,-26.37362637362637,54.114774114774114,-78.33943833943835,-50.20757020757021,13.089133089133089
-71.6971916971917,59.1941391941392,25.2014652014652,0.1953601953601953,0.0,-49.03540903540904,15.042735042735044,-10.354090354090356,58.41269841269841,0.0,18.168498168498168,-75.21367521367522,0.0,-28.71794871794872,47.081807081807085,-4.493284493284493,111.94139194139194,0.0,-4.102564102564102,46.3003663003663,10.354090354090356,71.30647130647131,0.0,-24.81074481074481,35.75091575091575,-53.724053724053725,-49.03540903540904,10.354090354090356
-73.65079365079364,60.366300366300365,23.247863247863247,0.9768009768009768,0.0,-59.1941391941392,20.12210012210012,-12.307692307692308,63.49206349206349,0.0,14.261294261294262,-64.66422466422466,0.0,-26.37362637362637,41.22100122100122,-1.3675213675213675,113.89499389499387,0.0,2.148962148962149,42.39316239316239,7.619047619047619,72.08791208791209,0.0,-22.857142857142858,2.5396825396825395,-18.94993894993895,-47.081807081807085,7.619047619047619
-72.08791208791209,57.63125763125763,22.075702075702075,-3.3211233211233213,0.0,-65.05494505494505,22.075702075702075,-13.870573870573873,61.92918192918193,0.0,7.619047619047619,-55.67765567765568,0.0,-22.857142857142858,38.095238095238095,2.5396825396825395,108.42490842490842,0.0,8.00976800976801,42.39316239316239,8.791208791208792,64.66422466422466,0.0,-21.68498168498169,42.39316239316239,-54.89621489621489,-45.12820512820513,8.791208791208792
-72.08791208791209,49.81684981684982,16.605616605616607,-2.5396825396825395,0.0,-73.26007326007326,19.73137973137973,-17.387057387057386,63.49206349206349,0.0,-0.9768009768009768,-47.081807081807085,0.0,-22.075702075702075,35.75091575091575,0.5860805860805861,110.37851037851038,0.0,8.4004884004884,45.90964590964591,4.102564102564102,63.88278388278388,0.0,-16.214896214896214,53.333333333333336,-61.92918192918193,-40.43956043956044,4.102564102564102
-71.6971916971917,43.95604395604396,6.837606837606837,4.102564102564102,0.0,-83.02808302808303,19.34065934065934,-22.075702075702075,69.74358974358974,0.0,-4.102564102564102,-36.14163614163614,0.0,-21.294261294261293,41.22100122100122,-5.665445665445666,113.89499389499387,0.0,8.00976800976801,48.64468864468864,-2.93040293040293,72.47863247863248,0.0,-6.446886446886447,19.73137973137973,-33.01587301587302,-31.062271062271066,-2.93040293040293
-67.00854700854701,42.39316239316239,2.148962148962149,2.5396825396825395,0.0,-84.59096459096459,23.63858363858364,-22.075702075702075,63.88278388278388,0.0,2.5396825396825395,-25.2014652014652,0.0,-14.652014652014651,56.06837606837607,-13.47985347985348,109.5970695970696,0.0,12.698412698412698,56.45909645909646,-6.446886446886447,72.86935286935287,0.0,-1.7582417582417582,14.652014652014651,-30.28083028083028,-21.294261294261293,-6.446886446886447
-65.05494505494505,43.95604395604396,-3.711843711843712,9.572649572649572,0.0,-86.93528693528694,31.45299145299145,-24.81074481074481,65.44566544566544,0.0,13.47985347985348,-17.77777777777778,0.0,-7.228327228327228,71.6971916971917,-20.903540903540904,107.25274725274726,0.0,19.73137973137973,64.66422466422466,-10.354090354090356,75.21367521367522,0.0,4.102564102564102,15.433455433455434,-34.969474969474966,-9.572649572649572,-10.354090354090356
-64.66422466422466,45.12820512820513,-10.744810744810744,21.294261294261293,0.0,-89.27960927960928,40.83028083028083,-29.499389499389498,70.52503052503053,0.0,32.62515262515262,-14.261294261294262,0.0,1.3675213675213675,85.76312576312576,-29.10866910866911,108.03418803418803,0.0,28.32722832722833,69.74358974358974,-16.214896214896214,82.24664224664225,0.0,11.135531135531137,9.572649572649572,-31.45299145299145,0.9768009768009768,-16.214896214896214
-61.14774114774115,45.90964590964591,-13.870573870573873,23.247863247863247,0.0,-85.76312576312576,49.42612942612943,-33.01587301587302,64.27350427350427,0.0,53.724053724053725,-18.94993894993895,0.0,14.652014652014651,92.7960927960928,-37.31379731379732,101.78266178266178,0.0,38.095238095238095,74.04151404151405,-20.903540903540904,79.51159951159951,0.0,14.261294261294262,33.01587301587302,-53.333333333333336,9.963369963369964,-20.903540903540904
-56.84981684981685,45.12820512820513,-13.089133089133089,20.12210012210012,0.0,-78.73015873015873,52.94261294261294,-34.969474969474966,57.24053724053724,0.0,68.96214896214896,-28.71794871794872,0.0,31.062271062271066,87.71672771672772,-43.56532356532357,94.74969474969475,0.0,45.12820512820513,74.43223443223444,-25.2014652014652,74.04151404151405,0.0,13.47985347985348,57.24053724053724,-74.04151404151405,15.824175824175825,-25.2014652014652
-56.84981684981685,38.095238095238095,-16.214896214896214,25.982905982905983,0.0,-76.38583638583638,48.25396825396825,-39.65811965811966,59.58485958485959,0.0,81.46520146520146,-42.002442002442,0.0,44.346764346764346,74.43223443223444,-54.114774114774114,97.09401709401708,0.0,47.472527472527474,67.78998778998779,-37.31379731379732,82.24664224664225,0.0,16.605616605616607,23.247863247863247,-35.75091575091575,22.857142857142858,-37.31379731379732
-57.63125763125763,32.62515262515262,-18.94993894993895,31.45299145299145,0.0,-71.6971916971917,40.43956043956044,-43.56532356532357,62.71062271062271,0.0,92.014652014652,-54.89621489621489,0.0,58.41269841269841,59.975579975579976,-68.57142857142857,97.87545787545788,0.0,48.25396825396825,59.1941391941392,-45.51892551892552,84.98168498168498,0.0,19.34065934065934,-1.7582417582417582,-8.791208791208792,29.499389499389498,-45.51892551892552
-56.45909645909646,30.671550671550676,-19.34065934065934,29.499389499389498,0.0,-65.44566544566544,38.095238095238095,-43.56532356532357,55.67765567765568,0.0,100.6105006105006,-63.10134310134311,0.0,70.52503052503053,50.5982905982906,-74.43223443223444,87.71672771672772,0.0,52.55189255189255,53.333333333333336,-50.20757020757021,77.55799755799755,0.0,19.73137973137973,42.002442002442,-47.081807081807085,34.969474969474966,-50.20757020757021
-56.84981684981685,27.936507936507937,-20.903540903540904,34.18803418803419,0.0,-66.22710622710623,38.48595848595848,-43.56532356532357,55.28693528693529,0.0,106.08058608058607,-63.10134310134311,0.0,71.30647130647131,44.737484737484735,-75.6043956043956,81.07448107448107,0.0,54.89621489621489,49.81684981684982,-62.31990231990232,77.94871794871794,0.0,21.294261294261293,24.81074481074481,-22.857142857142858,42.002442002442,-62.31990231990232
-58.8034188034188,23.247863247863247,-24.42002442002442,40.83028083028083,0.0,-72.86935286935287,40.04884004884005,-44.737484737484735,59.1941391941392,0.0,110.37851037851038,-59.975579975579976,0.0,62.71062271062271,36.53235653235653,-79.9023199023199,85.37240537240537,0.0,52.94261294261294,41.61172161172161,-75.21367521367522,83.80952380952381,0.0,24.81074481074481,-0.9768009768009768,9.963369963369964,41.61172161172161,-75.21367521367522
-51.37973137973138,21.294261294261293,-24.42002442002442,32.234432234432234,0.0,-77.94871794871794,44.346764346764346,-41.61172161172161,52.16117216117216,0.0,109.5970695970696,-49.81684981684982,0.0,51.77045177045177,24.02930402930403,-72.08791208791209,79.9023199023199,0.0,53.724053724053725,34.969474969474966,-87.71672771672772,81.46520146520146,0.0,24.81074481074481,29.89010989010989,-16.605616605616607,39.65811965811966,-87.71672771672772
-42.78388278388278,16.605616605616607,-25.982905982905983,22.857142857142858,0.0,-84.98168498168498,44.346764346764346,-37.31379731379732,49.03540903540904,0.0,100.6105006105006,-35.75091575091575,0.0,39.26739926739927,8.00976800976801,-63.49206349206349,78.73015873015873,0.0,53.333333333333336,26.37362637362637,-100.6105006105006,81.46520146520146,0.0,26.37362637362637,69.74358974358974,-54.114774114774114,33.40659340659341,-100.6105006105006
-37.704517704517706,9.18192918192918,-30.28083028083028,23.247863247863247,0.0,-97.09401709401708,41.22100122100122,-36.53235653235653,56.45909645909646,0.0,89.67032967032966,-27.155067155067155,0.0,26.764346764346765,-7.619047619047619,-60.366300366300365,85.37240537240537,0.0,51.37973137973138,16.996336996336996,-109.98778998778998,84.2002442002442,0.0,30.671550671550676,38.095238095238095,-23.63858363858364,29.89010989010989,-109.98778998778998
-31.062271062271066,4.493284493284493,-31.843711843711844,16.996336996336996,0.0,-103.34554334554336,36.92307692307692,-33.7973137973138,58.41269841269841,0.0,76.77655677655677,-14.261294261294262,0.0,21.294261294261293,-19.73137973137973,-56.06837606837607,85.37240537240537,0.0,52.16117216117216,12.698412698412698,-110.76923076923076,75.6043956043956,0.0,32.234432234432234,-3.711843711843712,15.042735042735044,31.062271062271066,-110.76923076923076
-26.37362637362637,0.1953601953601953,-25.592185592185597,6.837606837606837,0.0,-106.47130647130648,33.01587301587302,-27.545787545787547,55.28693528693529,0.0,63.10134310134311,-1.7582417582417582,0.0,17.77777777777778,-21.294261294261293,-49.81684981684982,81.07448107448107,0.0,54.114774114774114,14.652014652014651,-107.64346764346764,64.27350427350427,0.0,25.982905982905983,19.73137973137973,-1.7582417582417582,30.28083028083028,-107.64346764346764
-25.982905982905983,-4.493284493284493,-16.996336996336996,1.3675213675213675,0.0,-109.2063492063492,25.592185592185597,-23.247863247863247,59.58485958485959,0.0,52.16117216117216,8.00976800976801,0.0,12.307692307692308,-18.94993894993895,-47.081807081807085,83.02808302808303,0.0,54.5054945054945,20.512820512820515,-107.25274725274726,59.58485958485959,0.0,17.387057387057386,36.14163614163614,-13.870573870573873,34.57875457875458,-107.25274725274726
-22.857142857142858,-4.884004884004884,-7.228327228327228,-5.665445665445666,0.0,-109.5970695970696,27.545787545787547,-21.68498168498169,60.366300366300365,0.0,47.472527472527474,18.94993894993895,0.0,8.791208791208792,-15.042735042735044,-46.69108669108669,88.1074481074481,0.0,55.28693528693529,25.982905982905983,-108.42490842490842,59.58485958485959,0.0,7.619047619047619,17.77777777777778,2.5396825396825395,40.83028083028083,-108.42490842490842
-16.605616605616607,-2.148962148962149,2.148962148962149,-17.77777777777778,0.0,-103.73626373626374,33.7973137973138,-15.824175824175825,49.81684981684982,0.0,46.3003663003663,26.37362637362637,0.0,4.884004884004884,-7.228327228327228,-40.43956043956044,84.98168498168498,0.0,58.8034188034188,33.01587301587302,-108.8156288156288,56.45909645909646,0.0,-1.7582417582417582,11.526251526251526,8.791208791208792,43.56532356532357,-108.8156288156288
-13.089133089133089,0.1953601953601953,6.056166056166056,-18.168498168498168,0.0,-102.17338217338218,41.61172161172161,-13.47985347985348,46.3003663003663,0.0,48.64468864468864,27.155067155067155,0.0,3.711843711843712,-4.493284493284493,-37.704517704517706,86.15384615384616,0.0,61.53846153846154,35.36019536019536,-111.94139194139194,59.975579975579976,0.0,-5.665445665445666,0.9768009768009768,17.387057387057386,43.95604395604396,-111.94139194139194
-11.526251526251526,-0.9768009768009768,5.665445665445666,-13.47985347985348,0.0,-96.7032967032967,45.90964590964591,-15.042735042735044,44.346764346764346,0.0,51.37973137973138,18.168498168498168,0.0,4.884004884004884,-7.228327228327228,-42.78388278388278,88.1074481074481,0.0,58.8034188034188,32.62515262515262,-115.06715506715508,65.05494505494505,0.0,-5.274725274725275,-6.446886446886447,20.512820512820515,43.56532356532357,-115.06715506715508
-11.135531135531137,-6.837606837606837,8.00976800976801,-15.433455433455434,0.0,-81.07448107448107,38.095238095238095,-15.824175824175825,32.62515262515262,0.0,51.37973137973138,1.3675213675213675,0.0,15.433455433455434,-16.605616605616607,-47.86324786324786,77.55799755799755,0.0,53.333333333333336,27.545787545787547,-116.63003663003664,62.31990231990232,0.0,-7.619047619047619,31.062271062271066,-10.354090354090356,37.704517704517706,-116.63003663003664
-14.261294261294262,-14.261294261294262,7.619047619047619,-16.605616605616607,0.0,-61.14774114774115,16.214896214896214,-19.73137973137973,25.982905982905983,0.0,44.346764346764346,-20.12210012210012,0.0,30.671550671550676,-29.10866910866911,-55.67765567765568,64.27350427350427,0.0,48.64468864468864,20.512820512820515,-118.1929181929182,56.45909645909646,0.0,-7.228327228327228,57.63125763125763,-30.671550671550676,32.62515262515262,-118.1929181929182
-18.55921855921856,-25.982905982905983,2.5396825396825395,-9.963369963369964,0.0,-42.002442002442,-15.433455433455434,-30.671550671550676,35.75091575091575,0.0,31.45299145299145,-46.3003663003663,0.0,41.61172161172161,-45.90964590964591,-67.78998778998779,61.14774114774115,0.0,37.704517704517706,12.307692307692308,-118.97435897435898,56.06837606837607,0.0,-2.148962148962149,42.78388278388278,-13.47985347985348,31.062271062271066,-118.97435897435898
-18.94993894993895,-34.969474969474966,-1.3675213675213675,-6.837606837606837,0.0,-22.075702075702075,-43.56532356532357,-38.87667887667888,42.002442002442,0.0,16.605616605616607,-67.3992673992674,0.0,50.989010989010985,-60.757020757020754,-75.995115995116,54.114774114774114,0.0,29.499389499389498,7.619047619047619,-123.66300366300366,51.77045177045177,0.0,1.7582417582417582,48.25396825396825,-14.261294261294262,30.28083028083028,-123.66300366300366
-18.94993894993895,-37.31379731379732,-4.884004884004884,-8.791208791208792,0.0,-10.744810744810744,-63.10134310134311,-38.095238095238095,40.43956043956044,0.0,3.3211233211233213,-79.12087912087912,0.0,55.28693528693529,-68.18070818070818,-77.16727716727716,36.14163614163614,0.0,24.02930402930403,6.446886446886447,-124.05372405372404,37.31379731379732,0.0,5.274725274725275,97.48473748473748,-58.02197802197802,29.89010989010989,-124.05372405372404
-16.996336996336996,-41.61172161172161,-7.228327228327228,-5.665445665445666,0.0,-7.228327228327228,-74.43223443223444,-35.75091575091575,44.346764346764346,0.0,-6.837606837606837,-86.93528693528694,0.0,49.42612942612943,-77.94871794871794,-76.77655677655677,29.10866910866911,0.0,14.652014652014651,4.493284493284493,-127.17948717948718,29.89010989010989,0.0,7.619047619047619,105.68986568986568,-64.27350427350427,30.28083028083028,-127.17948717948718
-11.916971916971915,-45.51892551892552,-10.354090354090356,-3.3211233211233213,0.0,-1.7582417582417582,-82.24664224664225,-34.57875457875458,45.90964590964591,0.0,-13.47985347985348,-87.71672771672772,0.0,38.095238095238095,-91.62393162393164,-79.9023199023199,27.545787545787547,0.0,6.446886446886447,-2.5396825396825395,-138.9010989010989,28.32722832722833,0.0,10.744810744810744,61.14774114774115,-17.387057387057386,26.37362637362637,-138.9010989010989
-4.102564102564102,-45.12820512820513,-12.307692307692308,-11.135531135531137,0.0,5.274725274725275,-89.27960927960928,-24.81074481074481,32.62515262515262,0.0,-21.68498168498169,-83.02808302808303,0.0,27.936507936507937,-103.34554334554336,-74.82295482295483,13.089133089133089,0.0,1.3675213675213675,-11.916971916971915,-143.98046398046398,16.605616605616607,0.0,12.698412698412698,95.53113553113552,-47.472527472527474,17.77777777777778,-143.98046398046398
5.665445665445666,-44.346764346764346,-19.34065934065934,-12.698412698412698,0.0,10.744810744810744,-96.7032967032967,-17.77777777777778,31.062271062271066,0.0,-29.89010989010989,-74.43223443223444,0.0,12.307692307692308,-113.89499389499387,-69.35286935286935,9.18192918192918,0.0,-2.93040293040293,-22.857142857142858,-145.54334554334554,9.572649572649572,0.0,19.73137973137973,120.53724053724054,-75.6043956043956,8.4004884004884,-145.54334554334554
13.089133089133089,-45.51892551892552,-27.545787545787547,-8.00976800976801,0.0,9.18192918192918,-105.2991452991453,-14.652014652014651,40.04884004884005,0.0,-42.39316239316239,-64.66422466422466,0.0,-8.4004884004884,-122.1001221001221,-61.92918192918193,11.526251526251526,0.0,-9.572649572649572,-32.62515262515262,-142.41758241758242,3.3211233211233213,0.0,27.936507936507937,81.07448107448107,-40.04884004884005,0.9768009768009768,-142.41758241758242
23.63858363858364,-43.56532356532357,-36.53235653235653,-6.837606837606837,0.0,8.00976800976801,-109.2063492063492,-6.056166056166056,42.002442002442,0.0,-52.16117216117216,-49.81684981684982,0.0,-26.37362637362637,-119.36507936507935,-51.77045177045177,6.837606837606837,0.0,-13.089133089133089,-35.36019536019536,-136.16605616605617,-6.056166056166056,0.0,36.92307692307692,35.75091575091575,0.5860805860805861,-4.493284493284493,-136.16605616605617
34.57875457875458,-40.04884004884005,-41.22100122100122,-6.056166056166056,0.0,2.93040293040293,-106.08058608058607,1.7582417582417582,46.3003663003663,0.0,-59.1941391941392,-34.57875457875458,0.0,-47.472527472527474,-106.47130647130648,-38.87667887667888,4.493284493284493,0.0,-16.605616605616607,-31.45299145299145,-124.83516483516485,-15.042735042735044,0.0,41.61172161172161,40.83028083028083,-9.18192918192918,-8.4004884004884,-124.83516483516485
42.39316239316239,-39.26739926739927,-44.346764346764346,-0.9768009768009768,0.0,-4.102564102564102,-100.21978021978022,4.493284493284493,56.06837606837607,0.0,-63.49206349206349,-22.075702075702075,0.0,-68.18070818070818,-92.014652014652,-32.234432234432234,9.572649572649572,0.0,-22.857142857142858,-27.545787545787547,-118.1929181929182,-13.47985347985348,0.0,44.737484737484735,50.5982905982906,-24.81074481074481,-10.744810744810744,-118.1929181929182
51.37973137973138,-36.14163614163614,-47.081807081807085,1.3675213675213675,0.0,-6.056166056166056,-89.67032967032966,7.228327228327228,56.45909645909646,0.0,-58.41269841269841,-12.698412698412698,0.0,-81.46520146520146,-77.55799755799755,-31.062271062271066,11.135531135531137,0.0,-27.155067155067155,-26.37362637362637,-115.84859584859583,-8.4004884004884,0.0,47.472527472527474,25.982905982905983,-7.228327228327228,-13.47985347985348,-115.84859584859583
58.02197802197802,-28.32722832722833,-47.472527472527474,-0.9768009768009768,0.0,-5.274725274725275,-72.86935286935287,8.4004884004884,48.64468864468864,0.0,-49.03540903540904,-8.4004884004884,0.0,-88.1074481074481,-64.27350427350427,-29.89010989010989,6.056166056166056,0.0,-30.671550671550676,-27.545787545787547,-110.76923076923076,-7.619047619047619,0.0,47.86324786324786,13.870573870573873,-4.493284493284493,-17.387057387057386,-110.76923076923076
61.53846153846154,-25.592185592185597,-46.69108669108669,4.493284493284493,0.0,-0.9768009768009768,-61.92918192918193,4.493284493284493,51.77045177045177,0.0,-38.48595848595848,-12.307692307692308,0.0,-93.96825396825396,-58.02197802197802,-33.7973137973138,8.4004884004884,0.0,-35.36019536019536,-34.57875457875458,-106.86202686202688,-0.9768009768009768,0.0,47.081807081807085,-9.963369963369964,11.526251526251526,-21.68498168498169,-106.86202686202688
65.83638583638583,-24.81074481074481,-43.95604395604396,11.135531135531137,0.0,8.4004884004884,-54.114774114774114,0.1953601953601953,51.37973137973138,0.0,-22.466422466422465,-23.63858363858364,0.0,-92.014652014652,-54.89621489621489,-40.43956043956044,9.572649572649572,0.0,-37.704517704517706,-43.17460317460318,-103.34554334554336,5.665445665445666,0.0,44.346764346764346,-61.14774114774115,53.724053724053725,-25.592185592185597,-103.34554334554336
72.86935286935287,-23.63858363858364,-39.26739926739927,8.00976800976801,0.0,27.936507936507937,-49.03540903540904,-4.884004884004884,42.78388278388278,0.0,-6.446886446886447,-38.095238095238095,0.0,-83.80952380952381,-48.25396825396825,-45.12820512820513,0.5860805860805861,0.0,-38.48595848595848,-47.86324786324786,-95.14041514041514,3.3211233211233213,0.0,39.65811965811966,-53.724053724053725,39.65811965811966,-28.71794871794872,-95.14041514041514
78.33943833943835,-25.982905982905983,-31.843711843711844,7.619047619047619,0.0,50.20757020757021,-52.55189255189255,-9.963369963369964,39.26739926739927,0.0,6.056166056166056,-56.45909645909646,0.0,-76.77655677655677,-38.87667887667888,-51.37973137973138,-4.102564102564102,0.0,-40.83028083028083,-47.081807081807085,-87.32600732600733,4.102564102564102,0.0,32.234432234432234,-40.04884004884005,22.466422466422465,-29.10866910866911,-87.32600732600733
80.68376068376068,-35.36019536019536,-29.89010989010989,15.433455433455434,0.0,71.6971916971917,-61.92918192918193,-22.857142857142858,42.78388278388278,0.0,19.34065934065934,-82.63736263736264,0.0,-70.91575091575092,-34.969474969474966,-61.53846153846154,-0.1953601953601953,0.0,-47.86324786324786,-49.42612942612943,-86.15384615384616,15.433455433455434,0.0,30.28083028083028,-90.45177045177046,65.83638583638583,-27.155067155067155,-86.15384615384616
85.37240537240537,-40.83028083028083,-30.671550671550676,16.214896214896214,0.0,95.14041514041514,-69.35286935286935,-36.53235653235653,39.65811965811966,0.0,33.7973137973138,-108.42490842490842,0.0,-65.05494505494505,-26.37362637362637,-70.13431013431014,-3.3211233211233213,0.0,-51.77045177045177,-50.5982905982906,-85.76312576312576,22.466422466422465,0.0,31.062271062271066,-70.52503052503053,37.31379731379732,-25.982905982905983,-85.76312576312576
90.06105006105007,-44.346764346764346,-27.936507936507937,15.433455433455434,0.0,114.28571428571428,-73.26007326007326,-42.78388278388278,34.57875457875458,0.0,45.51892551892552,-123.27228327228327,0.0,-62.31990231990232,-14.261294261294262,-72.86935286935287,-9.963369963369964,0.0,-51.77045177045177,-50.5982905982906,-82.63736263736264,23.63858363858364,0.0,28.32722832722833,-15.042735042735044,-20.12210012210012,-26.764346764346765,-82.63736263736264
93.96825396825396,-49.81684981684982,-30.671550671550676,25.982905982905983,0.0,126.3980463980464,-79.9023199023199,-51.37973137973138,42.39316239316239,0.0,51.77045177045177,-132.25885225885227,0.0,-65.44566544566544,-7.228327228327228,-72.47863247863248,-8.4004884004884,0.0,-53.333333333333336,-55.28693528693529,-78.73015873015873,31.062271062271066,0.0,31.062271062271066,-48.25396825396825,6.446886446886447,-30.28083028083028,-78.73015873015873
101.78266178266178,-52.94261294261294,-32.62515262515262,29.89010989010989,0.0,141.24542124542126,-85.37240537240537,-56.06837606837607,45.51892551892552,0.0,52.55189255189255,-126.3980463980464,0.0,-65.44566544566544,-5.665445665445666,-70.13431013431014,-6.056166056166056,0.0,-49.81684981684982,-60.757020757020754,-75.6043956043956,36.53235653235653,0.0,33.01587301587302,-88.4981684981685,42.002442002442,-34.57875457875458,-75.6043956043956
108.42490842490842,-54.114774114774114,-26.764346764346765,27.936507936507937,0.0,150.23199023199024,-91.62393162393164,-50.5982905982906,45.90964590964591,0.0,43.56532356532357,-109.2063492063492,0.0,-65.83638583638583,-5.274725274725275,-54.89621489621489,-10.354090354090356,0.0,-45.51892551892552,-59.1941391941392,-64.66422466422466,30.28083028083028,0.0,27.155067155067155,-56.84981684981685,13.089133089133089,-40.83028083028083,-64.66422466422466
111.15995115995116,-56.45909645909646,-21.294261294261293,30.28083028083028,0.0,155.3113553113553,-103.73626373626374,-43.95604395604396,55.28693528693529,0.0,25.2014652014652,-91.23321123321124,0.0,-69.35286935286935,-9.963369963369964,-40.43956043956044,-6.056166056166056,0.0,-48.25396825396825,-55.67765567765568,-55.67765567765568,32.62515262515262,0.0,21.68498168498169,-19.34065934065934,-23.63858363858364,-43.95604395604396,-55.67765567765568
111.55067155067157,-62.31990231990232,-16.605616605616607,36.92307692307692,0.0,155.7020757020757,-116.23931623931624,-40.04884004884005,68.96214896214896,0.0,5.274725274725275,-72.86935286935287,0.0,-73.65079365079364,-16.605616605616607,-32.234432234432234,6.446886446886447,0.0,-54.5054945054945,-53.333333333333336,-51.37973137973138,41.61172161172161,0.0,16.996336996336996,-43.17460317460318,-4.493284493284493,-40.43956043956044,-51.37973137973138
114.67643467643468,-63.88278388278388,-9.963369963369964,39.65811965811966,0.0,153.74847374847374,-118.97435897435898,-28.32722832722833,73.65079365079364,0.0,-12.307692307692308,-50.5982905982906,0.0,-76.77655677655677,-10.354090354090356,-24.42002442002442,7.228327228327228,0.0,-58.02197802197802,-44.346764346764346,-41.22100122100122,38.48595848595848,0.0,10.354090354090356,-54.5054945054945,4.884004884004884,-36.53235653235653,-41.22100122100122
113.89499389499387,-63.49206349206349,-4.884004884004884,47.081807081807085,0.0,147.49694749694748,-117.4114774114774,-17.77777777777778,79.51159951159951,0.0,-27.155067155067155,-28.32722832722833,0.0,-81.85592185592185,0.1953601953601953,-16.605616605616607,9.18192918192918,0.0,-61.14774114774115,-37.31379731379732,-28.71794871794872,37.704517704517706,0.0,5.274725274725275,-43.95604395604396,-7.619047619047619,-31.45299145299145,-28.71794871794872
111.15995115995116,-62.31990231990232,-4.102564102564102,59.58485958485959,0.0,142.02686202686203,-109.2063492063492,-12.698412698412698,83.41880341880342,0.0,-35.36019536019536,-10.744810744810744,0.0,-83.80952380952381,6.056166056166056,-12.307692307692308,13.870573870573873,0.0,-62.71062271062271,-36.14163614163614,-16.996336996336996,40.04884004884005,0.0,4.493284493284493,-40.04884004884005,-15.824175824175825,-29.10866910866911,-16.996336996336996
109.2063492063492,-60.757020757020754,-0.1953601953601953,63.88278388278388,0.0,138.5103785103785,-95.14041514041514,-8.4004884004884,76.38583638583638,0.0,-38.48595848595848,0.5860805860805861,0.0,-78.73015873015873,6.056166056166056,-8.00976800976801,14.652014652014651,0.0,-61.53846153846154,-33.7973137973138,-7.619047619047619,37.31379731379732,0.0,0.5860805860805861,-25.2014652014652,-32.234432234432234,-25.2014652014652,-7.619047619047619
107.64346764346764,-58.02197802197802,9.18192918192918,61.92918192918193,0.0,139.29181929181928,-79.51159951159951,-5.665445665445666,66.61782661782662,0.0,-34.969474969474966,2.148962148962149,0.0,-67.00854700854701,5.274725274725275,-2.93040293040293,11.526251526251526,0.0,-56.84981684981685,-30.671550671550676,0.1953601953601953,34.57875457875458,0.0,-8.791208791208792,7.228327228327228,-65.44566544566544,-23.63858363858364,0.1953601953601953
106.08058608058607,-61.53846153846154,13.870573870573873,63.88278388278388,0.0,142.41758241758242,-72.86935286935287,-9.572649572649572,63.49206349206349,0.0,-25.982905982905983,-7.619047619047619,0.0,-56.84981684981685,2.5396825396825395,-9.18192918192918,18.94993894993895,0.0,-57.24053724053724,-27.545787545787547,-0.5860805860805861,41.22100122100122,0.0,-13.47985347985348,-4.102564102564102,-55.28693528693529,-21.68498168498169,-0.5860805860805861
106.47130647130648,-69.74358974358974,19.34065934065934,63.10134310134311,0.0,147.88766788766787,-70.13431013431014,-13.089133089133089,55.28693528693529,0.0,-16.214896214896214,-24.81074481074481,0.0,-45.90964590964591,3.3211233211233213,-20.12210012210012,18.55921855921856,0.0,-58.8034188034188,-21.68498168498169,-7.228327228327228,43.17460317460318,0.0,-18.94993894993895,-13.47985347985348,-42.002442002442,-17.77777777777778,-7.228327228327228
109.2063492063492,-75.6043956043956,22.466422466422465,52.94261294261294,0.0,158.43711843711844,-71.30647130647131,-15.433455433455434,37.704517704517706,0.0,-6.056166056166056,-42.002442002442,0.0,-32.234432234432234,11.916971916971915,-30.28083028083028,1.3675213675213675,0.0,-54.114774114774114,-12.698412698412698,-14.652014652014651,33.01587301587302,0.0,-22.075702075702075,37.31379731379732,-87.71672771672772,-12.307692307692308,-14.652014652014651
107.25274725274726,-80.29304029304029,17.77777777777778,45.90964590964591,0.0,165.86080586080587,-77.55799755799755,-17.77777777777778,20.512820512820515,0.0,0.1953601953601953,-61.53846153846154,0.0,-22.075702075702075,17.387057387057386,-37.704517704517706,-13.47985347985348,0.0,-52.16117216117216,-9.572649572649572,-18.168498168498168,22.857142857142858,0.0,-17.387057387057386,59.975579975579976,-106.47130647130648,-9.572649572649572,-18.168498168498168
98.65689865689866,-84.2002442002442,5.665445665445666,45.12820512820513,0.0,167.81440781440782,-82.63736263736264,-25.592185592185597,5.274725274725275,0.0,0.9768009768009768,-81.46520146520146,0.0,-15.824175824175825,11.135531135531137,-44.737484737484735,-21.294261294261293,0.0,-52.55189255189255,-12.307692307692308,-24.02930402930403,18.168498168498168,0.0,-5.274725274725275,11.916971916971915,-59.1941391941392,-6.056166056166056,-24.02930402930403
92.014652014652,-84.98168498168498,-0.5860805860805861,34.969474969474966,0.0,173.67521367521368,-85.76312576312576,-30.28083028083028,-15.824175824175825,0.0,-0.9768009768009768,-90.45177045177046,0.0,-4.102564102564102,-0.9768009768009768,-43.17460317460318,-35.75091575091575,0.0,-48.64468864468864,-16.605616605616607,-29.89010989010989,9.572649572649572,0.0,0.9768009768009768,46.3003663003663,-92.4053724053724,-5.665445665445666,-29.89010989010989
86.93528693528694,-79.51159951159951,-5.274725274725275,21.68498168498169,0.0,180.70818070818072,-85.37240537240537,-33.01587301587302,-37.31379731379732,0.0,-3.3211233211233213,-92.7960927960928,0.0,4.884004884004884,-19.34065934065934,-31.45299145299145,-47.081807081807085,0.0,-44.737484737484735,-20.512820512820515,-28.71794871794872,0.9768009768009768,0.0,5.665445665445666,85.37240537240537,-130.6959706959707,-9.18192918192918,-28.71794871794872
78.33943833943835,-79.12087912087912,-1.7582417582417582,14.261294261294262,0.0,178.75457875457874,-87.32600732600733,-33.40659340659341,-45.12820512820513,0.0,-12.698412698412698,-86.54456654456655,0.0,6.446886446886447,-42.78388278388278,-16.605616605616607,-45.12820512820513,0.0,-44.737484737484735,-23.247863247863247,-32.62515262515262,2.148962148962149,0.0,2.148962148962149,48.25396825396825,-92.7960927960928,-8.00976800976801,-32.62515262515262
76.38583638583638,-79.51159951159951,6.056166056166056,2.148962148962149,0.0,178.75457875457874,-87.71672771672772,-29.10866910866911,-54.5054945054945,0.0,-25.2014652014652,-68.57142857142857,0.0,7.228327228327228,-60.366300366300365,0.5860805860805861,-50.20757020757021,0.0,-40.43956043956044,-22.075702075702075,-37.704517704517706,-1.7582417582417582,0.0,-5.665445665445666,25.592185592185597,-63.49206349206349,-7.619047619047619,-37.704517704517706
74.43223443223444,-75.21367521367522,16.214896214896214,-13.870573870573873,0.0,175.62881562881563,-90.45177045177046,-18.168498168498168,-64.27350427350427,0.0,-40.43956043956044,-47.081807081807085,0.0,4.102564102564102,-68.57142857142857,22.466422466422465,-62.71062271062271,0.0,-39.26739926739927,-12.307692307692308,-36.53235653235653,-15.433455433455434,0.0,-15.824175824175825,56.45909645909646,-89.27960927960928,-4.493284493284493,-36.53235653235653
68.96214896214896,-74.04151404151405,23.247863247863247,-22.075702075702075,0.0,164.2979242979243,-94.74969474969475,-8.4004884004884,-64.27350427350427,0.0,-58.8034188034188,-25.982905982905983,0.0,-4.102564102564102,-70.52503052503053,33.7973137973138,-67.78998778998779,0.0,-42.78388278388278,-4.493284493284493,-37.704517704517706,-22.466422466422465,0.0,-22.857142857142858,71.30647130647131,-98.65689865689866,-2.148962148962149,-37.704517704517706
61.92918192918193,-76.77655677655677,25.2014652014652,-26.37362637362637,0.0,150.62271062271063,-99.43833943833944,-4.102564102564102,-62.31990231990232,0.0,-72.08791208791209,-5.274725274725275,0.0,-10.744810744810744,-67.78998778998779,36.92307692307692,-69.74358974358974,0.0,-46.3003663003663,0.1953601953601953,-42.39316239316239,-23.247863247863247,0.0,-24.81074481074481,64.66422466422466,-86.15384615384616,-2.148962148962149,-42.39316239316239
54.89621489621489,-71.6971916971917,25.2014652014652,-38.87667887667888,0.0,140.85470085470087,-99.82905982905984,-0.1953601953601953,-70.91575091575092,0.0,-79.12087912087912,8.00976800976801,0.0,-15.433455433455434,-63.10134310134311,38.87667887667888,-76.77655677655677,0.0,-47.86324786324786,3.711843711843712,-44.737484737484735,-27.545787545787547,0.0,-24.81074481074481,56.84981684981685,-75.6043956043956,-5.665445665445666,-44.737484737484735
46.69108669108669,-65.83638583638583,24.81074481074481,-48.64468864468864,0.0,129.52380952380952,-96.31257631257633,0.1953601953601953,-75.995115995116,0.0,-80.68376068376068,13.089133089133089,0.0,-18.94993894993895,-60.757020757020754,39.65811965811966,-78.33943833943835,0.0,-46.3003663003663,1.3675213675213675,-46.69108669108669,-27.155067155067155,0.0,-24.42002442002442,54.89621489621489,-72.47863247863248,-9.18192918192918,-46.69108669108669
37.31379731379732,-58.02197802197802,22.466422466422465,-54.114774114774114,0.0,119.75579975579976,-88.4981684981685,-4.884004884004884,-78.33943833943835,0.0,-78.33943833943835,12.698412698412698,0.0,-22.857142857142858,-64.66422466422466,40.83028083028083,-72.08791208791209,0.0,-43.95604395604396,-2.93040293040293,-52.16117216117216,-19.73137973137973,0.0,-22.075702075702075,53.333333333333336,-72.47863247863248,-12.698412698412698,-52.16117216117216
25.982905982905983,-41.22100122100122,24.81074481074481,-66.22710622710623,0.0,113.11355311355312,-74.43223443223444,-4.493284493284493,-90.06105006105007,0.0,-70.52503052503053,9.18192918192918,0.0,-20.512820512820515,-63.10134310134311,45.12820512820513,-78.73015873015873,0.0,-38.48595848595848,-1.7582417582417582,-49.81684981684982,-26.764346764346765,0.0,-24.42002442002442,66.61782661782662,-88.4981684981685,-11.135531135531137,-49.81684981684982
14.261294261294262,-24.02930402930403,27.545787545787547,-76.38583638583638,0.0,105.68986568986568,-60.366300366300365,-3.711843711843712,-98.65689865689866,0.0,-61.53846153846154,2.5396825396825395,0.0,-15.824175824175825,-55.67765567765568,46.69108669108669,-87.32600732600733,0.0,-33.40659340659341,4.884004884004884,-47.081807081807085,-36.92307692307692,0.0,-27.155067155067155,69.74358974358974,-91.23321123321124,-5.274725274725275,-47.081807081807085
-0.9768009768009768,-9.963369963369964,28.32722832722833,-77.55799755799755,0.0,94.35897435897436,-49.81684981684982,-8.00976800976801,-97.09401709401708,0.0,-50.989010989010985,-6.446886446886447,0.0,-11.916971916971915,-49.42612942612943,40.04884004884005,-87.71672771672772,0.0,-32.62515262515262,8.4004884004884,-43.56532356532357,-41.22100122100122,0.0,-27.936507936507937,42.002442002442,-58.8034188034188,-1.3675213675213675,-43.56532356532357
-20.903540903540904,-0.9768009768009768,25.592185592185597,-75.6043956043956,0.0,82.24664224664225,-45.51892551892552,-14.261294261294262,-94.35897435897436,0.0,-38.87667887667888,-23.63858363858364,0.0,-4.493284493284493,-44.346764346764346,26.37362637362637,-87.71672771672772,0.0,-31.843711843711844,8.4004884004884,-42.78388278388278,-43.95604395604396,0.0,-25.2014652014652,34.969474969474966,-43.56532356532357,-0.1953601953601953,-42.78388278388278
-32.62515262515262,6.056166056166056,24.42002442002442,-84.59096459096459,0.0,76.38583638583638,-42.002442002442,-19.34065934065934,-101.001221001221,0.0,-25.2014652014652,-43.95604395604396,0.0,4.884004884004884,-38.095238095238095,13.47985347985348,-99.04761904761904,0.0,-26.37362637362637,5.665445665445666,-44.346764346764346,-52.94261294261294,0.0,-24.02930402930403,74.82295482295483,-71.30647130647131,-2.5396825396825395,-44.346764346764346
-45.90964590964591,8.4004884004884,20.512820512820515,-82.63736263736264,0.0,68.57142857142857,-42.002442002442,-29.10866910866911,-96.31257631257633,0.0,-13.47985347985348,-65.83638583638583,0.0,9.963369963369964,-38.48595848595848,3.3211233211233213,-101.3919413919414,0.0,-21.68498168498169,-3.711843711843712,-47.86324786324786,-50.989010989010985,0.0,-20.12210012210012,58.8034188034188,-44.346764346764346,-8.791208791208792,-47.86324786324786
-56.84981684981685,9.963369963369964,11.916971916971915,-72.47863247863248,0.0,59.1941391941392,-39.65811965811966,-39.26739926739927,-86.54456654456655,0.0,0.1953601953601953,-81.46520146520146,0.0,10.744810744810744,-40.04884004884005,-4.884004884004884,-93.57753357753356,0.0,-16.605616605616607,-14.652014652014651,-56.06837606837607,-39.26739926739927,0.0,-11.526251526251526,19.34065934065934,0.9768009768009768,-13.47985347985348,-56.06837606837607
-61.14774114774115,17.77777777777778,9.572649572649572,-73.26007326007326,0.0,54.5054945054945,-30.28083028083028,-41.22100122100122,-87.71672771672772,0.0,13.870573870573873,-86.15384615384616,0.0,13.870573870573873,-34.18803418803419,-3.711843711843712,-100.6105006105006,0.0,-8.00976800976801,-15.824175824175825,-61.53846153846154,-38.095238095238095,0.0,-9.18192918192918,21.294261294261293,3.3211233211233213,-12.698412698412698,-61.53846153846154
-65.83638583638583,28.32722832722833,8.4004884004884,-71.30647130647131,0.0,43.95604395604396,-17.387057387057386,-40.04884004884005,-86.15384615384616,0.0,25.2014652014652,-81.46520146520146,0.0,16.214896214896214,-27.155067155067155,-0.5860805860805861,-102.95482295482296,0.0,0.1953601953601953,-13.870573870573873,-63.10134310134311,-37.704517704517706,0.0,-8.00976800976801,51.77045177045177,-22.075702075702075,-11.526251526251526,-63.10134310134311
-74.04151404151405,37.31379731379732,6.056166056166056,-63.10134310134311,0.0,25.592185592185597,-3.711843711843712,-36.53235653235653,-76.77655677655677,0.0,32.62515262515262,-71.30647130647131,0.0,11.526251526251526,-19.73137973137973,-0.1953601953601953,-97.09401709401708,0.0,4.493284493284493,-11.135531135531137,-67.3992673992674,-31.062271062271066,0.0,-5.665445665445666,8.791208791208792,23.63858363858364,-9.572649572649572,-67.3992673992674
-79.12087912087912,45.90964590964591,7.619047619047619,-63.49206349206349,0.0,9.18192918192918,10.354090354090356,-32.234432234432234,-75.995115995116,0.0,39.26739926739927,-56.06837606837607,0.0,10.744810744810744,-9.18192918192918,0.1953601953601953,-100.21978021978022,0.0,13.47985347985348,-8.4004884004884,-72.08791208791209,-31.062271062271066,0.0,-7.228327228327228,-40.83028083028083,76.38583638583638,-6.837606837606837,-72.08791208791209
-81.85592185592185,52.55189255189255,11.135531135531137,-69.35286935286935,0.0,-5.274725274725275,21.294261294261293,-21.294261294261293,-80.29304029304029,0.0,45.12820512820513,-36.14163614163614,0.0,9.572649572649572,8.00976800976801,0.5860805860805861,-109.2063492063492,0.0,27.155067155067155,-6.056166056166056,-75.995115995116,-34.18803418803419,0.0,-10.744810744810744,-39.26739926739927,85.37240537240537,-8.4004884004884,-75.995115995116
-85.37240537240537,55.67765567765568,13.47985347985348,-67.3992673992674,0.0,-20.903540903540904,25.592185592185597,-8.791208791208792,-78.33943833943835,0.0,48.64468864468864,-14.652014652014651,0.0,5.274725274725275,25.592185592185597,-0.5860805860805861,-109.2063492063492,0.0,38.48595848595848,-5.665445665445666,-80.68376068376068,-29.499389499389498,0.0,-13.089133089133089,-42.39316239316239,97.09401709401708,-8.4004884004884,-80.68376068376068
-88.1074481074481,61.92918192918193,14.652014652014651,-67.00854700854701,0.0,-35.75091575091575,34.18803418803419,1.3675213675213675,-77.55799755799755,0.0,55.28693528693529,5.665445665445666,0.0,5.274725274725275,40.43956043956044,-2.93040293040293,-109.5970695970696,0.0,50.989010989010985,-7.619047619047619,-84.98168498168498,-23.247863247863247,0.0,-14.261294261294262,-70.52503052503053,128.74236874236874,-8.00976800976801,-84.98168498168498
-89.27960927960928,73.65079365079364,18.94993894993895,-74.04151404151405,0.0,-52.16117216117216,50.989010989010985,14.261294261294262,-83.41880341880342,0.0,64.66422466422466,25.2014652014652,0.0,8.791208791208792,54.114774114774114,0.1953601953601953,-117.02075702075702,0.0,62.71062271062271,-8.00976800976801,-80.68376068376068,-26.37362637362637,0.0,-18.55921855921856,-69.74358974358974,130.6959706959707,-9.572649572649572,-80.68376068376068
-90.84249084249085,82.63736263736264,21.68498168498169,-71.6971916971917,0.0,-72.08791208791209,72.08791208791209,21.294261294261293,-79.12087912087912,0.0,72.08791208791209,39.65811965811966,0.0,7.619047619047619,62.31990231990232,3.3211233211233213,-111.55067155067157,0.0,69.35286935286935,-8.4004884004884,-74.43223443223444,-22.075702075702075,0.0,-21.294261294261293,-63.10134310134311,122.4908424908425,-11.135531135531137,-74.43223443223444
-90.45177045177046,90.45177045177046,22.466422466422465,-69.35286935286935,0.0,-91.62393162393164,99.04761904761904,19.73137973137973,-73.65079365079364,0.0,84.2002442002442,46.3003663003663,0.0,10.354090354090356,64.27350427350427,2.93040293040293,-101.78266178266178,0.0,74.82295482295483,-9.18192918192918,-70.91575091575092,-16.214896214896214,0.0,-22.075702075702075,-84.59096459096459,139.29181929181928,-11.526251526251526,-70.91575091575092
-79.9023199023199,96.31257631257633,27.155067155067155,-74.43223443223444,0.0,-95.14041514041514,122.4908424908425,19.34065934065934,-77.16727716727716,0.0,100.6105006105006,50.5982905982906,0.0,23.247863247863247,70.13431013431014,1.7582417582417582,-103.34554334554336,0.0,86.93528693528694,-4.884004884004884,-67.00854700854701,-19.34065934065934,0.0,-26.764346764346765,-101.001221001221,156.0927960927961,-11.135531135531137,-67.00854700854701
-65.44566544566544,94.35897435897436,31.062271062271066,-75.21367521367522,0.0,-88.4981684981685,132.64957264957266,19.73137973137973,-78.73015873015873,0.0,112.72283272283272,50.5982905982906,0.0,40.83028083028083,79.12087912087912,-2.148962148962149,-104.9084249084249,0.0,100.21978021978022,1.3675213675213675,-61.92918192918193,-25.2014652014652,0.0,-30.671550671550676,-117.4114774114774,173.67521367521368,-3.711843711843712,-61.92918192918193
-54.114774114774114,88.88888888888889,31.843711843711844,-67.3992673992674,0.0,-75.6043956043956,130.6959706959707,16.214896214896214,-71.6971916971917,0.0,122.1001221001221,42.002442002442,0.0,61.14774114774115,81.46520146520146,-11.526251526251526,-102.56410256410255,0.0,108.8156288156288,4.102564102564102,-56.06837606837607,-27.155067155067155,0.0,-31.45299145299145,-176.8009768009768,233.45543345543345,1.7582417582417582,-56.06837606837607
-44.737484737484735,84.98168498168498,31.062271062271066,-64.66422466422466,0.0,-58.41269841269841,126.007326007326,10.354090354090356,-70.52503052503053,0.0,130.6959706959707,30.671550671550676,0.0,82.63736263736264,83.41880341880342,-20.903540903540904,-106.08058608058607,0.0,117.4114774114774,3.3211233211233213,-46.69108669108669,-34.57875457875458,0.0,-30.671550671550676,-182.66178266178267,240.0976800976801,6.446886446886447,-46.69108669108669
-38.48595848595848,81.07448107448107,32.234432234432234,-64.66422466422466,0.0,-42.002442002442,120.92796092796092,6.056166056166056,-74.43223443223444,0.0,137.72893772893772,13.870573870573873,0.0,98.65689865689866,87.71672771672772,-26.37362637362637,-115.45787545787546,0.0,120.53724053724054,4.493284493284493,-29.89010989010989,-49.03540903540904,0.0,-31.843711843711844,-98.65689865689866,157.65567765567766,8.791208791208792,-29.89010989010989
-36.14163614163614,76.77655677655677,29.89010989010989,-58.8034188034188,0.0,-29.499389499389498,117.02075702075702,-2.5396825396825395,-70.91575091575092,0.0,142.8083028083028,-2.5396825396825395,0.0,106.47130647130648,87.32600732600733,-31.45299145299145,-115.06715506715508,0.0,118.97435897435898,0.9768009768009768,-17.77777777777778,-53.724053724053725,0.0,-29.499389499389498,-75.995115995116,130.3052503052503,11.135531135531137,-17.77777777777778
-29.499389499389498,70.52503052503053,29.10866910866911,-51.37973137973138,0.0,-18.55921855921856,117.4114774114774,-11.916971916971915,-66.61782661782662,0.0,151.7948717948718,-13.870573870573873,0.0,115.45787545787546,88.4981684981685,-40.04884004884005,-110.76923076923076,0.0,122.1001221001221,-2.5396825396825395,-11.916971916971915,-51.77045177045177,0.0,-28.71794871794872,-136.16605616605617,185.78754578754575,14.652014652014651,-11.916971916971915
-16.996336996336996,63.88278388278388,34.18803418803419,-50.989010989010985,0.0,-2.5396825396825395,114.28571428571428,-10.354090354090356,-70.13431013431014,0.0,158.04639804639805,-16.605616605616607,0.0,126.007326007326,93.57753357753356,-42.002442002442,-116.23931623931624,0.0,127.96092796092796,-0.1953601953601953,-5.665445665445666,-59.1941391941392,0.0,-33.7973137973138,-116.23931623931624,162.73504273504273,18.55921855921856,-5.665445665445666
-6.837606837606837,56.06837606837607,37.31379731379732,-47.86324786324786,0.0,4.493284493284493,109.2063492063492,-8.791208791208792,-64.66422466422466,0.0,159.21855921855922,-14.261294261294262,0.0,135.3846153846154,90.45177045177046,-41.22100122100122,-115.06715506715508,0.0,132.64957264957266,0.1953601953601953,-0.9768009768009768,-61.92918192918193,0.0,-36.92307692307692,-75.995115995116,117.4114774114774,22.075702075702075,-0.9768009768009768
-2.5396825396825395,48.25396825396825,38.87667887667888,-42.78388278388278,0.0,0.1953601953601953,103.73626373626374,-6.837606837606837,-55.28693528693529,0.0,152.18559218559218,-9.18192918192918,0.0,139.29181929181928,81.46520146520146,-39.65811965811966,-106.47130647130648,0.0,134.6031746031746,-0.9768009768009768,0.9768009768009768,-59.975579975579976,0.0,-38.48595848595848,-100.21978021978022,137.72893772893772,24.81074481074481,0.9768009768009768
0.1953601953601953,42.39316239316239,40.04884004884005,-44.737484737484735,0.0,-4.102564102564102,93.96825396825396,0.9768009768009768,-51.77045177045177,0.0,136.94749694749694,-0.5860805860805861,0.0,138.5103785103785,70.91575091575092,-30.671550671550676,-103.34554334554336,0.0,135.3846153846154,-4.102564102564102,11.526251526251526,-67.3992673992674,0.0,-39.65811965811966,-101.3919413919414,137.72893772893772,24.02930402930403,11.526251526251526
0.9768009768009768,38.095238095238095,37.31379731379732,-45.12820512820513,0.0,-13.47985347985348,83.41880341880342,9.18192918192918,-46.3003663003663,0.0,116.23931623931624,9.963369963369964,0.0,134.993894993895,60.757020757020754,-20.903540903540904,-101.001221001221,0.0,133.04029304029305,-7.228327228327228,24.02930402930403,-75.21367521367522,0.0,-36.92307692307692,-50.5982905982906,84.59096459096459,23.247863247863247,24.02930402930403
0.9768009768009768,33.01587301587302,33.40659340659341,-35.75091575091575,0.0,-25.2014652014652,75.6043956043956,16.605616605616607,-34.18803418803419,0.0,92.4053724053724,25.2014652014652,0.0,125.6166056166056,52.55189255189255,-15.042735042735044,-88.4981684981685,0.0,127.96092796092796,-13.47985347985348,33.7973137973138,-73.26007326007326,0.0,-33.01587301587302,-27.936507936507937,58.41269841269841,23.63858363858364,33.7973137973138
4.884004884004884,27.155067155067155,31.45299145299145,-26.764346764346765,0.0,-30.671550671550676,69.74358974358974,26.764346764346765,-26.37362637362637,0.0,71.30647130647131,44.346764346764346,0.0,117.4114774114774,47.86324786324786,-8.791208791208792,-81.07448107448107,0.0,120.53724053724054,-16.996336996336996,44.737484737484735,-72.47863247863248,0.0,-31.062271062271066,-27.545787545787547,51.77045177045177,25.2014652014652,44.737484737484735
13.47985347985348,24.02930402930403,32.234432234432234,-20.512820512820515,0.0,-33.01587301587302,72.08791208791209,37.31379731379732,-24.81074481074481,0.0,56.45909645909646,60.757020757020754,0.0,111.94139194139194,44.346764346764346,0.1953601953601953,-78.33943833943835,0.0,113.11355311355312,-14.261294261294262,56.45909645909646,-76.38583638583638,0.0,-31.843711843711844,-13.47985347985348,31.843711843711844,25.592185592185597,56.45909645909646
22.466422466422465,18.168498168498168,31.45299145299145,-9.963369963369964,0.0,-39.26739926739927,77.55799755799755,40.83028083028083,-16.214896214896214,0.0,42.39316239316239,71.30647130647131,0.0,99.43833943833944,38.095238095238095,9.18192918192918,-64.66422466422466,0.0,102.95482295482296,-11.916971916971915,64.66422466422466,-71.30647130647131,0.0,-31.062271062271066,-22.857142857142858,34.969474969474966,23.63858363858364,64.66422466422466
31.843711843711844,8.00976800976801,27.155067155067155,-1.7582417582417582,0.0,-42.39316239316239,75.21367521367522,42.39316239316239,-8.00976800976801,0.0,29.89010989010989,75.21367521367522,0.0,87.71672771672772,27.936507936507937,16.605616605616607,-48.64468864468864,0.0,91.23321123321124,-11.135531135531137,72.47863247863248,-67.00854700854701,0.0,-26.764346764346765,-43.56532356532357,50.20757020757021,21.294261294261293,72.47863247863248
45.51892551892552,-2.93040293040293,23.247863247863247,-6.446886446886447,0.0,-36.53235653235653,67.00854700854701,42.39316239316239,-12.698412698412698,0.0,18.94993894993895,71.30647130647131,0.0,81.46520146520146,20.12210012210012,21.294261294261293,-48.64468864468864,0.0,81.85592185592185,-8.4004884004884,79.12087912087912,-76.38583638583638,0.0,-22.857142857142858,-15.042735042735044,22.075702075702075,18.55921855921856,79.12087912087912
53.724053724053725,-9.18192918192918,9.572649572649572,-8.4004884004884,0.0,-34.57875457875458,54.114774114774114,40.04884004884005,-13.089133089133089,0.0,6.446886446886447,62.71062271062271,0.0,74.43223443223444,11.526251526251526,22.075702075702075,-48.25396825396825,0.0,72.47863247863248,-8.791208791208792,83.02808302808303,-84.98168498168498,0.0,-9.18192918192918,-9.18192918192918,13.089133089133089,17.77777777777778,83.02808302808303
58.02197802197802,-11.135531135531137,-16.996336996336996,-4.102564102564102,0.0,-34.18803418803419,36.53235653235653,33.40659340659341,-9.572649572649572,0.0,-2.5396825396825395,49.03540903540904,0.0,68.18070818070818,2.5396825396825395,13.47985347985348,-46.3003663003663,0.0,59.58485958485959,-11.916971916971915,78.73015873015873,-87.32600732600733,0.0,17.387057387057386,-60.366300366300365,49.42612942612943,19.34065934065934,78.73015873015873
66.61782661782662,-22.857142857142858,-35.36019536019536,-1.7582417582417582,0.0,-30.671550671550676,25.2014652014652,25.2014652014652,-13.089133089133089,0.0,-5.274725274725275,31.45299145299145,0.0,65.83638583638583,-2.5396825396825395,6.446886446886447,-55.67765567765568,0.0,48.25396825396825,-11.916971916971915,74.04151404151405,-95.92185592185592,0.0,35.75091575091575,-61.53846153846154,42.78388278388278,24.81074481074481,74.04151404151405
73.26007326007326,-35.36019536019536,-35.36019536019536,-7.619047619047619,0.0,-23.63858363858364,21.294261294261293,20.903540903540904,-23.63858363858364,0.0,-2.93040293040293,18.55921855921856,0.0,66.22710622710623,-2.5396825396825395,6.056166056166056,-73.26007326007326,0.0,41.22100122100122,-5.665445665445666,72.47863247863248,-111.15995115995116,0.0,35.75091575091575,-14.261294261294262,0.1953601953601953,29.10866910866911,72.47863247863248
73.65079365079364,-50.5982905982906,-32.234432234432234,-0.9768009768009768,0.0,-17.77777777777778,11.916971916971915,13.47985347985348,-18.168498168498168,0.0,-4.493284493284493,5.274725274725275,0.0,60.366300366300365,-3.3211233211233213,2.148962148962149,-74.04151404151405,0.0,28.71794871794872,-1.3675213675213675,71.30647130647131,-113.89499389499387,0.0,32.62515262515262,-24.02930402930403,13.47985347985348,35.75091575091575,71.30647130647131
77.94871794871794,-60.757020757020754,-33.01587301587302,-0.5860805860805861,0.0,-5.274725274725275,1.3675213675213675,4.884004884004884,-17.387057387057386,0.0,-9.18192918192918,-4.884004884004884,0.0,56.84981684981685,-4.493284493284493,-3.3211233211233213,-73.65079365079364,0.0,19.73137973137973,0.9768009768009768,68.57142857142857,-115.06715506715508,0.0,33.40659340659341,-65.05494505494505,52.94261294261294,41.22100122100122,68.57142857142857
79.12087912087912,-43.95604395604396,-49.81684981684982,-9.963369963369964,0.0,9.18192918192918,-13.089133089133089,3.3211233211233213,-24.42002442002442,0.0,-19.73137973137973,-12.698412698412698,0.0,54.89621489621489,-5.665445665445666,-5.274725274725275,-85.37240537240537,0.0,12.307692307692308,4.884004884004884,65.83638583638583,-126.007326007326,0.0,50.20757020757021,-44.737484737484735,16.214896214896214,42.002442002442,65.83638583638583
69.35286935286935,29.10866910866911,-121.7094017094017,-13.089133089133089,0.0,17.387057387057386,-31.843711843711844,3.711843711843712,-25.592185592185597,0.0,-32.62515262515262,-20.903540903540904,0.0,48.64468864468864,-9.18192918192918,-12.698412698412698,-87.71672771672772,0.0,2.5396825396825395,4.102564102564102,58.02197802197802,-127.57020757020756,0.0,122.1001221001221,-61.92918192918193,-34.969474969474966,42.002442002442,58.02197802197802
81.46520146520146,29.10866910866911,-160.3907203907204,-8.4004884004884,0.0,17.77777777777778,-47.86324786324786,-2.148962148962149,-25.592185592185597,0.0,-44.737484737484735,-27.545787545787547,0.0,42.002442002442,-16.605616605616607,-21.68498168498169,-86.54456654456655,0.0,-7.619047619047619,0.1953601953601953,45.51892551892552,-121.7094017094017,0.0,160.78144078144078,-97.87545787545788,-30.671550671550676,44.346764346764346,45.51892551892552
84.59096459096459,0.5860805860805861,-145.93406593406593,-15.824175824175825,0.0,17.77777777777778,-56.45909645909646,-0.5860805860805861,-36.53235653235653,0.0,-51.37973137973138,-29.499389499389498,0.0,36.14163614163614,-20.903540903540904,-23.63858363858364,-99.04761904761904,0.0,-17.387057387057386,0.1953601953601953,36.14163614163614,-126.007326007326,0.0,146.32478632478632,-73.26007326007326,-34.57875457875458,43.17460317460318,36.14163614163614
82.63736263736264,28.32722832722833,-183.44322344322345,-13.089133089133089,0.0,15.042735042735044,-63.88278388278388,1.7582417582417582,-38.095238095238095,0.0,-56.84981684981685,-27.155067155067155,0.0,25.2014652014652,-22.075702075702075,-22.075702075702075,-101.3919413919414,0.0,-29.89010989010989,1.3675213675213675,29.89010989010989,-122.1001221001221,0.0,183.83394383394383,-87.71672771672772,-52.94261294261294,43.17460317460318,29.89010989010989
90.45177045177046,-90.45177045177046,-86.15384615384616,-3.3211233211233213,0.0,7.619047619047619,-61.53846153846154,-2.148962148962149,-32.234432234432234,0.0,-66.22710622710623,-24.02930402930403,0.0,10.354090354090356,-24.81074481074481,-19.34065934065934,-92.4053724053724,0.0,-42.39316239316239,0.1953601953601953,29.10866910866911,-113.11355311355312,0.0,86.54456654456655,9.963369963369964,-50.20757020757021,38.87667887667888,29.10866910866911
79.9023199023199,-81.46520146520146,-83.80952380952381,-6.056166056166056,0.0,1.7582417582417582,-57.24053724053724,0.5860805860805861,-35.75091575091575,0.0,-76.77655677655677,-15.824175824175825,0.0,1.3675213675213675,-30.671550671550676,-16.214896214896214,-89.67032967032966,0.0,-51.37973137973138,0.1953601953601953,26.37362637362637,-109.98778998778998,0.0,84.2002442002442,0.5860805860805861,-38.095238095238095,31.062271062271066,26.37362637362637
84.98168498168498,-61.14774114774115,-107.64346764346764,-8.4004884004884,0.0,-2.93040293040293,-46.69108669108669,0.5860805860805861,-43.17460317460318,0.0,-91.23321123321124,-7.619047619047619,0.0,-2.5396825396825395,-38.095238095238095,-13.47985347985348,-85.76312576312576,0.0,-57.63125763125763,0.1953601953601953,25.592185592185597,-109.98778998778998,0.0,108.03418803418803,-25.982905982905983,-39.65811965811966,29.499389499389498,25.592185592185597
84.98168498168498,-123.66300366300366,-51.77045177045177,-3.711843711843712,0.0,-10.744810744810744,-40.83028083028083,-2.93040293040293,-38.095238095238095,0.0,-108.8156288156288,-1.7582417582417582,0.0,-8.00976800976801,-50.20757020757021,-14.652014652014651,-73.26007326007326,0.0,-64.66422466422466,-3.3211233211233213,23.63858363858364,-102.56410256410255,0.0,52.16117216117216,3.3211233211233213,-18.55921855921856,27.936507936507937,23.63858363858364
78.73015873015873,-129.52380952380952,-47.472527472527474,-1.3675213675213675,0.0,-14.261294261294262,-45.51892551892552,-5.665445665445666,-32.234432234432234,0.0,-127.17948717948718,-0.5860805860805861,0.0,-13.089133089133089,-66.22710622710623,-19.34065934065934,-60.757020757020754,0.0,-77.55799755799755,-6.056166056166056,16.996336996336996,-94.35897435897436,0.0,47.86324786324786,-0.5860805860805861,-13.870573870573873,25.982905982905983,16.996336996336996
72.86935286935287,-131.86813186813183,-43.56532356532357,-5.274725274725275,0.0,-13.47985347985348,-55.67765567765568,-3.3211233211233213,-33.40659340659341,0.0,-142.8083028083028,-2.148962148962149,0.0,-18.55921855921856,-75.995115995116,-21.294261294261293,-61.53846153846154,0.0,-90.06105006105007,-6.446886446886447,12.307692307692308,-94.35897435897436,0.0,43.95604395604396,72.86935286935287,-88.88888888888889,27.936507936507937,12.307692307692308
61.92918192918193,-160.0,-9.18192918192918,-2.148962148962149,0.0,-13.870573870573873,-68.57142857142857,-2.5396825396825395,-24.02930402930403,0.0,-152.96703296703296,-7.228327228327228,0.0,-30.671550671550676,-78.33943833943835,-22.466422466422465,-58.41269841269841,0.0,-104.51770451770452,-7.619047619047619,10.744810744810744,-89.67032967032966,0.0,9.572649572649572,134.6031746031746,-122.1001221001221,24.42002442002442,10.744810744810744
42.002442002442,-131.86813186813183,-25.2014652014652,5.274725274725275,0.0,-18.94993894993895,-80.29304029304029,-0.1953601953601953,-8.00976800976801,0.0,-157.65567765567766,-17.387057387057386,0.0,-47.081807081807085,-79.12087912087912,-27.545787545787547,-47.86324786324786,0.0,-121.31868131868131,-15.042735042735044,8.791208791208792,-75.6043956043956,0.0,25.592185592185597,101.3919413919414,-108.42490842490842,12.698412698412698,8.791208791208792
34.57875457875458,-93.57753357753356,-56.84981684981685,3.3211233211233213,0.0,-21.294261294261293,-83.80952380952381,0.1953601953601953,-6.446886446886447,0.0,-156.0927960927961,-22.075702075702075,0.0,-53.333333333333336,-77.55799755799755,-31.062271062271066,-47.081807081807085,0.0,-130.3052503052503,-17.387057387057386,6.056166056166056,-68.96214896214896,0.0,57.24053724053724,84.98168498168498,-133.04029304029305,9.963369963369964,6.056166056166056
27.155067155067155,-85.76312576312576,-50.20757020757021,0.9768009768009768,0.0,-17.77777777777778,-84.98168498168498,1.3675213675213675,-4.884004884004884,0.0,-149.05982905982907,-24.42002442002442,0.0,-51.77045177045177,-73.26007326007326,-30.671550671550676,-48.25396825396825,0.0,-133.82173382173383,-8.791208791208792,1.7582417582417582,-64.66422466422466,0.0,50.5982905982906,97.09401709401708,-151.01343101343102,16.214896214896214,1.7582417582417582
20.903540903540904,-19.73137973137973,-113.11355311355312,4.884004884004884,0.0,-15.824175824175825,-91.23321123321124,-2.93040293040293,5.274725274725275,0.0,-145.93406593406593,-29.89010989010989,0.0,-50.5982905982906,-76.38583638583638,-33.7973137973138,-40.04884004884005,0.0,-140.85470085470087,-8.00976800976801,-0.1953601953601953,-53.333333333333336,0.0,113.5042735042735,-24.42002442002442,-100.6105006105006,19.73137973137973,-0.1953601953601953
18.55921855921856,-8.4004884004884,-129.13308913308913,3.3211233211233213,0.0,-7.619047619047619,-99.04761904761904,-10.744810744810744,4.102564102564102,0.0,-143.1990231990232,-34.57875457875458,0.0,-47.081807081807085,-83.41880341880342,-36.14163614163614,-38.87667887667888,0.0,-147.1062271062271,-8.791208791208792,0.1953601953601953,-50.989010989010985,0.0,129.52380952380952,-101.78266178266178,-42.002442002442,19.73137973137973,0.1953601953601953
24.42002442002442,-80.29304029304029,-60.366300366300365,-4.493284493284493,0.0,4.884004884004884,-104.9084249084249,-14.652014652014651,-6.056166056166056,0.0,-140.0732600732601,-41.22100122100122,0.0,-43.17460317460318,-84.98168498168498,-30.28083028083028,-49.03540903540904,0.0,-148.2783882783883,-9.18192918192918,6.837606837606837,-57.63125763125763,0.0,60.757020757020754,9.18192918192918,-88.88888888888889,17.387057387057386,6.837606837606837
24.42002442002442,-76.77655677655677,-65.83638583638583,-6.837606837606837,0.0,11.526251526251526,-110.37851037851038,-18.168498168498168,-7.228327228327228,0.0,-138.5103785103785,-47.472527472527474,0.0,-49.42612942612943,-86.93528693528694,-27.155067155067155,-47.472527472527474,0.0,-149.84126984126985,-9.963369963369964,0.9768009768009768,-53.724053724053725,0.0,66.22710622710623,47.472527472527474,-136.16605616605617,18.94993894993895,0.9768009768009768
24.81074481074481,-115.45787545787546,-26.764346764346765,-8.4004884004884,0.0,11.916971916971915,-105.68986568986568,-21.68498168498169,-10.354090354090356,0.0,-131.86813186813183,-50.20757020757021,0.0,-54.5054945054945,-89.67032967032966,-25.982905982905983,-41.61172161172161,0.0,-147.1062271062271,-24.42002442002442,2.5396825396825395,-43.95604395604396,0.0,27.155067155067155,58.41269841269841,-113.5042735042735,8.4004884004884,2.5396825396825395
23.247863247863247,-162.34432234432234,35.36019536019536,-15.824175824175825,0.0,14.652014652014651,-93.18681318681318,-19.34065934065934,-20.12210012210012,0.0,-122.88156288156289,-46.69108669108669,0.0,-52.16117216117216,-86.15384615384616,-18.55921855921856,-42.78388278388278,0.0,-138.5103785103785,-18.94993894993895,-5.274725274725275,-38.095238095238095,0.0,-34.969474969474966,106.47130647130648,-111.15995115995116,13.47985347985348,-5.274725274725275
15.433455433455434,-122.88156288156289,16.214896214896214,-16.214896214896214,0.0,13.47985347985348,-82.63736263736264,-15.433455433455434,-21.294261294261293,0.0,-116.23931623931624,-38.87667887667888,0.0,-49.03540903540904,-79.9023199023199,-14.652014652014651,-40.43956043956044,0.0,-128.74236874236874,9.18192918192918,-33.01587301587302,-32.234432234432234,0.0,-15.824175824175825,60.366300366300365,-92.4053724053724,40.83028083028083,-33.01587301587302
4.493284493284493,-112.33211233211232,18.168498168498168,-13.870573870573873,0.0,10.354090354090356,-75.21367521367522,-16.214896214896214,-20.12210012210012,0.0,-115.45787545787546,-30.671550671550676,0.0,-45.12820512820513,-78.33943833943835,-14.261294261294262,-33.01587301587302,0.0,-125.6166056166056,-9.572649572649572,-13.47985347985348,-22.075702075702075,0.0,-17.77777777777778,22.075702075702075,-55.67765567765568,18.168498168498168,-13.47985347985348
-0.9768009768009768,-99.82905982905984,18.168498168498168,-18.94993894993895,0.0,14.652014652014651,-73.65079365079364,-15.824175824175825,-25.982905982905983,0.0,-114.28571428571428,-24.02930402930403,0.0,-38.095238095238095,-77.94871794871794,-7.619047619047619,-38.095238095238095,0.0,-121.7094017094017,-6.837606837606837,-10.354090354090356,-24.02930402930403,0.0,-17.77777777777778,38.48595848595848,-75.6043956043956,16.605616605616607,-10.354090354090356
-3.711843711843712,-84.98168498168498,11.135531135531137,-22.857142857142858,0.0,16.605616605616607,-75.21367521367522,-14.652014652014651,-26.764346764346765,0.0,-118.5836385836386,-17.387057387057386,0.0,-35.36019536019536,-75.6043956043956,-0.9768009768009768,-43.17460317460318,0.0,-114.67643467643468,-7.619047619047619,-6.446886446886447,-26.37362637362637,0.0,-10.744810744810744,55.67765567765568,-100.21978021978022,14.261294261294262,-6.446886446886447
-9.18192918192918,-73.26007326007326,2.93040293040293,-20.12210012210012,0.0,10.354090354090356,-75.21367521367522,-15.824175824175825,-18.168498168498168,0.0,-122.88156288156289,-12.698412698412698,0.0,-38.87667887667888,-74.43223443223444,3.711843711843712,-38.48595848595848,0.0,-113.11355311355312,-20.903540903540904,0.1953601953601953,-14.261294261294262,0.0,-2.5396825396825395,6.446886446886447,-67.3992673992674,5.274725274725275,0.1953601953601953
-14.261294261294262,-62.71062271062271,1.3675213675213675,-18.94993894993895,0.0,5.665445665445666,-71.30647130647131,-14.652014652014651,-14.261294261294262,0.0,-119.75579975579976,-8.4004884004884,0.0,-41.61172161172161,-68.57142857142857,6.446886446886447,-35.75091575091575,0.0,-111.15995115995116,-23.247863247863247,-0.9768009768009768,-3.711843711843712,0.0,-0.9768009768009768,-13.870573870573873,-60.757020757020754,7.619047619047619,-0.9768009768009768
-16.605616605616607,-56.45909645909646,15.042735042735044,-24.02930402930403,0.0,2.93040293040293,-57.63125763125763,-4.493284493284493,-22.075702075702075,0.0,-111.15995115995116,0.1953601953601953,0.0,-38.48595848595848,-50.989010989010985,11.916971916971915,-44.346764346764346,0.0,-104.12698412698413,-12.307692307692308,-4.493284493284493,-0.1953601953601953,0.0,-14.652014652014651,33.7973137973138,-109.2063492063492,18.168498168498168,-4.493284493284493
-31.45299145299145,-48.25396825396825,33.7973137973138,-18.94993894993895,0.0,-3.711843711843712,-37.704517704517706,7.619047619047619,-30.28083028083028,0.0,-102.95482295482296,8.00976800976801,0.0,-39.65811965811966,-26.37362637362637,16.605616605616607,-49.42612942612943,0.0,-104.9084249084249,0.1953601953601953,0.1953601953601953,5.665445665445666,0.0,-33.40659340659341,15.042735042735044,-88.1074481074481,25.982905982905983,0.1953601953601953
-41.61172161172161,-33.7973137973138,33.01587301587302,-9.18192918192918,0.0,-3.3211233211233213,-24.02930402930403,8.4004884004884,-32.234432234432234,0.0,-88.4981684981685,15.042735042735044,0.0,-37.31379731379732,-16.996336996336996,13.47985347985348,-38.48595848595848,0.0,-107.25274725274726,1.3675213675213675,2.5396825396825395,21.68498168498169,0.0,-32.62515262515262,-28.32722832722833,-51.77045177045177,29.499389499389498,2.5396825396825395
-51.77045177045177,-17.77777777777778,38.48595848595848,-8.791208791208792,0.0,0.1953601953601953,-12.307692307692308,15.433455433455434,-43.56532356532357,0.0,-75.6043956043956,21.68498168498169,0.0,-30.671550671550676,-5.274725274725275,20.512820512820515,-43.95604395604396,0.0,-103.34554334554336,13.47985347985348,5.665445665445666,22.075702075702075,0.0,-38.095238095238095,6.837606837606837,-84.98168498168498,36.14163614163614,5.665445665445666
-62.31990231990232,-4.493284493284493,36.14163614163614,-6.056166056166056,0.0,2.148962148962149,-11.526251526251526,16.214896214896214,-44.346764346764346,0.0,-69.35286935286935,24.81074481074481,0.0,-27.936507936507937,-2.148962148962149,27.936507936507937,-42.002442002442,0.0,-100.6105006105006,18.168498168498168,8.791208791208792,26.764346764346765,0.0,-35.75091575091575,57.24053724053724,-135.3846153846154,39.65811965811966,8.791208791208792
-74.82295482295483,11.526251526251526,20.12210012210012,0.1953601953601953,0.0,0.9768009768009768,-21.68498168498169,11.526251526251526,-33.01587301587302,0.0,-67.3992673992674,20.12210012210012,0.0,-29.10866910866911,-8.00976800976801,32.62515262515262,-27.936507936507937,0.0,-103.34554334554336,16.996336996336996,13.870573870573873,36.14163614163614,0.0,-19.73137973137973,26.37362637362637,-117.4114774114774,40.04884004884005,13.870573870573873
-86.15384615384616,0.5860805860805861,35.75091575091575,-0.5860805860805861,0.0,0.5860805860805861,-33.7973137973138,11.135531135531137,-27.545787545787547,0.0,-67.3992673992674,13.47985347985348,0.0,-27.545787545787547,-10.744810744810744,38.095238095238095,-23.63858363858364,0.0,-101.78266178266178,19.34065934065934,21.294261294261293,34.969474969474966,0.0,-35.36019536019536,36.92307692307692,-108.03418803418803,40.04884004884005,21.294261294261293
-93.96825396825396,6.446886446886447,36.53235653235653,-4.102564102564102,0.0,-0.5860805860805861,-42.78388278388278,14.652014652014651,-24.02930402930403,0.0,-67.78998778998779,7.228327228327228,0.0,-28.32722832722833,-7.619047619047619,45.51892551892552,-24.81074481074481,0.0,-101.001221001221,25.982905982905983,28.32722832722833,28.71794871794872,0.0,-36.14163614163614,76.77655677655677,-142.41758241758242,39.65811965811966,28.32722832722833
-101.78266178266178,29.10866910866911,16.214896214896214,3.711843711843712,0.0,-8.791208791208792,-46.69108669108669,15.433455433455434,-9.572649572649572,0.0,-67.3992673992674,1.7582417582417582,0.0,-28.71794871794872,-11.135531135531137,46.69108669108669,-13.089133089133089,0.0,-98.65689865689866,26.764346764346765,29.89010989010989,32.62515262515262,0.0,-15.824175824175825,73.26007326007326,-149.05982905982907,35.75091575091575,29.89010989010989
-110.37851037851038,45.12820512820513,7.228327228327228,10.744810744810744,0.0,-18.94993894993895,-42.39316239316239,16.605616605616607,0.5860805860805861,0.0,-63.88278388278388,0.9768009768009768,0.0,-25.982905982905983,-15.433455433455434,46.69108669108669,-2.93040293040293,0.0,-92.7960927960928,28.32722832722833,24.81074481074481,39.26739926739927,0.0,-6.837606837606837,57.24053724053724,-131.4774114774115,33.40659340659341,24.81074481074481
-110.76923076923076,58.41269841269841,0.1953601953601953,14.261294261294262,0.0,-31.45299145299145,-29.499389499389498,20.903540903540904,3.711843711843712,0.0,-57.24053724053724,5.665445665445666,0.0,-21.68498168498169,-16.214896214896214,50.20757020757021,0.1953601953601953,0.0,-82.24664224664225,31.843711843711844,17.387057387057386,41.22100122100122,0.0,0.1953601953601953,53.724053724053725,-128.74236874236874,37.704517704517706,17.387057387057386
-118.5836385836386,60.757020757020754,6.446886446886447,21.294261294261293,0.0,-46.3003663003663,-16.605616605616607,24.42002442002442,9.572649572649572,0.0,-51.37973137973138,13.089133089133089,0.0,-19.73137973137973,-17.387057387057386,56.45909645909646,6.446886446886447,0.0,-68.96214896214896,24.81074481074481,21.68498168498169,45.90964590964591,0.0,-6.056166056166056,56.06837606837607,-117.4114774114774,34.18803418803419,21.68498168498169
-125.6166056166056,54.5054945054945,13.870573870573873,26.764346764346765,0.0,-56.45909645909646,-8.791208791208792,24.02930402930403,13.870573870573873,0.0,-45.12820512820513,19.73137973137973,0.0,-18.94993894993895,-13.47985347985348,58.41269841269841,14.652014652014651,0.0,-59.58485958485959,23.247863247863247,26.37362637362637,48.25396825396825,0.0,-13.47985347985348,48.25396825396825,-88.4981684981685,31.45299145299145,26.37362637362637
-125.6166056166056,51.37973137973138,18.94993894993895,21.68498168498169,0.0,-57.63125763125763,-6.446886446886447,27.936507936507937,4.102564102564102,0.0,-35.75091575091575,27.155067155067155,0.0,-13.870573870573873,-0.1953601953601953,61.14774114774115,5.274725274725275,0.0,-45.51892551892552,30.671550671550676,30.671550671550676,34.18803418803419,0.0,-18.55921855921856,77.94871794871794,-95.53113553113552,33.40659340659341,30.671550671550676
-126.3980463980464,65.44566544566544,10.354090354090356,20.903540903540904,0.0,-56.06837606837607,-4.493284493284493,32.234432234432234,1.3675213675213675,0.0,-24.42002442002442,30.28083028083028,0.0,-9.963369963369964,15.042735042735044,67.00854700854701,-3.711843711843712,0.0,-31.45299145299145,40.04884004884005,37.704517704517706,20.512820512820515,0.0,-9.963369963369964,88.88888888888889,-97.48473748473748,34.57875457875458,37.704517704517706
-124.05372405372404,122.1001221001221,-50.20757020757021,33.40659340659341,0.0,-58.02197802197802,-2.5396825396825395,31.062271062271066,13.089133089133089,0.0,-11.526251526251526,27.936507936507937,0.0,-7.619047619047619,26.764346764346765,64.66422466422466,1.3675213675213675,0.0,-21.68498168498169,49.03540903540904,34.18803418803419,21.68498168498169,0.0,50.5982905982906,-12.307692307692308,-38.87667887667888,36.92307692307692,34.18803418803419
-115.45787545787546,90.84249084249085,-21.294261294261293,43.95604395604396,0.0,-58.41269841269841,8.00976800976801,29.499389499389498,19.73137973137973,0.0,2.93040293040293,28.32722832722833,0.0,-1.7582417582417582,36.92307692307692,62.71062271062271,4.102564102564102,0.0,-8.791208791208792,58.41269841269841,26.764346764346765,23.63858363858364,0.0,21.68498168498169,29.10866910866911,-47.081807081807085,49.81684981684982,26.764346764346765
-111.55067155067157,75.21367521367522,11.916971916971915,52.55189255189255,0.0,-59.1941391941392,29.89010989010989,35.36019536019536,22.857142857142858,0.0,23.63858363858364,29.10866910866911,0.0,1.7582417582417582,56.06837606837607,67.00854700854701,1.3675213675213675,0.0,3.711843711843712,63.88278388278388,31.843711843711844,24.02930402930403,0.0,-11.526251526251526,126.7887667887668,-118.5836385836386,57.63125763125763,31.843711843711844
-104.12698412698413,76.38583638583638,20.512820512820515,61.14774114774115,0.0,-54.5054945054945,52.16117216117216,32.62515262515262,24.02930402930403,0.0,45.12820512820513,31.062271062271066,0.0,11.135531135531137,67.3992673992674,64.27350427350427,5.274725274725275,0.0,19.34065934065934,59.58485958485959,35.75091575091575,31.843711843711844,0.0,-20.12210012210012,122.88156288156289,-112.33211233211232,59.975579975579976,35.75091575091575
-95.53113553113552,70.13431013431014,33.40659340659341,66.61782661782662,0.0,-46.3003663003663,71.30647130647131,29.499389499389498,20.903540903540904,0.0,68.96214896214896,33.01587301587302,0.0,18.94993894993895,82.24664224664225,56.45909645909646,9.572649572649572,0.0,30.28083028083028,57.24053724053724,40.83028083028083,36.92307692307692,0.0,-33.01587301587302,88.88888888888889,-71.30647130647131,63.49206349206349,40.83028083028083
-82.24664224664225,83.41880341880342,31.843711843711844,62.31990231990232,0.0,-29.89010989010989,89.27960927960928,30.28083028083028,6.446886446886447,0.0,93.57753357753356,34.18803418803419,0.0,31.843711843711844,99.43833943833944,54.114774114774114,1.7582417582417582,0.0,46.69108669108669,61.14774114774115,47.86324786324786,30.28083028083028,0.0,-31.45299145299145,105.68986568986568,-93.96825396825396,65.05494505494505,47.86324786324786
-68.18070818070818,104.51770451770452,14.261294261294262,60.757020757020754,0.0,-14.261294261294262,99.04761904761904,26.764346764346765,1.3675213675213675,0.0,111.55067155067157,31.843711843711844,0.0,42.78388278388278,109.2063492063492,48.64468864468864,0.1953601953601953,0.0,61.53846153846154,58.41269841269841,48.25396825396825,30.28083028083028,0.0,-13.870573870573873,104.9084249084249,-109.98778998778998,60.757020757020754,48.25396825396825
-57.63125763125763,122.4908424908425,-8.4004884004884,64.66422466422466,0.0,-9.572649572649572,102.56410256410255,22.466422466422465,6.446886446886447,0.0,120.53724053724054,32.62515262515262,0.0,50.989010989010985,109.2063492063492,41.61172161172161,8.00976800976801,0.0,70.13431013431014,53.724053724053725,46.3003663003663,37.704517704517706,0.0,8.791208791208792,40.83028083028083,-70.91575091575092,58.8034188034188,46.3003663003663
-50.989010989010985,109.2063492063492,9.18192918192918,61.92918192918193,0.0,-8.00976800976801,107.64346764346764,22.075702075702075,8.00976800976801,0.0,124.05372405372404,34.18803418803419,0.0,58.8034188034188,104.9084249084249,42.002442002442,12.307692307692308,0.0,80.68376068376068,49.81684981684982,43.56532356532357,42.39316239316239,0.0,-8.791208791208792,25.592185592185597,-43.56532356532357,56.06837606837607,43.56532356532357
-47.081807081807085,108.42490842490842,21.294261294261293,57.24053724053724,0.0,-8.791208791208792,112.72283272283272,24.81074481074481,11.916971916971915,0.0,124.05372405372404,38.87667887667888,0.0,65.83638583638583,98.65689865689866,47.86324786324786,11.135531135531137,0.0,92.7960927960928,41.22100122100122,44.737484737484735,43.17460317460318,0.0,-20.903540903540904,48.64468864468864,-60.757020757020754,47.081807081807085,44.737484737484735
-45.51892551892552,114.67643467643468,20.12210012210012,56.45909645909646,0.0,-15.433455433455434,116.63003663003664,25.2014652014652,20.903540903540904,0.0,122.4908424908425,43.95604395604396,0.0,70.52503052503053,89.27960927960928,51.37973137973138,17.77777777777778,0.0,100.6105006105006,34.57875457875458,44.737484737484735,47.472527472527474,0.0,-19.73137973137973,41.22100122100122,-62.71062271062271,43.17460317460318,44.737484737484735
-43.56532356532357,88.1074481074481,50.5982905982906,56.45909645909646,0.0,-22.075702075702075,118.5836385836386,29.10866910866911,26.764346764346765,0.0,120.53724053724054,50.20757020757021,0.0,74.43223443223444,82.63736263736264,55.67765567765568,20.903540903540904,0.0,109.98778998778998,34.18803418803419,40.04884004884005,48.25396825396825,0.0,-50.20757020757021,62.71062271062271,-61.14774114774115,44.737484737484735,40.04884004884005
-41.61172161172161,98.26617826617829,49.42612942612943,50.5982905982906,0.0,-25.982905982905983,121.7094017094017,36.92307692307692,25.592185592185597,0.0,119.75579975579976,56.45909645909646,0.0,78.73015873015873,84.98168498168498,62.31990231990232,15.433455433455434,0.0,121.31868131868131,33.01587301587302,42.78388278388278,43.17460317460318,0.0,-49.03540903540904,68.57142857142857,-73.65079365079364,40.43956043956044,42.78388278388278
-40.43956043956044,84.59096459096459,61.53846153846154,51.37973137973138,0.0,-33.7973137973138,117.02075702075702,42.002442002442,33.01587301587302,0.0,113.11355311355312,64.66422466422466,0.0,80.29304029304029,85.76312576312576,63.49206349206349,21.294261294261293,0.0,126.007326007326,31.843711843711844,43.17460317460318,48.25396825396825,0.0,-61.14774114774115,53.724053724053725,-52.94261294261294,40.43956043956044,43.17460317460318
-43.56532356532357,97.48473748473748,47.081807081807085,54.5054945054945,0.0,-39.26739926739927,109.5970695970696,44.737484737484735,40.83028083028083,0.0,104.12698412698413,68.96214896214896,0.0,81.85592185592185,81.07448107448107,61.53846153846154,29.10866910866911,0.0,127.57020757020756,27.936507936507937,38.48595848595848,58.41269841269841,0.0,-46.69108669108669,9.18192918192918,-25.2014652014652,38.48595848595848,38.48595848595848
-44.346764346764346,80.29304029304029,68.57142857142857,48.64468864468864,0.0,-36.53235653235653,103.34554334554336,51.77045177045177,36.14163614163614,0.0,98.65689865689866,71.30647130647131,0.0,84.98168498168498,79.12087912087912,65.44566544566544,22.466422466422465,0.0,129.52380952380952,20.512820512820515,40.04884004884005,60.757020757020754,0.0,-68.18070818070818,67.00854700854701,-65.05494505494505,31.062271062271066,40.04884004884005
-45.12820512820513,66.22710622710623,87.71672771672772,45.90964590964591,0.0,-33.40659340659341,99.04761904761904,55.28693528693529,33.7973137973138,0.0,94.35897435897436,73.65079365079364,0.0,85.76312576312576,81.46520146520146,65.83638583638583,17.387057387057386,0.0,131.4774114774115,13.089133089133089,41.61172161172161,63.49206349206349,0.0,-87.32600732600733,84.59096459096459,-68.96214896214896,27.936507936507937,41.61172161172161
-48.25396825396825,68.57142857142857,80.29304029304029,54.89621489621489,0.0,-31.45299145299145,95.14041514041514,52.16117216117216,40.43956043956044,0.0,94.35897435897436,69.35286935286935,0.0,82.63736263736264,81.85592185592185,63.10134310134311,20.903540903540904,0.0,130.6959706959707,2.5396825396825395,42.39316239316239,72.08791208791209,0.0,-79.9023199023199,38.87667887667888,-31.45299145299145,26.37362637362637,42.39316239316239
-49.81684981684982,61.14774114774115,85.37240537240537,61.14774114774115,0.0,-24.42002442002442,90.84249084249085,52.94261294261294,38.48595848595848,0.0,99.04761904761904,64.27350427350427,0.0,82.24664224664225,88.4981684981685,65.05494505494505,20.512820512820515,0.0,132.25885225885227,-5.665445665445666,50.989010989010985,78.33943833943835,0.0,-84.98168498168498,74.04151404151405,-65.05494505494505,24.42002442002442,50.989010989010985
-48.64468864468864,81.07448107448107,71.30647130647131,55.67765567765568,0.0,-13.870573870573873,96.31257631257633,53.333333333333336,23.63858363858364,0.0,104.12698412698413,61.14774114774115,0.0,86.93528693528694,104.51770451770452,63.10134310134311,11.135531135531137,0.0,135.77533577533578,-0.9768009768009768,57.63125763125763,72.86935286935287,0.0,-70.91575091575092,91.23321123321124,-96.7032967032967,24.81074481074481,57.63125763125763
-47.86324786324786,91.62393162393164,51.77045177045177,66.22710622710623,0.0,-2.5396825396825395,92.014652014652,49.03540903540904,24.02930402930403,0.0,106.47130647130648,52.55189255189255,0.0,91.62393162393164,109.98778998778998,58.41269841269841,15.042735042735044,0.0,134.6031746031746,-1.7582417582417582,62.71062271062271,78.33943833943835,0.0,-51.37973137973138,38.48595848595848,-61.92918192918193,27.936507936507937,62.71062271062271
-44.346764346764346,74.04151404151405,63.49206349206349,68.96214896214896,0.0,12.307692307692308,88.4981684981685,43.56532356532357,18.168498168498168,0.0,110.37851037851038,41.61172161172161,0.0,99.04761904761904,113.5042735042735,50.20757020757021,15.042735042735044,0.0,133.43101343101344,-2.5396825396825395,61.92918192918193,85.37240537240537,0.0,-63.10134310134311,17.77777777777778,-28.32722832722833,27.155067155067155,61.92918192918193
-34.57875457875458,62.31990231990232,77.94871794871794,62.31990231990232,0.0,29.499389499389498,90.06105006105007,42.78388278388278,4.884004884004884,0.0,115.84859584859583,37.31379731379732,0.0,111.55067155067157,118.1929181929182,47.081807081807085,3.3211233211233213,0.0,135.3846153846154,-0.5860805860805861,61.92918192918193,83.02808302808303,0.0,-77.55799755799755,50.5982905982906,-47.86324786324786,23.247863247863247,61.92918192918193
-28.32722832722833,63.10134310134311,75.21367521367522,65.83638583638583,0.0,39.26739926739927,89.27960927960928,41.22100122100122,5.665445665445666,0.0,121.31868131868131,28.71794871794872,0.0,116.63003663003664,120.53724053724054,40.04884004884005,2.5396825396825395,0.0,133.43101343101344,-2.148962148962149,63.10134310134311,86.15384615384616,0.0,-74.82295482295483,56.84981684981685,-59.58485958485959,19.73137973137973,63.10134310134311
-24.02930402930403,66.61782661782662,67.00854700854701,70.52503052503053,0.0,41.22100122100122,90.06105006105007,36.53235653235653,11.135531135531137,0.0,123.66300366300366,20.12210012210012,0.0,117.8021978021978,119.75579975579976,32.62515262515262,9.18192918192918,0.0,126.7887667887668,-4.102564102564102,62.31990231990232,94.74969474969475,0.0,-66.61782661782662,25.2014652014652,-38.87667887667888,16.214896214896214,62.31990231990232
-19.73137973137973,70.52503052503053,66.61782661782662,65.05494505494505,0.0,42.002442002442,96.7032967032967,36.14163614163614,6.837606837606837,0.0,123.27228327228327,18.168498168498168,0.0,118.1929181929182,125.22588522588522,28.71794871794872,8.00976800976801,0.0,123.66300366300366,-0.1953601953601953,65.44566544566544,91.23321123321124,0.0,-66.22710622710623,8.791208791208792,-29.10866910866911,17.77777777777778,65.44566544566544
-15.824175824175825,75.995115995116,60.757020757020754,63.88278388278388,0.0,41.61172161172161,99.04761904761904,36.92307692307692,6.446886446886447,0.0,117.02075702075702,19.34065934065934,0.0,112.72283272283272,129.52380952380952,30.28083028083028,9.18192918192918,0.0,119.36507936507935,3.3211233211233213,72.47863247863248,85.76312576312576,0.0,-60.366300366300365,2.93040293040293,-31.062271062271066,19.73137973137973,72.47863247863248
-12.307692307692308,81.46520146520146,46.3003663003663,66.61782661782662,0.0,37.704517704517706,98.26617826617829,35.36019536019536,9.963369963369964,0.0,104.51770451770452,24.42002442002442,0.0,103.73626373626374,126.7887667887668,29.499389499389498,17.77777777777778,0.0,111.55067155067157,5.665445665445666,73.26007326007326,86.54456654456655,0.0,-45.90964590964591,-20.512820512820515,-14.261294261294262,17.77777777777778,73.26007326007326
-7.619047619047619,87.71672771672772,32.234432234432234,63.49206349206349,0.0,38.095238095238095,93.96825396825396,37.704517704517706,5.665445665445666,0.0,91.23321123321124,31.45299145299145,0.0,97.87545787545788,122.1001221001221,33.01587301587302,16.214896214896214,0.0,106.86202686202688,9.963369963369964,74.04151404151405,77.94871794871794,0.0,-31.843711843711844,-10.744810744810744,-27.936507936507937,16.996336996336996,74.04151404151405
-2.148962148962149,85.37240537240537,25.2014652014652,60.366300366300365,0.0,40.43956043956044,83.80952380952381,44.737484737484735,-0.1953601953601953,0.0,78.33943833943835,39.26739926739927,0.0,92.014652014652,114.28571428571428,39.65811965811966,12.698412698412698,0.0,104.12698412698413,10.744810744810744,74.43223443223444,68.96214896214896,0.0,-24.81074481074481,2.148962148962149,-33.7973137973138,13.089133089133089,74.43223443223444
-2.148962148962149,96.7032967032967,-1.7582417582417582,70.52503052503053,0.0,37.704517704517706,68.18070818070818,47.472527472527474,8.791208791208792,0.0,61.92918192918193,41.61172161172161,0.0,82.24664224664225,103.34554334554336,41.22100122100122,20.903540903540904,0.0,97.09401709401708,7.619047619047619,73.26007326007326,68.96214896214896,0.0,2.148962148962149,-35.36019536019536,-7.619047619047619,8.4004884004884,73.26007326007326
-3.3211233211233213,78.73015873015873,-3.3211233211233213,81.46520146520146,0.0,34.969474969474966,52.94261294261294,47.081807081807085,16.605616605616607,0.0,47.86324786324786,42.78388278388278,0.0,72.86935286935287,90.84249084249085,42.78388278388278,29.10866910866911,0.0,88.88888888888889,5.274725274725275,72.86935286935287,67.78998778998779,0.0,3.711843711843712,-11.916971916971915,-20.903540903540904,11.135531135531137,72.86935286935287
-2.148962148962149,55.28693528693529,11.526251526251526,79.12087912087912,0.0,39.65811965811966,40.43956043956044,50.20757020757021,11.526251526251526,0.0,35.75091575091575,46.3003663003663,0.0,67.3992673992674,84.2002442002442,49.03540903540904,25.982905982905983,0.0,83.41880341880342,6.446886446886447,77.55799755799755,58.41269841269841,0.0,-11.135531135531137,65.44566544566544,-75.6043956043956,10.744810744810744,77.55799755799755
-0.9768009768009768,58.02197802197802,-1.7582417582417582,81.46520146520146,0.0,40.04884004884005,33.40659340659341,48.64468864468864,13.089133089133089,0.0,22.075702075702075,46.69108669108669,0.0,59.1941391941392,75.21367521367522,53.333333333333336,29.499389499389498,0.0,72.86935286935287,9.18192918192918,79.51159951159951,54.114774114774114,0.0,2.148962148962149,66.22710622710623,-86.54456654456655,12.307692307692308,79.51159951159951
-3.3211233211233213,52.55189255189255,-15.042735042735044,91.62393162393164,0.0,35.75091575091575,27.155067155067155,41.61172161172161,19.34065934065934,0.0,8.00976800976801,42.002442002442,0.0,49.03540903540904,60.757020757020754,50.989010989010985,39.65811965811966,0.0,59.1941391941392,12.307692307692308,70.91575091575092,56.84981684981685,0.0,15.433455433455434,23.247863247863247,-52.55189255189255,22.075702075702075,70.91575091575092
0.1953601953601953,44.737484737484735,-13.089133089133089,81.85592185592185,0.0,38.48595848595848,25.982905982905983,42.78388278388278,5.665445665445666,0.0,3.711843711843712,40.04884004884005,0.0,45.90964590964591,54.5054945054945,45.90964590964591,36.53235653235653,0.0,51.37973137973138,15.433455433455434,63.49206349206349,51.37973137973138,0.0,13.47985347985348,40.04884004884005,-62.71062271062271,22.075702075702075,63.49206349206349
-1.3675213675213675,34.18803418803419,-2.93040293040293,76.38583638583638,0.0,35.75091575091575,26.37362637362637,42.78388278388278,0.5860805860805861,0.0,-2.148962148962149,37.704517704517706,0.0,44.346764346764346,46.69108669108669,41.61172161172161,32.62515262515262,0.0,48.25396825396825,12.698412698412698,59.58485958485959,43.95604395604396,0.0,3.3211233211233213,65.05494505494505,-74.82295482295483,22.075702075702075,59.58485958485959
-7.228327228327228,24.02930402930403,-1.7582417582417582,80.68376068376068,0.0,29.89010989010989,22.857142857142858,36.92307692307692,5.274725274725275,0.0,-9.18192918192918,34.18803418803419,0.0,38.87667887667888,35.75091575091575,32.62515262515262,35.36019536019536,0.0,37.704517704517706,9.18192918192918,52.94261294261294,42.002442002442,0.0,2.148962148962149,25.982905982905983,-26.764346764346765,23.247863247863247,52.94261294261294
-12.307692307692308,15.433455433455434,3.3211233211233213,74.04151404151405,0.0,29.89010989010989,18.55921855921856,31.843711843711844,-0.1953601953601953,0.0,-13.089133089133089,31.45299145299145,0.0,38.87667887667888,28.32722832722833,25.982905982905983,30.28083028083028,0.0,28.71794871794872,8.791208791208792,53.333333333333336,31.843711843711844,0.0,-2.93040293040293,-9.18192918192918,16.214896214896214,25.2014652014652,53.333333333333336
-15.824175824175825,20.512820512820515,-2.5396825396825395,65.44566544566544,0.0,32.62515262515262,14.652014652014651,24.42002442002442,-5.665445665445666,0.0,-15.824175824175825,24.02930402930403,0.0,38.095238095238095,23.63858363858364,24.42002442002442,20.12210012210012,0.0,18.55921855921856,12.307692307692308,59.1941391941392,16.214896214896214,0.0,2.93040293040293,12.698412698412698,-14.261294261294262,29.89010989010989,59.1941391941392
-20.512820512820515,13.089133089133089,-8.00976800976801,67.78998778998779,0.0,34.18803418803419,7.619047619047619,11.526251526251526,-2.5396825396825395,0.0,-18.55921855921856,8.00976800976801,0.0,31.45299145299145,16.996336996336996,16.996336996336996,16.996336996336996,0.0,2.5396825396825395,12.307692307692308,57.63125763125763,9.572649572649572,0.0,8.4004884004884,30.28083028083028,-38.48595848595848,38.095238095238095,57.63125763125763
-22.857142857142858,9.963369963369964,-18.55921855921856,67.00854700854701,0.0,38.87667887667888,1.3675213675213675,0.1953601953601953,-6.056166056166056,0.0,-14.261294261294262,-8.4004884004884,0.0,29.499389499389498,11.135531135531137,4.102564102564102,13.47985347985348,0.0,-9.963369963369964,10.744810744810744,50.5982905982906,6.837606837606837,0.0,18.94993894993895,17.387057387057386,-38.87667887667888,48.64468864468864,50.5982905982906
-24.81074481074481,0.1953601953601953,-8.791208791208792,61.92918192918193,0.0,43.56532356532357,3.3211233211233213,-4.884004884004884,-14.261294261294262,0.0,-6.056166056166056,-21.294261294261293,0.0,33.40659340659341,10.354090354090356,-2.93040293040293,0.9768009768009768,0.0,-15.433455433455434,10.744810744810744,47.081807081807085,-1.3675213675213675,0.0,9.18192918192918,16.996336996336996,-31.45299145299145,52.94261294261294,47.081807081807085
-27.545787545787547,-8.791208791208792,-1.3675213675213675,66.61782661782662,0.0,47.081807081807085,4.102564102564102,-9.963369963369964,-13.089133089133089,0.0,0.1953601953601953,-30.671550671550676,0.0,31.45299145299145,7.619047619047619,-4.102564102564102,-8.00976800976801,0.0,-18.94993894993895,9.572649572649572,42.002442002442,-6.446886446886447,0.0,1.7582417582417582,24.42002442002442,-28.71794871794872,54.89621489621489,42.002442002442
-30.28083028083028,-11.135531135531137,0.1953601953601953,71.30647130647131,0.0,50.989010989010985,4.493284493284493,-12.698412698412698,-13.870573870573873,0.0,4.493284493284493,-35.36019536019536,0.0,32.62515262515262,3.3211233211233213,-4.493284493284493,-11.916971916971915,0.0,-19.73137973137973,13.089133089133089,34.969474969474966,-9.18192918192918,0.0,0.1953601953601953,20.903540903540904,-17.387057387057386,58.41269841269841,34.969474969474966
-32.234432234432234,-11.135531135531137,4.102564102564102,69.35286935286935,0.0,58.41269841269841,4.884004884004884,-11.916971916971915,-21.68498168498169,0.0,6.837606837606837,-32.62515262515262,0.0,34.969474969474966,1.3675213675213675,1.3675213675213675,-22.857142857142858,0.0,-19.34065934065934,22.075702075702075,32.234432234432234,-19.73137973137973,0.0,-3.711843711843712,52.16117216117216,-38.48595848595848,60.757020757020754,32.234432234432234
-32.234432234432234,-10.744810744810744,5.665445665445666,66.61782661782662,0.0,64.27350427350427,2.5396825396825395,-9.572649572649572,-27.936507936507937,0.0,2.148962148962149,-25.2014652014652,0.0,34.57875457875458,-2.5396825396825395,10.744810744810744,-33.40659340659341,0.0,-20.903540903540904,30.28083028083028,31.843711843711844,-31.843711843711844,0.0,-5.274725274725275,74.04151404151405,-51.77045177045177,63.49206349206349,31.843711843711844
-36.53235653235653,-14.261294261294262,6.056166056166056,70.13431013431014,0.0,61.14774114774115,-1.3675213675213675,-10.354090354090356,-24.42002442002442,0.0,-10.744810744810744,-18.168498168498168,0.0,27.936507936507937,-8.791208791208792,11.916971916971915,-30.28083028083028,0.0,-25.2014652014652,29.499389499389498,27.545787545787547,-31.062271062271066,0.0,-5.665445665445666,33.01587301587302,-5.274725274725275,64.66422466422466,27.545787545787547
-41.61172161172161,-19.73137973137973,12.307692307692308,70.91575091575092,0.0,57.24053724053724,-4.884004884004884,-8.4004884004884,-21.294261294261293,0.0,-23.63858363858364,-6.056166056166056,0.0,22.075702075702075,-15.042735042735044,11.526251526251526,-27.155067155067155,0.0,-31.45299145299145,24.02930402930403,27.545787545787547,-28.71794871794872,0.0,-11.916971916971915,36.92307692307692,0.1953601953601953,61.92918192918193,27.545787545787547
-43.17460317460318,-22.075702075702075,24.02930402930403,65.83638583638583,0.0,52.16117216117216,-3.711843711843712,-1.7582417582417582,-21.68498168498169,0.0,-38.87667887667888,5.665445665445666,0.0,18.94993894993895,-16.214896214896214,15.824175824175825,-31.45299145299145,0.0,-33.40659340659341,21.68498168498169,34.18803418803419,-36.53235653235653,0.0,-23.63858363858364,85.76312576312576,-37.704517704517706,58.41269841269841,34.18803418803419
-50.20757020757021,-19.34065934065934,36.92307692307692,65.44566544566544,0.0,38.48595848595848,0.5860805860805861,7.619047619047619,-15.042735042735044,0.0,-56.06837606837607,14.261294261294262,0.0,9.18192918192918,-12.698412698412698,22.075702075702075,-30.671550671550676,0.0,-36.92307692307692,21.68498168498169,43.56532356532357,-41.22100122100122,0.0,-36.53235653235653,72.08791208791209,-18.55921855921856,56.45909645909646,43.56532356532357
-49.81684981684982,-22.466422466422465,36.92307692307692,72.86935286935287,0.0,33.7973137973138,0.1953601953601953,6.446886446886447,-4.102564102564102,0.0,-62.71062271062271,23.63858363858364,0.0,2.5396825396825395,-18.94993894993895,15.433455433455434,-13.47985347985348,0.0,-41.61172161172161,16.605616605616607,38.48595848595848,-28.32722832722833,0.0,-36.53235653235653,47.472527472527474,6.446886446886447,52.55189255189255,38.48595848595848
-46.69108669108669,-27.155067155067155,48.25396825396825,68.18070818070818,0.0,31.062271062271066,1.7582417582417582,13.870573870573873,-5.665445665445666,0.0,-71.30647130647131,34.18803418803419,0.0,0.1953601953601953,-19.34065934065934,20.903540903540904,-14.261294261294262,0.0,-42.002442002442,20.903540903540904,39.65811965811966,-33.01587301587302,0.0,-47.86324786324786,53.724053724053725,7.228327228327228,50.989010989010985,39.65811965811966
-43.56532356532357,-30.671550671550676,56.45909645909646,68.18070818070818,0.0,27.155067155067155,1.7582417582417582,19.34065934065934,0.1953601953601953,0.0,-78.33943833943835,43.56532356532357,0.0,-4.493284493284493,-22.857142857142858,27.545787545787547,-10.744810744810744,0.0,-43.17460317460318,24.02930402930403,39.26739926739927,-32.62515262515262,0.0,-56.06837606837607,84.98168498168498,-16.605616605616607,48.64468864468864,39.26739926739927
-40.43956043956044,-34.969474969474966,56.84981684981685,72.47863247863248,0.0,22.857142857142858,-2.5396825396825395,19.34065934065934,12.698412698412698,0.0,-82.63736263736264,51.77045177045177,0.0,-9.18192918192918,-32.62515262515262,25.982905982905983,4.102564102564102,0.0,-42.39316239316239,20.903540903540904,30.671550671550676,-22.075702075702075,0.0,-56.45909645909646,29.10866910866911,41.22100122100122,47.081807081807085,30.671550671550676
-39.26739926739927,-29.89010989010989,58.02197802197802,68.18070818070818,0.0,17.387057387057386,-6.056166056166056,22.466422466422465,21.68498168498169,0.0,-84.98168498168498,56.45909645909646,0.0,-9.963369963369964,-38.48595848595848,31.45299145299145,8.00976800976801,0.0,-39.26739926739927,24.81074481074481,29.499389499389498,-25.2014652014652,0.0,-57.63125763125763,-24.02930402930403,95.92185592185592,48.64468864468864,29.499389499389498
-40.83028083028083,-14.652014652014651,55.67765567765568,61.14774114774115,0.0,9.18192918192918,-8.00976800976801,28.32722832722833,29.89010989010989,0.0,-83.41880341880342,58.41269841269841,0.0,-9.572649572649572,-37.31379731379732,34.969474969474966,9.18192918192918,0.0,-32.62515262515262,32.234432234432234,30.28083028083028,-32.62515262515262,0.0,-55.28693528693529,-5.274725274725275,75.6043956043956,50.5982905982906,30.28083028083028
-42.78388278388278,-2.5396825396825395,46.69108669108669,58.8034188034188,0.0,0.9768009768009768,-11.135531135531137,27.545787545787547,42.002442002442,0.0,-77.16727716727716,55.67765567765568,0.0,-12.698412698412698,-41.22100122100122,33.7973137973138,22.857142857142858,0.0,-28.71794871794872,33.01587301587302,25.2014652014652,-27.155067155067155,0.0,-46.3003663003663,-4.884004884004884,70.13431013431014,49.42612942612943,25.2014652014652
-44.737484737484735,-2.148962148962149,45.51892551892552,54.89621489621489,0.0,-8.4004884004884,-11.526251526251526,26.37362637362637,46.69108669108669,0.0,-67.3992673992674,50.20757020757021,0.0,-15.433455433455434,-45.12820512820513,30.671550671550676,31.45299145299145,0.0,-27.545787545787547,29.10866910866911,20.12210012210012,-20.512820512820515,0.0,-45.12820512820513,-11.135531135531137,78.33943833943835,43.56532356532357,20.12210012210012
-45.90964590964591,-15.433455433455434,59.975579975579976,48.64468864468864,0.0,-17.77777777777778,-10.744810744810744,29.89010989010989,45.12820512820513,0.0,-57.24053724053724,42.78388278388278,0.0,-18.55921855921856,-45.12820512820513,31.062271062271066,29.499389499389498,0.0,-27.155067155067155,23.63858363858364,17.77777777777778,-18.168498168498168,0.0,-59.58485958485959,4.884004884004884,79.12087912087912,34.57875457875458,17.77777777777778
-47.86324786324786,-26.764346764346765,66.22710622710623,48.64468864468864,0.0,-29.10866910866911,-11.526251526251526,29.499389499389498,50.989010989010985,0.0,-47.472527472527474,31.843711843711844,0.0,-21.68498168498169,-50.5982905982906,28.71794871794872,33.40659340659341,0.0,-27.936507936507937,11.916971916971915,13.47985347985348,-8.00976800976801,0.0,-65.83638583638583,2.93040293040293,90.45177045177046,24.02930402930403,13.47985347985348
-49.81684981684982,-35.36019536019536,70.13431013431014,50.989010989010985,0.0,-37.31379731379732,-14.652014652014651,28.32722832722833,58.41269841269841,0.0,-38.48595848595848,21.294261294261293,0.0,-18.94993894993895,-57.63125763125763,23.247863247863247,37.704517704517706,0.0,-26.37362637362637,-0.1953601953601953,9.963369963369964,0.1953601953601953,0.0,-69.74358974358974,-7.228327228327228,108.8156288156288,12.698412698412698,9.963369963369964
-50.20757020757021,-31.062271062271066,68.18070818070818,45.51892551892552,0.0,-40.83028083028083,-16.214896214896214,30.28083028083028,57.63125763125763,0.0,-28.71794871794872,14.261294261294262,0.0,-11.526251526251526,-56.45909645909646,17.77777777777778,29.499389499389498,0.0,-22.857142857142858,-6.056166056166056,10.744810744810744,-1.7582417582417582,0.0,-67.78998778998779,23.63858363858364,76.38583638583638,6.056166056166056,10.744810744810744
-50.989010989010985,-25.2014652014652,67.3992673992674,40.83028083028083,0.0,-43.56532356532357,-14.261294261294262,30.28083028083028,58.8034188034188,0.0,-18.168498168498168,4.493284493284493,0.0,-4.102564102564102,-53.333333333333336,14.652014652014651,23.63858363858364,0.0,-18.168498168498168,-9.18192918192918,14.652014652014651,-5.274725274725275,0.0,-67.00854700854701,57.24053724053724,40.43956043956044,0.1953601953601953,14.652014652014651
-52.16117216117216,-18.55921855921856,58.41269841269841,44.346764346764346,0.0,-46.3003663003663,-14.261294261294262,26.37362637362637,65.83638583638583,0.0,-7.619047619047619,-2.5396825396825395,0.0,-1.7582417582417582,-52.16117216117216,6.837606837606837,30.671550671550676,0.0,-16.996336996336996,-16.605616605616607,14.261294261294262,2.5396825396825395,0.0,-58.02197802197802,16.605616605616607,72.08791208791209,-5.274725274725275,14.261294261294262
-51.77045177045177,-7.619047619047619,48.25396825396825,42.002442002442,0.0,-50.20757020757021,-8.00976800976801,23.247863247863247,65.44566544566544,0.0,3.711843711843712,-9.572649572649572,0.0,-1.7582417582417582,-46.69108669108669,0.5860805860805861,29.10866910866911,0.0,-16.214896214896214,-23.247863247863247,11.916971916971915,7.619047619047619,0.0,-47.86324786324786,0.9768009768009768,72.86935286935287,-10.354090354090356,11.916971916971915
-51.37973137973138,2.148962148962149,44.346764346764346,33.7973137973138,0.0,-55.28693528693529,-0.1953601953601953,23.247863247863247,61.92918192918193,0.0,17.387057387057386,-21.294261294261293,0.0,-7.228327228327228,-35.75091575091575,3.711843711843712,19.34065934065934,0.0,-18.94993894993895,-24.81074481074481,14.261294261294262,8.4004884004884,0.0,-43.95604395604396,28.32722832722833,34.969474969474966,-16.996336996336996,14.261294261294262
-46.3003663003663,11.135531135531137,29.89010989010989,33.40659340659341,0.0,-52.94261294261294,1.3675213675213675,14.652014652014651,64.66422466422466,0.0,29.89010989010989,-25.982905982905983,0.0,-4.102564102564102,-33.40659340659341,-0.9768009768009768,18.168498168498168,0.0,-11.916971916971915,-35.36019536019536,9.18192918192918,16.605616605616607,0.0,-29.499389499389498,-15.824175824175825,64.66422466422466,-24.02930402930403,9.18192918192918
-40.83028083028083,1.7582417582417582,32.234432234432234,33.01587301587302,0.0,-51.37973137973138,2.93040293040293,9.18192918192918,65.44566544566544,0.0,41.22100122100122,-28.32722832722833,0.0,-2.5396825396825395,-23.247863247863247,-4.493284493284493,12.698412698412698,0.0,-6.056166056166056,-42.39316239316239,9.18192918192918,19.73137973137973,0.0,-31.843711843711844,-70.13431013431014,122.1001221001221,-31.45299145299145,9.18192918192918
-32.62515262515262,1.3675213675213675,33.40659340659341,25.592185592185597,0.0,-45.12820512820513,7.619047619047619,8.00976800976801,56.84981684981685,0.0,52.94261294261294,-24.42002442002442,0.0,2.148962148962149,-8.791208791208792,-4.102564102564102,0.9768009768009768,0.0,0.9768009768009768,-44.346764346764346,18.55921855921856,13.089133089133089,0.0,-33.01587301587302,-34.57875457875458,86.15384615384616,-38.095238095238095,18.55921855921856
-24.42002442002442,-13.089133089133089,43.56532356532357,26.764346764346765,0.0,-39.65811965811966,12.307692307692308,6.837606837606837,52.16117216117216,0.0,61.92918192918193,-15.433455433455434,0.0,8.4004884004884,4.493284493284493,-6.837606837606837,-4.493284493284493,0.0,12.698412698412698,-47.081807081807085,26.764346764346765,7.619047619047619,0.0,-43.17460317460318,18.94993894993895,43.56532356532357,-40.83028083028083,26.764346764346765
-24.42002442002442,-11.916971916971915,37.31379731379732,34.57875457875458,0.0,-45.12820512820513,19.34065934065934,5.665445665445666,54.5054945054945,0.0,67.78998778998779,-5.274725274725275,0.0,9.18192918192918,19.34065934065934,-11.916971916971915,-1.3675213675213675,0.0,18.168498168498168,-47.081807081807085,33.01587301587302,9.18192918192918,0.0,-36.92307692307692,-22.466422466422465,79.12087912087912,-39.26739926739927,33.01587301587302
-24.42002442002442,0.1953601953601953,27.545787545787547,33.7973137973138,0.0,-54.5054945054945,34.57875457875458,8.4004884004884,48.64468864468864,0.0,75.995115995116,3.711843711843712,0.0,11.135531135531137,34.969474969474966,-15.824175824175825,-3.711843711843712,0.0,23.63858363858364,-42.002442002442,35.75091575091575,7.228327228327228,0.0,-27.155067155067155,-68.57142857142857,109.5970695970696,-34.18803418803419,35.75091575091575
-23.247863247863247,1.3675213675213675,32.62515262515262,29.499389499389498,0.0,-60.757020757020754,47.472527472527474,10.354090354090356,42.002442002442,0.0,81.07448107448107,13.089133089133089,0.0,13.47985347985348,49.81684981684982,-14.652014652014651,-12.307692307692308,0.0,30.28083028083028,-33.01587301587302,34.18803418803419,3.3211233211233213,0.0,-32.234432234432234,-52.55189255189255,92.014652014652,-27.545787545787547,34.18803418803419
-25.2014652014652,-0.9768009768009768,33.7973137973138,31.062271062271066,0.0,-70.91575091575092,58.8034188034188,6.056166056166056,42.78388278388278,0.0,85.76312576312576,19.73137973137973,0.0,15.042735042735044,58.8034188034188,-16.996336996336996,-10.744810744810744,0.0,34.57875457875458,-28.32722832722833,28.32722832722833,9.572649572649572,0.0,-33.40659340659341,-60.757020757020754,98.26617826617829,-24.81074481074481,28.32722832722833
-27.155067155067155,-4.102564102564102,36.92307692307692,27.155067155067155,0.0,-81.46520146520146,73.26007326007326,2.5396825396825395,37.31379731379732,0.0,92.7960927960928,24.02930402930403,0.0,15.433455433455434,63.49206349206349,-16.214896214896214,-12.307692307692308,0.0,35.36019536019536,-25.2014652014652,27.155067155067155,11.135531135531137,0.0,-36.53235653235653,-56.06837606837607,90.84249084249085,-21.294261294261293,27.155067155067155
-26.764346764346765,-9.18192918192918,46.3003663003663,15.433455433455434,0.0,-86.54456654456655,82.24664224664225,0.5860805860805861,27.155067155067155,0.0,96.31257631257633,28.32722832722833,0.0,19.34065934065934,66.61782661782662,-12.698412698412698,-20.903540903540904,0.0,37.31379731379732,-21.294261294261293,29.499389499389498,4.884004884004884,0.0,-45.90964590964591,-33.01587301587302,67.78998778998779,-20.12210012210012,29.499389499389498
-33.01587301587302,-13.47985347985348,48.25396825396825,15.433455433455434,0.0,-97.87545787545788,86.54456654456655,-3.711843711843712,31.062271062271066,0.0,96.7032967032967,29.10866910866911,0.0,18.94993894993895,65.83638583638583,-14.652014652014651,-16.214896214896214,0.0,39.65811965811966,-23.63858363858364,31.062271062271066,4.493284493284493,0.0,-47.86324786324786,-55.67765567765568,91.23321123321124,-21.68498168498169,31.062271062271066
-39.26739926739927,-15.042735042735044,47.081807081807085,13.089133089133089,0.0,-108.42490842490842,85.37240537240537,-6.446886446886447,34.969474969474966,0.0,97.48473748473748,29.499389499389498,0.0,17.77777777777778,61.14774114774115,-17.77777777777778,-8.791208791208792,0.0,40.04884004884005,-26.764346764346765,31.45299145299145,6.056166056166056,0.0,-46.69108669108669,-97.87545787545788,130.6959706959707,-21.294261294261293,31.45299145299145
-40.43956043956044,-17.77777777777778,58.41269841269841,0.1953601953601953,0.0,-104.12698412698413,78.33943833943835,-2.5396825396825395,27.545787545787547,0.0,99.04761904761904,29.89010989010989,0.0,20.512820512820515,60.366300366300365,-15.824175824175825,-13.870573870573873,0.0,43.56532356532357,-27.155067155067155,35.75091575091575,-1.3675213675213675,0.0,-58.02197802197802,-56.06837606837607,95.92185592185592,-22.857142857142858,35.75091575091575
-39.65811965811966,-24.81074481074481,69.74358974358974,-5.665445665445666,0.0,-98.65689865689866,70.13431013431014,-1.7582417582417582,28.32722832722833,0.0,99.04761904761904,27.936507936507937,0.0,19.73137973137973,58.8034188034188,-12.307692307692308,-13.47985347985348,0.0,44.737484737484735,-26.37362637362637,40.04884004884005,-5.665445665445666,0.0,-69.35286935286935,-20.512820512820515,67.3992673992674,-22.075702075702075,40.04884004884005
-42.002442002442,-29.10866910866911,70.52503052503053,-2.5396825396825395,0.0,-95.92185592185592,60.757020757020754,-3.711843711843712,33.7973137973138,0.0,100.6105006105006,21.68498168498169,0.0,19.34065934065934,49.81684981684982,-10.744810744810744,0.1953601953601953,0.0,42.39316239316239,-30.671550671550676,42.78388278388278,3.3211233211233213,0.0,-70.13431013431014,-53.333333333333336,100.6105006105006,-22.075702075702075,42.78388278388278
-39.65811965811966,-35.36019536019536,70.91575091575092,-3.3211233211233213,0.0,-85.37240537240537,46.69108669108669,-4.102564102564102,33.7973137973138,0.0,100.6105006105006,12.698412698412698,0.0,21.68498168498169,36.92307692307692,-4.493284493284493,8.4004884004884,0.0,38.87667887667888,-36.92307692307692,51.77045177045177,8.4004884004884,0.0,-70.52503052503053,-16.214896214896214,55.67765567765568,-22.075702075702075,51.77045177045177
-36.92307692307692,-33.7973137973138,69.35286935286935,-14.261294261294262,0.0,-75.6043956043956,42.78388278388278,-6.837606837606837,21.68498168498169,0.0,97.87545787545788,2.93040293040293,0.0,30.28083028083028,29.10866910866911,-2.5396825396825395,6.837606837606837,0.0,37.704517704517706,-36.14163614163614,57.24053724053724,3.711843711843712,0.0,-68.96214896214896,6.056166056166056,31.843711843711844,-25.592185592185597,57.24053724053724
-36.53235653235653,-31.45299145299145,57.63125763125763,-13.47985347985348,0.0,-69.35286935286935,33.40659340659341,-13.870573870573873,25.2014652014652,0.0,92.014652014652,-2.5396825396825395,0.0,36.14163614163614,15.433455433455434,-5.665445665445666,16.214896214896214,0.0,36.53235653235653,-42.002442002442,56.06837606837607,10.744810744810744,0.0,-57.24053724053724,-63.88278388278388,94.35897435897436,-29.499389499389498,56.06837606837607
-29.499389499389498,-34.18803418803419,52.94261294261294,-15.824175824175825,0.0,-55.28693528693529,25.2014652014652,-19.34065934065934,21.294261294261293,0.0,85.37240537240537,-2.148962148962149,0.0,43.95604395604396,5.274725274725275,-9.18192918192918,18.55921855921856,0.0,39.26739926739927,-45.12820512820513,49.03540903540904,14.652014652014651,0.0,-52.55189255189255,-121.7094017094017,150.62271062271063,-30.28083028083028,49.03540903540904
-18.55921855921856,-37.704517704517706,58.02197802197802,-23.247863247863247,0.0,-40.04884004884005,23.63858363858364,-19.34065934065934,12.698412698412698,0.0,79.51159951159951,2.93040293040293,0.0,49.03540903540904,6.837606837606837,-7.619047619047619,8.00976800976801,0.0,44.346764346764346,-40.04884004884005,43.95604395604396,7.228327228327228,0.0,-57.63125763125763,-88.4981684981685,126.007326007326,-28.32722832722833,43.95604395604396
-8.4004884004884,-34.18803418803419,53.724053724053725,-18.94993894993895,0.0,-29.89010989010989,23.63858363858364,-21.294261294261293,18.55921855921856,0.0,73.26007326007326,10.354090354090356,0.0,49.81684981684982,9.572649572649572,-7.228327228327228,9.18192918192918,0.0,48.64468864468864,-37.31379731379732,40.04884004884005,8.4004884004884,0.0,-53.333333333333336,-36.53235653235653,68.96214896214896,-25.592185592185597,40.04884004884005
-0.5860805860805861,-35.75091575091575,50.989010989010985,-14.261294261294262,0.0,-22.466422466422465,21.68498168498169,-20.903540903540904,21.68498168498169,0.0,65.44566544566544,18.55921855921856,0.0,45.51892551892552,12.307692307692308,-5.274725274725275,11.135531135531137,0.0,47.472527472527474,-33.01587301587302,37.704517704517706,11.135531135531137,0.0,-50.5982905982906,-22.075702075702075,49.42612942612943,-18.94993894993895,37.704517704517706
6.056166056166056,-29.89010989010989,50.5982905982906,-20.512820512820515,0.0,-13.089133089133089,20.903540903540904,-16.996336996336996,15.042735042735044,0.0,57.63125763125763,25.2014652014652,0.0,42.002442002442,17.77777777777778,-1.3675213675213675,6.837606837606837,0.0,42.78388278388278,-22.857142857142858,37.704517704517706,6.056166056166056,0.0,-50.20757020757021,-6.837606837606837,26.764346764346765,-12.307692307692308,37.704517704517706
11.526251526251526,-21.68498168498169,45.12820512820513,-25.982905982905983,0.0,-7.619047619047619,18.55921855921856,-16.996336996336996,15.042735042735044,0.0,45.90964590964591,29.89010989010989,0.0,38.48595848595848,18.168498168498168,1.3675213675213675,6.446886446886447,0.0,38.87667887667888,-16.605616605616607,37.704517704517706,5.665445665445666,0.0,-44.737484737484735,20.903540903540904,-11.916971916971915,-8.791208791208792,37.704517704517706
17.387057387057386,-22.857142857142858,41.61172161172161,-24.42002442002442,0.0,-0.5860805860805861,11.916971916971915,-18.94993894993895,18.55921855921856,0.0,33.40659340659341,32.234432234432234,0.0,37.31379731379732,13.47985347985348,0.1953601953601953,13.870573870573873,0.0,34.18803418803419,-14.652014652014651,32.234432234432234,13.47985347985348,0.0,-41.22100122100122,21.294261294261293,-20.903540903540904,-4.884004884004884,32.234432234432234
23.63858363858364,-22.075702075702075,39.26739926739927,-25.982905982905983,0.0,9.18192918192918,8.4004884004884,-21.68498168498169,16.996336996336996,0.0,21.68498168498169,30.671550671550676,0.0,40.04884004884005,8.00976800976801,-2.93040293040293,15.433455433455434,0.0,29.499389499389498,-13.089133089133089,26.764346764346765,16.605616605616607,0.0,-38.87667887667888,25.982905982905983,-34.18803418803419,0.1953601953601953,26.764346764346765
33.7973137973138,-23.247863247863247,38.87667887667888,-27.936507936507937,0.0,20.512820512820515,7.228327228327228,-22.857142857142858,14.652014652014651,0.0,10.354090354090356,25.982905982905983,0.0,45.12820512820513,2.93040293040293,-8.4004884004884,13.089133089133089,0.0,27.545787545787547,-13.47985347985348,22.857142857142858,15.433455433455434,0.0,-38.48595848595848,27.155067155067155,-40.43956043956044,-0.1953601953601953,22.857142857142858
40.43956043956044,-23.63858363858364,29.499389499389498,-19.34065934065934,0.0,30.671550671550676,0.1953601953601953,-28.71794871794872,23.63858363858364,0.0,-0.1953601953601953,16.605616605616607,0.0,42.78388278388278,-4.884004884004884,-15.433455433455434,21.294261294261293,0.0,21.68498168498169,-20.12210012210012,17.77777777777778,22.466422466422465,0.0,-29.10866910866911,-21.68498168498169,-0.9768009768009768,-4.102564102564102,17.77777777777778
44.346764346764346,-22.857142857142858,22.075702075702075,-15.042735042735044,0.0,39.65811965811966,-7.619047619047619,-33.7973137973138,29.499389499389498,0.0,-12.698412698412698,7.619047619047619,0.0,38.48595848595848,-15.042735042735044,-23.247863247863247,28.32722832722833,0.0,12.698412698412698,-24.81074481074481,13.089133089133089,25.592185592185597,0.0,-21.68498168498169,-43.56532356532357,13.47985347985348,-7.619047619047619,13.089133089133089
50.5982905982906,-19.73137973137973,17.387057387057386,-20.903540903540904,0.0,50.20757020757021,-15.433455433455434,-31.843711843711844,24.42002442002442,0.0,-22.857142857142858,-0.5860805860805861,0.0,33.01587301587302,-20.903540903540904,-22.075702075702075,22.857142857142858,0.0,4.493284493284493,-24.02930402930403,13.089133089133089,16.996336996336996,0.0,-16.996336996336996,-0.1953601953601953,-35.36019536019536,-9.18192918192918,13.089133089133089
55.28693528693529,-16.214896214896214,6.837606837606837,-21.294261294261293,0.0,56.45909645909646,-24.81074481074481,-33.01587301587302,25.592185592185597,0.0,-31.843711843711844,-8.00976800976801,0.0,24.42002442002442,-24.42002442002442,-19.73137973137973,23.63858363858364,0.0,-2.93040293040293,-23.247863247863247,18.55921855921856,11.135531135531137,0.0,-6.446886446886447,16.996336996336996,-62.31990231990232,-9.963369963369964,18.55921855921856
59.58485958485959,-31.45299145299145,5.274725274725275,-13.870573870573873,0.0,59.58485958485959,-33.7973137973138,-38.87667887667888,31.843711843711844,0.0,-38.48595848595848,-16.214896214896214,0.0,13.089133089133089,-27.545787545787547,-18.55921855921856,31.062271062271066,0.0,-13.089133089133089,-24.42002442002442,24.02930402930403,11.526251526251526,0.0,-4.884004884004884,1.3675213675213675,-49.42612942612943,-4.884004884004884,24.02930402930403
68.96214896214896,-38.48595848595848,0.5860805860805861,-20.12210012210012,0.0,68.18070818070818,-40.43956043956044,-38.48595848595848,22.075702075702075,0.0,-38.48595848595848,-24.02930402930403,0.0,7.619047619047619,-22.075702075702075,-18.55921855921856,25.2014652014652,0.0,-18.55921855921856,-18.55921855921856,27.155067155067155,2.5396825396825395,0.0,-0.1953601953601953,24.81074481074481,-74.82295482295483,-4.102564102564102,27.155067155067155
79.9023199023199,-45.51892551892552,-7.619047619047619,-25.2014652014652,0.0,78.33943833943835,-54.114774114774114,-40.43956043956044,16.605616605616607,0.0,-37.31379731379732,-34.18803418803419,0.0,0.1953601953601953,-21.68498168498169,-14.261294261294262,20.903540903540904,0.0,-25.2014652014652,-20.512820512820515,32.62515262515262,-1.3675213675213675,0.0,8.00976800976801,46.3003663003663,-105.2991452991453,-7.619047619047619,32.62515262515262
87.71672771672772,-52.94261294261294,-21.68498168498169,-21.68498168498169,0.0,88.4981684981685,-70.91575091575092,-47.472527472527474,20.12210012210012,0.0,-40.04884004884005,-44.737484737484735,0.0,-7.619047619047619,-28.32722832722833,-16.605616605616607,25.982905982905983,0.0,-34.969474969474966,-26.764346764346765,29.10866910866911,4.884004884004884,0.0,22.075702075702075,0.5860805860805861,-69.35286935286935,-14.261294261294262,29.10866910866911
92.7960927960928,-51.77045177045177,-34.18803418803419,-27.545787545787547,0.0,97.09401709401708,-85.76312576312576,-47.86324786324786,13.870573870573873,0.0,-42.78388278388278,-54.89621489621489,0.0,-14.652014652014651,-36.53235653235653,-18.168498168498168,23.63858363858364,0.0,-46.69108669108669,-30.28083028083028,24.81074481074481,4.493284493284493,0.0,34.57875457875458,-58.8034188034188,-22.075702075702075,-18.94993894993895,24.81074481074481
97.87545787545788,-50.20757020757021,-40.83028083028083,-38.48595848595848,0.0,104.51770451770452,-96.7032967032967,-44.737484737484735,4.102564102564102,0.0,-48.25396825396825,-60.366300366300365,0.0,-21.294261294261293,-42.39316239316239,-16.605616605616607,16.605616605616607,0.0,-57.24053724053724,-31.843711843711844,25.2014652014652,-1.3675213675213675,0.0,41.22100122100122,-39.26739926739927,-47.472527472527474,-24.42002442002442,25.2014652014652
99.04761904761904,-52.55189255189255,-47.472527472527474,-38.095238095238095,0.0,106.47130647130648,-106.08058608058607,-45.90964590964591,4.493284493284493,0.0,-54.114774114774114,-66.61782661782662,0.0,-31.843711843711844,-44.346764346764346,-19.34065934065934,17.387057387057386,0.0,-68.57142857142857,-31.062271062271066,25.2014652014652,-5.274725274725275,0.0,47.86324786324786,-18.55921855921856,-68.96214896214896,-27.545787545787547,25.2014652014652
99.82905982905984,-58.41269841269841,-51.37973137973138,-36.53235653235653,0.0,105.68986568986568,-112.72283272283272,-47.081807081807085,6.446886446886447,0.0,-55.67765567765568,-70.52503052503053,0.0,-42.78388278388278,-45.12820512820513,-22.075702075702075,16.996336996336996,0.0,-79.51159951159951,-29.89010989010989,22.857142857142858,-7.228327228327228,0.0,51.77045177045177,-31.062271062271066,-58.02197802197802,-26.37362637362637,22.857142857142858
106.86202686202688,-63.88278388278388,-52.55189255189255,-40.83028083028083,0.0,109.98778998778998,-117.4114774114774,-45.90964590964591,1.7582417582417582,0.0,-56.06837606837607,-73.26007326007326,0.0,-50.989010989010985,-43.56532356532357,-18.94993894993895,9.18192918192918,0.0,-88.88888888888889,-27.155067155067155,21.294261294261293,-9.963369963369964,0.0,52.94261294261294,-31.45299145299145,-60.757020757020754,-28.32722832722833,21.294261294261293
111.55067155067157,-72.86935286935287,-56.06837606837607,-38.87667887667888,0.0,112.33211233211232,-126.3980463980464,-48.64468864468864,4.493284493284493,0.0,-59.975579975579976,-75.6043956043956,0.0,-59.58485958485959,-48.64468864468864,-13.47985347985348,8.791208791208792,0.0,-100.6105006105006,-29.89010989010989,19.73137973137973,-3.3211233211233213,0.0,56.45909645909646,-18.55921855921856,-80.68376068376068,-33.01587301587302,19.73137973137973
115.45787545787546,-82.24664224664225,-63.88278388278388,-36.92307692307692,0.0,115.45787545787546,-136.16605616605617,-53.333333333333336,4.102564102564102,0.0,-67.78998778998779,-77.94871794871794,0.0,-66.22710622710623,-60.366300366300365,-10.354090354090356,11.916971916971915,0.0,-114.28571428571428,-36.92307692307692,13.47985347985348,11.135531135531137,0.0,64.27350427350427,-10.354090354090356,-103.34554334554336,-38.095238095238095,13.47985347985348
121.31868131868131,-92.7960927960928,-65.83638583638583,-47.472527472527474,0.0,122.4908424908425,-146.7155067155067,-54.114774114774114,-7.619047619047619,0.0,-78.73015873015873,-77.94871794871794,0.0,-67.78998778998779,-70.13431013431014,-9.572649572649572,9.572649572649572,0.0,-125.6166056166056,-40.83028083028083,10.354090354090356,16.996336996336996,0.0,66.22710622710623,25.982905982905983,-147.49694749694748,-42.78388278388278,10.354090354090356
127.17948717948718,-100.6105006105006,-67.00854700854701,-58.02197802197802,0.0,124.44444444444444,-152.57631257631255,-53.333333333333336,-17.77777777777778,0.0,-91.62393162393164,-75.6043956043956,0.0,-67.78998778998779,-76.77655677655677,-10.354090354090356,7.228327228327228,0.0,-130.6959706959707,-44.346764346764346,10.744810744810744,14.261294261294262,0.0,67.3992673992674,49.42612942612943,-174.45665445665446,-47.86324786324786,10.744810744810744
129.52380952380952,-106.08058608058607,-75.21367521367522,-55.67765567765568,0.0,121.7094017094017,-159.21855921855922,-56.45909645909646,-14.652014652014651,0.0,-101.78266178266178,-75.995115995116,0.0,-71.6971916971917,-85.76312576312576,-15.433455433455434,15.433455433455434,0.0,-133.04029304029305,-50.989010989010985,5.665445665445666,18.94993894993895,0.0,75.6043956043956,5.274725274725275,-137.33821733821733,-50.20757020757021,5.665445665445666
131.08669108669108,-109.5970695970696,-78.73015873015873,-54.89621489621489,0.0,117.02075702075702,-159.21855921855922,-59.975579975579976,-10.744810744810744,0.0,-108.8156288156288,-78.73015873015873,0.0,-72.08791208791209,-93.96825396825396,-18.55921855921856,19.34065934065934,0.0,-134.6031746031746,-54.114774114774114,2.148962148962149,19.73137973137973,0.0,79.12087912087912,-20.512820512820515,-113.89499389499387,-51.37973137973138,2.148962148962149
132.25885225885227,-106.08058608058607,-79.9023199023199,-57.63125763125763,0.0,110.76923076923076,-151.4041514041514,-58.8034188034188,-12.698412698412698,0.0,-109.5970695970696,-78.73015873015873,0.0,-71.6971916971917,-95.92185592185592,-14.261294261294262,13.089133089133089,0.0,-134.993894993895,-54.5054945054945,2.148962148962149,16.214896214896214,0.0,80.29304029304029,24.81074481074481,-164.2979242979243,-52.94261294261294,2.148962148962149
129.13308913308913,-104.9084249084249,-81.07448107448107,-58.8034188034188,0.0,101.3919413919414,-142.41758241758242,-63.88278388278388,-11.916971916971915,0.0,-109.98778998778998,-80.29304029304029,0.0,-72.08791208791209,-99.04761904761904,-10.354090354090356,10.354090354090356,0.0,-136.94749694749694,-57.24053724053724,-0.5860805860805861,21.68498168498169,0.0,81.46520146520146,4.493284493284493,-147.88766788766787,-54.5054945054945,-0.5860805860805861
122.1001221001221,-107.64346764346764,-82.63736263736264,-56.45909645909646,0.0,92.4053724053724,-134.993894993895,-70.91575091575092,-11.135531135531137,0.0,-109.98778998778998,-81.46520146520146,0.0,-69.74358974358974,-105.68986568986568,-15.824175824175825,15.042735042735044,0.0,-141.24542124542126,-60.366300366300365,-9.18192918192918,33.40659340659341,0.0,83.02808302808303,-14.261294261294262,-130.6959706959707,-50.989010989010985,-9.18192918192918
117.8021978021978,-106.86202686202688,-75.6043956043956,-68.57142857142857,0.0,86.54456654456655,-125.22588522588522,-69.74358974358974,-24.81074481074481,0.0,-108.03418803418803,-77.55799755799755,0.0,-63.88278388278388,-106.08058608058607,-17.77777777777778,6.446886446886447,0.0,-140.46398046398048,-59.58485958485959,-12.307692307692308,29.89010989010989,0.0,75.995115995116,18.94993894993895,-158.04639804639805,-50.20757020757021,-12.307692307692308
114.67643467643468,-107.64346764346764,-69.74358974358974,-78.73015873015873,0.0,81.46520146520146,-119.75579975579976,-70.52503052503053,-33.40659340659341,0.0,-107.25274725274726,-72.08791208791209,0.0,-59.1941391941392,-108.42490842490842,-23.63858363858364,5.274725274725275,0.0,-136.55677655677655,-59.975579975579976,-18.168498168498168,27.545787545787547,0.0,70.13431013431014,48.25396825396825,-178.75457875457874,-48.64468864468864,-18.168498168498168
105.2991452991453,-111.94139194139194,-63.88278388278388,-77.55799755799755,0.0,70.91575091575092,-116.23931623931624,-70.91575091575092,-32.234432234432234,0.0,-108.03418803418803,-68.96214896214896,0.0,-61.92918192918193,-111.15995115995116,-29.499389499389498,12.698412698412698,0.0,-136.16605616605617,-59.58485958485959,-26.764346764346765,31.45299145299145,0.0,64.27350427350427,24.81074481074481,-143.98046398046398,-45.12820512820513,-26.764346764346765
98.26617826617829,-110.76923076923076,-58.8034188034188,-79.51159951159951,0.0,63.88278388278388,-111.94139194139194,-65.44566544566544,-38.87667887667888,0.0,-104.51770451770452,-66.61782661782662,0.0,-64.66422466422466,-110.76923076923076,-26.764346764346765,9.18192918192918,0.0,-136.55677655677655,-54.5054945054945,-28.71794871794872,26.37362637362637,0.0,59.1941391941392,0.9768009768009768,-107.64346764346764,-43.56532356532357,-28.71794871794872
91.62393162393164,-109.98778998778998,-55.67765567765568,-81.46520146520146,0.0,58.41269841269841,-109.5970695970696,-58.8034188034188,-45.12820512820513,0.0,-102.17338217338218,-65.05494505494505,0.0,-68.57142857142857,-105.2991452991453,-21.68498168498169,8.00976800976801,0.0,-136.16605616605617,-46.3003663003663,-29.10866910866911,22.857142857142858,0.0,56.06837606837607,22.857142857142858,-116.63003663003664,-42.78388278388278,-29.10866910866911
83.41880341880342,-111.55067155067157,-54.5054945054945,-70.52503052503053,0.0,50.989010989010985,-107.64346764346764,-54.114774114774114,-43.17460317460318,0.0,-98.65689865689866,-65.05494505494505,0.0,-72.86935286935287,-101.3919413919414,-16.996336996336996,11.526251526251526,0.0,-136.94749694749694,-38.095238095238095,-30.671550671550676,24.81074481074481,0.0,54.89621489621489,42.002442002442,-122.4908424908425,-42.002442002442,-30.671550671550676
75.21367521367522,-112.72283272283272,-51.77045177045177,-64.27350427350427,0.0,45.90964590964591,-105.2991452991453,-48.25396825396825,-45.90964590964591,0.0,-93.96825396825396,-63.49206349206349,0.0,-72.47863247863248,-100.21978021978022,-13.870573870573873,12.698412698412698,0.0,-140.0732600732601,-31.843711843711844,-27.155067155067155,23.63858363858364,0.0,52.16117216117216,35.75091575091575,-102.95482295482296,-42.39316239316239,-27.155067155067155
67.00854700854701,-111.55067155067157,-48.25396825396825,-65.05494505494505,0.0,42.002442002442,-105.2991452991453,-39.65811965811966,-55.28693528693529,0.0,-93.18681318681318,-60.757020757020754,0.0,-72.08791208791209,-96.31257631257633,-12.307692307692308,6.056166056166056,0.0,-142.8083028083028,-22.857142857142858,-23.247863247863247,13.47985347985348,0.0,48.64468864468864,43.95604395604396,-100.21978021978022,-40.43956043956044,-23.247863247863247
56.45909645909646,-115.06715506715508,-43.95604395604396,-57.63125763125763,0.0,34.57875457875458,-107.25274725274726,-36.14163614163614,-52.16117216117216,0.0,-95.14041514041514,-56.06837606837607,0.0,-74.04151404151405,-94.74969474969475,-13.47985347985348,7.228327228327228,0.0,-145.54334554334554,-16.996336996336996,-24.42002442002442,10.744810744810744,0.0,44.346764346764346,54.114774114774114,-99.82905982905984,-37.31379731379732,-24.42002442002442
44.737484737484735,-116.63003663003664,-42.39316239316239,-48.64468864468864,0.0,24.81074481074481,-108.03418803418803,-32.62515262515262,-47.86324786324786,0.0,-94.74969474969475,-51.77045177045177,0.0,-78.33943833943835,-91.23321123321124,-14.261294261294262,8.791208791208792,0.0,-149.84126984126985,-13.089133089133089,-24.81074481074481,11.135531135531137,0.0,42.78388278388278,59.975579975579976,-96.31257631257633,-33.40659340659341,-24.81074481074481
36.92307692307692,-112.33211233211232,-43.17460317460318,-49.03540903540904,0.0,21.68498168498169,-108.8156288156288,-27.155067155067155,-52.94261294261294,0.0,-90.45177045177046,-46.3003663003663,0.0,-79.12087912087912,-86.15384615384616,-15.042735042735044,4.493284493284493,0.0,-149.84126984126985,-6.446886446886447,-24.81074481074481,3.711843711843712,0.0,43.56532356532357,90.84249084249085,-120.92796092796092,-27.545787545787547,-24.81074481074481
29.89010989010989,-103.73626373626374,-45.12820512820513,-45.12820512820513,0.0,16.605616605616607,-103.34554334554336,-25.2014652014652,-52.94261294261294,0.0,-86.54456654456655,-43.17460317460318,0.0,-78.73015873015873,-76.38583638583638,-15.433455433455434,3.3211233211233213,0.0,-143.5897435897436,-0.9768009768009768,-24.42002442002442,-0.1953601953601953,0.0,45.51892551892552,104.12698412698413,-127.57020757020756,-24.02930402930403,-24.42002442002442
20.512820512820515,-95.14041514041514,-49.42612942612943,-33.40659340659341,0.0,9.18192918192918,-100.21978021978022,-25.592185592185597,-42.002442002442,0.0,-81.07448107448107,-43.95604395604396,0.0,-79.51159951159951,-72.47863247863248,-15.824175824175825,10.744810744810744,0.0,-137.72893772893772,0.9768009768009768,-26.37362637362637,4.102564102564102,0.0,49.81684981684982,61.53846153846154,-81.46520146520146,-22.075702075702075,-26.37362637362637
9.963369963369964,-81.46520146520146,-53.333333333333336,-29.89010989010989,0.0,5.274725274725275,-97.48473748473748,-24.81074481074481,-38.095238095238095,0.0,-77.16727716727716,-45.51892551892552,0.0,-75.21367521367522,-68.18070818070818,-18.55921855921856,12.307692307692308,0.0,-131.4774114774115,5.665445665445666,-27.545787545787547,1.3675213675213675,0.0,53.724053724053725,45.90964590964591,-61.92918192918193,-18.94993894993895,-27.545787545787547
-0.5860805860805861,-68.18070818070818,-51.37973137973138,-31.45299145299145,0.0,-0.5860805860805861,-92.4053724053724,-23.63858363858364,-35.75091575091575,0.0,-78.73015873015873,-47.081807081807085,0.0,-68.57142857142857,-62.71062271062271,-15.824175824175825,6.056166056166056,0.0,-124.05372405372404,13.089133089133089,-25.2014652014652,-6.056166056166056,0.0,51.77045177045177,89.67032967032966,-100.21978021978022,-17.77777777777778,-25.2014652014652
-11.916971916971915,-63.49206349206349,-49.03540903540904,-24.81074481074481,0.0,-6.056166056166056,-93.18681318681318,-25.982905982905983,-24.42002442002442,0.0,-79.9023199023199,-49.42612942612943,0.0,-64.66422466422466,-59.975579975579976,-14.652014652014651,8.4004884004884,0.0,-122.4908424908425,16.605616605616607,-24.02930402930403,-2.5396825396825395,0.0,49.42612942612943,84.2002442002442,-93.18681318681318,-15.042735042735044,-24.02930402930403
-20.512820512820515,-58.02197802197802,-50.989010989010985,-20.12210012210012,0.0,-11.916971916971915,-87.32600732600733,-29.89010989010989,-21.294261294261293,0.0,-77.16727716727716,-47.472527472527474,0.0,-58.02197802197802,-56.84981684981685,-20.903540903540904,11.526251526251526,0.0,-120.53724053724054,18.94993894993895,-24.42002442002442,0.1953601953601953,0.0,51.37973137973138,29.89010989010989,-38.095238095238095,-12.307692307692308,-24.42002442002442
-24.81074481074481,-50.989010989010985,-48.64468864468864,-25.2014652014652,0.0,-14.261294261294262,-76.38583638583638,-29.10866910866911,-30.671550671550676,0.0,-71.6971916971917,-43.17460317460318,0.0,-50.989010989010985,-49.81684981684982,-18.168498168498168,6.446886446886447,0.0,-114.28571428571428,25.2014652014652,-20.12210012210012,-4.884004884004884,0.0,49.03540903540904,44.737484737484735,-46.69108669108669,-13.089133089133089,-20.12210012210012
-28.32722832722833,-47.472527472527474,-51.37973137973138,-22.857142857142858,0.0,-19.73137973137973,-64.27350427350427,-33.01587301587302,-33.01587301587302,0.0,-63.88278388278388,-40.43956043956044,0.0,-50.989010989010985,-44.346764346764346,-18.94993894993895,12.307692307692308,0.0,-104.51770451770452,25.592185592185597,-18.94993894993895,-4.884004884004884,0.0,51.77045177045177,66.22710622710623,-59.1941391941392,-17.77777777777778,-18.94993894993895
-36.53235653235653,-44.737484737484735,-59.58485958485959,-15.433455433455434,0.0,-31.843711843711844,-54.114774114774114,-38.095238095238095,-31.843711843711844,0.0,-58.02197802197802,-37.31379731379732,0.0,-55.67765567765568,-40.83028083028083,-20.903540903540904,19.73137973137973,0.0,-95.92185592185592,24.02930402930403,-22.466422466422465,-4.493284493284493,0.0,59.975579975579976,13.870573870573873,2.5396825396825395,-21.294261294261293,-22.466422466422465
-40.43956043956044,-40.83028083028083,-64.66422466422466,-18.168498168498168,0.0,-40.04884004884005,-45.90964590964591,-39.26739926739927,-39.65811965811966,0.0,-51.37973137973138,-29.499389499389498,0.0,-56.84981684981685,-32.62515262515262,-19.34065934065934,15.042735042735044,0.0,-82.63736263736264,25.982905982905983,-20.903540903540904,-16.605616605616607,0.0,65.05494505494505,-25.982905982905983,54.5054945054945,-24.02930402930403,-20.903540903540904
-43.95604395604396,-40.83028083028083,-68.57142857142857,-17.77777777777778,0.0,-48.64468864468864,-42.39316239316239,-41.22100122100122,-38.87667887667888,0.0,-47.86324786324786,-24.42002442002442,0.0,-62.31990231990232,-22.857142857142858,-19.34065934065934,10.354090354090356,0.0,-72.08791208791209,26.764346764346765,-21.294261294261293,-28.32722832722833,0.0,68.96214896214896,1.7582417582417582,34.969474969474966,-25.2014652014652,-21.294261294261293
-49.42612942612943,-41.61172161172161,-70.13431013431014,-15.042735042735044,0.0,-57.63125763125763,-40.43956043956044,-43.17460317460318,-34.18803418803419,0.0,-42.002442002442,-21.68498168498169,0.0,-63.49206349206349,-15.042735042735044,-24.42002442002442,10.744810744810744,0.0,-63.88278388278388,24.42002442002442,-21.68498168498169,-31.843711843711844,0.0,70.52503052503053,13.47985347985348,23.247863247863247,-22.466422466422465,-21.68498168498169
-50.989010989010985,-42.39316239316239,-65.83638583638583,-15.042735042735044,0.0,-62.31990231990232,-33.7973137973138,-42.39316239316239,-35.36019536019536,0.0,-31.843711843711844,-15.042735042735044,0.0,-59.58485958485959,-6.056166056166056,-25.2014652014652,6.446886446886447,0.0,-54.114774114774114,22.466422466422465,-20.12210012210012,-33.01587301587302,0.0,66.22710622710623,24.42002442002442,12.698412698412698,-18.55921855921856,-20.12210012210012
-51.77045177045177,-41.22100122100122,-54.89621489621489,-16.605616605616607,0.0,-68.18070818070818,-18.168498168498168,-40.04884004884005,-38.095238095238095,0.0,-16.605616605616607,-13.089133089133089,0.0,-54.114774114774114,3.711843711843712,-22.857142857142858,4.102564102564102,0.0,-41.61172161172161,22.857142857142858,-17.77777777777778,-33.40659340659341,0.0,55.28693528693529,56.06837606837607,-19.34065934065934,-11.526251526251526,-17.77777777777778
-53.724053724053725,-38.87667887667888,-46.3003663003663,-7.228327228327228,0.0,-72.47863247863248,-2.148962148962149,-41.22100122100122,-30.671550671550676,0.0,-2.93040293040293,-12.307692307692308,0.0,-51.37973137973138,11.526251526251526,-20.903540903540904,11.916971916971915,0.0,-29.499389499389498,20.12210012210012,-17.387057387057386,-22.466422466422465,0.0,46.69108669108669,41.61172161172161,-6.446886446886447,-6.837606837606837,-17.387057387057386
-55.28693528693529,-33.01587301587302,-39.65811965811966,0.5860805860805861,0.0,-76.38583638583638,16.605616605616607,-42.002442002442,-25.982905982905983,0.0,11.916971916971915,-8.4004884004884,0.0,-46.69108669108669,19.34065934065934,-16.214896214896214,15.433455433455434,0.0,-17.77777777777778,20.512820512820515,-16.214896214896214,-14.652014652014651,0.0,40.04884004884005,11.526251526251526,20.903540903540904,-3.711843711843712,-16.214896214896214
-52.94261294261294,-19.73137973137973,-31.062271062271066,-1.3675213675213675,0.0,-76.38583638583638,37.704517704517706,-36.92307692307692,-31.843711843711844,0.0,27.545787545787547,1.3675213675213675,0.0,-39.26739926739927,31.843711843711844,-6.837606837606837,6.056166056166056,0.0,-4.102564102564102,28.71794871794872,-11.526251526251526,-20.512820512820515,0.0,31.45299145299145,45.51892551892552,-16.996336996336996,2.148962148962149,-11.526251526251526
-49.03540903540904,-6.446886446886447,-24.81074481074481,-4.884004884004884,0.0,-71.30647130647131,50.989010989010985,-34.18803418803419,-31.843711843711844,0.0,40.43956043956044,8.00976800976801,0.0,-34.18803418803419,45.12820512820513,-0.9768009768009768,-0.5860805860805861,0.0,6.056166056166056,36.14163614163614,-8.4004884004884,-26.37362637362637,0.0,25.2014652014652,53.724053724053725,-28.32722832722833,4.884004884004884,-8.4004884004884
-47.472527472527474,3.711843711843712,-24.42002442002442,-4.102564102564102,0.0,-70.52503052503053,60.366300366300365,-37.704517704517706,-25.2014652014652,0.0,51.37973137973138,10.744810744810744,0.0,-24.42002442002442,49.42612942612943,-0.9768009768009768,-0.1953601953601953,0.0,16.996336996336996,37.704517704517706,-9.963369963369964,-21.68498168498169,0.0,24.81074481074481,-7.228327228327228,25.592185592185597,8.4004884004884,-9.963369963369964
-47.472527472527474,14.652014652014651,-19.34065934065934,-9.963369963369964,0.0,-70.13431013431014,71.6971916971917,-37.31379731379732,-25.982905982905983,0.0,62.31990231990232,9.963369963369964,0.0,-11.916971916971915,55.67765567765568,-1.7582417582417582,-2.93040293040293,0.0,28.71794871794872,39.65811965811966,-9.18192918192918,-20.512820512820515,0.0,19.73137973137973,-0.1953601953601953,16.996336996336996,9.18192918192918,-9.18192918192918
-44.346764346764346,24.02930402930403,-14.261294261294262,-21.68498168498169,0.0,-65.05494505494505,82.24664224664225,-36.92307692307692,-36.14163614163614,0.0,72.08791208791209,6.837606837606837,0.0,3.711843711843712,60.366300366300365,-4.884004884004884,-9.572649572649572,0.0,41.22100122100122,39.65811965811966,-8.791208791208792,-23.63858363858364,0.0,14.652014652014651,29.10866910866911,-12.307692307692308,9.572649572649572,-8.791208791208792
-46.69108669108669,28.71794871794872,-10.744810744810744,-20.512820512820515,0.0,-65.05494505494505,90.06105006105007,-39.65811965811966,-34.969474969474966,0.0,76.77655677655677,3.3211233211233213,0.0,17.77777777777778,56.06837606837607,-11.135531135531137,-4.493284493284493,0.0,49.81684981684982,32.62515262515262,-10.354090354090356,-14.261294261294262,0.0,11.135531135531137,-29.499389499389498,44.346764346764346,9.963369963369964,-10.354090354090356
-47.472527472527474,33.40659340659341,-4.884004884004884,-25.592185592185597,0.0,-62.31990231990232,98.65689865689866,-37.704517704517706,-43.56532356532357,0.0,80.68376068376068,4.493284493284493,0.0,31.062271062271066,55.28693528693529,-16.214896214896214,-7.619047619047619,0.0,56.84981684981685,27.545787545787547,-11.916971916971915,-11.135531135531137,0.0,5.274725274725275,-80.68376068376068,97.09401709401708,8.791208791208792,-11.916971916971915
-42.002442002442,39.26739926739927,4.884004884004884,-38.095238095238095,0.0,-51.77045177045177,104.9084249084249,-31.45299145299145,-56.84981684981685,0.0,84.59096459096459,12.307692307692308,0.0,46.3003663003663,56.45909645909646,-14.652014652014651,-21.294261294261293,0.0,66.61782661782662,28.71794871794872,-10.354090354090356,-18.55921855921856,0.0,-4.493284493284493,-47.472527472527474,67.78998778998779,11.526251526251526,-10.354090354090356
-36.53235653235653,40.83028083028083,12.698412698412698,-40.83028083028083,0.0,-42.78388278388278,104.9084249084249,-27.155067155067155,-57.63125763125763,0.0,84.59096459096459,17.77777777777778,0.0,56.84981684981685,57.24053724053724,-13.870573870573873,-24.81074481074481,0.0,76.38583638583638,27.545787545787547,-10.354090354090356,-18.94993894993895,0.0,-12.307692307692308,-19.34065934065934,45.90964590964591,13.089133089133089,-10.354090354090356
-32.62515262515262,41.22100122100122,15.433455433455434,-40.43956043956044,0.0,-38.48595848595848,104.51770451770452,-28.71794871794872,-52.55189255189255,0.0,83.41880341880342,21.294261294261293,0.0,65.44566544566544,56.45909645909646,-13.47985347985348,-22.466422466422465,0.0,84.59096459096459,28.32722832722833,-11.526251526251526,-16.605616605616607,0.0,-15.042735042735044,-40.83028083028083,71.30647130647131,17.387057387057386,-11.526251526251526
-25.592185592185597,43.56532356532357,19.73137973137973,-47.081807081807085,0.0,-31.843711843711844,107.64346764346764,-27.155067155067155,-56.84981684981685,0.0,81.85592185592185,25.592185592185597,0.0,77.16727716727716,61.14774114774115,-11.135531135531137,-29.10866910866911,0.0,94.35897435897436,37.31379731379732,-9.18192918192918,-24.81074481074481,0.0,-19.34065934065934,-39.65811965811966,77.94871794871794,23.247863247863247,-9.18192918192918
-18.94993894993895,45.51892551892552,17.387057387057386,-45.12820512820513,0.0,-24.42002442002442,107.25274725274726,-28.32722832722833,-54.89621489621489,0.0,76.77655677655677,27.545787545787547,0.0,84.2002442002442,62.71062271062271,-8.00976800976801,-26.764346764346765,0.0,102.17338217338218,39.65811965811966,-5.274725274725275,-25.592185592185597,0.0,-16.996336996336996,-36.14163614163614,77.94871794871794,25.982905982905983,-5.274725274725275
-15.824175824175825,45.12820512820513,12.698412698412698,-37.31379731379732,0.0,-20.12210012210012,105.2991452991453,-29.10866910866911,-50.5982905982906,0.0,72.86935286935287,24.81074481074481,0.0,87.32600732600733,62.31990231990232,-8.00976800976801,-19.73137973137973,0.0,103.73626373626374,40.43956043956044,-4.493284493284493,-17.77777777777778,0.0,-12.307692307692308,-43.95604395604396,85.76312576312576,25.2014652014652,-4.493284493284493
-6.837606837606837,43.17460317460318,11.916971916971915,-39.65811965811966,0.0,-8.00976800976801,101.001221001221,-25.592185592185597,-57.24053724053724,0.0,72.47863247863248,21.68498168498169,0.0,94.35897435897436,60.757020757020754,-6.056166056166056,-24.02930402930403,0.0,104.51770451770452,41.61172161172161,-2.93040293040293,-18.94993894993895,0.0,-11.526251526251526,-26.37362637362637,67.78998778998779,23.63858363858364,-2.93040293040293
0.1953601953601953,39.26739926739927,16.214896214896214,-41.22100122100122,0.0,0.5860805860805861,96.31257631257633,-20.512820512820515,-61.14774114774115,0.0,75.995115995116,15.042735042735044,0.0,99.82905982905984,59.975579975579976,-2.148962148962149,-25.982905982905983,0.0,106.47130647130648,39.65811965811966,0.1953601953601953,-15.433455433455434,0.0,-15.824175824175825,-1.7582417582417582,37.704517704517706,21.68498168498169,0.1953601953601953
2.93040293040293,31.062271062271066,16.996336996336996,-34.57875457875458,0.0,6.056166056166056,85.76312576312576,-19.73137973137973,-54.5054945054945,0.0,77.55799755799755,3.711843711843712,0.0,100.21978021978022,56.06837606837607,-4.102564102564102,-16.214896214896214,0.0,105.2991452991453,33.7973137973138,-2.148962148962149,-2.148962148962149,0.0,-16.605616605616607,-36.92307692307692,67.3992673992674,18.55921855921856,-2.148962148962149
3.3211233211233213,20.512820512820515,17.77777777777778,-31.062271062271066,0.0,6.446886446886447,75.6043956043956,-21.294261294261293,-48.25396825396825,0.0,78.33943833943835,-6.056166056166056,0.0,99.43833943833944,53.333333333333336,-7.619047619047619,-11.916971916971915,0.0,101.001221001221,29.499389499389498,-6.446886446886447,6.837606837606837,0.0,-17.387057387057386,-48.64468864468864,74.04151404151405,16.214896214896214,-6.446886446886447
3.3211233211233213,15.042735042735044,22.075702075702075,-32.62515262515262,0.0,4.884004884004884,70.91575091575092,-16.996336996336996,-50.5982905982906,0.0,77.16727716727716,-13.47985347985348,0.0,100.21978021978022,53.724053724053725,-8.791208791208792,-17.387057387057386,0.0,100.21978021978022,26.37362637362637,-6.446886446886447,6.056166056166056,0.0,-21.68498168498169,20.903540903540904,0.1953601953601953,14.652014652014651,-6.446886446886447
-0.5860805860805861,5.665445665445666,19.73137973137973,-25.2014652014652,0.0,0.1953601953601953,60.757020757020754,-17.387057387057386,-43.17460317460318,0.0,68.57142857142857,-21.68498168498169,0.0,97.48473748473748,47.472527472527474,-11.135531135531137,-15.042735042735044,0.0,96.31257631257633,17.387057387057386,-7.619047619047619,9.963369963369964,0.0,-19.34065934065934,43.17460317460318,-24.81074481074481,10.354090354090356,-7.619047619047619
-4.884004884004884,-4.102564102564102,16.996336996336996,-15.042735042735044,0.0,-3.711843711843712,46.3003663003663,-16.214896214896214,-33.40659340659341,0.0,59.58485958485959,-29.10866910866911,0.0,91.62393162393164,34.969474969474966,-13.870573870573873,-11.135531135531137,0.0,88.88888888888889,5.274725274725275,-10.744810744810744,16.214896214896214,0.0,-16.605616605616607,14.261294261294262,0.5860805860805861,6.446886446886447,-10.744810744810744
-3.3211233211233213,-11.135531135531137,17.77777777777778,-14.652014652014651,0.0,0.9768009768009768,34.18803418803419,-14.261294261294262,-33.01587301587302,0.0,53.333333333333336,-33.01587301587302,0.0,91.62393162393164,22.857142857142858,-13.089133089133089,-15.433455433455434,0.0,85.37240537240537,-4.493284493284493,-11.526251526251526,15.433455433455434,0.0,-17.387057387057386,64.27350427350427,-48.64468864468864,2.93040293040293,-11.526251526251526
0.5860805860805861,-19.34065934065934,18.168498168498168,-16.214896214896214,0.0,9.572649572649572,19.73137973137973,-14.652014652014651,-32.62515262515262,0.0,45.51892551892552,-36.14163614163614,0.0,88.1074481074481,12.307692307692308,-10.354090354090356,-16.996336996336996,0.0,81.85592185592185,-11.916971916971915,-13.870573870573873,16.605616605616607,0.0,-17.77777777777778,95.92185592185592,-76.77655677655677,0.1953601953601953,-13.870573870573873
4.102564102564102,-27.936507936507937,12.307692307692308,-13.47985347985348,0.0,17.77777777777778,2.93040293040293,-18.94993894993895,-25.592185592185597,0.0,38.095238095238095,-37.704517704517706,0.0,77.55799755799755,1.7582417582417582,-11.135531135531137,-10.354090354090356,0.0,72.08791208791209,-18.55921855921856,-20.512820512820515,23.247863247863247,0.0,-11.916971916971915,19.73137973137973,-0.9768009768009768,-0.9768009768009768,-20.512820512820515
12.698412698412698,-32.234432234432234,10.744810744810744,-18.94993894993895,0.0,23.63858363858364,-3.711843711843712,-20.12210012210012,-26.37362637362637,0.0,30.671550671550676,-38.48595848595848,0.0,69.74358974358974,-2.5396825396825395,-14.652014652014651,-7.228327228327228,0.0,65.05494505494505,-17.387057387057386,-25.2014652014652,21.68498168498169,0.0,-10.354090354090356,-21.294261294261293,39.65811965811966,-1.7582417582417582,-25.2014652014652
20.12210012210012,-33.01587301587302,8.791208791208792,-25.2014652014652,0.0,22.075702075702075,-6.056166056166056,-16.996336996336996,-26.764346764346765,0.0,22.466422466422465,-38.48595848595848,0.0,57.24053724053724,-4.493284493284493,-15.824175824175825,-4.102564102564102,0.0,58.02197802197802,-16.996336996336996,-25.592185592185597,15.824175824175825,0.0,-8.4004884004884,-4.493284493284493,23.247863247863247,-6.056166056166056,-25.592185592185597
26.37362637362637,-34.18803418803419,4.102564102564102,-24.02930402930403,0.0,13.47985347985348,-6.056166056166056,-14.652014652014651,-19.34065934065934,0.0,14.652014652014651,-39.65811965811966,0.0,42.78388278388278,-9.572649572649572,-19.34065934065934,6.056166056166056,0.0,52.16117216117216,-21.294261294261293,-26.37362637362637,13.870573870573873,0.0,-3.711843711843712,-3.3211233211233213,20.12210012210012,-13.089133089133089,-26.37362637362637
31.843711843711844,-33.40659340659341,-3.711843711843712,-21.68498168498169,0.0,3.3211233211233213,-3.3211233211233213,-13.47985347985348,-13.870573870573873,0.0,9.572649572649572,-36.92307692307692,0.0,27.545787545787547,-15.824175824175825,-23.63858363858364,18.168498168498168,0.0,47.081807081807085,-26.764346764346765,-28.32722832722833,13.870573870573873,0.0,4.102564102564102,-33.40659340659341,45.51892551892552,-17.77777777777778,-28.32722832722833
38.87667887667888,-32.62515262515262,-8.00976800976801,-25.982905982905983,0.0,-3.3211233211233213,0.1953601953601953,-9.572649572649572,-14.652014652014651,0.0,6.837606837606837,-34.18803418803419,0.0,11.135531135531137,-18.94993894993895,-21.294261294261293,19.73137973137973,0.0,41.61172161172161,-29.89010989010989,-28.71794871794872,6.446886446886447,0.0,8.4004884004884,-32.234432234432234,44.737484737484735,-22.075702075702075,-28.71794871794872
45.12820512820513,-36.92307692307692,-13.870573870573873,-27.155067155067155,0.0,-8.791208791208792,-0.9768009768009768,-9.18192918192918,-13.089133089133089,0.0,2.5396825396825395,-33.7973137973138,0.0,-3.3211233211233213,-22.857142857142858,-18.94993894993895,20.512820512820515,0.0,36.53235653235653,-32.62515262515262,-30.671550671550676,0.5860805860805861,0.0,14.261294261294262,-60.757020757020754,72.47863247863248,-20.12210012210012,-30.671550671550676
48.25396825396825,-42.002442002442,-21.68498168498169,-25.592185592185597,0.0,-13.089133089133089,-6.837606837606837,-12.698412698412698,-7.228327228327228,0.0,-0.9768009768009768,-35.75091575091575,0.0,-20.512820512820515,-25.982905982905983,-22.075702075702075,26.37362637362637,0.0,25.592185592185597,-33.40659340659341,-36.53235653235653,0.1953601953601953,0.0,22.075702075702075,-89.27960927960928,99.04761904761904,-16.605616605616607,-36.53235653235653
53.724053724053725,-44.346764346764346,-25.982905982905983,-31.062271062271066,0.0,-13.47985347985348,-11.526251526251526,-9.963369963369964,-11.526251526251526,0.0,-2.148962148962149,-37.704517704517706,0.0,-28.71794871794872,-26.764346764346765,-26.764346764346765,20.512820512820515,0.0,16.996336996336996,-31.45299145299145,-41.61172161172161,-6.446886446886447,0.0,26.37362637362637,-56.84981684981685,65.83638583638583,-12.698412698412698,-41.61172161172161
60.366300366300365,-49.03540903540904,-29.499389499389498,-35.75091575091575,0.0,-11.916971916971915,-16.605616605616607,-7.619047619047619,-16.214896214896214,0.0,-2.148962148962149,-40.04884004884005,0.0,-35.75091575091575,-27.545787545787547,-31.45299145299145,12.698412698412698,0.0,9.572649572649572,-32.234432234432234,-46.3003663003663,-13.47985347985348,0.0,29.89010989010989,-39.65811965811966,47.86324786324786,-10.744810744810744,-46.3003663003663
62.71062271062271,-57.24053724053724,-39.26739926739927,-29.10866910866911,0.0,-13.47985347985348,-27.155067155067155,-8.00976800976801,-11.916971916971915,0.0,-3.3211233211233213,-44.346764346764346,0.0,-49.03540903540904,-31.062271062271066,-40.83028083028083,12.307692307692308,0.0,-1.7582417582417582,-39.26739926739927,-54.114774114774114,-12.698412698412698,0.0,39.65811965811966,-88.4981684981685,97.09401709401708,-13.870573870573873,-54.114774114774114
65.83638583638583,-65.44566544566544,-47.472527472527474,-25.2014652014652,0.0,-15.042735042735044,-37.31379731379732,-6.837606837606837,-11.526251526251526,0.0,-6.837606837606837,-47.86324786324786,0.0,-61.14774114774115,-36.14163614163614,-48.64468864468864,11.135531135531137,0.0,-13.870573870573873,-48.25396825396825,-59.1941391941392,-11.916971916971915,0.0,47.86324786324786,-99.82905982905984,109.98778998778998,-21.294261294261293,-59.1941391941392
68.96214896214896,-74.43223443223444,-47.472527472527474,-28.71794871794872,0.0,-16.214896214896214,-45.90964590964591,-2.5396825396825395,-16.214896214896214,0.0,-10.354090354090356,-52.16117216117216,0.0,-74.04151404151405,-33.40659340659341,-49.42612942612943,-1.3675213675213675,0.0,-25.2014652014652,-50.989010989010985,-57.24053724053724,-25.2014652014652,0.0,47.86324786324786,-34.57875457875458,50.989010989010985,-25.982905982905983,-57.24053724053724
65.83638583638583,-86.54456654456655,-47.472527472527474,-24.42002442002442,0.0,-21.68498168498169,-58.02197802197802,-2.148962148962149,-9.963369963369964,0.0,-15.433455433455434,-60.757020757020754,0.0,-90.84249084249085,-33.01587301587302,-50.20757020757021,-5.665445665445666,0.0,-39.26739926739927,-54.114774114774114,-53.333333333333336,-33.01587301587302,0.0,47.86324786324786,-55.28693528693529,79.9023199023199,-28.32722832722833,-53.333333333333336
62.71062271062271,-97.09401709401708,-49.81684981684982,-16.996336996336996,0.0,-24.81074481074481,-69.35286935286935,-6.056166056166056,-0.1953601953601953,0.0,-20.903540903540904,-64.27350427350427,0.0,-99.82905982905984,-34.969474969474966,-59.1941391941392,-0.9768009768009768,0.0,-49.81684981684982,-56.06837606837607,-54.89621489621489,-33.7973137973138,0.0,50.20757020757021,-75.21367521367522,104.9084249084249,-26.764346764346765,-54.89621489621489
65.83638583638583,-105.68986568986568,-46.3003663003663,-20.903540903540904,0.0,-20.903540903540904,-76.77655677655677,-4.102564102564102,-3.711843711843712,0.0,-19.34065934065934,-64.66422466422466,0.0,-102.56410256410255,-31.843711843711844,-62.71062271062271,-10.354090354090356,0.0,-54.89621489621489,-50.5982905982906,-53.724053724053725,-48.64468864468864,0.0,46.69108669108669,-49.42612942612943,88.4981684981685,-21.68498168498169,-53.724053724053725
67.00854700854701,-115.45787545787546,-44.737484737484735,-21.68498168498169,0.0,-15.824175824175825,-88.1074481074481,-4.102564102564102,-5.274725274725275,0.0,-23.247863247863247,-63.10134310134311,0.0,-106.47130647130648,-32.62515262515262,-63.49206349206349,-14.652014652014651,0.0,-60.757020757020754,-47.86324786324786,-52.16117216117216,-56.84981684981685,0.0,45.12820512820513,-14.652014652014651,62.71062271062271,-18.55921855921856,-52.16117216117216
67.3992673992674,-126.7887667887668,-48.64468864468864,-16.996336996336996,0.0,-10.354090354090356,-101.3919413919414,-9.18192918192918,-2.5396825396825395,0.0,-29.10866910866911,-59.58485958485959,0.0,-113.5042735042735,-36.53235653235653,-68.57142857142857,-8.4004884004884,0.0,-70.52503052503053,-49.81684981684982,-55.28693528693529,-50.989010989010985,0.0,49.03540903540904,-42.002442002442,90.45177045177046,-15.824175824175825,-55.28693528693529
68.57142857142857,-134.6031746031746,-49.03540903540904,-19.34065934065934,0.0,-3.3211233211233213,-111.94139194139194,-8.00976800976801,-8.791208791208792,0.0,-36.92307692307692,-55.28693528693529,0.0,-118.5836385836386,-37.704517704517706,-66.61782661782662,-13.47985347985348,0.0,-81.85592185592185,-47.86324786324786,-54.89621489621489,-51.37973137973138,0.0,49.42612942612943,-57.63125763125763,106.08058608058607,-13.47985347985348,-54.89621489621489
69.35286935286935,-139.68253968253967,-48.64468864468864,-23.247863247863247,0.0,3.3211233211233213,-120.53724053724054,-9.572649572649572,-15.042735042735044,0.0,-47.081807081807085,-51.77045177045177,0.0,-126.007326007326,-34.57875457875458,-63.10134310134311,-20.903540903540904,0.0,-94.35897435897436,-45.90964590964591,-52.94261294261294,-50.20757020757021,0.0,49.03540903540904,-16.605616605616607,59.58485958485959,-11.135531135531137,-52.94261294261294
67.3992673992674,-147.1062271062271,-52.94261294261294,-14.652014652014651,0.0,8.791208791208792,-133.04029304029305,-14.652014652014651,-8.00976800976801,0.0,-61.14774114774115,-48.64468864468864,0.0,-133.82173382173383,-38.095238095238095,-63.10134310134311,-16.214896214896214,0.0,-109.98778998778998,-50.20757020757021,-50.5982905982906,-40.83028083028083,0.0,53.333333333333336,-2.93040293040293,36.53235653235653,-10.744810744810744,-50.5982905982906
68.96214896214896,-152.57631257631255,-55.28693528693529,-11.526251526251526,0.0,16.996336996336996,-143.98046398046398,-16.996336996336996,-5.665445665445666,0.0,-74.82295482295483,-43.95604395604396,0.0,-138.1196581196581,-40.83028083028083,-66.22710622710623,-18.94993894993895,0.0,-122.88156288156289,-52.16117216117216,-51.77045177045177,-37.704517704517706,0.0,55.67765567765568,-19.73137973137973,47.081807081807085,-11.526251526251526,-51.77045177045177
72.86935286935287,-154.13919413919413,-57.24053724053724,-13.870573870573873,0.0,25.592185592185597,-152.57631257631255,-19.34065934065934,-5.274725274725275,0.0,-88.4981684981685,-39.26739926739927,0.0,-140.0732600732601,-42.78388278388278,-65.83638583638583,-26.764346764346765,0.0,-132.25885225885227,-52.16117216117216,-49.81684981684982,-41.22100122100122,0.0,57.63125763125763,-24.02930402930403,43.56532356532357,-11.526251526251526,-49.81684981684982
71.6971916971917,-160.78144078144078,-61.92918192918193,-7.228327228327228,0.0,29.89010989010989,-165.0793650793651,-24.42002442002442,1.7582417582417582,0.0,-103.34554334554336,-36.14163614163614,0.0,-143.5897435897436,-48.64468864468864,-68.18070818070818,-20.512820512820515,0.0,-142.02686202686203,-54.114774114774114,-50.20757020757021,-35.36019536019536,0.0,62.31990231990232,-29.10866910866911,42.39316239316239,-11.135531135531137,-50.20757020757021
69.35286935286935,-162.73504273504273,-67.3992673992674,-4.884004884004884,0.0,33.7973137973138,-173.2844932844933,-30.28083028083028,3.711843711843712,0.0,-118.97435897435898,-34.57875457875458,0.0,-145.15262515262515,-53.724053724053725,-70.52503052503053,-18.94993894993895,0.0,-150.23199023199024,-52.16117216117216,-55.28693528693529,-31.45299145299145,0.0,67.78998778998779,-43.95604395604396,52.16117216117216,-9.18192918192918,-55.28693528693529
68.57142857142857,-160.3907203907204,-66.61782661782662,-12.698412698412698,0.0,39.26739926739927,-171.33089133089132,-30.671550671550676,-7.228327228327228,0.0,-127.96092796092796,-31.843711843711844,0.0,-140.85470085470087,-55.28693528693529,-67.78998778998779,-29.10866910866911,0.0,-154.52991452991452,-44.737484737484735,-56.84981684981685,-36.53235653235653,0.0,67.00854700854701,-18.55921855921856,25.592185592185597,-5.274725274725275,-56.84981684981685
65.44566544566544,-159.6092796092796,-65.05494505494505,-13.089133089133089,0.0,41.61172161172161,-170.15873015873015,-29.499389499389498,-13.870573870573873,0.0,-138.5103785103785,-31.062271062271066,0.0,-136.16605616605617,-59.1941391941392,-63.10134310134311,-31.062271062271066,0.0,-158.82783882783883,-40.04884004884005,-56.45909645909646,-34.18803418803419,0.0,65.44566544566544,3.711843711843712,0.5860805860805861,-0.9768009768009768,-56.45909645909646
62.31990231990232,-160.78144078144078,-67.3992673992674,-5.274725274725275,0.0,42.002442002442,-169.76800976800976,-32.234432234432234,-10.354090354090356,0.0,-149.84126984126985,-34.57875457875458,0.0,-134.21245421245422,-69.74358974358974,-61.92918192918193,-25.982905982905983,0.0,-165.86080586080587,-43.17460317460318,-58.8034188034188,-24.42002442002442,0.0,67.78998778998779,-35.75091575091575,34.18803418803419,-2.148962148962149,-58.8034188034188
63.10134310134311,-159.6092796092796,-66.61782661782662,-1.3675213675213675,0.0,44.346764346764346,-167.03296703296704,-29.499389499389498,-11.526251526251526,0.0,-158.82783882783883,-36.53235653235653,0.0,-128.35164835164835,-77.94871794871794,-58.8034188034188,-26.764346764346765,0.0,-171.33089133089132,-47.081807081807085,-56.84981684981685,-17.387057387057386,0.0,67.00854700854701,-16.214896214896214,7.228327228327228,-4.884004884004884,-56.84981684981685
62.31990231990232,-156.4835164835165,-64.66422466422466,2.5396825396825395,0.0,44.346764346764346,-165.0793650793651,-23.247863247863247,-11.916971916971915,0.0,-167.81440781440782,-35.36019536019536,0.0,-124.44444444444444,-79.9023199023199,-52.55189255189255,-26.37362637362637,0.0,-176.4102564102564,-50.5982905982906,-45.12820512820513,-11.135531135531137,0.0,65.05494505494505,73.26007326007326,-92.4053724053724,-8.4004884004884,-45.12820512820513
61.92918192918193,-154.9206349206349,-66.22710622710623,7.228327228327228,0.0,45.51892551892552,-165.86080586080587,-21.68498168498169,-9.18192918192918,0.0,-171.7216117216117,-34.57875457875458,0.0,-121.7094017094017,-81.07448107448107,-52.94261294261294,-22.075702075702075,0.0,-180.70818070818072,-56.06837606837607,-39.65811965811966,-1.7582417582417582,0.0,66.61782661782662,68.57142857142857,-95.92185592185592,-12.698412698412698,-39.65811965811966
60.757020757020754,-152.18559218559218,-67.78998778998779,8.791208791208792,0.0,47.081807081807085,-163.5164835164835,-18.55921855921856,-13.870573870573873,0.0,-172.50305250305252,-33.7973137973138,0.0,-118.97435897435898,-78.73015873015873,-56.06837606837607,-22.075702075702075,0.0,-183.83394383394383,-56.45909645909646,-37.704517704517706,1.3675213675213675,0.0,68.18070818070818,15.824175824175825,-47.472527472527474,-11.135531135531137,-37.704517704517706
62.31990231990232,-145.15262515262515,-67.00854700854701,0.1953601953601953,0.0,53.333333333333336,-159.21855921855922,-15.042735042735044,-28.32722832722833,0.0,-168.98656898656898,-30.28083028083028,0.0,-107.64346764346764,-76.38583638583638,-55.28693528693529,-31.062271062271066,0.0,-178.75457875457874,-53.724053724053725,-35.75091575091575,-2.93040293040293,0.0,67.3992673992674,40.04884004884005,-71.30647130647131,-9.572649572649572,-35.75091575091575
61.14774114774115,-142.41758241758242,-67.3992673992674,-0.5860805860805861,0.0,55.67765567765568,-154.52991452991452,-15.433455433455434,-34.57875457875458,0.0,-166.25152625152626,-33.40659340659341,0.0,-101.001221001221,-78.33943833943835,-54.5054945054945,-33.01587301587302,0.0,-175.23809523809524,-52.94261294261294,-41.61172161172161,1.3675213675213675,0.0,67.78998778998779,61.53846153846154,-95.53113553113552,-6.056166056166056,-41.61172161172161
58.41269841269841,-141.63614163614164,-72.08791208791209,5.274725274725275,0.0,56.06837606837607,-150.23199023199024,-16.605616605616607,-38.095238095238095,0.0,-167.03296703296704,-37.704517704517706,0.0,-95.92185592185592,-85.76312576312576,-55.67765567765568,-29.499389499389498,0.0,-174.84737484737485,-55.28693528693529,-50.5982905982906,12.307692307692308,0.0,72.47863247863248,33.40659340659341,-72.08791208791209,-4.102564102564102,-50.5982905982906
56.84981684981685,-135.77533577533578,-74.43223443223444,10.744810744810744,0.0,58.02197802197802,-140.46398046398048,-15.042735042735044,-43.95604395604396,0.0,-169.37728937728937,-34.18803418803419,0.0,-87.71672771672772,-90.45177045177046,-48.64468864468864,-29.499389499389498,0.0,-170.15873015873015,-54.114774114774114,-52.16117216117216,18.168498168498168,0.0,74.82295482295483,29.499389499389498,-74.04151404151405,-2.148962148962149,-52.16117216117216
53.333333333333336,-130.3052503052503,-69.74358974358974,14.652014652014651,0.0,58.8034188034188,-133.04029304029305,-8.791208791208792,-47.86324786324786,0.0,-172.50305250305252,-28.71794871794872,0.0,-83.02808302808303,-92.4053724053724,-37.704517704517706,-29.89010989010989,0.0,-166.25152625152626,-54.114774114774114,-48.25396825396825,24.02930402930403,0.0,70.13431013431014,62.71062271062271,-112.33211233211232,-1.7582417582417582,-48.25396825396825
47.472527472527474,-124.83516483516485,-70.52503052503053,25.2014652014652,0.0,58.02197802197802,-128.74236874236874,-4.884004884004884,-45.51892551892552,0.0,-176.4102564102564,-21.294261294261293,0.0,-82.24664224664225,-96.7032967032967,-32.234432234432234,-21.68498168498169,0.0,-164.6886446886447,-58.02197802197802,-46.69108669108669,34.57875457875458,0.0,70.91575091575092,50.20757020757021,-103.73626373626374,-4.102564102564102,-46.69108669108669
42.39316239316239,-112.33211233211232,-69.74358974358974,26.764346764346765,0.0,58.8034188034188,-120.53724053724054,0.1953601953601953,-50.5982905982906,0.0,-178.75457875457874,-10.744810744810744,0.0,-77.55799755799755,-97.09401709401708,-25.592185592185597,-20.903540903540904,0.0,-159.6092796092796,-56.84981684981685,-40.04884004884005,33.7973137973138,0.0,70.13431013431014,54.5054945054945,-110.37851037851038,-4.493284493284493,-40.04884004884005
37.31379731379732,-97.87545787545788,-64.27350427350427,18.55921855921856,0.0,58.02197802197802,-112.72283272283272,3.711843711843712,-54.5054945054945,0.0,-179.53601953601952,0.5860805860805861,0.0,-72.47863247863248,-93.18681318681318,-17.387057387057386,-25.982905982905983,0.0,-151.01343101343102,-53.333333333333336,-33.01587301587302,27.155067155067155,0.0,64.66422466422466,75.21367521367522,-131.4774114774115,-2.5396825396825395,-33.01587301587302
29.10866910866911,-85.37240537240537,-65.05494505494505,20.12210012210012,0.0,54.114774114774114,-109.5970695970696,3.3211233211233213,-48.64468864468864,0.0,-182.66178266178267,9.572649572649572,0.0,-73.65079365079364,-91.23321123321124,-11.526251526251526,-20.512820512820515,0.0,-147.88766788766787,-53.333333333333336,-30.671550671550676,32.234432234432234,0.0,65.44566544566544,72.47863247863248,-129.9145299145299,-3.3211233211233213,-30.671550671550676
20.12210012210012,-73.26007326007326,-66.61782661782662,18.168498168498168,0.0,49.03540903540904,-107.64346764346764,0.1953601953601953,-41.22100122100122,0.0,-186.17826617826617,17.77777777777778,0.0,-73.65079365079364,-90.45177045177046,-9.572649572649572,-15.042735042735044,0.0,-145.15262515262515,-50.989010989010985,-30.671550671550676,35.75091575091575,0.0,67.00854700854701,63.49206349206349,-124.44444444444444,-2.148962148962149,-30.671550671550676
10.354090354090356,-59.58485958485959,-60.757020757020754,6.837606837606837,0.0,46.3003663003663,-105.2991452991453,-2.148962148962149,-41.22100122100122,0.0,-188.13186813186812,25.2014652014652,0.0,-71.30647130647131,-84.59096459096459,-3.3211233211233213,-21.294261294261293,0.0,-135.77533577533578,-45.12820512820513,-29.89010989010989,27.936507936507937,0.0,61.14774114774115,104.51770451770452,-162.34432234432234,-0.5860805860805861,-29.89010989010989
-1.7582417582417582,-50.20757020757021,-57.63125763125763,6.837606837606837,0.0,39.65811965811966,-105.2991452991453,-3.3211233211233213,-33.7973137973138,0.0,-190.0854700854701,27.155067155067155,0.0,-73.26007326007326,-82.24664224664225,0.1953601953601953,-16.214896214896214,0.0,-128.35164835164835,-43.95604395604396,-30.28083028083028,30.28083028083028,0.0,58.02197802197802,99.04761904761904,-150.23199023199024,-2.5396825396825395,-30.28083028083028
-17.77777777777778,-43.17460317460318,-58.02197802197802,14.652014652014651,0.0,29.499389499389498,-102.56410256410255,-9.963369963369964,-20.903540903540904,0.0,-189.6947496947497,25.982905982905983,0.0,-77.16727716727716,-83.80952380952381,0.1953601953601953,-2.93040293040293,0.0,-121.7094017094017,-47.081807081807085,-33.7973137973138,38.48595848595848,0.0,58.41269841269841,33.7973137973138,-79.12087912087912,-3.711843711843712,-33.7973137973138
-32.234432234432234,-32.62515262515262,-57.63125763125763,21.294261294261293,0.0,18.55921855921856,-93.96825396825396,-11.916971916971915,-14.261294261294262,0.0,-184.6153846153846,23.247863247863247,0.0,-78.33943833943835,-80.29304029304029,1.7582417582417582,1.3675213675213675,0.0,-114.67643467643468,-43.56532356532357,-32.62515262515262,35.36019536019536,0.0,58.02197802197802,61.14774114774115,-96.7032967032967,-4.884004884004884,-32.62515262515262
-40.43956043956044,-23.247863247863247,-56.84981684981685,19.73137973137973,0.0,12.698412698412698,-86.15384615384616,-8.791208791208792,-17.77777777777778,0.0,-178.75457875457874,20.903540903540904,0.0,-77.16727716727716,-74.82295482295483,9.572649572649572,-0.5860805860805861,0.0,-108.03418803418803,-37.704517704517706,-23.247863247863247,26.37362637362637,0.0,57.24053724053724,126.7887667887668,-154.13919413919413,-5.665445665445666,-23.247863247863247
-49.81684981684982,-20.512820512820515,-59.975579975579976,27.545787545787547,0.0,4.884004884004884,-83.41880341880342,-13.089133089133089,-10.354090354090356,0.0,-173.67521367521368,18.94993894993895,0.0,-80.29304029304029,-74.04151404151405,13.089133089133089,7.619047619047619,0.0,-106.86202686202688,-36.92307692307692,-18.55921855921856,29.10866910866911,0.0,60.366300366300365,90.06105006105007,-111.15995115995116,-7.619047619047619,-18.55921855921856
-56.84981684981685,-15.042735042735044,-61.53846153846154,31.843711843711844,0.0,-0.5860805860805861,-79.51159951159951,-12.307692307692308,-7.619047619047619,0.0,-169.37728937728937,16.605616605616607,0.0,-82.63736263736264,-67.3992673992674,16.214896214896214,9.18192918192918,0.0,-104.12698412698413,-30.28083028083028,-16.605616605616607,26.37362637362637,0.0,61.92918192918193,47.472527472527474,-63.49206349206349,-6.446886446886447,-16.605616605616607
-58.41269841269841,-8.00976800976801,-56.06837606837607,28.32722832722833,0.0,2.148962148962149,-73.65079365079364,-9.572649572649572,-11.916971916971915,0.0,-160.3907203907204,16.996336996336996,0.0,-80.68376068376068,-54.5054945054945,20.903540903540904,4.493284493284493,0.0,-93.18681318681318,-22.075702075702075,-16.214896214896214,22.075702075702075,0.0,56.45909645909646,61.14774114774115,-68.57142857142857,-5.274725274725275,-16.214896214896214
-65.44566544566544,-2.148962148962149,-50.989010989010985,36.14163614163614,0.0,1.3675213675213675,-67.3992673992674,-11.526251526251526,-4.102564102564102,0.0,-152.96703296703296,14.652014652014651,0.0,-79.12087912087912,-46.69108669108669,22.857142857142858,8.00976800976801,0.0,-83.02808302808303,-18.168498168498168,-22.857142857142858,29.10866910866911,0.0,51.37973137973138,86.54456654456655,-83.41880341880342,-8.4004884004884,-22.857142857142858
-73.26007326007326,7.228327228327228,-47.081807081807085,43.17460317460318,0.0,0.1953601953601953,-56.45909645909646,-15.433455433455434,3.3211233211233213,0.0,-143.98046398046398,9.572649572649572,0.0,-74.43223443223444,-42.002442002442,17.387057387057386,13.089133089133089,0.0,-74.04151404151405,-16.996336996336996,-31.062271062271066,36.92307692307692,0.0,47.472527472527474,84.98168498168498,-77.55799755799755,-8.00976800976801,-31.062271062271066
-79.9023199023199,17.77777777777778,-41.61172161172161,40.04884004884005,0.0,0.1953601953601953,-46.69108669108669,-15.824175824175825,0.1953601953601953,0.0,-132.25885225885227,2.148962148962149,0.0,-60.757020757020754,-41.61172161172161,14.652014652014651,9.572649572649572,0.0,-64.27350427350427,-13.870573870573873,-30.671550671550676,31.062271062271066,0.0,42.002442002442,100.6105006105006,-87.32600732600733,-8.791208791208792,-30.671550671550676
-89.27960927960928,25.2014652014652,-39.65811965811966,38.48595848595848,0.0,-4.884004884004884,-41.61172161172161,-16.996336996336996,0.1953601953601953,0.0,-124.44444444444444,-3.711843711843712,0.0,-44.346764346764346,-50.20757020757021,12.307692307692308,9.572649572649572,0.0,-56.45909645909646,-14.261294261294262,-27.545787545787547,25.982905982905983,0.0,40.04884004884005,118.1929181929182,-97.87545787545788,-12.307692307692308,-27.545787545787547
-101.001221001221,29.499389499389498,-41.22100122100122,45.12820512820513,0.0,-16.214896214896214,-37.31379731379732,-21.294261294261293,8.00976800976801,0.0,-118.97435897435898,-9.963369963369964,0.0,-33.7973137973138,-59.58485958485959,4.884004884004884,20.903540903540904,0.0,-53.724053724053725,-16.605616605616607,-22.466422466422465,25.592185592185597,0.0,41.61172161172161,104.51770451770452,-78.73015873015873,-13.089133089133089,-22.466422466422465
-107.25274725274726,33.01587301587302,-36.14163614163614,43.95604395604396,0.0,-23.63858363858364,-29.89010989010989,-18.94993894993895,7.619047619047619,0.0,-106.86202686202688,-13.47985347985348,0.0,-20.512820512820515,-62.31990231990232,5.665445665445666,19.34065934065934,0.0,-45.51892551892552,-13.870573870573873,-13.089133089133089,15.433455433455434,0.0,36.53235653235653,99.43833943833944,-65.05494505494505,-11.526251526251526,-13.089133089133089
-111.15995115995116,38.095238095238095,-28.71794871794872,44.737484737484735,0.0,-29.10866910866911,-18.94993894993895,-16.605616605616607,9.572649572649572,0.0,-90.45177045177046,-15.042735042735044,0.0,-9.18192918192918,-54.114774114774114,8.00976800976801,17.77777777777778,0.0,-34.18803418803419,-5.665445665445666,-5.274725274725275,8.791208791208792,0.0,29.10866910866911,101.78266178266178,-61.14774114774115,-6.446886446886447,-5.274725274725275
-115.45787545787546,41.61172161172161,-24.81074481074481,56.06837606837607,0.0,-33.7973137973138,-11.916971916971915,-17.77777777777778,22.857142857142858,0.0,-74.43223443223444,-17.77777777777778,0.0,-4.493284493284493,-44.346764346764346,6.837606837606837,25.982905982905983,0.0,-23.247863247863247,-1.7582417582417582,-4.102564102564102,13.870573870573873,0.0,25.2014652014652,54.5054945054945,-11.916971916971915,-1.3675213675213675,-4.102564102564102
-115.84859584859583,47.86324786324786,-19.34065934065934,63.10134310134311,0.0,-36.53235653235653,-2.93040293040293,-16.214896214896214,33.01587301587302,0.0,-59.1941391941392,-15.824175824175825,0.0,1.3675213675213675,-31.843711843711844,5.274725274725275,30.671550671550676,0.0,-8.00976800976801,2.93040293040293,-4.493284493284493,16.214896214896214,0.0,19.73137973137973,13.870573870573873,26.764346764346765,5.665445665445666,-4.493284493284493
-115.06715506715508,57.63125763125763,-12.698412698412698,60.757020757020754,0.0,-37.31379731379732,7.228327228327228,-9.963369963369964,31.45299145299145,0.0,-45.12820512820513,-9.572649572649572,0.0,11.526251526251526,-16.996336996336996,6.837606837606837,24.02930402930403,0.0,8.4004884004884,11.135531135531137,-2.93040293040293,8.4004884004884,0.0,13.089133089133089,42.39316239316239,-0.1953601953601953,11.526251526251526,-2.93040293040293
-118.1929181929182,62.31990231990232,-6.446886446886447,64.27350427350427,0.0,-43.95604395604396,14.652014652014651,-6.056166056166056,37.704517704517706,0.0,-38.87667887667888,-2.93040293040293,0.0,15.433455433455434,-8.4004884004884,6.446886446886447,25.982905982905983,0.0,21.68498168498169,15.824175824175825,-4.493284493284493,6.837606837606837,0.0,6.837606837606837,20.512820512820515,29.89010989010989,14.261294261294262,-4.493284493284493
-120.92796092796092,62.31990231990232,-0.9768009768009768,70.13431013431014,0.0,-50.989010989010985,23.247863247863247,-6.837606837606837,45.51892551892552,0.0,-33.01587301587302,4.884004884004884,0.0,20.903540903540904,-2.5396825396825395,1.7582417582417582,32.62515262515262,0.0,34.57875457875458,18.55921855921856,-4.102564102564102,4.102564102564102,0.0,1.3675213675213675,-14.652014652014651,74.43223443223444,18.94993894993895,-4.102564102564102
-121.31868131868131,64.66422466422466,7.228327228327228,66.22710622710623,0.0,-50.989010989010985,31.843711843711844,-2.148962148962149,39.26739926739927,0.0,-24.81074481074481,13.870573870573873,0.0,33.40659340659341,4.102564102564102,3.3211233211233213,23.247863247863247,0.0,47.472527472527474,26.764346764346765,-0.9768009768009768,-7.228327228327228,0.0,-6.837606837606837,36.14163614163614,36.53235653235653,22.075702075702075,-0.9768009768009768
-122.4908424908425,63.88278388278388,13.870573870573873,68.18070818070818,0.0,-53.724053724053725,38.48595848595848,-0.1953601953601953,39.65811965811966,0.0,-15.824175824175825,20.512820512820515,0.0,42.78388278388278,9.572649572649572,7.619047619047619,20.12210012210012,0.0,61.53846153846154,30.28083028083028,1.3675213675213675,-11.135531135531137,0.0,-13.47985347985348,86.15384615384616,-2.93040293040293,23.63858363858364,1.3675213675213675
-120.92796092796092,63.10134310134311,13.870573870573873,75.995115995116,0.0,-57.63125763125763,45.90964590964591,-1.3675213675213675,46.69108669108669,0.0,-6.446886446886447,29.89010989010989,0.0,49.03540903540904,12.307692307692308,8.791208791208792,26.764346764346765,0.0,74.82295482295483,26.764346764346765,0.1953601953601953,-3.3211233211233213,0.0,-13.47985347985348,60.757020757020754,20.12210012210012,25.982905982905983,0.1953601953601953
-118.97435897435898,68.57142857142857,15.433455433455434,76.38583638583638,0.0,-66.22710622710623,59.975579975579976,2.148962148962149,46.69108669108669,0.0,1.3675213675213675,39.26739926739927,0.0,55.67765567765568,16.605616605616607,9.572649572649572,29.10866910866911,0.0,86.54456654456655,27.155067155067155,-0.1953601953601953,-0.5860805860805861,0.0,-15.042735042735044,13.47985347985348,63.10134310134311,28.71794871794872,-0.1953601953601953
-113.89499389499387,76.77655677655677,22.857142857142858,70.52503052503053,0.0,-74.82295482295483,77.55799755799755,10.354090354090356,43.56532356532357,0.0,11.135531135531137,50.20757020757021,0.0,59.58485958485959,23.63858363858364,16.996336996336996,25.2014652014652,0.0,99.82905982905984,29.10866910866911,-0.9768009768009768,-0.1953601953601953,0.0,-22.466422466422465,7.619047619047619,68.57142857142857,27.155067155067155,-0.9768009768009768
-108.03418803418803,82.24664224664225,30.28083028083028,71.30647130647131,0.0,-82.63736263736264,91.23321123321124,18.55921855921856,49.81684981684982,0.0,18.168498168498168,60.757020757020754,0.0,61.92918192918193,31.45299145299145,20.903540903540904,31.45299145299145,0.0,110.37851037851038,31.062271062271066,-3.3211233211233213,8.791208791208792,0.0,-29.89010989010989,-2.93040293040293,75.21367521367522,29.10866910866911,-3.3211233211233213
-104.51770451770452,88.88888888888889,41.61172161172161,69.74358974358974,0.0,-86.15384615384616,103.73626373626374,25.592185592185597,54.114774114774114,0.0,26.37362637362637,71.30647130647131,0.0,68.18070818070818,36.53235653235653,22.857142857142858,35.36019536019536,0.0,118.5836385836386,34.18803418803419,-2.93040293040293,13.47985347985348,0.0,-41.22100122100122,-21.294261294261293,90.84249084249085,31.843711843711844,-2.93040293040293
-99.04761904761904,97.48473748473748,53.333333333333336,65.83638583638583,0.0,-83.80952380952381,113.89499389499387,34.18803418803419,54.114774114774114,0.0,35.36019536019536,81.07448107448107,0.0,78.33943833943835,40.43956043956044,29.89010989010989,31.45299145299145,0.0,128.35164835164835,36.92307692307692,0.9768009768009768,14.261294261294262,0.0,-52.94261294261294,-29.10866910866911,95.92185592185592,33.40659340659341,0.9768009768009768
-95.53113553113552,104.9084249084249,59.975579975579976,66.22710622710623,0.0,-79.9023199023199,116.63003663003664,40.04884004884005,59.1941391941392,0.0,44.346764346764346,86.54456654456655,0.0,85.37240537240537,46.3003663003663,37.31379731379732,31.45299145299145,0.0,135.3846153846154,37.704517704517706,9.963369963369964,17.77777777777778,0.0,-59.58485958485959,-49.42612942612943,107.64346764346764,35.75091575091575,9.963369963369964
-95.92185592185592,109.98778998778998,59.58485958485959,69.74358974358974,0.0,-77.94871794871794,117.4114774114774,40.43956043956044,64.27350427350427,0.0,51.37973137973138,88.1074481074481,0.0,90.45177045177046,48.64468864468864,33.7973137973138,34.969474969474966,0.0,137.72893772893772,33.01587301587302,16.605616605616607,21.294261294261293,0.0,-59.1941391941392,-74.82295482295483,124.05372405372404,36.14163614163614,16.605616605616607
-93.18681318681318,117.02075702075702,58.41269841269841,67.00854700854701,0.0,-73.65079365079364,118.97435897435898,44.737484737484735,59.1941391941392,0.0,61.92918192918193,89.27960927960928,0.0,101.3919413919414,51.37973137973138,33.7973137973138,25.2014652014652,0.0,142.8083028083028,33.40659340659341,22.857142857142858,13.47985347985348,0.0,-58.02197802197802,-79.12087912087912,122.1001221001221,37.31379731379732,22.857142857142858
-89.67032967032966,122.1001221001221,57.24053724053724,65.05494505494505,0.0,-66.61782661782662,117.8021978021978,50.20757020757021,54.114774114774114,0.0,71.6971916971917,90.06105006105007,0.0,109.98778998778998,60.757020757020754,33.40659340659341,13.870573870573873,0.0,149.84126984126985,35.75091575091575,25.2014652014652,7.619047619047619,0.0,-56.84981684981685,-84.59096459096459,125.22588522588522,38.095238095238095,25.2014652014652
-90.06105006105007,122.88156288156289,55.28693528693529,70.13431013431014,0.0,-62.71062271062271,114.28571428571428,50.20757020757021,57.63125763125763,0.0,80.68376068376068,85.76312576312576,0.0,116.63003663003664,63.88278388278388,27.936507936507937,13.089133089133089,0.0,156.0927960927961,31.062271062271066,21.294261294261293,13.089133089133089,0.0,-54.89621489621489,-126.3980463980464,167.03296703296704,36.53235653235653,21.294261294261293
-89.27960927960928,125.6166056166056,56.06837606837607,70.91575091575092,0.0,-57.63125763125763,113.11355311355312,52.94261294261294,55.67765567765568,0.0,88.88888888888889,81.46520146520146,0.0,123.27228327228327,64.66422466422466,24.81074481074481,12.307692307692308,0.0,162.73504273504273,26.37362637362637,19.73137973137973,16.605616605616607,0.0,-55.67765567765568,-129.13308913308913,172.11233211233213,33.7973137973138,19.73137973137973
-88.4981684981685,132.64957264957266,61.14774114774115,61.92918192918193,0.0,-50.20757020757021,115.45787545787546,57.63125763125763,45.12820512820513,0.0,95.92185592185592,75.6043956043956,0.0,129.52380952380952,68.57142857142857,27.155067155067155,4.884004884004884,0.0,167.81440781440782,24.81074481074481,22.466422466422465,14.261294261294262,0.0,-60.757020757020754,-65.83638583638583,110.76923076923076,29.499389499389498,22.466422466422465
-94.35897435897436,138.5103785103785,66.22710622710623,57.63125763125763,0.0,-49.81684981684982,117.8021978021978,58.41269841269841,42.39316239316239,0.0,98.65689865689866,62.71062271062271,0.0,130.6959706959707,65.83638583638583,25.592185592185597,8.4004884004884,0.0,165.86080586080587,18.168498168498168,26.37362637362637,18.94993894993895,0.0,-65.83638583638583,-60.757020757020754,104.12698412698413,23.247863247863247,26.37362637362637
-100.6105006105006,139.68253968253967,68.57142857142857,57.24053724053724,0.0,-52.55189255189255,120.14652014652016,54.5054945054945,43.56532356532357,0.0,99.43833943833944,52.94261294261294,0.0,128.74236874236874,57.63125763125763,20.903540903540904,16.996336996336996,0.0,160.0,11.135531135531137,27.936507936507937,25.982905982905983,0.0,-68.18070818070818,-74.82295482295483,115.84859584859583,19.73137973137973,27.936507936507937
-102.17338217338218,144.37118437118437,72.47863247863248,46.69108669108669,0.0,-49.03540903540904,122.88156288156289,52.94261294261294,35.36019536019536,0.0,103.73626373626374,47.472527472527474,0.0,131.08669108669108,53.724053724053725,20.903540903540904,14.261294261294262,0.0,158.04639804639805,8.4004884004884,32.234432234432234,21.294261294261293,0.0,-72.08791208791209,-38.48595848595848,77.55799755799755,16.996336996336996,32.234432234432234
-99.43833943833944,142.41758241758242,76.38583638583638,41.61172161172161,0.0,-44.737484737484735,120.14652014652016,50.20757020757021,36.14163614163614,0.0,104.51770451770452,45.90964590964591,0.0,130.3052503052503,49.42612942612943,23.247863247863247,16.605616605616607,0.0,157.65567765567766,6.446886446886447,35.36019536019536,20.512820512820515,0.0,-75.995115995116,4.102564102564102,35.36019536019536,15.824175824175825,35.36019536019536
-95.92185592185592,138.1196581196581,74.04151404151405,42.78388278388278,0.0,-41.61172161172161,115.45787545787546,42.78388278388278,42.78388278388278,0.0,104.9084249084249,44.346764346764346,0.0,127.96092796092796,43.56532356532357,19.73137973137973,26.37362637362637,0.0,157.26495726495727,1.7582417582417582,33.01587301587302,25.592185592185597,0.0,-73.65079365079364,-33.7973137973138,73.26007326007326,14.652014652014651,33.01587301587302
-88.88888888888889,137.72893772893772,75.21367521367522,33.01587301587302,0.0,-33.01587301587302,109.98778998778998,39.65811965811966,40.04884004884005,0.0,104.12698412698413,42.39316239316239,0.0,127.17948717948718,40.04884004884005,18.55921855921856,26.764346764346765,0.0,156.87423687423689,2.5396825396825395,30.28083028083028,22.857142857142858,0.0,-74.82295482295483,-60.366300366300365,102.56410256410255,13.089133089133089,30.28083028083028
-79.9023199023199,136.55677655677655,76.77655677655677,23.63858363858364,0.0,-23.63858363858364,104.9084249084249,40.43956043956044,34.969474969474966,0.0,99.43833943833944,40.43956043956044,0.0,130.3052503052503,34.969474969474966,16.996336996336996,23.247863247863247,0.0,155.3113553113553,2.148962148962149,25.982905982905983,21.294261294261293,0.0,-76.38583638583638,-22.857142857142858,69.35286935286935,8.791208791208792,25.982905982905983
-74.82295482295483,132.64957264957266,74.82295482295483,21.294261294261293,0.0,-18.55921855921856,99.04761904761904,37.31379731379732,36.92307692307692,0.0,94.35897435897436,32.62515262515262,0.0,128.74236874236874,24.42002442002442,9.18192918192918,27.545787545787547,0.0,150.62271062271063,-3.3211233211233213,17.77777777777778,25.592185592185597,0.0,-74.43223443223444,1.7582417582417582,49.42612942612943,2.5396825396825395,17.77777777777778
-67.78998778998779,127.96092796092796,74.04151404151405,15.824175824175825,0.0,-13.089133089133089,95.14041514041514,39.26739926739927,28.32722832722833,0.0,90.84249084249085,27.545787545787547,0.0,128.74236874236874,15.042735042735044,2.148962148962149,25.592185592185597,0.0,147.1062271062271,-8.4004884004884,11.135531135531137,22.857142857142858,0.0,-73.65079365079364,2.5396825396825395,53.724053724053725,-2.148962148962149,11.135531135531137
-58.8034188034188,125.6166056166056,69.74358974358974,11.916971916971915,0.0,-6.837606837606837,92.014652014652,43.56532356532357,20.512820512820515,0.0,88.88888888888889,26.764346764346765,0.0,127.96092796092796,11.135531135531137,0.1953601953601953,18.55921855921856,0.0,146.7155067155067,-11.135531135531137,9.572649572649572,13.089133089133089,0.0,-69.35286935286935,13.089133089133089,47.081807081807085,-6.056166056166056,9.572649572649572
-52.55189255189255,116.63003663003664,61.14774114774115,17.77777777777778,0.0,-9.18192918192918,88.88888888888889,43.17460317460318,20.903540903540904,0.0,86.93528693528694,24.81074481074481,0.0,118.1929181929182,9.18192918192918,-2.93040293040293,23.63858363858364,0.0,144.76190476190476,-15.824175824175825,8.791208791208792,11.135531135531137,0.0,-60.757020757020754,-1.7582417582417582,65.05494505494505,-7.619047619047619,8.791208791208792
-50.20757020757021,109.98778998778998,53.724053724053725,21.294261294261293,0.0,-16.605616605616607,87.71672771672772,43.56532356532357,21.294261294261293,0.0,84.59096459096459,25.2014652014652,0.0,106.47130647130648,11.526251526251526,-6.446886446886447,25.592185592185597,0.0,139.68253968253967,-17.77777777777778,7.619047619047619,7.228327228327228,0.0,-53.333333333333336,-13.089133089133089,75.995115995116,-8.4004884004884,7.619047619047619
-45.12820512820513,106.86202686202688,49.42612942612943,13.870573870573873,0.0,-20.12210012210012,89.27960927960928,46.3003663003663,10.354090354090356,0.0,85.76312576312576,28.32722832722833,0.0,100.6105006105006,21.68498168498169,-6.056166056166056,15.433455433455434,0.0,137.33821733821733,-8.791208791208792,8.4004884004884,-4.493284493284493,0.0,-49.03540903540904,18.168498168498168,47.472527472527474,-6.837606837606837,8.4004884004884
-39.65811965811966,99.04761904761904,47.081807081807085,13.47985347985348,0.0,-27.155067155067155,92.7960927960928,45.51892551892552,9.18192918192918,0.0,88.4981684981685,27.936507936507937,0.0,92.7960927960928,28.32722832722833,-3.3211233211233213,13.870573870573873,0.0,133.04029304029305,-0.9768009768009768,9.572649572649572,-9.18192918192918,0.0,-46.69108669108669,37.31379731379732,31.062271062271066,-4.493284493284493,9.572649572649572
-36.92307692307692,90.06105006105007,43.17460317460318,22.466422466422465,0.0,-38.48595848595848,96.31257631257633,43.56532356532357,19.34065934065934,0.0,89.67032967032966,24.42002442002442,0.0,83.80952380952381,31.062271062271066,-4.102564102564102,23.63858363858364,0.0,126.007326007326,5.274725274725275,6.056166056166056,-2.93040293040293,0.0,-42.78388278388278,0.1953601953601953,67.00854700854701,-0.5860805860805861,6.056166056166056
-28.32722832722833,84.2002442002442,39.26739926739927,28.71794871794872,0.0,-43.56532356532357,101.001221001221,44.737484737484735,22.466422466422465,0.0,91.23321123321124,23.247863247863247,0.0,79.9023199023199,31.843711843711844,-1.3675213675213675,24.81074481074481,0.0,119.75579975579976,12.698412698412698,6.056166056166056,-2.5396825396825395,0.0,-38.87667887667888,-10.354090354090356,72.86935286935287,1.3675213675213675,6.056166056166056
-16.605616605616607,80.29304029304029,33.7973137973138,33.40659340659341,0.0,-46.69108669108669,107.25274725274726,45.51892551892552,25.592185592185597,0.0,92.4053724053724,19.34065934065934,0.0,74.04151404151405,33.40659340659341,2.148962148962149,26.37362637362637,0.0,113.11355311355312,20.512820512820515,4.493284493284493,-1.3675213675213675,0.0,-33.40659340659341,45.51892551892552,8.791208791208792,5.665445665445666,4.493284493284493
-6.837606837606837,73.26007326007326,24.81074481074481,40.43956043956044,0.0,-48.64468864468864,108.03418803418803,43.17460317460318,30.28083028083028,0.0,93.57753357753356,13.47985347985348,0.0,67.00854700854701,27.545787545787547,0.1953601953601953,35.36019536019536,0.0,105.2991452991453,18.94993894993895,0.5860805860805861,6.056166056166056,0.0,-24.42002442002442,25.592185592185597,15.042735042735044,8.791208791208792,0.5860805860805861
4.102564102564102,66.61782661782662,17.77777777777778,36.92307692307692,0.0,-45.51892551892552,106.08058608058607,41.22100122100122,24.81074481074481,0.0,93.18681318681318,10.354090354090356,0.0,61.14774114774115,23.63858363858364,-3.3211233211233213,33.7973137973138,0.0,97.09401709401708,16.996336996336996,-6.056166056166056,7.228327228327228,0.0,-17.387057387057386,-34.18803418803419,68.18070818070818,6.837606837606837,-6.056166056166056
20.512820512820515,61.14774114774115,12.698412698412698,20.903540903540904,0.0,-37.704517704517706,106.08058608058607,40.04884004884005,8.4004884004884,0.0,94.35897435897436,12.307692307692308,0.0,59.1941391941392,24.02930402930403,-2.148962148962149,21.68498168498169,0.0,95.14041514041514,18.94993894993895,-8.791208791208792,-0.9768009768009768,0.0,-12.307692307692308,-17.77777777777778,45.90964590964591,6.056166056166056,-8.791208791208792
33.7973137973138,50.20757020757021,11.916971916971915,11.526251526251526,0.0,-37.704517704517706,105.2991452991453,38.87667887667888,2.93040293040293,0.0,93.57753357753356,14.261294261294262,0.0,51.77045177045177,24.02930402930403,0.1953601953601953,20.512820512820515,0.0,90.06105006105007,17.387057387057386,-10.354090354090356,0.1953601953601953,0.0,-11.526251526251526,0.5860805860805861,22.466422466422465,4.102564102564102,-10.354090354090356
44.737484737484735,39.26739926739927,9.963369963369964,7.619047619047619,0.0,-44.346764346764346,105.68986568986568,34.969474969474966,6.837606837606837,0.0,92.014652014652,19.34065934065934,0.0,42.39316239316239,24.81074481074481,-1.3675213675213675,25.592185592185597,0.0,81.85592185592185,15.433455433455434,-13.870573870573873,8.4004884004884,0.0,-9.572649572649572,-40.04884004884005,59.58485958485959,0.5860805860805861,-13.870573870573873
56.45909645909646,33.40659340659341,9.18192918192918,2.5396825396825395,0.0,-51.37973137973138,111.15995115995116,34.18803418803419,8.4004884004884,0.0,89.67032967032966,27.545787545787547,0.0,36.92307692307692,26.37362637362637,0.5860805860805861,24.81074481074481,0.0,74.04151404151405,17.387057387057386,-11.916971916971915,10.354090354090356,0.0,-8.791208791208792,-61.92918192918193,70.52503052503053,-0.1953601953601953,-11.916971916971915
66.22710622710623,26.37362637362637,4.102564102564102,2.148962148962149,0.0,-57.24053724053724,110.76923076923076,33.40659340659341,13.870573870573873,0.0,84.98168498168498,32.62515262515262,0.0,31.45299145299145,24.42002442002442,2.93040293040293,29.10866910866911,0.0,67.3992673992674,16.996336996336996,-10.354090354090356,15.042735042735044,0.0,-3.711843711843712,-48.64468864468864,47.86324786324786,-1.3675213675213675,-10.354090354090356
70.52503052503053,20.12210012210012,-2.93040293040293,6.446886446886447,0.0,-65.83638583638583,107.64346764346764,29.89010989010989,22.075702075702075,0.0,79.12087912087912,33.40659340659341,0.0,24.81074481074481,15.824175824175825,0.1953601953601953,41.22100122100122,0.0,59.1941391941392,10.744810744810744,-14.261294261294262,27.155067155067155,0.0,3.3211233211233213,-52.16117216117216,41.22100122100122,-6.056166056166056,-14.261294261294262
75.995115995116,16.605616605616607,-13.089133089133089,5.665445665445666,0.0,-70.52503052503053,105.2991452991453,29.10866910866911,20.903540903540904,0.0,70.52503052503053,36.53235653235653,0.0,19.34065934065934,9.963369963369964,0.1953601953601953,39.65811965811966,0.0,51.77045177045177,6.446886446886447,-13.089133089133089,24.81074481074481,0.0,13.47985347985348,-50.989010989010985,26.764346764346765,-7.228327228327228,-13.089133089133089
82.24664224664225,10.354090354090356,-18.55921855921856,0.1953601953601953,0.0,-72.86935286935287,104.12698412698413,28.71794871794872,14.261294261294262,0.0,61.14774114774115,41.22100122100122,0.0,15.433455433455434,4.493284493284493,4.102564102564102,34.969474969474966,0.0,47.081807081807085,4.102564102564102,-13.089133089133089,22.466422466422465,0.0,18.94993894993895,-34.57875457875458,1.7582417582417582,-6.446886446886447,-13.089133089133089
86.15384615384616,2.5396825396825395,-23.63858363858364,4.102564102564102,0.0,-77.94871794871794,100.6105006105006,23.63858363858364,22.466422466422465,0.0,49.81684981684982,44.346764346764346,0.0,9.572649572649572,-3.3211233211233213,2.148962148962149,43.17460317460318,0.0,39.26739926739927,-0.5860805860805861,-14.652014652014651,29.89010989010989,0.0,24.02930402930403,-63.10134310134311,20.512820512820515,-7.228327228327228,-14.652014652014651
93.18681318681318,-6.446886446886447,-30.671550671550676,10.744810744810744,0.0,-79.9023199023199,98.65689865689866,14.652014652014651,33.01587301587302,0.0,39.65811965811966,48.25396825396825,0.0,6.446886446886447,-11.135531135531137,-0.5860805860805861,48.64468864468864,0.0,32.234432234432234,-4.884004884004884,-15.824175824175825,32.62515262515262,0.0,31.062271062271066,-95.14041514041514,41.22100122100122,-7.619047619047619,-15.824175824175825
103.73626373626374,-12.307692307692308,-27.545787545787547,4.102564102564102,0.0,-76.77655677655677,95.14041514041514,13.089133089133089,36.14163614163614,0.0,32.234432234432234,51.77045177045177,0.0,7.619047619047619,-11.916971916971915,0.1953601953601953,44.737484737484735,0.0,32.234432234432234,-2.5396825396825395,-15.433455433455434,28.71794871794872,0.0,27.936507936507937,-67.78998778998779,9.963369963369964,-8.4004884004884,-15.433455433455434
114.28571428571428,-18.55921855921856,-25.2014652014652,1.3675213675213675,0.0,-74.43223443223444,90.06105006105007,11.526251526251526,43.17460317460318,0.0,28.32722832722833,51.77045177045177,0.0,7.228327228327228,-12.307692307692308,2.93040293040293,45.51892551892552,0.0,35.36019536019536,-3.711843711843712,-16.214896214896214,29.499389499389498,0.0,25.592185592185597,-68.96214896214896,8.791208791208792,-9.572649572649572,-16.214896214896214
123.66300366300366,-27.155067155067155,-25.982905982905983,3.711843711843712,0.0,-72.47863247863248,83.41880341880342,6.837606837606837,54.89621489621489,0.0,28.71794871794872,48.64468864468864,0.0,0.5860805860805861,-15.433455433455434,3.711843711843712,51.77045177045177,0.0,33.7973137973138,-8.00976800976801,-18.94993894993895,34.18803418803419,0.0,26.37362637362637,-118.1929181929182,53.333333333333336,-10.354090354090356,-18.94993894993895
132.25885225885227,-29.89010989010989,-23.63858363858364,-0.9768009768009768,0.0,-67.00854700854701,79.51159951159951,7.228327228327228,56.45909645909646,0.0,33.01587301587302,44.737484737484735,0.0,-4.884004884004884,-13.47985347985348,9.18192918192918,49.03540903540904,0.0,32.234432234432234,-4.884004884004884,-20.512820512820515,33.7973137973138,0.0,24.02930402930403,-85.76312576312576,15.433455433455434,-6.056166056166056,-20.512820512820515
141.24542124542126,-29.499389499389498,-21.294261294261293,-8.4004884004884,0.0,-56.06837606837607,77.94871794871794,6.056166056166056,51.37973137973138,0.0,36.14163614163614,43.56532356532357,0.0,-0.9768009768009768,-14.261294261294262,13.870573870573873,43.95604395604396,0.0,34.18803418803419,-2.148962148962149,-18.55921855921856,29.499389499389498,0.0,21.68498168498169,-47.081807081807085,-27.545787545787547,-2.93040293040293,-18.55921855921856
149.84126984126985,-33.01587301587302,-27.155067155067155,-2.5396825396825395,0.0,-44.346764346764346,72.47863247863248,0.5860805860805861,56.84981684981685,0.0,38.48595848595848,39.65811965811966,0.0,-0.1953601953601953,-17.77777777777778,11.526251526251526,47.86324786324786,0.0,31.843711843711844,-2.93040293040293,-18.94993894993895,32.62515262515262,0.0,27.545787545787547,-84.2002442002442,0.9768009768009768,-1.7582417582417582,-18.94993894993895
156.4835164835165,-34.969474969474966,-29.89010989010989,-0.9768009768009768,0.0,-32.62515262515262,70.91575091575092,-0.1953601953601953,51.77045177045177,0.0,44.737484737484735,36.14163614163614,0.0,5.274725274725275,-14.261294261294262,8.4004884004884,41.61172161172161,0.0,32.234432234432234,-1.3675213675213675,-16.605616605616607,28.32722832722833,0.0,30.28083028083028,-121.7094017094017,32.234432234432234,0.9768009768009768,-16.605616605616607
167.42368742368745,-36.14163614163614,-29.10866910866911,-11.135531135531137,0.0,-13.089133089133089,67.78998778998779,-0.5860805860805861,35.36019536019536,0.0,48.25396825396825,37.704517704517706,0.0,13.089133089133089,-4.493284493284493,7.228327228327228,25.592185592185597,0.0,40.43956043956044,-0.9768009768009768,-13.870573870573873,17.77777777777778,0.0,29.499389499389498,-93.96825396825396,7.228327228327228,-0.9768009768009768,-13.870573870573873
174.06593406593407,-41.61172161172161,-32.62515262515262,-9.18192918192918,0.0,2.93040293040293,60.757020757020754,-2.5396825396825395,27.545787545787547,0.0,52.94261294261294,35.75091575091575,0.0,13.870573870573873,4.493284493284493,5.274725274725275,14.652014652014651,0.0,43.95604395604396,-1.3675213675213675,-16.214896214896214,13.870573870573873,0.0,33.01587301587302,-70.91575091575092,-8.791208791208792,-2.5396825396825395,-16.214896214896214
175.62881562881563,-45.51892551892552,-34.57875457875458,-8.4004884004884,0.0,16.605616605616607,54.114774114774114,-6.446886446886447,20.512820512820515,0.0,58.8034188034188,35.75091575091575,0.0,9.572649572649572,15.433455433455434,2.93040293040293,6.837606837606837,0.0,44.346764346764346,0.5860805860805861,-22.075702075702075,13.870573870573873,0.0,34.969474969474966,-66.61782661782662,-8.4004884004884,-0.9768009768009768,-22.075702075702075
181.8803418803419,-45.12820512820513,-34.969474969474966,-16.214896214896214,0.0,33.7973137973138,47.86324786324786,-9.572649572649572,10.744810744810744,0.0,63.49206349206349,39.65811965811966,0.0,10.354090354090356,25.2014652014652,5.665445665445666,-6.446886446886447,0.0,47.472527472527474,4.102564102564102,-25.982905982905983,9.963369963369964,0.0,35.36019536019536,-56.06837606837607,-19.73137973137973,-0.9768009768009768,-25.982905982905983
188.91330891330887,-42.78388278388278,-37.704517704517706,-18.168498168498168,0.0,48.25396825396825,40.83028083028083,-10.744810744810744,9.572649572649572,0.0,66.22710622710623,42.39316239316239,0.0,6.837606837606837,33.7973137973138,8.791208791208792,-11.526251526251526,0.0,47.472527472527474,8.00976800976801,-28.71794871794872,12.307692307692308,0.0,38.095238095238095,-51.37973137973138,-28.32722832722833,-3.3211233211233213,-28.71794871794872
193.6019536019536,-40.83028083028083,-41.61172161172161,-16.214896214896214,0.0,55.67765567765568,32.62515262515262,-9.18192918192918,13.089133089133089,0.0,69.74358974358974,47.472527472527474,0.0,2.148962148962149,40.43956043956044,11.135531135531137,-11.526251526251526,0.0,43.95604395604396,6.056166056166056,-27.155067155067155,19.73137973137973,0.0,42.002442002442,-63.88278388278388,-27.936507936507937,-7.228327228327228,-27.155067155067155
201.4163614163614,-36.14163614163614,-40.83028083028083,-27.545787545787547,0.0,63.88278388278388,31.45299145299145,-6.837606837606837,6.446886446886447,0.0,70.13431013431014,54.89621489621489,0.0,1.7582417582417582,49.42612942612943,15.042735042735044,-19.73137973137973,0.0,44.346764346764346,4.102564102564102,-18.55921855921856,16.605616605616607,0.0,41.22100122100122,-62.71062271062271,-42.39316239316239,-10.744810744810744,-18.55921855921856
207.27716727716728,-33.01587301587302,-39.65811965811966,-39.26739926739927,0.0,71.6971916971917,28.71794871794872,-1.7582417582417582,-4.884004884004884,0.0,66.22710622710623,61.92918192918193,0.0,2.148962148962149,59.1941391941392,17.77777777777778,-29.10866910866911,0.0,45.51892551892552,3.3211233211233213,-7.228327228327228,8.791208791208792,0.0,40.04884004884005,-58.8034188034188,-48.25396825396825,-15.042735042735044,-7.228327228327228
206.4957264957265,-39.65811965811966,-38.87667887667888,-36.92307692307692,0.0,73.26007326007326,21.68498168498169,0.1953601953601953,-6.056166056166056,0.0,61.14774114774115,65.44566544566544,0.0,-0.9768009768009768,62.31990231990232,15.824175824175825,-23.63858363858364,0.0,41.22100122100122,1.3675213675213675,0.9768009768009768,8.4004884004884,0.0,39.26739926739927,-90.06105006105007,-12.307692307692308,-16.605616605616607,0.9768009768009768
204.54212454212453,-50.20757020757021,-33.7973137973138,-34.57875457875458,0.0,75.21367521367522,16.605616605616607,0.1953601953601953,-8.4004884004884,0.0,57.63125763125763,66.61782661782662,0.0,-2.93040293040293,64.66422466422466,14.261294261294262,-18.168498168498168,0.0,39.65811965811966,4.493284493284493,7.228327228327228,5.274725274725275,0.0,34.18803418803419,-93.18681318681318,6.446886446886447,-15.042735042735044,7.228327228327228
201.4163614163614,-59.58485958485959,-24.02930402930403,-36.53235653235653,0.0,77.55799755799755,12.307692307692308,4.884004884004884,-16.214896214896214,0.0,58.02197802197802,65.83638583638583,0.0,-2.5396825396825395,68.18070818070818,16.605616605616607,-18.55921855921856,0.0,40.04884004884005,11.526251526251526,12.698412698412698,-1.7582417582417582,0.0,24.42002442002442,-28.71794871794872,-33.01587301587302,-16.214896214896214,12.698412698412698
193.6019536019536,-66.61782661782662,-11.526251526251526,-27.545787545787547,0.0,75.6043956043956,8.791208791208792,8.4004884004884,-8.4004884004884,0.0,60.366300366300365,62.31990231990232,0.0,-6.446886446886447,71.30647130647131,18.94993894993895,-11.526251526251526,0.0,41.22100122100122,16.214896214896214,13.870573870573873,0.5860805860805861,0.0,11.916971916971915,-43.56532356532357,0.5860805860805861,-14.652014652014651,13.870573870573873
183.44322344322345,-66.22710622710623,0.9768009768009768,-20.12210012210012,0.0,73.65079365079364,9.963369963369964,7.228327228327228,4.493284493284493,0.0,64.66422466422466,58.41269841269841,0.0,-9.963369963369964,77.55799755799755,20.12210012210012,-4.102564102564102,0.0,43.56532356532357,18.55921855921856,13.089133089133089,6.446886446886447,0.0,-0.5860805860805861,-117.4114774114774,84.2002442002442,-12.307692307692308,13.089133089133089
175.23809523809524,-56.06837606837607,14.652014652014651,-28.32722832722833,0.0,77.55799755799755,12.698412698412698,9.963369963369964,2.5396825396825395,0.0,67.00854700854701,58.41269841269841,0.0,-7.228327228327228,84.98168498168498,21.68498168498169,-12.698412698412698,0.0,47.472527472527474,24.42002442002442,12.698412698412698,0.5860805860805861,0.0,-14.261294261294262,-103.34554334554336,75.21367521367522,-11.135531135531137,12.698412698412698
165.47008547008548,-46.3003663003663,27.545787545787547,-32.62515262515262,0.0,78.33943833943835,13.089133089133089,15.042735042735044,4.884004884004884,0.0,67.00854700854701,56.84981684981685,0.0,-6.446886446886447,91.62393162393164,24.42002442002442,-20.512820512820515,0.0,47.472527472527474,29.10866910866911,15.824175824175825,-4.493284493284493,0.0,-27.155067155067155,-83.80952380952381,57.24053724053724,-9.18192918192918,15.824175824175825
153.35775335775335,-42.39316239316239,32.234432234432234,-27.155067155067155,0.0,77.55799755799755,8.00976800976801,15.042735042735044,11.916971916971915,0.0,64.27350427350427,54.114774114774114,0.0,-7.619047619047619,92.4053724053724,18.168498168498168,-20.12210012210012,0.0,42.39316239316239,29.499389499389498,14.261294261294262,-4.102564102564102,0.0,-31.843711843711844,-124.05372405372404,99.43833943833944,-6.446886446886447,14.261294261294262
137.72893772893772,-43.95604395604396,40.04884004884005,-25.2014652014652,0.0,72.08791208791209,5.274725274725275,22.075702075702075,5.665445665445666,0.0,62.71062271062271,49.81684981684982,0.0,-7.228327228327228,95.53113553113552,15.042735042735044,-27.936507936507937,0.0,36.53235653235653,30.671550671550676,18.55921855921856,-11.526251526251526,0.0,-39.65811965811966,-124.05372405372404,110.37851037851038,-3.3211233211233213,18.55921855921856
122.88156288156289,-47.472527472527474,48.25396825396825,-16.996336996336996,0.0,67.3992673992674,6.056166056166056,29.499389499389498,0.1953601953601953,0.0,64.66422466422466,42.78388278388278,0.0,-7.228327228327228,102.17338217338218,11.135531135531137,-35.36019536019536,0.0,33.40659340659341,30.671550671550676,24.02930402930403,-17.387057387057386,0.0,-47.86324786324786,-59.1941391941392,61.53846153846154,-2.148962148962149,24.02930402930403
104.51770451770452,-50.5982905982906,51.37973137973138,-1.3675213675213675,0.0,62.71062271062271,3.711843711843712,31.062271062271066,3.3211233211233213,0.0,66.61782661782662,33.7973137973138,0.0,-9.572649572649572,104.51770451770452,2.5396825396825395,-31.062271062271066,0.0,28.71794871794872,25.2014652014652,26.764346764346765,-15.433455433455434,0.0,-50.989010989010985,-24.81074481074481,36.92307692307692,-0.9768009768009768,26.764346764346765
88.88888888888889,-50.989010989010985,52.16117216117216,6.056166056166056,0.0,61.53846153846154,4.493284493284493,28.71794871794872,0.1953601953601953,0.0,67.78998778998779,25.982905982905983,0.0,-4.884004884004884,104.51770451770452,-3.3211233211233213,-33.40659340659341,0.0,27.155067155067155,19.34065934065934,30.671550671550676,-16.996336996336996,0.0,-51.77045177045177,-20.903540903540904,42.39316239316239,-4.102564102564102,30.671550671550676
77.55799755799755,-43.95604395604396,50.5982905982906,2.93040293040293,0.0,65.44566544566544,3.3211233211233213,26.37362637362637,-9.18192918192918,0.0,68.57142857142857,19.34065934065934,0.0,8.00976800976801,98.65689865689866,-8.791208791208792,-42.78388278388278,0.0,29.10866910866911,16.214896214896214,29.499389499389498,-22.075702075702075,0.0,-50.20757020757021,-2.148962148962149,28.32722832722833,-6.446886446886447,29.499389499389498
66.22710622710623,-38.87667887667888,43.95604395604396,3.3211233211233213,0.0,69.35286935286935,-6.056166056166056,20.12210012210012,-8.791208791208792,0.0,62.71062271062271,11.135531135531137,0.0,16.605616605616607,83.80952380952381,-12.307692307692308,-42.39316239316239,0.0,26.764346764346765,8.791208791208792,28.71794871794872,-20.12210012210012,0.0,-43.56532356532357,-20.512820512820515,45.51892551892552,-9.963369963369964,28.71794871794872
52.16117216117216,-33.7973137973138,33.01587301587302,2.5396825396825395,0.0,67.78998778998779,-13.870573870573873,11.916971916971915,-11.916971916971915,0.0,52.55189255189255,0.1953601953601953,0.0,25.982905982905983,64.66422466422466,-19.34065934065934,-42.78388278388278,0.0,22.075702075702075,0.1953601953601953,20.512820512820515,-15.042735042735044,0.0,-32.62515262515262,-37.31379731379732,63.88278388278388,-15.433455433455434,20.512820512820515
41.61172161172161,-25.592185592185597,27.155067155067155,-8.4004884004884,0.0,66.61782661782662,-14.261294261294262,10.354090354090356,-29.10866910866911,0.0,44.737484737484735,-4.884004884004884,0.0,36.53235653235653,53.333333333333336,-21.68498168498169,-57.24053724053724,0.0,23.63858363858364,-6.837606837606837,14.261294261294262,-20.12210012210012,0.0,-26.764346764346765,-0.9768009768009768,27.545787545787547,-17.77777777777778,14.261294261294262
32.62515262515262,-17.387057387057386,23.63858363858364,-14.652014652014651,0.0,63.88278388278388,-10.354090354090356,9.572649572649572,-40.04884004884005,0.0,40.43956043956044,-9.18192918192918,0.0,39.65811965811966,46.69108669108669,-23.247863247863247,-65.05494505494505,0.0,22.857142857142858,-15.824175824175825,14.261294261294262,-22.857142857142858,0.0,-23.247863247863247,16.605616605616607,6.056166056166056,-20.512820512820515,14.261294261294262
21.294261294261293,-9.18192918192918,19.34065934065934,-15.433455433455434,0.0,56.06837606837607,-3.711843711843712,4.884004884004884,-42.002442002442,0.0,35.75091575091575,-13.089133089133089,0.0,40.04884004884005,39.26739926739927,-26.37362637362637,-65.05494505494505,0.0,22.466422466422465,-26.37362637362637,14.261294261294262,-22.857142857142858,0.0,-18.94993894993895,-31.843711843711844,47.472527472527474,-20.903540903540904,14.261294261294262
13.870573870573873,3.3211233211233213,18.94993894993895,-21.68498168498169,0.0,49.03540903540904,7.228327228327228,0.9768009768009768,-43.56532356532357,0.0,34.18803418803419,-9.572649572649572,0.0,43.17460317460318,38.87667887667888,-26.764346764346765,-68.57142857142857,0.0,26.37362637362637,-29.499389499389498,19.34065934065934,-30.28083028083028,0.0,-18.55921855921856,-29.89010989010989,39.65811965811966,-20.12210012210012,19.34065934065934
8.791208791208792,16.996336996336996,17.387057387057386,-29.89010989010989,0.0,43.56532356532357,15.433455433455434,-1.7582417582417582,-44.346764346764346,0.0,32.234432234432234,-4.493284493284493,0.0,44.346764346764346,40.83028083028083,-22.857142857142858,-75.21367521367522,0.0,29.499389499389498,-28.71794871794872,27.545787545787547,-40.83028083028083,0.0,-16.996336996336996,24.42002442002442,-22.466422466422465,-17.387057387057386,27.545787545787547
0.1953601953601953,24.42002442002442,12.307692307692308,-27.936507936507937,0.0,33.7973137973138,15.824175824175825,-4.884004884004884,-36.53235653235653,0.0,22.466422466422465,-0.9768009768009768,0.0,40.43956043956044,41.61172161172161,-19.73137973137973,-77.16727716727716,0.0,29.10866910866911,-27.155067155067155,26.764346764346765,-43.56532356532357,0.0,-11.916971916971915,9.963369963369964,-11.526251526251526,-14.652014652014651,26.764346764346765
-8.00976800976801,30.28083028083028,1.3675213675213675,-25.2014652014652,0.0,25.2014652014652,15.433455433455434,-6.837606837606837,-35.75091575091575,0.0,13.870573870573873,4.493284493284493,0.0,38.48595848595848,43.17460317460318,-23.247863247863247,-78.73015873015873,0.0,27.936507936507937,-25.592185592185597,18.168498168498168,-40.43956043956044,0.0,-0.9768009768009768,-29.10866910866911,23.63858363858364,-14.261294261294262,18.168498168498168
-9.963369963369964,34.969474969474966,-6.056166056166056,-27.936507936507937,0.0,23.63858363858364,15.433455433455434,-3.711843711843712,-45.90964590964591,0.0,6.837606837606837,16.214896214896214,0.0,39.65811965811966,46.3003663003663,-20.512820512820515,-92.7960927960928,0.0,28.71794871794872,-24.81074481074481,14.652014652014651,-45.90964590964591,0.0,6.446886446886447,-6.837606837606837,-0.9768009768009768,-13.870573870573873,14.652014652014651
-13.47985347985348,38.095238095238095,-9.572649572649572,-27.936507936507937,0.0,21.294261294261293,13.089133089133089,1.3675213675213675,-52.16117216117216,0.0,-0.1953601953601953,25.2014652014652,0.0,38.48595848595848,46.3003663003663,-16.996336996336996,-97.48473748473748,0.0,29.89010989010989,-25.2014652014652,13.870573870573873,-48.64468864468864,0.0,9.963369963369964,11.916971916971915,-22.466422466422465,-13.089133089133089,13.870573870573873
-17.387057387057386,42.39316239316239,-11.916971916971915,-27.155067155067155,0.0,18.94993894993895,9.963369963369964,2.93040293040293,-49.03540903540904,0.0,-7.619047619047619,32.234432234432234,0.0,35.75091575091575,40.83028083028083,-16.214896214896214,-91.62393162393164,0.0,27.936507936507937,-23.63858363858364,10.354090354090356,-46.69108669108669,0.0,12.307692307692308,-43.17460317460318,26.764346764346765,-9.963369963369964,10.354090354090356
-18.94993894993895,49.42612942612943,-9.18192918192918,-35.75091575091575,0.0,19.73137973137973,9.572649572649572,4.493284493284493,-51.37973137973138,0.0,-14.261294261294262,37.704517704517706,0.0,33.7973137973138,38.87667887667888,-12.698412698412698,-95.14041514041514,0.0,29.10866910866911,-18.55921855921856,9.572649572649572,-55.28693528693529,0.0,9.572649572649572,-70.52503052503053,50.989010989010985,-4.884004884004884,9.572649572649572
-21.294261294261293,54.89621489621489,-5.274725274725275,-44.737484737484735,0.0,20.12210012210012,6.837606837606837,3.711843711843712,-50.20757020757021,0.0,-22.466422466422465,36.92307692307692,0.0,28.71794871794872,34.57875457875458,-6.056166056166056,-95.92185592185592,0.0,29.10866910866911,-12.698412698412698,4.884004884004884,-60.757020757020754,0.0,5.665445665445666,-63.88278388278388,45.51892551892552,-1.3675213675213675,4.884004884004884
-26.37362637362637,57.63125763125763,-7.228327228327228,-45.51892551892552,0.0,17.387057387057386,2.148962148962149,-1.3675213675213675,-42.39316239316239,0.0,-29.89010989010989,30.671550671550676,0.0,20.512820512820515,26.764346764346765,-4.493284493284493,-89.27960927960928,0.0,26.37362637362637,-9.963369963369964,-8.4004884004884,-53.724053724053725,0.0,7.619047619047619,-65.44566544566544,47.081807081807085,0.5860805860805861,-8.4004884004884
-31.843711843711844,61.92918192918193,-9.572649572649572,-49.03540903540904,0.0,16.605616605616607,0.9768009768009768,-4.884004884004884,-43.56532356532357,0.0,-33.01587301587302,26.764346764346765,0.0,18.168498168498168,18.55921855921856,-3.711843711843712,-91.23321123321124,0.0,24.81074481074481,-9.18192918192918,-22.466422466422465,-49.81684981684982,0.0,9.963369963369964,-74.82295482295483,57.24053724053724,0.5860805860805861,-22.466422466422465
-38.87667887667888,68.96214896214896,-9.572649572649572,-55.28693528693529,0.0,14.652014652014651,3.3211233211233213,-2.93040293040293,-52.55189255189255,0.0,-34.18803418803419,24.02930402930403,0.0,20.12210012210012,9.572649572649572,0.1953601953601953,-97.48473748473748,0.0,25.592185592185597,-7.619047619047619,-30.28083028083028,-53.333333333333336,0.0,9.963369963369964,-73.65079365079364,56.45909645909646,1.7582417582417582,-30.28083028083028
-47.472527472527474,77.16727716727716,-11.526251526251526,-54.89621489621489,0.0,10.354090354090356,3.711843711843712,-3.711843711843712,-49.81684981684982,0.0,-34.969474969474966,23.247863247863247,0.0,21.68498168498169,-0.1953601953601953,1.7582417582417582,-93.57753357753356,0.0,26.764346764346765,-6.056166056166056,-36.53235653235653,-52.94261294261294,0.0,11.916971916971915,-92.7960927960928,72.86935286935287,4.493284493284493,-36.53235653235653
-59.975579975579976,84.59096459096459,-10.744810744810744,-56.06837606837607,0.0,2.93040293040293,4.102564102564102,-2.148962148962149,-49.81684981684982,0.0,-36.14163614163614,21.294261294261293,0.0,24.42002442002442,-9.18192918192918,0.5860805860805861,-90.84249084249085,0.0,27.155067155067155,-3.3211233211233213,-40.83028083028083,-57.24053724053724,0.0,11.135531135531137,-99.82905982905984,80.29304029304029,9.18192918192918,-40.83028083028083
-68.57142857142857,95.53113553113552,-7.619047619047619,-67.78998778998779,0.0,0.9768009768009768,5.665445665445666,0.1953601953601953,-58.8034188034188,0.0,-34.969474969474966,16.996336996336996,0.0,31.45299145299145,-15.042735042735044,-2.148962148962149,-96.31257631257633,0.0,31.843711843711844,0.9768009768009768,-43.56532356532357,-71.6971916971917,0.0,8.00976800976801,-67.78998778998779,52.94261294261294,13.870573870573873,-43.56532356532357
-76.38583638583638,99.82905982905984,-3.711843711843712,-75.21367521367522,0.0,-5.665445665445666,5.274725274725275,3.3211233211233213,-61.14774114774115,0.0,-34.969474969474966,11.135531135531137,0.0,31.062271062271066,-18.55921855921856,-2.5396825396825395,-95.53113553113552,0.0,33.40659340659341,4.493284493284493,-45.12820512820513,-79.51159951159951,0.0,4.102564102564102,-46.69108669108669,36.53235653235653,18.55921855921856,-45.12820512820513
-84.59096459096459,97.09401709401708,-7.619047619047619,-70.91575091575092,0.0,-14.652014652014651,3.711843711843712,0.1953601953601953,-57.24053724053724,0.0,-33.7973137973138,0.5860805860805861,0.0,27.155067155067155,-27.936507936507937,-10.354090354090356,-83.02808302808303,0.0,30.28083028083028,0.1953601953601953,-52.55189255189255,-72.47863247863248,0.0,8.00976800976801,-94.35897435897436,88.1074481074481,16.214896214896214,-52.55189255189255
-90.06105006105007,98.26617826617829,-9.572649572649572,-73.65079365079364,0.0,-19.34065934065934,8.00976800976801,0.1953601953601953,-64.27350427350427,0.0,-29.89010989010989,-4.884004884004884,0.0,24.02930402930403,-32.62515262515262,-13.089133089133089,-84.59096459096459,0.0,28.32722832722833,-5.665445665445666,-59.58485958485959,-69.74358974358974,0.0,9.963369963369964,-84.98168498168498,78.33943833943835,13.089133089133089,-59.58485958485959
-90.84249084249085,97.09401709401708,-12.698412698412698,-75.21367521367522,0.0,-24.02930402930403,13.47985347985348,0.9768009768009768,-73.65079365079364,0.0,-25.592185592185597,-8.791208791208792,0.0,20.12210012210012,-35.75091575091575,-8.4004884004884,-87.32600732600733,0.0,27.155067155067155,-11.135531135531137,-62.31990231990232,-65.05494505494505,0.0,13.089133089133089,-22.466422466422465,13.870573870573873,8.00976800976801,-62.31990231990232
-90.84249084249085,94.74969474969475,-16.214896214896214,-67.00854700854701,0.0,-24.02930402930403,18.94993894993895,-2.93040293040293,-72.86935286935287,0.0,-21.294261294261293,-12.698412698412698,0.0,16.214896214896214,-39.26739926739927,-6.446886446886447,-79.51159951159951,0.0,25.982905982905983,-20.12210012210012,-63.88278388278388,-50.5982905982906,0.0,16.605616605616607,-31.062271062271066,19.73137973137973,2.5396825396825395,-63.88278388278388
-90.06105006105007,96.7032967032967,-16.996336996336996,-64.27350427350427,0.0,-20.12210012210012,25.982905982905983,-6.056166056166056,-75.995115995116,0.0,-14.261294261294262,-14.261294261294262,0.0,15.824175824175825,-39.65811965811966,-4.884004884004884,-77.94871794871794,0.0,27.155067155067155,-26.764346764346765,-64.66422466422466,-42.39316239316239,0.0,17.387057387057386,-78.33943833943835,61.14774114774115,1.7582417582417582,-64.66422466422466
-81.46520146520146,100.6105006105006,-15.042735042735044,-70.52503052503053,0.0,-8.00976800976801,32.62515262515262,-6.837606837606837,-86.15384615384616,0.0,-6.837606837606837,-14.652014652014651,0.0,16.214896214896214,-35.75091575091575,0.9768009768009768,-81.07448107448107,0.0,29.499389499389498,-25.982905982905983,-58.02197802197802,-44.737484737484735,0.0,15.433455433455434,-47.472527472527474,28.32722832722833,0.1953601953601953,-58.02197802197802
-74.82295482295483,102.56410256410255,-15.433455433455434,-70.91575091575092,0.0,-1.7582417582417582,36.53235653235653,-9.963369963369964,-85.37240537240537,0.0,-1.3675213675213675,-17.77777777777778,0.0,13.870573870573873,-33.7973137973138,3.711843711843712,-73.65079365079364,0.0,30.28083028083028,-24.42002442002442,-50.5982905982906,-43.95604395604396,0.0,15.824175824175825,-15.042735042735044,-4.493284493284493,-1.7582417582417582,-50.5982905982906
-71.30647130647131,104.51770451770452,-20.903540903540904,-72.47863247863248,0.0,-2.93040293040293,39.65811965811966,-16.605616605616607,-80.29304029304029,0.0,1.7582417582417582,-18.94993894993895,0.0,8.4004884004884,-33.40659340659341,0.1953601953601953,-65.83638583638583,0.0,25.592185592185597,-22.075702075702075,-49.42612942612943,-43.95604395604396,0.0,21.294261294261293,-30.671550671550676,5.274725274725275,-4.493284493284493,-49.42612942612943
-66.22710622710623,106.86202686202688,-24.02930402930403,-83.41880341880342,0.0,-5.665445665445666,42.39316239316239,-20.512820512820515,-83.80952380952381,0.0,4.884004884004884,-17.387057387057386,0.0,4.884004884004884,-32.62515262515262,-0.5860805860805861,-67.3992673992674,0.0,21.68498168498169,-17.387057387057386,-50.5982905982906,-48.64468864468864,0.0,24.42002442002442,-20.512820512820515,-7.619047619047619,-7.228327228327228,-50.5982905982906
-62.71062271062271,105.68986568986568,-25.2014652014652,-89.27960927960928,0.0,-11.526251526251526,41.22100122100122,-20.12210012210012,-81.85592185592185,0.0,5.665445665445666,-16.996336996336996,0.0,2.5396825396825395,-35.36019536019536,-1.7582417582417582,-65.44566544566544,0.0,18.94993894993895,-15.433455433455434,-55.67765567765568,-47.081807081807085,0.0,25.592185592185597,10.354090354090356,-39.65811965811966,-11.135531135531137,-55.67765567765568
-63.88278388278388,103.73626373626374,-23.247863247863247,-86.54456654456655,0.0,-20.512820512820515,43.17460317460318,-19.73137973137973,-73.26007326007326,0.0,6.446886446886447,-15.433455433455434,0.0,0.9768009768009768,-36.53235653235653,-7.619047619047619,-56.84981684981685,0.0,15.042735042735044,-14.261294261294262,-63.49206349206349,-36.53235653235653,0.0,23.63858363858364,-5.665445665445666,-25.982905982905983,-11.916971916971915,-63.49206349206349
-63.88278388278388,101.78266178266178,-13.47985347985348,-85.76312576312576,0.0,-26.37362637362637,50.989010989010985,-12.698412698412698,-74.43223443223444,0.0,11.916971916971915,-10.354090354090356,0.0,1.3675213675213675,-30.671550671550676,-7.619047619047619,-57.24053724053724,0.0,13.870573870573873,-11.526251526251526,-65.83638583638583,-31.062271062271066,0.0,13.870573870573873,-26.764346764346765,-7.619047619047619,-7.228327228327228,-65.83638583638583
-59.975579975579976,101.001221001221,-3.3211233211233213,-80.68376068376068,0.0,-29.499389499389498,60.757020757020754,-1.7582417582417582,-74.04151404151405,0.0,18.55921855921856,-5.274725274725275,0.0,2.5396825396825395,-18.55921855921856,-4.884004884004884,-56.45909645909646,0.0,15.824175824175825,-3.711843711843712,-58.02197802197802,-31.45299145299145,0.0,3.711843711843712,-26.764346764346765,-8.4004884004884,-2.5396825396825395,-58.02197802197802
-55.67765567765568,96.7032967032967,2.93040293040293,-65.83638583638583,0.0,-35.36019536019536,67.78998778998779,2.5396825396825395,-58.8034188034188,0.0,23.63858363858364,-2.93040293040293,0.0,-0.5860805860805861,-7.228327228327228,-6.837606837606837,-40.83028083028083,0.0,15.824175824175825,0.5860805860805861,-49.42612942612943,-24.42002442002442,0.0,-2.5396825396825395,-63.49206349206349,27.155067155067155,0.5860805860805861,-49.42612942612943
-51.37973137973138,91.62393162393164,8.791208791208792,-56.84981684981685,0.0,-39.65811965811966,72.08791208791209,6.056166056166056,-47.472527472527474,0.0,31.062271062271066,-2.93040293040293,0.0,-4.884004884004884,-0.1953601953601953,-7.228327228327228,-25.982905982905983,0.0,16.214896214896214,1.7582417582417582,-39.65811965811966,-18.94993894993895,0.0,-8.4004884004884,-62.71062271062271,29.10866910866911,0.1953601953601953,-39.65811965811966
-43.17460317460318,90.06105006105007,15.824175824175825,-58.02197802197802,0.0,-38.095238095238095,73.65079365079364,12.698412698412698,-43.95604395604396,0.0,36.14163614163614,-2.148962148962149,0.0,-4.493284493284493,6.056166056166056,-5.274725274725275,-23.63858363858364,0.0,20.512820512820515,4.102564102564102,-27.936507936507937,-24.81074481074481,0.0,-15.433455433455434,6.837606837606837,-31.062271062271066,-4.102564102564102,-27.936507936507937
-38.095238095238095,84.98168498168498,20.12210012210012,-54.5054945054945,0.0,-40.04884004884005,70.91575091575092,15.433455433455434,-34.57875457875458,0.0,38.095238095238095,-3.3211233211233213,0.0,-8.00976800976801,9.572649572649572,-3.3211233211233213,-16.214896214896214,0.0,22.857142857142858,3.3211233211233213,-21.68498168498169,-24.02930402930403,0.0,-19.73137973137973,31.062271062271066,-41.22100122100122,-9.572649572649572,-21.68498168498169
-36.53235653235653,76.38583638583638,19.34065934065934,-45.90964590964591,0.0,-43.56532356532357,65.05494505494505,13.870573870573873,-22.857142857142858,0.0,40.43956043956044,-5.274725274725275,0.0,-13.870573870573873,9.963369963369964,-6.446886446886447,-4.884004884004884,0.0,23.247863247863247,0.5860805860805861,-22.466422466422465,-16.605616605616607,0.0,-18.94993894993895,-20.512820512820515,22.075702075702075,-13.47985347985348,-22.466422466422465
-33.01587301587302,69.74358974358974,18.94993894993895,-40.83028083028083,0.0,-43.17460317460318,60.366300366300365,14.652014652014651,-17.387057387057386,0.0,43.17460317460318,-7.228327228327228,0.0,-19.73137973137973,15.042735042735044,-4.493284493284493,-2.148962148962149,0.0,23.247863247863247,1.3675213675213675,-20.512820512820515,-15.042735042735044,0.0,-18.55921855921856,-27.545787545787547,37.31379731379732,-15.433455433455434,-20.512820512820515
-27.936507936507937,65.44566544566544,19.34065934065934,-36.92307692307692,0.0,-44.737484737484735,58.8034188034188,15.824175824175825,-9.963369963369964,0.0,45.90964590964591,-8.00976800976801,0.0,-22.857142857142858,21.68498168498169,-0.9768009768009768,-0.9768009768009768,0.0,27.936507936507937,2.93040293040293,-20.512820512820515,-13.47985347985348,0.0,-18.94993894993895,-12.307692307692308,29.10866910866911,-18.168498168498168,-20.512820512820515
-24.81074481074481,56.45909645909646,18.55921855921856,-21.68498168498169,0.0,-47.86324786324786,50.989010989010985,13.089133089133089,11.135531135531137,0.0,49.42612942612943,-7.228327228327228,0.0,-31.062271062271066,25.592185592185597,0.9768009768009768,12.698412698412698,0.0,27.545787545787547,0.5860805860805861,-20.512820512820515,0.9768009768009768,0.0,-18.168498168498168,-65.05494505494505,82.24664224664225,-18.94993894993895,-20.512820512820515
-20.12210012210012,52.55189255189255,21.294261294261293,-15.824175824175825,0.0,-47.472527472527474,45.51892551892552,15.042735042735044,23.247863247863247,0.0,50.20757020757021,-4.884004884004884,0.0,-30.671550671550676,30.28083028083028,6.056166056166056,15.433455433455434,0.0,30.28083028083028,1.7582417582417582,-15.433455433455434,4.102564102564102,0.0,-20.903540903540904,-104.51770451770452,124.44444444444444,-18.94993894993895,-15.433455433455434
-11.916971916971915,47.86324786324786,25.982905982905983,-15.433455433455434,0.0,-40.43956043956044,36.92307692307692,18.55921855921856,30.28083028083028,0.0,49.81684981684982,0.1953601953601953,0.0,-24.81074481074481,35.36019536019536,12.698412698412698,13.089133089133089,0.0,35.75091575091575,7.619047619047619,-8.4004884004884,1.7582417582417582,0.0,-25.592185592185597,-81.85592185592185,107.64346764346764,-16.996336996336996,-8.4004884004884
-8.00976800976801,37.704517704517706,30.28083028083028,-6.056166056166056,0.0,-35.75091575091575,22.466422466422465,20.512820512820515,45.12820512820513,0.0,44.737484737484735,3.3211233211233213,0.0,-21.68498168498169,38.87667887667888,16.605616605616607,19.73137973137973,0.0,35.36019536019536,15.824175824175825,-2.5396825396825395,4.493284493284493,0.0,-29.89010989010989,-54.89621489621489,87.32600732600733,-12.307692307692308,-2.5396825396825395
-4.884004884004884,29.10866910866911,29.10866910866911,2.93040293040293,0.0,-30.28083028083028,11.135531135531137,16.996336996336996,56.06837606837607,0.0,38.87667887667888,2.5396825396825395,0.0,-18.168498168498168,38.87667887667888,15.433455433455434,27.936507936507937,0.0,31.45299145299145,20.12210012210012,4.493284493284493,7.228327228327228,0.0,-28.71794871794872,-71.30647130647131,103.34554334554336,-7.228327228327228,4.493284493284493
0.9768009768009768,22.466422466422465,29.499389499389498,4.884004884004884,0.0,-22.857142857142858,4.884004884004884,16.605616605616607,58.41269841269841,0.0,33.7973137973138,0.9768009768009768,0.0,-13.870573870573873,43.17460317460318,15.433455433455434,28.32722832722833,0.0,29.89010989010989,24.81074481074481,10.744810744810744,6.446886446886447,0.0,-29.10866910866911,-76.38583638583638,106.47130647130648,-3.711843711843712,10.744810744810744
5.274725274725275,15.042735042735044,25.2014652014652,17.387057387057386,0.0,-22.075702075702075,-0.9768009768009768,13.47985347985348,72.47863247863248,0.0,27.545787545787547,0.1953601953601953,0.0,-17.77777777777778,44.737484737484735,16.214896214896214,35.75091575091575,0.0,25.592185592185597,22.075702075702075,17.387057387057386,12.698412698412698,0.0,-24.81074481074481,-50.5982905982906,74.43223443223444,-3.711843711843712,17.387057387057386
9.963369963369964,9.572649572649572,19.34065934065934,29.499389499389498,0.0,-21.68498168498169,-6.837606837606837,10.354090354090356,88.1074481074481,0.0,20.512820512820515,-0.9768009768009768,0.0,-22.466422466422465,45.90964590964591,14.261294261294262,43.95604395604396,0.0,19.34065934065934,17.77777777777778,21.68498168498169,22.075702075702075,0.0,-18.94993894993895,-61.53846153846154,76.77655677655677,-6.837606837606837,21.68498168498169
18.94993894993895,6.446886446886447,15.433455433455434,35.36019536019536,0.0,-15.433455433455434,-12.698412698412698,13.870573870573873,92.014652014652,0.0,15.433455433455434,2.5396825396825395,0.0,-21.294261294261293,47.86324786324786,16.996336996336996,42.78388278388278,0.0,17.387057387057386,17.77777777777778,24.42002442002442,25.982905982905983,0.0,-15.042735042735044,-41.61172161172161,53.333333333333336,-9.963369963369964,24.42002442002442
26.37362637362637,4.102564102564102,12.698412698412698,40.43956043956044,0.0,-9.572649572649572,-19.34065934065934,16.996336996336996,96.7032967032967,0.0,8.791208791208792,9.572649572649572,0.0,-22.857142857142858,49.81684981684982,22.857142857142858,40.43956043956044,0.0,14.652014652014651,21.68498168498169,25.2014652014652,27.155067155067155,0.0,-12.307692307692308,-8.00976800976801,18.168498168498168,-11.526251526251526,25.2014652014652
31.45299145299145,-3.3211233211233213,4.884004884004884,55.67765567765568,0.0,-8.4004884004884,-29.89010989010989,18.55921855921856,108.42490842490842,0.0,-1.7582417582417582,15.824175824175825,0.0,-27.936507936507937,45.12820512820513,25.982905982905983,47.472527472527474,0.0,7.228327228327228,22.857142857142858,24.42002442002442,35.36019536019536,0.0,-4.493284493284493,-39.26739926739927,47.86324786324786,-13.47985347985348,24.42002442002442
34.969474969474966,-9.572649572649572,-5.274725274725275,66.61782661782662,0.0,-5.665445665445666,-38.48595848595848,18.55921855921856,111.94139194139194,0.0,-14.261294261294262,23.247863247863247,0.0,-31.45299145299145,37.704517704517706,33.7973137973138,52.55189255189255,0.0,1.7582417582417582,21.294261294261293,26.764346764346765,41.61172161172161,0.0,5.665445665445666,-52.16117216117216,55.28693528693529,-13.47985347985348,26.764346764346765
42.002442002442,-15.433455433455434,-13.089133089133089,65.44566544566544,0.0,-2.5396825396825395,-46.69108669108669,20.12210012210012,106.86202686202688,0.0,-28.71794871794872,26.764346764346765,0.0,-37.31379731379732,30.671550671550676,46.3003663003663,49.03540903540904,0.0,-1.3675213675213675,18.94993894993895,34.57875457875458,36.53235653235653,0.0,13.47985347985348,-10.744810744810744,7.619047619047619,-15.042735042735044,34.57875457875458
47.86324786324786,-24.02930402930403,-22.466422466422465,69.35286935286935,0.0,-4.493284493284493,-56.84981684981685,23.63858363858364,107.64346764346764,0.0,-43.95604395604396,25.592185592185597,0.0,-49.42612942612943,21.68498168498169,57.24053724053724,54.89621489621489,0.0,-9.572649572649572,13.870573870573873,42.39316239316239,37.31379731379732,0.0,22.857142857142858,-53.724053724053725,40.83028083028083,-17.77777777777778,42.39316239316239
52.94261294261294,-31.45299145299145,-29.89010989010989,74.43223443223444,0.0,-3.711843711843712,-67.78998778998779,24.42002442002442,112.72283272283272,0.0,-58.8034188034188,21.294261294261293,0.0,-57.24053724053724,8.4004884004884,62.71062271062271,67.3992673992674,0.0,-19.34065934065934,7.619047619047619,45.90964590964591,45.90964590964591,0.0,30.28083028083028,-149.45054945054946,125.6166056166056,-22.857142857142858,45.90964590964591
61.92918192918193,-36.53235653235653,-29.89010989010989,68.18070818070818,0.0,2.148962148962149,-76.77655677655677,31.062271062271066,105.68986568986568,0.0,-68.57142857142857,16.605616605616607,0.0,-57.63125763125763,-0.1953601953601953,68.18070818070818,66.22710622710623,0.0,-27.545787545787547,6.837606837606837,46.69108669108669,49.42612942612943,0.0,30.28083028083028,-131.86813186813183,100.21978021978022,-27.545787545787547,46.69108669108669
68.57142857142857,-44.737484737484735,-33.01587301587302,69.74358974358974,0.0,6.056166056166056,-85.37240537240537,33.7973137973138,104.51770451770452,0.0,-79.12087912087912,11.916971916971915,0.0,-59.58485958485959,-9.572649572649572,69.35286935286935,68.96214896214896,0.0,-37.704517704517706,4.884004884004884,43.56532356532357,56.84981684981685,0.0,33.40659340659341,-97.48473748473748,60.757020757020754,-32.62515262515262,43.56532356532357
70.13431013431014,-55.67765567765568,-41.61172161172161,81.07448107448107,0.0,6.837606837606837,-90.45177045177046,27.936507936507937,108.42490842490842,0.0,-88.4981684981685,8.791208791208792,0.0,-58.41269841269841,-21.294261294261293,66.22710622710623,78.33943833943835,0.0,-46.3003663003663,0.5860805860805861,38.095238095238095,70.91575091575092,0.0,42.002442002442,-129.9145299145299,86.93528693528694,-33.7973137973138,38.095238095238095
76.38583638583638,-63.49206349206349,-45.51892551892552,74.82295482295483,0.0,11.916971916971915,-88.4981684981685,22.075702075702075,94.35897435897436,0.0,-92.014652014652,7.228327228327228,0.0,-55.28693528693529,-28.32722832722833,71.30647130647131,71.30647130647131,0.0,-49.03540903540904,-0.5860805860805861,38.48595848595848,68.96214896214896,0.0,45.90964590964591,-149.84126984126985,101.78266178266178,-30.671550671550676,38.48595848595848
80.29304029304029,-67.3992673992674,-50.20757020757021,65.44566544566544,0.0,15.433455433455434,-86.54456654456655,20.903540903540904,76.77655677655677,0.0,-93.57753357753356,4.493284493284493,0.0,-56.45909645909646,-29.89010989010989,77.16727716727716,61.53846153846154,0.0,-47.86324786324786,0.1953601953601953,44.346764346764346,54.89621489621489,0.0,50.5982905982906,-123.27228327228327,74.82295482295483,-27.936507936507937,44.346764346764346
80.68376068376068,-69.35286935286935,-55.67765567765568,61.14774114774115,0.0,18.168498168498168,-86.15384615384616,18.94993894993895,64.27350427350427,0.0,-95.53113553113552,2.148962148962149,0.0,-57.24053724053724,-31.843711843711844,76.77655677655677,58.8034188034188,0.0,-46.69108669108669,1.3675213675213675,44.737484737484735,46.3003663003663,0.0,56.06837606837607,-109.2063492063492,60.757020757020754,-22.857142857142858,44.737484737484735
81.85592185592185,-70.91575091575092,-58.41269841269841,53.333333333333336,0.0,23.247863247863247,-88.88888888888889,21.294261294261293,47.472527472527474,0.0,-96.31257631257633,-2.93040293040293,0.0,-54.114774114774114,-37.31379731379732,71.6971916971917,53.333333333333336,0.0,-46.3003663003663,1.3675213675213675,38.095238095238095,38.87667887667888,0.0,58.8034188034188,-111.15995115995116,64.27350427350427,-20.512820512820515,38.095238095238095
81.46520146520146,-72.08791208791209,-60.757020757020754,45.12820512820513,0.0,31.062271062271066,-93.96825396825396,26.764346764346765,27.545787545787547,0.0,-99.04761904761904,-9.963369963369964,0.0,-49.42612942612943,-41.61172161172161,61.53846153846154,45.51892551892552,0.0,-45.12820512820513,-0.1953601953601953,26.37362637362637,34.969474969474966,0.0,61.14774114774115,-88.88888888888889,49.03540903540904,-23.63858363858364,26.37362637362637
78.33943833943835,-76.77655677655677,-65.44566544566544,47.86324786324786,0.0,35.36019536019536,-100.6105006105006,26.37362637362637,20.12210012210012,0.0,-105.2991452991453,-18.55921855921856,0.0,-47.081807081807085,-50.20757020757021,49.81684981684982,44.737484737484735,0.0,-47.86324786324786,-5.274725274725275,10.354090354090356,39.65811965811966,0.0,65.83638583638583,-100.21978021978022,65.83638583638583,-26.764346764346765,10.354090354090356
76.77655677655677,-84.98168498168498,-69.74358974358974,51.77045177045177,0.0,40.04884004884005,-106.47130647130648,20.903540903540904,16.214896214896214,0.0,-113.5042735042735,-27.155067155067155,0.0,-45.90964590964591,-61.92918192918193,41.61172161172161,47.081807081807085,0.0,-52.55189255189255,-11.916971916971915,-3.3211233211233213,48.64468864468864,0.0,70.13431013431014,-119.75579975579976,88.4981684981685,-29.499389499389498,-3.3211233211233213
78.73015873015873,-86.93528693528694,-70.91575091575092,44.346764346764346,0.0,49.42612942612943,-109.98778998778998,19.34065934065934,4.884004884004884,0.0,-117.8021978021978,-30.28083028083028,0.0,-46.3003663003663,-68.18070818070818,42.39316239316239,40.04884004884005,0.0,-53.333333333333336,-15.433455433455434,-8.00976800976801,45.51892551892552,0.0,71.30647130647131,-90.06105006105007,60.366300366300365,-30.671550671550676,-8.00976800976801
79.51159951159951,-83.41880341880342,-77.55799755799755,38.87667887667888,0.0,55.28693528693529,-113.11355311355312,16.605616605616607,-1.7582417582417582,0.0,-120.92796092796092,-28.71794871794872,0.0,-48.64468864468864,-73.26007326007326,45.12820512820513,38.095238095238095,0.0,-50.5982905982906,-17.77777777777778,-6.446886446886447,37.31379731379732,0.0,77.94871794871794,-79.12087912087912,46.69108669108669,-28.71794871794872,-6.446886446886447
78.33943833943835,-79.51159951159951,-84.98168498168498,37.704517704517706,0.0,56.06837606837607,-118.1929181929182,15.824175824175825,-4.102564102564102,0.0,-125.22588522588522,-28.71794871794872,0.0,-55.28693528693529,-78.73015873015873,46.3003663003663,42.002442002442,0.0,-49.81684981684982,-22.075702075702075,-8.00976800976801,34.969474969474966,0.0,85.37240537240537,-128.35164835164835,91.23321123321124,-27.936507936507937,-8.00976800976801
74.82295482295483,-75.21367521367522,-90.84249084249085,31.062271062271066,0.0,59.975579975579976,-125.22588522588522,15.433455433455434,-11.135531135531137,0.0,-124.83516483516485,-29.89010989010989,0.0,-61.14774114774115,-83.41880341880342,44.737484737484735,42.002442002442,0.0,-50.20757020757021,-25.982905982905983,-9.963369963369964,29.499389499389498,0.0,91.23321123321124,-119.36507936507935,83.80952380952381,-31.843711843711844,-9.963369963369964
71.30647130647131,-67.3992673992674,-92.7960927960928,18.168498168498168,0.0,64.66422466422466,-133.82173382173383,22.075702075702075,-25.592185592185597,0.0,-124.83516483516485,-31.062271062271066,0.0,-63.10134310134311,-85.76312576312576,46.69108669108669,30.28083028083028,0.0,-49.42612942612943,-28.71794871794872,-10.744810744810744,18.168498168498168,0.0,93.18681318681318,-63.10134310134311,29.499389499389498,-36.53235653235653,-10.744810744810744
60.366300366300365,-62.71062271062271,-90.84249084249085,14.652014652014651,0.0,61.53846153846154,-140.46398046398048,25.2014652014652,-25.982905982905983,0.0,-130.3052503052503,-37.31379731379732,0.0,-65.05494505494505,-89.27960927960928,45.51892551892552,20.512820512820515,0.0,-53.333333333333336,-31.45299145299145,-14.261294261294262,12.307692307692308,0.0,91.23321123321124,-67.00854700854701,40.04884004884005,-44.346764346764346,-14.261294261294262
56.06837606837607,-65.05494505494505,-93.18681318681318,20.903540903540904,0.0,63.88278388278388,-150.62271062271063,20.903540903540904,-16.605616605616607,0.0,-127.96092796092796,-37.31379731379732,0.0,-66.22710622710623,-99.04761904761904,39.65811965811966,23.63858363858364,0.0,-59.58485958485959,-41.22100122100122,-21.68498168498169,21.68498168498169,0.0,93.57753357753356,-74.43223443223444,49.03540903540904,-50.20757020757021,-21.68498168498169
54.89621489621489,-57.63125763125763,-90.45177045177046,12.698412698412698,0.0,63.88278388278388,-150.62271062271063,26.37362637362637,-20.903540903540904,0.0,-124.83516483516485,-31.062271062271066,0.0,-63.88278388278388,-96.7032967032967,38.48595848595848,9.963369963369964,0.0,-58.8034188034188,-41.61172161172161,-25.982905982905983,15.433455433455434,0.0,90.84249084249085,-41.22100122100122,18.168498168498168,-54.114774114774114,-25.982905982905983
52.16117216117216,-51.77045177045177,-88.88888888888889,8.791208791208792,0.0,56.45909645909646,-144.76190476190476,27.545787545787547,-19.34065934065934,0.0,-122.1001221001221,-22.075702075702075,0.0,-65.83638583638583,-94.35897435897436,35.75091575091575,6.056166056166056,0.0,-57.24053724053724,-43.56532356532357,-31.843711843711844,15.824175824175825,0.0,89.27960927960928,-15.433455433455434,-4.102564102564102,-58.02197802197802,-31.843711843711844
49.42612942612943,-50.5982905982906,-88.4981684981685,6.056166056166056,0.0,48.64468864468864,-140.46398046398048,23.247863247863247,-15.042735042735044,0.0,-119.75579975579976,-13.47985347985348,0.0,-69.35286935286935,-97.09401709401708,29.499389499389498,8.00976800976801,0.0,-58.02197802197802,-48.25396825396825,-41.22100122100122,20.512820512820515,0.0,88.88888888888889,-52.55189255189255,36.53235653235653,-60.757020757020754,-41.22100122100122
41.22100122100122,-44.346764346764346,-83.80952380952381,-9.18192918192918,0.0,36.14163614163614,-136.16605616605617,22.075702075702075,-19.73137973137973,0.0,-122.4908424908425,-8.00976800976801,0.0,-69.74358974358974,-97.09401709401708,25.592185592185597,-3.711843711843712,0.0,-57.63125763125763,-45.51892551892552,-50.20757020757021,9.18192918192918,0.0,84.2002442002442,-72.47863247863248,63.49206349206349,-59.58485958485959,-50.20757020757021
31.062271062271066,-42.39316239316239,-77.16727716727716,-22.857142857142858,0.0,22.466422466422465,-134.993894993895,18.94993894993895,-19.73137973137973,0.0,-127.96092796092796,-4.884004884004884,0.0,-67.78998778998779,-100.21978021978022,23.63858363858364,-17.387057387057386,0.0,-58.02197802197802,-42.78388278388278,-52.55189255189255,-6.446886446886447,0.0,77.55799755799755,-49.42612942612943,52.55189255189255,-59.975579975579976,-52.55189255189255
17.387057387057386,-43.56532356532357,-76.38583638583638,-22.857142857142858,0.0,8.00976800976801,-139.68253968253967,9.572649572649572,-6.056166056166056,0.0,-134.21245421245422,-7.228327228327228,0.0,-67.3992673992674,-106.47130647130648,16.214896214896214,-21.68498168498169,0.0,-61.14774114774115,-43.17460317460318,-60.757020757020754,-12.698412698412698,0.0,76.77655677655677,-37.31379731379732,53.333333333333336,-58.41269841269841,-60.757020757020754
3.3211233211233213,-44.737484737484735,-77.94871794871794,-24.81074481074481,0.0,-8.791208791208792,-140.85470085470087,0.9768009768009768,2.5396825396825395,0.0,-134.6031746031746,-10.744810744810744,0.0,-68.57142857142857,-106.86202686202688,6.056166056166056,-31.45299145299145,0.0,-65.44566544566544,-43.56532356532357,-68.18070818070818,-22.466422466422465,0.0,78.33943833943835,-49.03540903540904,75.995115995116,-56.45909645909646,-68.18070818070818
-6.056166056166056,-44.346764346764346,-74.82295482295483,-30.671550671550676,0.0,-25.592185592185597,-133.43101343101344,-4.102564102564102,4.493284493284493,0.0,-129.52380952380952,-15.042735042735044,0.0,-69.35286935286935,-99.82905982905984,-2.148962148962149,-42.78388278388278,0.0,-65.44566544566544,-42.39316239316239,-72.08791208791209,-33.40659340659341,0.0,75.21367521367522,-58.02197802197802,99.04761904761904,-56.45909645909646,-72.08791208791209
-18.168498168498168,-44.346764346764346,-74.43223443223444,-31.45299145299145,0.0,-43.17460317460318,-125.22588522588522,-13.47985347985348,12.307692307692308,0.0,-123.66300366300366,-21.68498168498169,0.0,-72.47863247863248,-93.57753357753356,-16.214896214896214,-43.56532356532357,0.0,-67.78998778998779,-42.78388278388278,-81.46520146520146,-32.234432234432234,0.0,74.82295482295483,-87.32600732600733,136.16605616605617,-55.67765567765568,-81.46520146520146
-31.45299145299145,-37.31379731379732,-74.43223443223444,-34.969474969474966,0.0,-60.757020757020754,-114.28571428571428,-22.466422466422465,16.996336996336996,0.0,-116.63003663003664,-24.42002442002442,0.0,-73.26007326007326,-85.37240537240537,-29.89010989010989,-45.51892551892552,0.0,-70.52503052503053,-42.39316239316239,-88.88888888888889,-32.234432234432234,0.0,74.82295482295483,-111.94139194139194,164.6886446886447,-54.89621489621489,-88.88888888888889
-40.43956043956044,-28.32722832722833,-68.18070818070818,-50.989010989010985,0.0,-71.6971916971917,-101.78266178266178,-25.592185592185597,9.18192918192918,0.0,-109.2063492063492,-22.857142857142858,0.0,-65.44566544566544,-76.77655677655677,-36.14163614163614,-58.02197802197802,0.0,-67.78998778998779,-35.36019536019536,-88.1074481074481,-44.346764346764346,0.0,68.57142857142857,-65.05494505494505,123.66300366300366,-50.20757020757021,-88.1074481074481
-50.5982905982906,-23.247863247863247,-60.366300366300365,-60.366300366300365,0.0,-84.2002442002442,-94.35897435897436,-27.545787545787547,9.963369963369964,0.0,-104.12698412698413,-20.903540903540904,0.0,-64.27350427350427,-65.83638583638583,-38.87667887667888,-64.27350427350427,0.0,-66.22710622710623,-24.81074481074481,-86.15384615384616,-55.67765567765568,0.0,60.757020757020754,-31.45299145299145,95.92185592185592,-40.43956043956044,-86.15384615384616
-63.88278388278388,-23.63858363858364,-53.724053724053725,-56.06837606837607,0.0,-98.65689865689866,-89.67032967032966,-33.40659340659341,22.466422466422465,0.0,-99.82905982905984,-17.387057387057386,0.0,-65.05494505494505,-59.58485958485959,-45.12820512820513,-56.06837606837607,0.0,-63.10134310134311,-20.512820512820515,-85.76312576312576,-55.28693528693529,0.0,54.114774114774114,-81.07448107448107,156.4835164835165,-31.062271062271066,-85.76312576312576
-75.21367521367522,-22.075702075702075,-41.22100122100122,-56.84981684981685,0.0,-109.98778998778998,-82.63736263736264,-33.01587301587302,27.936507936507937,0.0,-93.18681318681318,-13.870573870573873,0.0,-63.88278388278388,-49.03540903540904,-48.25396825396825,-53.333333333333336,0.0,-56.45909645909646,-13.47985347985348,-85.37240537240537,-59.1941391941392,0.0,41.61172161172161,-83.41880341880342,172.50305250305252,-22.075702075702075,-85.37240537240537
-91.62393162393164,-18.55921855921856,-22.075702075702075,-58.41269841269841,0.0,-126.007326007326,-72.86935286935287,-27.545787545787547,34.57875457875458,0.0,-88.88888888888889,-14.261294261294262,0.0,-67.78998778998779,-37.31379731379732,-47.472527472527474,-52.94261294261294,0.0,-50.5982905982906,-6.056166056166056,-83.02808302808303,-65.05494505494505,0.0,22.466422466422465,-28.71794871794872,137.72893772893772,-17.77777777777778,-83.02808302808303
-105.68986568986568,-13.089133089133089,-12.698412698412698,-51.37973137973138,0.0,-136.55677655677655,-68.18070818070818,-31.843711843711844,52.16117216117216,0.0,-84.59096459096459,-11.526251526251526,0.0,-67.00854700854701,-35.75091575091575,-52.16117216117216,-40.04884004884005,0.0,-44.737484737484735,-8.791208791208792,-84.98168498168498,-56.06837606837607,0.0,13.089133089133089,-72.08791208791209,188.13186813186812,-15.824175824175825,-84.98168498168498
-119.36507936507935,0.1953601953601953,-2.148962148962149,-52.55189255189255,0.0,-142.8083028083028,-58.41269841269841,-33.01587301587302,58.8034188034188,0.0,-80.68376068376068,-8.00976800976801,0.0,-61.14774114774115,-30.671550671550676,-54.5054945054945,-39.26739926739927,0.0,-38.095238095238095,-6.446886446886447,-86.93528693528694,-54.5054945054945,0.0,2.5396825396825395,-111.15995115995116,230.72039072039072,-12.307692307692308,-86.93528693528694
-125.22588522588522,9.572649572649572,6.446886446886447,-63.10134310134311,0.0,-143.98046398046398,-49.81684981684982,-29.89010989010989,50.5982905982906,0.0,-74.04151404151405,-1.3675213675213675,0.0,-54.114774114774114,-25.2014652014652,-50.5982905982906,-49.42612942612943,0.0,-30.671550671550676,-0.5860805860805861,-84.59096459096459,-62.71062271062271,0.0,-6.056166056166056,-49.03540903540904,172.8937728937729,-9.963369963369964,-84.59096459096459
-127.96092796092796,16.605616605616607,5.665445665445666,-64.27350427350427,0.0,-142.02686202686203,-40.83028083028083,-33.40659340659341,45.51892551892552,0.0,-65.83638583638583,3.711843711843712,0.0,-44.737484737484735,-24.42002442002442,-52.16117216117216,-47.081807081807085,0.0,-20.512820512820515,-0.1953601953601953,-87.32600732600733,-60.366300366300365,0.0,-5.274725274725275,-11.916971916971915,135.77533577533578,-4.884004884004884,-87.32600732600733
-134.6031746031746,22.857142857142858,4.102564102564102,-61.92918192918193,0.0,-142.02686202686203,-32.234432234432234,-35.75091575091575,40.04884004884005,0.0,-58.41269841269841,9.572649572649572,0.0,-36.92307692307692,-24.02930402930403,-52.55189255189255,-43.17460317460318,0.0,-12.698412698412698,2.148962148962149,-88.4981684981685,-57.63125763125763,0.0,-3.711843711843712,-33.01587301587302,157.26495726495727,0.5860805860805861,-88.4981684981685
-136.94749694749694,30.671550671550676,4.493284493284493,-63.49206349206349,0.0,-140.0732600732601,-21.294261294261293,-32.234432234432234,28.71794871794872,0.0,-49.03540903540904,16.214896214896214,0.0,-24.81074481074481,-20.512820512820515,-50.20757020757021,-46.69108669108669,0.0,-4.884004884004884,9.572649572649572,-84.59096459096459,-63.10134310134311,0.0,-4.102564102564102,-51.37973137973138,176.01953601953602,6.837606837606837,-84.59096459096459
-139.68253968253967,41.61172161172161,5.665445665445666,-58.41269841269841,0.0,-140.46398046398048,-8.4004884004884,-32.234432234432234,30.28083028083028,0.0,-41.61172161172161,18.94993894993895,0.0,-13.870573870573873,-19.73137973137973,-49.03540903540904,-40.04884004884005,0.0,1.3675213675213675,16.214896214896214,-77.16727716727716,-64.27350427350427,0.0,-5.274725274725275,-54.114774114774114,174.84737484737485,12.698412698412698,-77.16727716727716
-142.02686202686203,54.114774114774114,8.4004884004884,-50.5982905982906,0.0,-138.5103785103785,1.7582417582417582,-31.45299145299145,37.31379731379732,0.0,-35.75091575091575,21.68498168498169,0.0,-2.5396825396825395,-19.34065934065934,-50.5982905982906,-28.32722832722833,0.0,6.446886446886447,20.903540903540904,-68.96214896214896,-61.14774114774115,0.0,-8.00976800976801,-74.04151404151405,188.13186813186812,16.996336996336996,-68.96214896214896
-138.5103785103785,63.88278388278388,19.34065934065934,-49.42612942612943,0.0,-130.3052503052503,15.824175824175825,-25.2014652014652,34.18803418803419,0.0,-23.63858363858364,22.075702075702075,0.0,8.791208791208792,-13.870573870573873,-48.64468864468864,-27.545787545787547,0.0,13.47985347985348,27.155067155067155,-60.757020757020754,-61.53846153846154,0.0,-18.94993894993895,-69.74358974358974,182.27106227106228,20.12210012210012,-60.757020757020754
-134.6031746031746,72.08791208791209,29.499389499389498,-49.42612942612943,0.0,-121.31868131868131,31.062271062271066,-21.294261294261293,28.32722832722833,0.0,-8.00976800976801,18.168498168498168,0.0,22.466422466422465,-8.00976800976801,-47.081807081807085,-26.764346764346765,0.0,25.982905982905983,30.28083028083028,-55.28693528693529,-61.92918192918193,0.0,-29.10866910866911,-39.26739926739927,150.62271062271063,25.592185592185597,-55.28693528693529
-132.64957264957266,74.04151404151405,32.62515262515262,-38.87667887667888,0.0,-113.5042735042735,43.17460317460318,-23.247863247863247,29.499389499389498,0.0,6.837606837606837,9.963369963369964,0.0,31.062271062271066,-4.493284493284493,-49.03540903540904,-16.996336996336996,0.0,38.48595848595848,30.671550671550676,-57.63125763125763,-51.77045177045177,0.0,-32.234432234432234,-73.26007326007326,188.5225885225885,26.37362637362637,-57.63125763125763
-131.08669108669108,73.65079365079364,33.7973137973138,-27.936507936507937,0.0,-107.25274725274726,52.55189255189255,-25.2014652014652,27.155067155067155,0.0,21.68498168498169,4.493284493284493,0.0,38.095238095238095,2.148962148962149,-49.42612942612943,-15.824175824175825,0.0,50.20757020757021,34.18803418803419,-62.31990231990232,-46.69108669108669,0.0,-33.40659340659341,-85.76312576312576,207.27716727716728,28.71794871794872,-62.31990231990232
-126.7887667887668,74.04151404151405,36.14163614163614,-25.982905982905983,0.0,-98.65689865689866,61.14774114774115,-24.81074481074481,20.12210012210012,0.0,34.18803418803419,0.1953601953601953,0.0,49.42612942612943,7.228327228327228,-49.03540903540904,-21.294261294261293,0.0,62.31990231990232,40.04884004884005,-62.31990231990232,-53.333333333333336,0.0,-35.75091575091575,-29.499389499389498,157.26495726495727,31.062271062271066,-62.31990231990232
-125.22588522588522,74.04151404151405,35.75091575091575,-18.94993894993895,0.0,-91.62393162393164,63.49206349206349,-27.936507936507937,21.68498168498169,0.0,37.704517704517706,-5.274725274725275,0.0,56.45909645909646,8.00976800976801,-50.5982905982906,-18.94993894993895,0.0,67.78998778998779,42.39316239316239,-60.757020757020754,-54.114774114774114,0.0,-35.36019536019536,-13.870573870573873,141.63614163614164,31.843711843711844,-60.757020757020754
-122.88156288156289,76.77655677655677,37.31379731379732,-13.089133089133089,0.0,-83.02808302808303,67.3992673992674,-26.764346764346765,19.73137973137973,0.0,43.56532356532357,-8.791208791208792,0.0,62.71062271062271,9.963369963369964,-52.55189255189255,-15.824175824175825,0.0,72.08791208791209,42.39316239316239,-58.41269841269841,-51.77045177045177,0.0,-36.92307692307692,-53.724053724053725,176.8009768009768,33.40659340659341,-58.41269841269841
-122.1001221001221,79.12087912087912,44.737484737484735,-8.791208791208792,0.0,-75.6043956043956,73.26007326007326,-21.68498168498169,17.387057387057386,0.0,53.333333333333336,-13.870573870573873,0.0,68.18070818070818,14.261294261294262,-50.5982905982906,-12.307692307692308,0.0,79.12087912087912,37.704517704517706,-50.20757020757021,-47.081807081807085,0.0,-44.346764346764346,-9.18192918192918,128.35164835164835,35.75091575091575,-50.20757020757021
-119.36507936507935,93.18681318681318,50.20757020757021,-11.135531135531137,0.0,-68.18070818070818,89.27960927960928,-18.94993894993895,10.744810744810744,0.0,66.22710622710623,-15.824175824175825,0.0,75.995115995116,22.466422466422465,-45.51892551892552,-13.089133089133089,0.0,88.4981684981685,38.48595848595848,-43.56532356532357,-43.95604395604396,0.0,-49.81684981684982,11.135531135531137,101.3919413919414,35.75091575091575,-43.56532356532357
-117.02075702075702,100.21978021978022,50.5982905982906,-0.5860805860805861,0.0,-65.44566544566544,99.82905982905984,-20.12210012210012,17.77777777777778,0.0,80.68376068376068,-19.73137973137973,0.0,77.55799755799755,27.155067155067155,-39.65811965811966,-6.446886446886447,0.0,95.14041514041514,32.62515262515262,-39.26739926739927,-29.89010989010989,0.0,-50.20757020757021,-65.05494505494505,171.7216117216117,33.7973137973138,-39.26739926739927
-114.67643467643468,106.47130647130648,51.37973137973138,0.9768009768009768,0.0,-61.53846153846154,105.2991452991453,-18.94993894993895,20.12210012210012,0.0,92.4053724053724,-20.12210012210012,0.0,81.85592185592185,30.671550671550676,-35.75091575091575,-5.274725274725275,0.0,98.65689865689866,31.843711843711844,-33.01587301587302,-25.2014652014652,0.0,-50.989010989010985,-110.76923076923076,214.7008547008547,33.7973137973138,-33.01587301587302
-107.64346764346764,113.11355311355312,52.94261294261294,-0.9768009768009768,0.0,-54.5054945054945,110.76923076923076,-15.824175824175825,17.77777777777778,0.0,97.87545787545788,-16.996336996336996,0.0,89.67032967032966,30.28083028083028,-28.32722832722833,-8.4004884004884,0.0,102.17338217338218,33.7973137973138,-22.857142857142858,-29.499389499389498,0.0,-52.55189255189255,-90.06105006105007,191.2576312576313,32.62515262515262,-22.857142857142858
-105.2991452991453,117.02075702075702,52.55189255189255,4.493284493284493,0.0,-47.86324786324786,107.64346764346764,-11.135531135531137,20.512820512820515,0.0,95.53113553113552,-16.214896214896214,0.0,90.84249084249085,29.89010989010989,-23.63858363858364,-4.493284493284493,0.0,100.21978021978022,35.36019536019536,-12.307692307692308,-30.671550671550676,0.0,-52.16117216117216,-63.49206349206349,158.82783882783883,31.45299145299145,-12.307692307692308
-105.68986568986568,117.8021978021978,57.63125763125763,9.963369963369964,0.0,-44.737484737484735,105.68986568986568,-3.3211233211233213,22.857142857142858,0.0,92.014652014652,-11.916971916971915,0.0,91.62393162393164,29.10866910866911,-18.55921855921856,0.9768009768009768,0.0,96.31257631257633,36.14163614163614,-1.7582417582417582,-27.936507936507937,0.0,-57.24053724053724,-58.02197802197802,149.84126984126985,29.499389499389498,-1.7582417582417582
-106.08058608058607,124.44444444444444,67.78998778998779,8.4004884004884,0.0,-42.39316239316239,110.37851037851038,6.837606837606837,20.12210012210012,0.0,86.93528693528694,-5.274725274725275,0.0,93.57753357753356,33.01587301587302,-9.18192918192918,0.1953601953601953,0.0,95.53113553113552,40.04884004884005,9.18192918192918,-27.936507936507937,0.0,-67.3992673992674,-51.77045177045177,138.1196581196581,29.10866910866911,9.18192918192918
-108.8156288156288,129.52380952380952,75.995115995116,11.916971916971915,0.0,-39.65811965811966,111.55067155067157,13.47985347985348,22.075702075702075,0.0,81.46520146520146,-0.9768009768009768,0.0,90.45177045177046,36.14163614163614,0.1953601953601953,0.1953601953601953,0.0,93.18681318681318,38.095238095238095,17.77777777777778,-22.075702075702075,0.0,-75.6043956043956,-56.84981684981685,134.993894993895,27.545787545787547,17.77777777777778
-113.89499389499387,132.25885225885227,83.80952380952381,15.433455433455434,0.0,-37.704517704517706,108.8156288156288,20.12210012210012,26.37362637362637,0.0,77.94871794871794,0.1953601953601953,0.0,86.93528693528694,36.92307692307692,7.228327228327228,3.3211233211233213,0.0,88.1074481074481,34.18803418803419,25.2014652014652,-11.526251526251526,0.0,-83.41880341880342,-74.82295482295483,147.49694749694748,22.857142857142858,25.2014652014652
-116.23931623931624,137.33821733821733,89.27960927960928,10.744810744810744,0.0,-34.57875457875458,109.98778998778998,27.936507936507937,17.77777777777778,0.0,76.38583638583638,4.102564102564102,0.0,91.23321123321124,38.095238095238095,13.870573870573873,-2.5396825396825395,0.0,85.76312576312576,34.18803418803419,33.01587301587302,-12.698412698412698,0.0,-88.88888888888889,-51.37973137973138,116.63003663003664,25.592185592185597,33.01587301587302
-116.23931623931624,140.0732600732601,95.53113553113552,7.619047619047619,0.0,-28.71794871794872,109.98778998778998,38.095238095238095,7.619047619047619,0.0,74.04151404151405,6.056166056166056,0.0,97.87545787545788,38.095238095238095,16.996336996336996,-8.791208791208792,0.0,86.15384615384616,34.18803418803419,42.39316239316239,-18.55921855921856,0.0,-95.14041514041514,-23.247863247863247,81.07448107448107,27.936507936507937,42.39316239316239
-117.02075702075702,138.5103785103785,95.53113553113552,13.870573870573873,0.0,-29.89010989010989,107.64346764346764,45.12820512820513,7.619047619047619,0.0,72.47863247863248,6.056166056166056,0.0,99.82905982905984,32.234432234432234,15.042735042735044,-3.711843711843712,0.0,83.41880341880342,28.32722832722833,46.3003663003663,-14.652014652014651,0.0,-95.14041514041514,-60.366300366300365,109.98778998778998,27.155067155067155,46.3003663003663
-118.5836385836386,137.33821733821733,96.7032967032967,15.433455433455434,0.0,-34.969474969474966,109.5970695970696,52.16117216117216,4.102564102564102,0.0,68.96214896214896,7.228327228327228,0.0,100.6105006105006,22.857142857142858,15.042735042735044,-1.7582417582417582,0.0,80.68376068376068,20.512820512820515,48.64468864468864,-12.698412698412698,0.0,-96.31257631257633,-70.91575091575092,111.55067155067157,26.37362637362637,48.64468864468864
-119.75579975579976,139.68253968253967,101.3919413919414,9.18192918192918,0.0,-37.31379731379732,113.89499389499387,60.757020757020754,-5.274725274725275,0.0,67.00854700854701,5.665445665445666,0.0,99.04761904761904,17.77777777777778,18.94993894993895,-9.572649572649572,0.0,77.94871794871794,16.214896214896214,51.37973137973138,-18.94993894993895,0.0,-101.001221001221,-20.12210012210012,54.114774114774114,25.982905982905983,51.37973137973138
-123.66300366300366,138.5103785103785,101.78266178266178,10.354090354090356,0.0,-43.56532356532357,116.23931623931624,62.71062271062271,-6.837606837606837,0.0,67.78998778998779,0.1953601953601953,0.0,90.45177045177046,15.042735042735044,23.247863247863247,-9.18192918192918,0.0,70.91575091575092,12.307692307692308,52.16117216117216,-15.824175824175825,0.0,-101.3919413919414,-36.14163614163614,65.44566544566544,24.42002442002442,52.16117216117216
-131.08669108669108,139.29181929181928,97.09401709401708,13.089133089133089,0.0,-48.25396825396825,117.4114774114774,59.975579975579976,-9.18192918192918,0.0,70.13431013431014,-5.665445665445666,0.0,83.80952380952381,13.089133089133089,25.2014652014652,-9.963369963369964,0.0,63.88278388278388,9.572649572649572,52.16117216117216,-13.870573870573873,0.0,-96.7032967032967,-83.02808302808303,109.5970695970696,25.2014652014652,52.16117216117216
-134.6031746031746,140.85470085470087,99.04761904761904,4.102564102564102,0.0,-47.472527472527474,120.14652014652016,63.88278388278388,-25.982905982905983,0.0,78.33943833943835,-6.837606837606837,0.0,85.76312576312576,20.12210012210012,24.81074481074481,-19.73137973137973,0.0,63.49206349206349,15.824175824175825,51.37973137973138,-19.73137973137973,0.0,-98.65689865689866,-41.22100122100122,75.21367521367522,25.592185592185597,51.37973137973138
-135.77533577533578,137.33821733821733,99.04761904761904,2.5396825396825395,0.0,-48.25396825396825,118.97435897435898,67.00854700854701,-33.40659340659341,0.0,85.37240537240537,-6.446886446886447,0.0,85.76312576312576,24.81074481074481,29.10866910866911,-26.37362637362637,0.0,65.44566544566544,16.996336996336996,52.16117216117216,-21.68498168498169,0.0,-98.65689865689866,-9.572649572649572,53.724053724053725,22.075702075702075,52.16117216117216
-138.9010989010989,132.64957264957266,94.35897435897436,4.102564102564102,0.0,-54.5054945054945,117.4114774114774,65.83638583638583,-36.53235653235653,0.0,92.7960927960928,-3.3211233211233213,0.0,82.24664224664225,22.857142857142858,24.42002442002442,-23.63858363858364,0.0,65.05494505494505,9.963369963369964,46.69108669108669,-15.042735042735044,0.0,-93.96825396825396,-64.66422466422466,114.67643467643468,14.261294261294262,46.69108669108669
-140.0732600732601,131.86813186813183,92.014652014652,-4.102564102564102,0.0,-65.44566544566544,122.88156288156289,67.78998778998779,-45.12820512820513,0.0,99.82905982905984,-0.1953601953601953,0.0,75.995115995116,22.466422466422465,23.63858363858364,-27.936507936507937,0.0,63.88278388278388,6.056166056166056,40.04884004884005,-15.433455433455434,0.0,-91.62393162393164,-103.73626373626374,156.4835164835165,7.619047619047619,40.04884004884005
-139.29181929181928,133.04029304029305,89.27960927960928,-15.824175824175825,0.0,-78.73015873015873,127.57020757020756,70.91575091575092,-52.55189255189255,0.0,105.2991452991453,2.93040293040293,0.0,65.44566544566544,24.81074481074481,27.155067155067155,-36.92307692307692,0.0,61.14774114774115,3.3211233211233213,38.87667887667888,-22.857142857142858,0.0,-88.88888888888889,-88.1074481074481,139.68253968253967,4.493284493284493,38.87667887667888
-140.85470085470087,133.04029304029305,79.9023199023199,-22.075702075702075,0.0,-97.09401709401708,129.52380952380952,68.57142857142857,-50.989010989010985,0.0,108.8156288156288,8.00976800976801,0.0,49.81684981684982,27.936507936507937,24.81074481074481,-36.92307692307692,0.0,54.5054945054945,0.5860805860805861,36.14163614163614,-24.81074481074481,0.0,-79.51159951159951,-95.14041514041514,140.46398046398048,3.711843711843712,36.14163614163614
-139.68253968253967,133.43101343101344,68.57142857142857,-29.499389499389498,0.0,-110.76923076923076,130.3052503052503,64.66422466422466,-51.37973137973138,0.0,113.11355311355312,13.870573870573873,0.0,37.704517704517706,33.40659340659341,22.466422466422465,-38.095238095238095,0.0,47.86324786324786,0.5860805860805861,33.7973137973138,-26.37362637362637,0.0,-68.18070818070818,-113.89499389499387,151.7948717948718,6.837606837606837,33.7973137973138
-136.55677655677655,131.86813186813183,61.14774114774115,-35.75091575091575,0.0,-120.14652014652016,129.52380952380952,64.27350427350427,-53.333333333333336,0.0,118.97435897435898,22.075702075702075,0.0,28.71794871794872,43.95604395604396,23.247863247863247,-42.78388278388278,0.0,47.472527472527474,2.5396825396825395,36.14163614163614,-32.62515262515262,0.0,-60.757020757020754,-98.65689865689866,138.5103785103785,8.4004884004884,36.14163614163614
-135.3846153846154,127.57020757020756,52.94261294261294,-33.40659340659341,0.0,-128.74236874236874,126.007326007326,61.92918192918193,-47.081807081807085,0.0,124.44444444444444,27.545787545787547,0.0,19.73137973137973,51.77045177045177,22.075702075702075,-36.53235653235653,0.0,47.86324786324786,2.5396825396825395,35.36019536019536,-28.32722832722833,0.0,-52.55189255189255,-102.56410256410255,145.15262515262515,6.446886446886447,35.36019536019536
-136.94749694749694,124.44444444444444,40.43956043956044,-26.37362637362637,0.0,-134.993894993895,121.7094017094017,54.89621489621489,-39.65811965811966,0.0,128.74236874236874,28.32722832722833,0.0,13.870573870573873,55.67765567765568,14.652014652014651,-25.2014652014652,0.0,45.90964590964591,4.102564102564102,27.155067155067155,-17.387057387057386,0.0,-40.04884004884005,-116.63003663003664,158.82783882783883,7.228327228327228,27.155067155067155
-133.04029304029305,122.1001221001221,30.671550671550676,-32.234432234432234,0.0,-131.86813186813183,117.02075702075702,51.77045177045177,-49.81684981684982,0.0,133.82173382173383,28.32722832722833,0.0,14.652014652014651,61.53846153846154,8.00976800976801,-27.155067155067155,0.0,46.69108669108669,8.791208791208792,22.075702075702075,-21.294261294261293,0.0,-30.28083028083028,-61.14774114774115,103.34554334554336,9.963369963369964,22.075702075702075
-129.52380952380952,119.36507936507935,20.12210012210012,-39.26739926739927,0.0,-127.17948717948718,109.5970695970696,46.3003663003663,-58.02197802197802,0.0,136.16605616605617,26.764346764346765,0.0,13.47985347985348,66.22710622710623,3.711843711843712,-29.89010989010989,0.0,45.90964590964591,13.47985347985348,18.94993894993895,-24.42002442002442,0.0,-19.73137973137973,-17.387057387057386,58.8034188034188,11.916971916971915,18.94993894993895
-127.17948717948718,116.23931623931624,2.5396825396825395,-37.31379731379732,0.0,-127.57020757020756,102.17338217338218,36.92307692307692,-57.63125763125763,0.0,137.72893772893772,21.68498168498169,0.0,8.791208791208792,69.74358974358974,-2.93040293040293,-27.155067155067155,0.0,41.22100122100122,14.652014652014651,13.089133089133089,-20.512820512820515,0.0,-2.148962148962149,-54.5054945054945,89.27960927960928,13.870573870573873,13.089133089133089
-122.88156288156289,111.55067155067157,-11.916971916971915,-37.31379731379732,0.0,-126.7887667887668,98.65689865689866,28.32722832722833,-61.53846153846154,0.0,143.5897435897436,19.73137973137973,0.0,5.665445665445666,72.86935286935287,-7.228327228327228,-31.843711843711844,0.0,36.92307692307692,9.572649572649572,11.135531135531137,-18.94993894993895,0.0,12.307692307692308,-43.56532356532357,74.43223443223444,9.963369963369964,11.135531135531137
-118.5836385836386,110.76923076923076,-19.73137973137973,-36.92307692307692,0.0,-128.74236874236874,102.17338217338218,24.81074481074481,-64.27350427350427,0.0,152.18559218559218,17.387057387057386,0.0,3.711843711843712,79.12087912087912,-8.4004884004884,-40.83028083028083,0.0,36.14163614163614,3.711843711843712,12.307692307692308,-19.73137973137973,0.0,20.12210012210012,17.387057387057386,11.916971916971915,2.5396825396825395,12.307692307692308
-120.92796092796092,109.2063492063492,-26.764346764346765,-27.545787545787547,0.0,-137.33821733821733,105.68986568986568,19.73137973137973,-55.67765567765568,0.0,156.0927960927961,10.354090354090356,0.0,0.9768009768009768,83.80952380952381,-10.744810744810744,-46.3003663003663,0.0,31.45299145299145,-2.148962148962149,12.307692307692308,-14.261294261294262,0.0,27.155067155067155,-23.63858363858364,48.25396825396825,-4.493284493284493,12.307692307692308
-118.1929181929182,105.68986568986568,-39.26739926739927,-18.94993894993895,0.0,-134.21245421245422,104.51770451770452,6.446886446886447,-49.03540903540904,0.0,161.17216117216117,5.665445665445666,0.0,5.665445665445666,79.12087912087912,-25.982905982905983,-40.04884004884005,0.0,25.982905982905983,-11.526251526251526,2.148962148962149,0.1953601953601953,0.0,39.65811965811966,-73.26007326007326,89.67032967032966,-9.572649572649572,2.148962148962149
-111.15995115995116,108.03418803418803,-46.69108669108669,-27.155067155067155,0.0,-120.53724053724054,101.3919413919414,-0.1953601953601953,-58.02197802197802,0.0,164.6886446886447,0.1953601953601953,0.0,14.261294261294262,80.68376068376068,-34.18803418803419,-50.20757020757021,0.0,26.37362637362637,-12.307692307692308,1.3675213675213675,-5.665445665445666,0.0,47.081807081807085,-40.04884004884005,48.25396825396825,-12.307692307692308,1.3675213675213675
-103.73626373626374,106.86202686202688,-56.84981684981685,-34.57875457875458,0.0,-106.86202686202688,92.4053724053724,-9.963369963369964,-64.27350427350427,0.0,164.2979242979243,-7.228327228327228,0.0,17.77777777777778,81.46520146520146,-42.39316239316239,-56.06837606837607,0.0,26.764346764346765,-11.916971916971915,-0.9768009768009768,-11.526251526251526,0.0,57.24053724053724,-0.5860805860805861,5.274725274725275,-16.214896214896214,-0.9768009768009768
-97.48473748473748,104.12698412698413,-71.6971916971917,-38.095238095238095,0.0,-95.92185592185592,83.41880341880342,-23.63858363858364,-66.61782661782662,0.0,163.9072039072039,-11.526251526251526,0.0,20.12210012210012,74.82295482295483,-53.333333333333336,-51.77045177045177,0.0,26.764346764346765,-15.433455433455434,-7.228327228327228,-13.089133089133089,0.0,72.08791208791209,-31.45299145299145,29.10866910866911,-16.996336996336996,-7.228327228327228
-89.67032967032966,104.51770451770452,-81.85592185592185,-44.737484737484735,0.0,-86.93528693528694,81.46520146520146,-27.936507936507937,-78.73015873015873,0.0,167.03296703296704,-16.605616605616607,0.0,22.466422466422465,74.04151404151405,-56.06837606837607,-61.53846153846154,0.0,30.28083028083028,-15.042735042735044,-9.18192918192918,-25.982905982905983,0.0,82.24664224664225,-34.969474969474966,31.45299145299145,-19.34065934065934,-9.18192918192918
-83.41880341880342,103.73626373626374,-89.27960927960928,-47.472527472527474,0.0,-85.37240537240537,81.85592185592185,-31.45299145299145,-81.85592185592185,0.0,165.86080586080587,-20.903540903540904,0.0,25.2014652014652,71.6971916971917,-57.24053724053724,-62.71062271062271,0.0,35.36019536019536,-17.387057387057386,-9.572649572649572,-30.28083028083028,0.0,89.67032967032966,-18.168498168498168,12.307692307692308,-22.857142857142858,-9.572649572649572
-77.94871794871794,101.001221001221,-98.26617826617829,-40.43956043956044,0.0,-86.15384615384616,81.85592185592185,-38.48595848595848,-72.47863247863248,0.0,161.17216117216117,-24.02930402930403,0.0,25.592185592185597,62.31990231990232,-60.757020757020754,-51.37973137973138,0.0,33.7973137973138,-24.42002442002442,-14.261294261294262,-18.94993894993895,0.0,98.65689865689866,-33.7973137973138,19.34065934065934,-28.32722832722833,-14.261294261294262
-71.6971916971917,101.78266178266178,-104.12698412698413,-43.56532356532357,0.0,-83.41880341880342,82.63736263736264,-42.78388278388278,-74.04151404151405,0.0,156.87423687423689,-26.37362637362637,0.0,29.10866910866911,55.67765567765568,-65.05494505494505,-48.64468864468864,0.0,31.062271062271066,-27.155067155067155,-15.433455433455434,-16.996336996336996,0.0,104.51770451770452,-38.87667887667888,15.433455433455434,-33.01587301587302,-15.433455433455434
-62.31990231990232,102.17338217338218,-108.42490842490842,-50.5982905982906,0.0,-77.55799755799755,82.24664224664225,-44.737484737484735,-79.12087912087912,0.0,148.66910866910868,-27.936507936507937,0.0,29.10866910866911,52.55189255189255,-62.71062271062271,-49.81684981684982,0.0,29.499389499389498,-28.32722832722833,-13.47985347985348,-18.55921855921856,0.0,108.8156288156288,-27.155067155067155,-4.884004884004884,-37.704517704517706,-13.47985347985348
-56.06837606837607,99.04761904761904,-113.5042735042735,-47.081807081807085,0.0,-73.26007326007326,80.68376068376068,-49.03540903540904,-76.38583638583638,0.0,142.02686202686203,-30.28083028083028,0.0,21.68498168498169,47.86324786324786,-61.14774114774115,-41.61172161172161,0.0,23.63858363858364,-29.89010989010989,-11.916971916971915,-15.042735042735044,0.0,113.89499389499387,-67.3992673992674,21.68498168498169,-37.31379731379732,-11.916971916971915
-52.16117216117216,97.87545787545788,-119.75579975579976,-43.56532356532357,0.0,-68.18070818070818,81.85592185592185,-50.20757020757021,-81.85592185592185,0.0,138.1196581196581,-28.32722832722833,0.0,18.168498168498168,45.12820512820513,-61.92918192918193,-40.04884004884005,0.0,20.903540903540904,-29.10866910866911,-13.47985347985348,-15.824175824175825,0.0,120.14652014652016,-97.87545787545788,43.17460317460318,-33.7973137973138,-13.47985347985348
-46.69108669108669,103.73626373626374,-120.92796092796092,-45.12820512820513,0.0,-62.31990231990232,90.45177045177046,-43.56532356532357,-93.96825396825396,0.0,138.9010989010989,-23.63858363858364,0.0,21.294261294261293,50.5982905982906,-57.63125763125763,-49.42612942612943,0.0,24.81074481074481,-22.857142857142858,-11.135531135531137,-24.02930402930403,0.0,121.31868131868131,-77.55799755799755,15.433455433455434,-29.10866910866911,-11.135531135531137
-40.83028083028083,107.25274725274726,-117.8021978021978,-40.04884004884005,0.0,-59.58485958485959,97.09401709401708,-36.53235653235653,-93.18681318681318,0.0,139.68253968253967,-20.12210012210012,0.0,23.63858363858364,55.67765567765568,-52.16117216117216,-48.64468864468864,0.0,26.764346764346765,-15.042735042735044,-7.228327228327228,-25.2014652014652,0.0,118.1929181929182,-70.91575091575092,0.1953601953601953,-21.294261294261293,-7.228327228327228
-35.75091575091575,110.76923076923076,-117.8021978021978,-32.62515262515262,0.0,-57.24053724053724,100.21978021978022,-34.969474969474966,-83.41880341880342,0.0,138.5103785103785,-15.433455433455434,0.0,28.32722832722833,56.84981684981685,-54.114774114774114,-41.61172161172161,0.0,27.155067155067155,-8.00976800976801,-8.791208791208792,-19.34065934065934,0.0,118.1929181929182,-102.17338217338218,21.294261294261293,-13.870573870573873,-8.791208791208792
-30.28083028083028,114.67643467643468,-113.89499389499387,-33.40659340659341,0.0,-54.89621489621489,101.78266178266178,-33.01587301587302,-76.77655677655677,0.0,134.993894993895,-12.698412698412698,0.0,32.234432234432234,57.24053724053724,-49.03540903540904,-41.22100122100122,0.0,27.155067155067155,0.1953601953601953,-6.446886446886447,-20.512820512820515,0.0,114.28571428571428,-85.76312576312576,-0.5860805860805861,-9.572649572649572,-6.446886446886447
-25.592185592185597,111.94139194139194,-104.9084249084249,-32.62515262515262,0.0,-54.5054945054945,100.21978021978022,-27.155067155067155,-69.74358974358974,0.0,126.3980463980464,-14.261294261294262,0.0,26.37362637362637,57.63125763125763,-36.53235653235653,-40.83028083028083,0.0,21.294261294261293,9.963369963369964,-0.5860805860805861,-23.247863247863247,0.0,105.2991452991453,-4.493284493284493,-82.24664224664225,-6.837606837606837,-0.5860805860805861
-22.075702075702075,109.2063492063492,-106.47130647130648,-27.545787545787547,0.0,-50.5982905982906,95.14041514041514,-30.671550671550676,-61.14774114774115,0.0,116.23931623931624,-11.916971916971915,0.0,29.10866910866911,49.03540903540904,-37.31379731379732,-31.843711843711844,0.0,20.903540903540904,9.572649572649572,-2.148962148962149,-18.55921855921856,0.0,106.86202686202688,-45.90964590964591,-45.51892551892552,-5.665445665445666,-2.148962148962149
-19.73137973137973,107.25274725274726,-105.68986568986568,-24.81074481074481,0.0,-49.81684981684982,95.14041514041514,-29.499389499389498,-60.757020757020754,0.0,106.47130647130648,-8.791208791208792,0.0,30.28083028083028,44.346764346764346,-33.7973137973138,-30.28083028083028,0.0,18.94993894993895,11.135531135531137,-0.1953601953601953,-18.94993894993895,0.0,106.08058608058607,-124.05372405372404,27.155067155067155,-3.3211233211233213,-0.1953601953601953
-13.47985347985348,108.42490842490842,-100.6105006105006,-31.843711843711844,0.0,-42.39316239316239,97.87545787545788,-22.857142857142858,-70.52503052503053,0.0,101.001221001221,-4.102564102564102,0.0,36.92307692307692,44.737484737484735,-26.37362637362637,-37.704517704517706,0.0,21.68498168498169,15.824175824175825,5.274725274725275,-26.37362637362637,0.0,101.001221001221,-124.05372405372404,24.02930402930403,-0.1953601953601953,5.274725274725275
-7.619047619047619,108.8156288156288,-98.26617826617829,-31.45299145299145,0.0,-33.40659340659341,94.35897435897436,-19.73137973137973,-70.91575091575092,0.0,94.74969474969475,0.1953601953601953,0.0,43.56532356532357,42.39316239316239,-26.764346764346765,-32.234432234432234,0.0,23.247863247863247,18.55921855921856,8.4004884004884,-24.02930402930403,0.0,98.65689865689866,-142.02686202686203,34.18803418803419,4.102564102564102,8.4004884004884
-5.274725274725275,105.68986568986568,-93.18681318681318,-27.155067155067155,0.0,-28.32722832722833,91.23321123321124,-17.77777777777778,-64.66422466422466,0.0,87.32600732600733,-0.9768009768009768,0.0,43.17460317460318,39.26739926739927,-25.592185592185597,-22.466422466422465,0.0,19.34065934065934,21.294261294261293,10.354090354090356,-17.77777777777778,0.0,93.57753357753356,-173.67521367521368,58.41269841269841,9.572649572649572,10.354090354090356
-4.102564102564102,99.04761904761904,-78.73015873015873,-26.37362637362637,0.0,-22.075702075702075,85.76312576312576,-10.354090354090356,-63.49206349206349,0.0,76.77655677655677,-3.3211233211233213,0.0,41.22100122100122,36.53235653235653,-16.996336996336996,-19.34065934065934,0.0,13.089133089133089,27.545787545787547,15.824175824175825,-16.214896214896214,0.0,79.12087912087912,-142.8083028083028,25.592185592185597,13.089133089133089,15.824175824175825
-2.93040293040293,91.62393162393164,-66.22710622710623,-20.12210012210012,0.0,-15.433455433455434,76.77655677655677,-2.93040293040293,-56.45909645909646,0.0,63.49206349206349,-5.274725274725275,0.0,38.48595848595848,31.843711843711844,-11.526251526251526,-11.916971916971915,0.0,8.4004884004884,29.10866910866911,18.94993894993895,-11.135531135531137,0.0,66.61782661782662,-92.7960927960928,-22.466422466422465,13.47985347985348,18.94993894993895
-3.711843711843712,83.41880341880342,-57.24053724053724,-9.18192918192918,0.0,-9.572649572649572,68.57142857142857,-0.1953601953601953,-45.90964590964591,0.0,50.5982905982906,-11.135531135531137,0.0,38.48595848595848,25.592185592185597,-10.354090354090356,-1.3675213675213675,0.0,4.884004884004884,27.545787545787547,21.294261294261293,-2.148962148962149,0.0,57.63125763125763,-59.1941391941392,-58.41269841269841,15.042735042735044,21.294261294261293
-4.102564102564102,76.38583638583638,-47.472527472527474,-5.274725274725275,0.0,0.1953601953601953,58.8034188034188,4.493284493284493,-46.3003663003663,0.0,39.65811965811966,-13.870573870573873,0.0,45.51892551892552,20.12210012210012,-6.056166056166056,-1.3675213675213675,0.0,4.493284493284493,24.81074481074481,25.592185592185597,2.148962148962149,0.0,47.86324786324786,-34.18803418803419,-82.63736263736264,16.214896214896214,25.592185592185597
-4.102564102564102,71.30647130647131,-40.43956043956044,-4.102564102564102,0.0,13.47985347985348,47.472527472527474,9.572649572649572,-49.81684981684982,0.0,31.062271062271066,-18.94993894993895,0.0,54.5054945054945,14.261294261294262,-4.102564102564102,-4.102564102564102,0.0,4.493284493284493,21.68498168498169,29.89010989010989,3.711843711843712,0.0,40.83028083028083,-20.903540903540904,-92.7960927960928,17.387057387057386,29.89010989010989
-6.446886446886447,61.53846153846154,-37.704517704517706,5.274725274725275,0.0,22.075702075702075,34.969474969474966,6.056166056166056,-42.002442002442,0.0,23.247863247863247,-29.89010989010989,0.0,59.1941391941392,3.711843711843712,-8.00976800976801,5.665445665445666,0.0,1.3675213675213675,15.433455433455434,29.499389499389498,13.870573870573873,0.0,38.095238095238095,-67.3992673992674,-43.17460317460318,15.824175824175825,29.499389499389498
-7.619047619047619,50.20757020757021,-31.843711843711844,11.916971916971915,0.0,32.62515262515262,22.466422466422465,3.711843711843712,-38.095238095238095,0.0,15.042735042735044,-36.14163614163614,0.0,63.10134310134311,-5.274725274725275,-9.18192918192918,11.135531135531137,0.0,-2.93040293040293,9.963369963369964,27.545787545787547,23.63858363858364,0.0,32.234432234432234,-84.2002442002442,-22.075702075702075,15.042735042735044,27.545787545787547
-6.446886446886447,42.002442002442,-22.466422466422465,11.526251526251526,0.0,42.002442002442,15.824175824175825,5.665445665445666,-40.83028083028083,0.0,9.963369963369964,-36.53235653235653,0.0,65.83638583638583,-8.791208791208792,-4.493284493284493,6.056166056166056,0.0,-5.274725274725275,10.354090354090356,28.32722832722833,23.63858363858364,0.0,22.857142857142858,-20.903540903540904,-78.73015873015873,13.870573870573873,28.32722832722833
-6.837606837606837,33.40659340659341,-13.870573870573873,16.996336996336996,0.0,46.69108669108669,12.307692307692308,5.665445665445666,-37.31379731379732,0.0,3.3211233211233213,-34.969474969474966,0.0,60.757020757020754,-11.135531135531137,1.3675213675213675,8.00976800976801,0.0,-9.18192918192918,9.963369963369964,29.499389499389498,27.545787545787547,0.0,14.261294261294262,-2.5396825396825395,-91.23321123321124,12.698412698412698,29.499389499389498
-9.572649572649572,27.936507936507937,-9.572649572649572,26.37362637362637,0.0,50.5982905982906,7.619047619047619,6.056166056166056,-31.062271062271066,0.0,-2.148962148962149,-28.71794871794872,0.0,58.02197802197802,-11.526251526251526,4.884004884004884,15.824175824175825,0.0,-9.572649572649572,8.4004884004884,30.671550671550676,36.92307692307692,0.0,9.963369963369964,-18.94993894993895,-72.86935286935287,15.042735042735044,30.671550671550676
-13.47985347985348,19.34065934065934,-4.102564102564102,32.234432234432234,0.0,53.724053724053725,0.1953601953601953,7.228327228327228,-28.32722832722833,0.0,-7.228327228327228,-23.247863247863247,0.0,55.28693528693529,-13.47985347985348,12.307692307692308,18.94993894993895,0.0,-11.135531135531137,6.446886446886447,35.75091575091575,41.61172161172161,0.0,4.493284493284493,65.44566544566544,-148.2783882783883,15.433455433455434,35.75091575091575
-16.605616605616607,18.94993894993895,-2.5396825396825395,27.155067155067155,0.0,59.58485958485959,-2.148962148962149,6.837606837606837,-38.095238095238095,0.0,-8.791208791208792,-21.294261294261293,0.0,54.89621489621489,-6.446886446886447,11.526251526251526,13.870573870573873,0.0,-9.572649572649572,11.916971916971915,36.92307692307692,34.18803418803419,0.0,2.93040293040293,131.4774114774115,-201.4163614163614,14.652014652014651,36.92307692307692
-20.512820512820515,8.00976800976801,-5.274725274725275,34.969474969474966,0.0,63.49206349206349,-13.089133089133089,2.5396825396825395,-36.14163614163614,0.0,-10.744810744810744,-21.68498168498169,0.0,54.89621489621489,-6.837606837606837,6.446886446886447,18.168498168498168,0.0,-10.354090354090356,12.698412698412698,31.45299145299145,38.48595848595848,0.0,5.665445665445666,115.45787545787546,-173.2844932844933,16.605616605616607,31.45299145299145
-20.512820512820515,-2.148962148962149,-4.102564102564102,34.969474969474966,0.0,70.91575091575092,-20.12210012210012,-0.1953601953601953,-42.78388278388278,0.0,-11.526251526251526,-20.12210012210012,0.0,58.41269841269841,-4.493284493284493,1.7582417582417582,12.698412698412698,0.0,-11.135531135531137,16.605616605616607,27.545787545787547,34.969474969474966,0.0,4.493284493284493,93.57753357753356,-138.5103785103785,20.512820512820515,27.545787545787547
-17.77777777777778,-10.744810744810744,-0.5860805860805861,29.89010989010989,0.0,78.73015873015873,-21.68498168498169,0.5860805860805861,-57.24053724053724,0.0,-10.744810744810744,-18.94993894993895,0.0,64.27350427350427,0.9768009768009768,0.5860805860805861,0.9768009768009768,0.0,-8.4004884004884,24.81074481074481,27.545787545787547,23.247863247863247,0.0,0.9768009768009768,103.34554334554336,-132.25885225885227,23.63858363858364,27.545787545787547
-21.294261294261293,-20.903540903540904,2.93040293040293,36.53235653235653,0.0,79.12087912087912,-27.545787545787547,0.1953601953601953,-54.89621489621489,0.0,-15.433455433455434,-21.294261294261293,0.0,63.10134310134311,-3.3211233211233213,0.1953601953601953,5.274725274725275,0.0,-10.744810744810744,24.02930402930403,26.764346764346765,25.2014652014652,0.0,-2.5396825396825395,98.65689865689866,-116.23931623931624,28.71794871794872,26.764346764346765
-28.71794871794872,-26.764346764346765,9.572649572649572,41.61172161172161,0.0,76.77655677655677,-33.40659340659341,0.1953601953601953,-48.25396825396825,0.0,-22.857142857142858,-21.68498168498169,0.0,61.53846153846154,-11.526251526251526,1.3675213675213675,11.526251526251526,0.0,-13.47985347985348,20.12210012210012,28.32722832722833,28.32722832722833,0.0,-9.18192918192918,71.6971916971917,-79.12087912087912,30.671550671550676,28.32722832722833
-35.36019536019536,-27.936507936507937,16.996336996336996,36.92307692307692,0.0,71.30647130647131,-34.18803418803419,0.9768009768009768,-48.25396825396825,0.0,-29.499389499389498,-22.857142857142858,0.0,62.71062271062271,-17.77777777777778,3.711843711843712,9.572649572649572,0.0,-15.042735042735044,20.12210012210012,28.32722832722833,24.42002442002442,0.0,-16.605616605616607,69.74358974358974,-65.44566544566544,30.671550671550676,28.32722832722833
-44.737484737484735,-33.7973137973138,23.63858363858364,36.14163614163614,0.0,63.88278388278388,-40.04884004884005,1.3675213675213675,-43.56532356532357,0.0,-35.36019536019536,-24.81074481074481,0.0,58.02197802197802,-22.075702075702075,4.102564102564102,9.18192918192918,0.0,-16.996336996336996,16.605616605616607,23.63858363858364,25.592185592185597,0.0,-23.247863247863247,78.33943833943835,-58.41269841269841,28.71794871794872,23.63858363858364
-52.94261294261294,-42.78388278388278,27.155067155067155,40.04884004884005,0.0,54.5054945054945,-47.081807081807085,0.5860805860805861,-36.14163614163614,0.0,-38.095238095238095,-25.592185592185597,0.0,51.77045177045177,-24.02930402930403,0.1953601953601953,10.744810744810744,0.0,-23.63858363858364,16.214896214896214,13.089133089133089,32.234432234432234,0.0,-26.764346764346765,68.18070818070818,-36.53235653235653,27.155067155067155,13.089133089133089
-53.724053724053725,-50.989010989010985,28.32722832722833,34.18803418803419,0.0,49.03540903540904,-48.64468864468864,2.93040293040293,-45.51892551892552,0.0,-36.53235653235653,-27.545787545787547,0.0,52.94261294261294,-21.294261294261293,-2.148962148962149,-0.5860805860805861,0.0,-26.37362637362637,20.512820512820515,8.791208791208792,23.63858363858364,0.0,-27.936507936507937,102.56410256410255,-57.63125763125763,27.545787545787547,8.791208791208792
-56.06837606837607,-61.14774114774115,29.499389499389498,31.062271062271066,0.0,40.04884004884005,-50.5982905982906,8.4004884004884,-54.5054945054945,0.0,-34.57875457875458,-31.45299145299145,0.0,53.333333333333336,-18.168498168498168,-1.3675213675213675,-11.916971916971915,0.0,-26.37362637362637,22.857142857142858,10.354090354090356,13.089133089133089,0.0,-29.10866910866911,132.25885225885227,-70.13431013431014,25.982905982905983,10.354090354090356
-61.53846153846154,-70.52503052503053,24.02930402930403,40.04884004884005,0.0,28.71794871794872,-59.1941391941392,10.354090354090356,-48.64468864468864,0.0,-36.92307692307692,-34.969474969474966,0.0,47.86324786324786,-22.075702075702075,-3.711843711843712,-6.837606837606837,0.0,-31.45299145299145,19.73137973137973,9.18192918192918,15.042735042735044,0.0,-23.63858363858364,92.7960927960928,-22.857142857142858,27.545787545787547,9.18192918192918
-64.66422466422466,-73.26007326007326,16.605616605616607,42.78388278388278,0.0,19.34065934065934,-62.71062271062271,8.791208791208792,-44.737484737484735,0.0,-41.22100122100122,-37.704517704517706,0.0,46.69108669108669,-29.10866910866911,-5.665445665445666,-5.274725274725275,0.0,-32.234432234432234,13.47985347985348,10.354090354090356,13.089133089133089,0.0,-16.214896214896214,82.63736263736264,-6.446886446886447,24.02930402930403,10.354090354090356
-67.3992673992674,-72.86935286935287,17.387057387057386,37.31379731379732,0.0,9.18192918192918,-60.757020757020754,8.791208791208792,-43.17460317460318,0.0,-43.17460317460318,-39.65811965811966,0.0,45.12820512820513,-34.18803418803419,-5.665445665445666,-5.665445665445666,0.0,-30.28083028083028,6.837606837606837,13.47985347985348,6.837606837606837,0.0,-16.996336996336996,125.6166056166056,-43.56532356532357,21.294261294261293,13.47985347985348
-70.91575091575092,-74.82295482295483,17.387057387057386,39.65811965811966,0.0,-0.5860805860805861,-63.49206349206349,4.102564102564102,-27.545787545787547,0.0,-46.69108669108669,-44.346764346764346,0.0,36.14163614163614,-42.39316239316239,-11.916971916971915,5.274725274725275,0.0,-33.01587301587302,0.1953601953601953,6.837606837606837,11.916971916971915,0.0,-16.996336996336996,116.23931623931624,-30.28083028083028,19.34065934065934,6.837606837606837
-74.04151404151405,-76.38583638583638,15.433455433455434,40.43956043956044,0.0,-14.652014652014651,-61.92918192918193,-2.93040293040293,-12.307692307692308,0.0,-50.5982905982906,-52.55189255189255,0.0,25.592185592185597,-49.81684981684982,-22.075702075702075,14.652014652014651,0.0,-37.31379731379732,-5.665445665445666,-4.884004884004884,16.605616605616607,0.0,-15.042735042735044,65.44566544566544,20.512820512820515,17.387057387057386,-4.884004884004884
-69.74358974358974,-76.38583638583638,15.824175824175825,29.10866910866911,0.0,-21.294261294261293,-59.58485958485959,-4.493284493284493,-13.870573870573873,0.0,-49.42612942612943,-59.58485958485959,0.0,20.903540903540904,-54.5054945054945,-27.155067155067155,10.354090354090356,0.0,-39.26739926739927,-6.056166056166056,-11.916971916971915,7.619047619047619,0.0,-15.433455433455434,106.47130647130648,-16.996336996336996,15.433455433455434,-11.916971916971915
-67.3992673992674,-80.29304029304029,11.916971916971915,26.37362637362637,0.0,-30.671550671550676,-62.31990231990232,-6.446886446886447,-8.791208791208792,0.0,-51.77045177045177,-63.10134310134311,0.0,11.526251526251526,-56.45909645909646,-29.10866910866911,6.056166056166056,0.0,-42.78388278388278,-8.791208791208792,-19.73137973137973,4.884004884004884,0.0,-11.526251526251526,145.15262515262515,-56.45909645909646,12.307692307692308,-19.73137973137973
-62.31990231990232,-86.93528693528694,-0.5860805860805861,29.89010989010989,0.0,-36.14163614163614,-65.05494505494505,-15.824175824175825,-1.3675213675213675,0.0,-52.55189255189255,-65.05494505494505,0.0,5.665445665445666,-57.63125763125763,-37.704517704517706,7.619047619047619,0.0,-48.64468864468864,-13.47985347985348,-27.155067155067155,8.4004884004884,0.0,0.9768009768009768,104.51770451770452,-24.42002442002442,11.526251526251526,-27.155067155067155
-53.724053724053725,-87.71672771672772,-8.00976800976801,26.37362637362637,0.0,-33.01587301587302,-62.31990231990232,-21.294261294261293,-5.665445665445666,0.0,-47.86324786324786,-61.53846153846154,0.0,11.526251526251526,-55.67765567765568,-43.17460317460318,1.3675213675213675,0.0,-49.42612942612943,-13.870573870573873,-27.936507936507937,5.665445665445666,0.0,8.4004884004884,72.47863247863248,-2.148962148962149,10.354090354090356,-27.936507936507937
-46.69108669108669,-89.67032967032966,-11.135531135531137,24.42002442002442,0.0,-27.545787545787547,-57.24053724053724,-25.982905982905983,-11.526251526251526,0.0,-42.002442002442,-57.63125763125763,0.0,15.824175824175825,-51.77045177045177,-45.12820512820513,-4.884004884004884,0.0,-50.20757020757021,-13.089133089133089,-23.63858363858364,0.9768009768009768,0.0,11.526251526251526,90.84249084249085,-27.155067155067155,10.744810744810744,-23.63858363858364
-43.95604395604396,-92.014652014652,-13.870573870573873,26.764346764346765,0.0,-22.075702075702075,-56.84981684981685,-30.28083028083028,-13.089133089133089,0.0,-36.92307692307692,-56.84981684981685,0.0,16.996336996336996,-49.42612942612943,-51.37973137973138,-1.7582417582417582,0.0,-52.16117216117216,-12.698412698412698,-23.247863247863247,2.93040293040293,0.0,14.261294261294262,98.65689865689866,-36.53235653235653,9.18192918192918,-23.247863247863247
-40.43956043956044,-92.014652014652,-15.824175824175825,22.857142857142858,0.0,-15.433455433455434,-56.84981684981685,-32.62515262515262,-20.12210012210012,0.0,-33.40659340659341,-58.8034188034188,0.0,15.824175824175825,-50.989010989010985,-56.45909645909646,0.1953601953601953,0.0,-56.06837606837607,-13.089133089133089,-22.075702075702075,0.5860805860805861,0.0,16.214896214896214,94.35897435897436,-34.57875457875458,7.619047619047619,-22.075702075702075
-35.75091575091575,-93.57753357753356,-20.512820512820515,16.214896214896214,0.0,-11.526251526251526,-58.41269841269841,-34.57875457875458,-27.936507936507937,0.0,-33.40659340659341,-59.975579975579976,0.0,8.4004884004884,-53.333333333333336,-55.28693528693529,-1.3675213675213675,0.0,-59.1941391941392,-15.433455433455434,-22.075702075702075,-2.93040293040293,0.0,20.903540903540904,83.80952380952381,-24.02930402930403,1.7582417582417582,-22.075702075702075
-30.671550671550676,-95.92185592185592,-31.062271062271066,20.12210012210012,0.0,-12.698412698412698,-61.92918192918193,-40.83028083028083,-20.903540903540904,0.0,-38.095238095238095,-61.14774114774115,0.0,-2.148962148962149,-52.94261294261294,-57.63125763125763,6.056166056166056,0.0,-62.71062271062271,-18.168498168498168,-24.42002442002442,-0.1953601953601953,0.0,31.45299145299145,63.10134310134311,-6.056166056166056,-3.3211233211233213,-24.42002442002442
-22.466422466422465,-98.26617826617829,-44.346764346764346,30.28083028083028,0.0,-14.261294261294262,-61.53846153846154,-47.472527472527474,-10.354090354090356,0.0,-43.95604395604396,-60.366300366300365,0.0,-10.744810744810744,-53.724053724053725,-62.71062271062271,18.94993894993895,0.0,-67.78998778998779,-18.168498168498168,-28.32722832722833,6.837606837606837,0.0,44.737484737484735,39.65811965811966,5.665445665445666,-3.711843711843712,-28.32722832722833
-14.261294261294262,-97.09401709401708,-50.20757020757021,30.28083028083028,0.0,-13.870573870573873,-55.28693528693529,-48.64468864468864,-12.307692307692308,0.0,-46.3003663003663,-53.724053724053725,0.0,-13.870573870573873,-49.42612942612943,-64.66422466422466,17.387057387057386,0.0,-68.57142857142857,-13.47985347985348,-31.843711843711844,3.3211233211233213,0.0,50.5982905982906,84.98168498168498,-44.346764346764346,-6.056166056166056,-31.843711843711844
-8.00976800976801,-94.35897435897436,-51.37973137973138,32.234432234432234,0.0,-16.996336996336996,-43.95604395604396,-46.69108669108669,-12.307692307692308,0.0,-43.56532356532357,-45.51892551892552,0.0,-19.34065934065934,-41.22100122100122,-61.14774114774115,13.47985347985348,0.0,-65.83638583638583,-9.963369963369964,-29.499389499389498,-2.93040293040293,0.0,51.77045177045177,113.11355311355312,-79.51159951159951,-4.102564102564102,-29.499389499389498
-3.3211233211233213,-91.62393162393164,-53.333333333333336,36.14163614163614,0.0,-17.77777777777778,-39.26739926739927,-47.472527472527474,-6.446886446886447,0.0,-38.87667887667888,-40.43956043956044,0.0,-28.71794871794872,-36.92307692307692,-61.14774114774115,20.12210012210012,0.0,-65.44566544566544,-9.18192918192918,-28.71794871794872,-2.5396825396825395,0.0,53.724053724053725,69.74358974358974,-45.51892551892552,-1.3675213675213675,-28.71794871794872
0.9768009768009768,-88.4981684981685,-52.16117216117216,28.32722832722833,0.0,-13.870573870573873,-36.14163614163614,-48.64468864468864,-9.963369963369964,0.0,-31.843711843711844,-36.53235653235653,0.0,-37.704517704517706,-31.843711843711844,-55.67765567765568,18.168498168498168,0.0,-64.27350427350427,-7.619047619047619,-25.2014652014652,-8.4004884004884,0.0,52.55189255189255,66.61782661782662,-47.081807081807085,-1.3675213675213675,-25.2014652014652
4.493284493284493,-81.07448107448107,-50.20757020757021,16.214896214896214,0.0,-10.744810744810744,-33.01587301587302,-49.42612942612943,-14.652014652014651,0.0,-26.37362637362637,-37.31379731379732,0.0,-49.42612942612943,-26.37362637362637,-45.12820512820513,14.652014652014651,0.0,-63.49206349206349,-5.665445665445666,-15.824175824175825,-19.73137973137973,0.0,50.5982905982906,95.92185592185592,-81.85592185592185,-2.93040293040293,-15.824175824175825
4.102564102564102,-78.33943833943835,-48.64468864468864,13.089133089133089,0.0,-8.00976800976801,-37.704517704517706,-51.37973137973138,-9.572649572649572,0.0,-29.10866910866911,-40.83028083028083,0.0,-61.92918192918193,-25.982905982905983,-36.53235653235653,18.94993894993895,0.0,-68.96214896214896,-2.148962148962149,-10.744810744810744,-22.075702075702075,0.0,49.03540903540904,58.41269841269841,-51.37973137973138,-2.148962148962149,-10.744810744810744
4.493284493284493,-76.38583638583638,-51.77045177045177,15.433455433455434,0.0,-5.665445665445666,-40.04884004884005,-56.45909645909646,-3.3211233211233213,0.0,-33.7973137973138,-40.43956043956044,0.0,-70.13431013431014,-27.936507936507937,-36.14163614163614,25.982905982905983,0.0,-75.995115995116,0.1953601953601953,-15.042735042735044,-16.996336996336996,0.0,52.16117216117216,34.969474969474966,-31.843711843711844,-4.493284493284493,-15.042735042735044
9.572649572649572,-72.08791208791209,-46.69108669108669,9.18192918192918,0.0,-2.93040293040293,-34.57875457875458,-49.42612942612943,-9.572649572649572,0.0,-36.53235653235653,-33.7973137973138,0.0,-75.6043956043956,-22.075702075702075,-29.10866910866911,14.261294261294262,0.0,-76.77655677655677,6.446886446886447,-16.605616605616607,-25.2014652014652,0.0,47.081807081807085,72.47863247863248,-71.6971916971917,-4.493284493284493,-16.605616605616607
11.916971916971915,-68.18070818070818,-41.22100122100122,9.572649572649572,0.0,-2.5396825396825395,-32.234432234432234,-41.61172161172161,-8.4004884004884,0.0,-36.14163614163614,-25.982905982905983,0.0,-81.46520146520146,-19.34065934065934,-23.63858363858364,7.228327228327228,0.0,-75.6043956043956,6.837606837606837,-20.512820512820515,-27.936507936507937,0.0,41.61172161172161,111.94139194139194,-115.06715506715508,-4.102564102564102,-20.512820512820515
17.77777777777778,-65.05494505494505,-37.31379731379732,11.916971916971915,0.0,1.3675213675213675,-30.671550671550676,-39.26739926739927,-2.93040293040293,0.0,-33.7973137973138,-18.55921855921856,0.0,-86.15384615384616,-19.34065934065934,-24.81074481074481,7.228327228327228,0.0,-72.47863247863248,2.5396825396825395,-29.499389499389498,-24.42002442002442,0.0,37.704517704517706,79.51159951159951,-88.88888888888889,-5.665445665445666,-29.499389499389498
22.466422466422465,-59.1941391941392,-25.592185592185597,2.5396825396825395,0.0,7.619047619047619,-26.37362637362637,-29.89010989010989,-8.791208791208792,0.0,-29.10866910866911,-15.042735042735044,0.0,-88.4981684981685,-13.47985347985348,-21.294261294261293,-6.056166056166056,0.0,-65.83638583638583,2.148962148962149,-30.671550671550676,-34.969474969474966,0.0,25.982905982905983,60.757020757020754,-75.995115995116,-5.274725274725275,-30.671550671550676
24.81074481074481,-55.67765567765568,-14.261294261294262,-5.274725274725275,0.0,13.870573870573873,-31.062271062271066,-21.68498168498169,-10.744810744810744,0.0,-27.545787545787547,-19.73137973137973,0.0,-90.84249084249085,-11.916971916971915,-17.387057387057386,-16.605616605616607,0.0,-62.71062271062271,1.3675213675213675,-31.843711843711844,-43.17460317460318,0.0,14.652014652014651,71.30647130647131,-92.014652014652,-6.056166056166056,-31.843711843711844
25.592185592185597,-53.724053724053725,-7.619047619047619,-6.446886446886447,0.0,18.168498168498168,-36.14163614163614,-16.996336996336996,-6.837606837606837,0.0,-31.843711843711844,-23.247863247863247,0.0,-88.88888888888889,-13.47985347985348,-17.387057387057386,-21.68498168498169,0.0,-62.71062271062271,0.1953601953601953,-35.75091575091575,-43.56532356532357,0.0,8.00976800976801,55.67765567765568,-84.59096459096459,-6.837606837606837,-35.75091575091575
28.32722832722833,-50.20757020757021,-2.148962148962149,-13.47985347985348,0.0,21.294261294261293,-35.36019536019536,-7.619047619047619,-14.261294261294262,0.0,-33.40659340659341,-22.466422466422465,0.0,-86.15384615384616,-9.18192918192918,-14.652014652014651,-35.75091575091575,0.0,-63.88278388278388,1.7582417582417582,-38.87667887667888,-45.90964590964591,0.0,2.5396825396825395,42.78388278388278,-79.51159951159951,-8.00976800976801,-38.87667887667888
34.57875457875458,-45.51892551892552,4.884004884004884,-23.247863247863247,0.0,24.02930402930403,-33.01587301587302,6.056166056166056,-25.982905982905983,0.0,-33.01587301587302,-19.34065934065934,0.0,-82.63736263736264,-4.102564102564102,-9.18192918192918,-47.472527472527474,0.0,-62.71062271062271,4.884004884004884,-40.43956043956044,-46.3003663003663,0.0,-4.493284493284493,35.36019536019536,-78.73015873015873,-7.619047619047619,-40.43956043956044
37.704517704517706,-40.43956043956044,10.354090354090356,-22.075702075702075,0.0,22.857142857142858,-27.545787545787547,16.214896214896214,-24.81074481074481,0.0,-31.843711843711844,-15.042735042735044,0.0,-80.68376068376068,-0.1953601953601953,-5.665445665445666,-45.12820512820513,0.0,-58.02197802197802,2.93040293040293,-43.95604395604396,-33.40659340659341,0.0,-9.963369963369964,-2.5396825396825395,-45.51892551892552,-8.791208791208792,-43.95604395604396
42.78388278388278,-33.40659340659341,15.824175824175825,-22.466422466422465,0.0,24.42002442002442,-22.075702075702075,25.592185592185597,-24.81074481074481,0.0,-29.499389499389498,-7.228327228327228,0.0,-79.12087912087912,5.274725274725275,-3.711843711843712,-37.31379731379732,0.0,-50.989010989010985,1.3675213675213675,-45.12820512820513,-19.34065934065934,0.0,-15.433455433455434,-25.982905982905983,-24.81074481074481,-10.744810744810744,-45.12820512820513
50.20757020757021,-24.81074481074481,23.247863247863247,-33.40659340659341,0.0,27.936507936507937,-15.433455433455434,39.26739926739927,-36.14163614163614,0.0,-25.982905982905983,0.1953601953601953,0.0,-75.6043956043956,15.433455433455434,1.7582417582417582,-40.04884004884005,0.0,-41.61172161172161,3.3211233211233213,-38.87667887667888,-20.512820512820515,0.0,-22.857142857142858,14.652014652014651,-69.74358974358974,-11.135531135531137,-38.87667887667888
54.89621489621489,-16.605616605616607,24.81074481074481,-42.002442002442,0.0,25.982905982905983,-11.135531135531137,45.90964590964591,-39.26739926739927,0.0,-26.37362637362637,6.446886446886447,0.0,-74.82295482295483,19.34065934065934,7.228327228327228,-36.92307692307692,0.0,-36.53235653235653,4.884004884004884,-30.671550671550676,-22.075702075702075,0.0,-24.42002442002442,15.042735042735044,-79.51159951159951,-9.572649572649572,-30.671550671550676
56.84981684981685,-12.307692307692308,17.387057387057386,-46.3003663003663,0.0,20.512820512820515,-11.916971916971915,46.69108669108669,-39.26739926739927,0.0,-30.671550671550676,9.18192918192918,0.0,-79.51159951159951,14.652014652014651,10.354090354090356,-24.42002442002442,0.0,-38.095238095238095,1.7582417582417582,-22.075702075702075,-18.94993894993895,0.0,-16.996336996336996,-41.61172161172161,-34.57875457875458,-11.526251526251526,-22.075702075702075
61.92918192918193,-3.711843711843712,9.572649572649572,-64.66422466422466,0.0,17.77777777777778,-7.228327228327228,46.3003663003663,-52.94261294261294,0.0,-31.843711843711844,12.307692307692308,0.0,-81.07448107448107,14.652014652014651,13.47985347985348,-24.02930402930403,0.0,-38.87667887667888,2.148962148962149,-14.261294261294262,-25.592185592185597,0.0,-9.18192918192918,-50.5982905982906,-40.04884004884005,-12.307692307692308,-14.261294261294262
64.27350427350427,6.446886446886447,2.148962148962149,-77.94871794871794,0.0,12.307692307692308,-4.493284493284493,46.69108669108669,-58.02197802197802,0.0,-30.28083028083028,13.089133089133089,0.0,-84.2002442002442,18.94993894993895,16.605616605616607,-22.075702075702075,0.0,-39.26739926739927,6.056166056166056,-8.00976800976801,-28.32722832722833,0.0,-1.7582417582417582,-22.857142857142858,-78.73015873015873,-13.47985347985348,-8.00976800976801
64.27350427350427,15.824175824175825,-7.228327228327228,-78.73015873015873,0.0,7.228327228327228,-2.93040293040293,42.78388278388278,-50.989010989010985,0.0,-27.936507936507937,15.042735042735044,0.0,-85.37240537240537,22.466422466422465,13.870573870573873,-11.916971916971915,0.0,-36.14163614163614,5.274725274725275,-8.4004884004884,-19.73137973137973,0.0,7.619047619047619,-58.8034188034188,-50.989010989010985,-15.433455433455434,-8.4004884004884
65.83638583638583,24.02930402930403,-14.261294261294262,-77.55799755799755,0.0,2.5396825396825395,-1.7582417582417582,42.002442002442,-43.17460317460318,0.0,-25.592185592185597,20.903540903540904,0.0,-86.15384615384616,29.89010989010989,12.307692307692308,-6.837606837606837,0.0,-34.18803418803419,8.00976800976801,-8.791208791208792,-14.261294261294262,0.0,14.652014652014651,-102.17338217338218,-13.089133089133089,-16.605616605616607,-8.791208791208792
70.13431013431014,30.671550671550676,-20.903540903540904,-79.51159951159951,0.0,1.7582417582417582,-2.5396825396825395,44.737484737484735,-42.78388278388278,0.0,-22.075702075702075,29.499389499389498,0.0,-82.63736263736264,35.75091575091575,14.261294261294262,-11.135531135531137,0.0,-30.28083028083028,10.744810744810744,-6.056166056166056,-17.387057387057386,0.0,21.294261294261293,-69.35286935286935,-47.86324786324786,-18.168498168498168,-6.056166056166056
68.18070818070818,30.28083028083028,-29.10866910866911,-70.52503052503053,0.0,-2.5396825396825395,-8.00976800976801,44.737484737484735,-33.01587301587302,0.0,-23.247863247863247,31.843711843711844,0.0,-82.63736263736264,32.234432234432234,16.605616605616607,-4.884004884004884,0.0,-31.843711843711844,7.228327228327228,-2.93040293040293,-9.18192918192918,0.0,29.499389499389498,-39.26739926739927,-77.94871794871794,-22.857142857142858,-2.93040293040293
64.27350427350427,24.42002442002442,-36.92307692307692,-59.975579975579976,0.0,-7.619047619047619,-15.824175824175825,41.22100122100122,-24.81074481074481,0.0,-26.37362637362637,33.01587301587302,0.0,-81.46520146520146,22.857142857142858,17.387057387057386,4.884004884004884,0.0,-36.53235653235653,-0.1953601953601953,0.9768009768009768,0.5860805860805861,0.0,37.31379731379732,-68.57142857142857,-48.64468864468864,-26.37362637362637,0.9768009768009768
58.8034188034188,21.294261294261293,-41.22100122100122,-58.8034188034188,0.0,-13.089133089133089,-17.77777777777778,40.83028083028083,-27.936507936507937,0.0,-25.592185592185597,33.7973137973138,0.0,-77.94871794871794,20.12210012210012,18.55921855921856,4.102564102564102,0.0,-36.92307692307692,-3.3211233211233213,6.446886446886447,0.5860805860805861,0.0,41.61172161172161,-82.24664224664225,-28.71794871794872,-27.155067155067155,6.446886446886447
49.42612942612943,15.824175824175825,-43.56532356532357,-49.81684981684982,0.0,-24.81074481074481,-16.214896214896214,38.87667887667888,-23.63858363858364,0.0,-25.2014652014652,32.62515262515262,0.0,-76.77655677655677,18.168498168498168,17.387057387057386,9.572649572649572,0.0,-34.969474969474966,-6.837606837606837,6.837606837606837,5.274725274725275,0.0,43.95604395604396,-72.08791208791209,-28.32722832722833,-25.592185592185597,6.837606837606837
38.48595848595848,9.18192918192918,-44.737484737484735,-35.36019536019536,0.0,-38.87667887667888,-15.042735042735044,34.57875457875458,-11.916971916971915,0.0,-25.2014652014652,33.7973137973138,0.0,-79.12087912087912,15.824175824175825,11.526251526251526,18.168498168498168,0.0,-31.062271062271066,-13.870573870573873,2.148962148962149,11.135531135531137,0.0,45.12820512820513,-68.57142857142857,-15.433455433455434,-24.81074481074481,2.148962148962149
31.45299145299145,5.274725274725275,-43.56532356532357,-29.10866910866911,0.0,-50.5982905982906,-7.619047619047619,34.57875457875458,-10.354090354090356,0.0,-20.903540903540904,36.92307692307692,0.0,-77.55799755799755,16.214896214896214,7.619047619047619,15.433455433455434,0.0,-26.764346764346765,-13.47985347985348,0.1953601953601953,4.884004884004884,0.0,43.95604395604396,-45.12820512820513,-19.34065934065934,-21.68498168498169,0.1953601953601953
23.63858363858364,0.1953601953601953,-39.26739926739927,-19.73137973137973,0.0,-61.92918192918193,1.7582417582417582,33.7973137973138,-8.00976800976801,0.0,-16.214896214896214,38.095238095238095,0.0,-74.04151404151405,13.47985347985348,6.056166056166056,12.307692307692308,0.0,-23.247863247863247,-14.261294261294262,0.1953601953601953,-0.9768009768009768,0.0,39.65811965811966,-9.18192918192918,-32.62515262515262,-22.075702075702075,0.1953601953601953
14.261294261294262,-10.744810744810744,-35.36019536019536,-0.5860805860805861,0.0,-71.30647130647131,4.102564102564102,28.32722832722833,5.274725274725275,0.0,-14.652014652014651,34.18803418803419,0.0,-73.26007326007326,4.102564102564102,2.5396825396825395,22.075702075702075,0.0,-27.936507936507937,-18.55921855921856,0.9768009768009768,3.711843711843712,0.0,35.75091575091575,-19.34065934065934,-5.665445665445666,-22.857142857142858,0.9768009768009768
8.00976800976801,-21.68498168498169,-29.499389499389498,11.135531135531137,0.0,-75.6043956043956,9.18192918192918,21.68498168498169,11.526251526251526,0.0,-12.307692307692308,32.234432234432234,0.0,-65.05494505494505,-5.665445665445666,0.1953601953601953,28.32722832722833,0.0,-31.45299145299145,-21.294261294261293,1.7582417582417582,9.963369963369964,0.0,29.89010989010989,-26.37362637362637,13.870573870573873,-21.294261294261293,1.7582417582417582
4.102564102564102,-28.32722832722833,-18.55921855921856,13.089133089133089,0.0,-74.43223443223444,17.387057387057386,21.294261294261293,6.056166056166056,0.0,-9.963369963369964,32.234432234432234,0.0,-53.724053724053725,-9.572649572649572,6.446886446886447,19.34065934065934,0.0,-28.32722832722833,-20.512820512820515,6.837606837606837,5.665445665445666,0.0,18.94993894993895,25.2014652014652,-19.73137973137973,-23.63858363858364,6.837606837606837
-0.1953601953601953,-34.57875457875458,-10.354090354090356,22.075702075702075,0.0,-75.21367521367522,22.857142857142858,16.605616605616607,11.916971916971915,0.0,-8.4004884004884,34.57875457875458,0.0,-47.86324786324786,-13.47985347985348,9.572649572649572,22.466422466422465,0.0,-23.63858363858364,-24.81074481074481,8.791208791208792,11.916971916971915,0.0,10.744810744810744,26.764346764346765,-4.884004884004884,-26.37362637362637,8.791208791208792
-4.884004884004884,-40.43956043956044,-2.5396825396825395,27.545787545787547,0.0,-76.38583638583638,27.155067155067155,12.698412698412698,15.824175824175825,0.0,-4.884004884004884,36.14163614163614,0.0,-42.39316239316239,-15.824175824175825,8.00976800976801,25.592185592185597,0.0,-18.55921855921856,-28.32722832722833,8.00976800976801,15.824175824175825,0.0,2.93040293040293,-22.075702075702075,59.975579975579976,-25.2014652014652,8.00976800976801
-10.744810744810744,-42.39316239316239,11.135531135531137,24.42002442002442,0.0,-75.995115995116,31.843711843711844,11.526251526251526,13.870573870573873,0.0,0.9768009768009768,37.704517704517706,0.0,-37.704517704517706,-13.089133089133089,8.4004884004884,18.94993894993895,0.0,-10.354090354090356,-29.89010989010989,11.135531135531137,7.228327228327228,0.0,-10.744810744810744,9.572649572649572,52.94261294261294,-26.764346764346765,11.135531135531137
-19.73137973137973,-43.95604395604396,25.2014652014652,23.247863247863247,0.0,-75.21367521367522,33.40659340659341,8.791208791208792,16.996336996336996,0.0,4.884004884004884,37.31379731379732,0.0,-34.57875457875458,-9.572649572649572,5.274725274725275,15.824175824175825,0.0,-6.056166056166056,-29.10866910866911,13.47985347985348,0.1953601953601953,0.0,-24.81074481074481,70.13431013431014,10.744810744810744,-25.2014652014652,13.47985347985348
-29.499389499389498,-50.5982905982906,37.31379731379732,31.062271062271066,0.0,-77.94871794871794,31.843711843711844,2.148962148962149,31.062271062271066,0.0,6.056166056166056,34.969474969474966,0.0,-34.57875457875458,-9.963369963369964,-2.93040293040293,22.075702075702075,0.0,-6.837606837606837,-33.01587301587302,13.47985347985348,1.3675213675213675,0.0,-36.92307692307692,32.62515262515262,61.14774114774115,-22.075702075702075,13.47985347985348
-37.31379731379732,-52.16117216117216,51.77045177045177,31.843711843711844,0.0,-81.46520146520146,38.095238095238095,0.1953601953601953,36.53235653235653,0.0,6.446886446886447,38.095238095238095,0.0,-30.28083028083028,-8.00976800976801,-4.102564102564102,15.042735042735044,0.0,-4.493284493284493,-34.18803418803419,15.824175824175825,-3.711843711843712,0.0,-51.37973137973138,-17.77777777777778,125.22588522588522,-21.294261294261293,15.824175824175825
-40.43956043956044,-52.55189255189255,61.92918192918193,32.234432234432234,0.0,-80.29304029304029,43.56532356532357,-0.1953601953601953,39.26739926739927,0.0,6.056166056166056,47.86324786324786,0.0,-25.592185592185597,-5.665445665445666,-0.5860805860805861,7.619047619047619,0.0,0.1953601953601953,-37.704517704517706,21.294261294261293,-8.4004884004884,0.0,-61.53846153846154,8.4004884004884,110.37851037851038,-25.2014652014652,21.294261294261293
-40.83028083028083,-55.28693528693529,67.3992673992674,36.92307692307692,0.0,-83.80952380952381,47.86324786324786,-0.9768009768009768,45.90964590964591,0.0,4.102564102564102,54.89621489621489,0.0,-24.42002442002442,-8.00976800976801,0.5860805860805861,8.791208791208792,0.0,3.711843711843712,-46.3003663003663,23.63858363858364,-3.3211233211233213,0.0,-67.00854700854701,10.744810744810744,116.63003663003664,-30.671550671550676,23.63858363858364
-40.43956043956044,-59.58485958485959,72.08791208791209,36.53235653235653,0.0,-86.54456654456655,50.989010989010985,-2.5396825396825395,47.081807081807085,0.0,2.148962148962149,63.10134310134311,0.0,-22.075702075702075,-11.135531135531137,1.7582417582417582,4.884004884004884,0.0,7.228327228327228,-51.77045177045177,20.903540903540904,-2.93040293040293,0.0,-71.6971916971917,-2.93040293040293,140.46398046398048,-31.45299145299145,20.903540903540904
-37.704517704517706,-58.8034188034188,75.21367521367522,29.89010989010989,0.0,-81.46520146520146,52.94261294261294,-2.5396825396825395,40.43956043956044,0.0,3.3211233211233213,69.35286935286935,0.0,-16.996336996336996,-11.526251526251526,4.102564102564102,-3.3211233211233213,0.0,15.042735042735044,-52.55189255189255,17.77777777777778,-8.791208791208792,0.0,-74.82295482295483,25.982905982905983,120.92796092796092,-31.062271062271066,17.77777777777778
-34.969474969474966,-59.1941391941392,74.43223443223444,32.234432234432234,0.0,-77.16727716727716,51.77045177045177,-6.056166056166056,44.346764346764346,0.0,2.93040293040293,72.47863247863248,0.0,-16.214896214896214,-11.916971916971915,4.102564102564102,-3.711843711843712,0.0,21.294261294261293,-55.28693528693529,11.526251526251526,-5.274725274725275,0.0,-74.04151404151405,24.42002442002442,127.96092796092796,-29.89010989010989,11.526251526251526
-34.57875457875458,-58.02197802197802,71.6971916971917,36.53235653235653,0.0,-76.77655677655677,56.06837606837607,-11.135531135531137,48.25396825396825,0.0,5.665445665445666,72.08791208791209,0.0,-17.77777777777778,-9.572649572649572,1.3675213675213675,-4.493284493284493,0.0,25.982905982905983,-56.45909645909646,0.5860805860805861,-0.5860805860805861,0.0,-71.30647130647131,8.791208791208792,145.15262515262515,-28.71794871794872,0.5860805860805861
-30.671550671550676,-52.16117216117216,70.52503052503053,29.499389499389498,0.0,-69.74358974358974,63.10134310134311,-14.261294261294262,38.48595848595848,0.0,12.698412698412698,75.21367521367522,0.0,-13.47985347985348,-1.7582417582417582,2.148962148962149,-16.996336996336996,0.0,33.01587301587302,-54.5054945054945,-5.274725274725275,-2.93040293040293,0.0,-70.13431013431014,40.04884004884005,112.33211233211232,-29.10866910866911,-5.274725274725275
-25.592185592185597,-46.69108669108669,68.96214896214896,23.247863247863247,0.0,-59.58485958485959,67.3992673992674,-16.214896214896214,28.71794871794872,0.0,17.387057387057386,77.55799755799755,0.0,-9.572649572649572,2.5396825396825395,0.5860805860805861,-27.155067155067155,0.0,38.095238095238095,-55.67765567765568,-10.744810744810744,-2.93040293040293,0.0,-68.57142857142857,67.3992673992674,79.12087912087912,-30.671550671550676,-10.744810744810744
-24.81074481074481,-47.86324786324786,64.27350427350427,25.2014652014652,0.0,-57.24053724053724,65.05494505494505,-22.857142857142858,32.234432234432234,0.0,18.168498168498168,74.04151404151405,0.0,-9.18192918192918,0.1953601953601953,-5.274725274725275,-25.592185592185597,0.0,37.31379731379732,-60.366300366300365,-21.68498168498169,3.711843711843712,0.0,-63.88278388278388,44.346764346764346,98.26617826617829,-32.62515262515262,-21.68498168498169
-20.512820512820515,-50.20757020757021,62.71062271062271,16.214896214896214,0.0,-50.20757020757021,58.8034188034188,-26.764346764346765,27.155067155067155,0.0,15.433455433455434,70.52503052503053,0.0,-5.665445665445666,-4.102564102564102,-7.228327228327228,-32.62515262515262,0.0,38.87667887667888,-62.31990231990232,-27.936507936507937,0.5860805860805861,0.0,-62.31990231990232,54.89621489621489,82.63736263736264,-31.062271062271066,-27.936507936507937
-14.652014652014651,-49.42612942612943,59.58485958485959,7.619047619047619,0.0,-42.39316239316239,52.16117216117216,-27.155067155067155,20.12210012210012,0.0,11.526251526251526,67.00854700854701,0.0,-1.3675213675213675,-7.228327228327228,-4.493284493284493,-40.43956043956044,0.0,43.95604395604396,-63.10134310134311,-28.32722832722833,-6.837606837606837,0.0,-59.1941391941392,124.83516483516485,11.526251526251526,-33.01587301587302,-28.32722832722833
-13.089133089133089,-49.42612942612943,48.64468864468864,8.00976800976801,0.0,-43.95604395604396,45.51892551892552,-31.062271062271066,24.02930402930403,0.0,8.4004884004884,57.63125763125763,0.0,-5.274725274725275,-8.4004884004884,-4.884004884004884,-38.48595848595848,0.0,47.86324786324786,-66.61782661782662,-31.45299145299145,-7.619047619047619,0.0,-48.25396825396825,110.76923076923076,19.73137973137973,-34.969474969474966,-31.45299145299145
-10.354090354090356,-45.51892551892552,38.87667887667888,4.102564102564102,0.0,-45.51892551892552,42.39316239316239,-33.01587301587302,23.247863247863247,0.0,11.135531135531137,49.42612942612943,0.0,-8.4004884004884,-4.884004884004884,-5.665445665445666,-40.83028083028083,0.0,52.16117216117216,-68.57142857142857,-34.18803418803419,-10.354090354090356,0.0,-38.48595848595848,47.472527472527474,74.04151404151405,-37.31379731379732,-34.18803418803419
-4.884004884004884,-35.75091575091575,32.234432234432234,-8.00976800976801,0.0,-40.43956043956044,42.39316239316239,-28.32722832722833,9.963369963369964,0.0,18.94993894993895,46.69108669108669,0.0,-2.5396825396825395,2.93040293040293,-6.446886446886447,-53.724053724053725,0.0,59.1941391941392,-65.44566544566544,-35.75091575091575,-17.387057387057386,0.0,-31.843711843711844,70.13431013431014,43.17460317460318,-40.04884004884005,-35.75091575091575
0.5860805860805861,-29.10866910866911,23.63858363858364,-18.168498168498168,0.0,-40.83028083028083,42.002442002442,-28.32722832722833,4.884004884004884,0.0,25.592185592185597,41.61172161172161,0.0,0.5860805860805861,5.665445665445666,-10.354090354090356,-59.58485958485959,0.0,61.53846153846154,-66.22710622710623,-41.22100122100122,-16.996336996336996,0.0,-23.247863247863247,88.1074481074481,15.433455433455434,-44.737484737484735,-41.22100122100122
7.228327228327228,-27.936507936507937,11.526251526251526,-26.764346764346765,0.0,-39.26739926739927,36.53235653235653,-34.57875457875458,2.93040293040293,0.0,28.71794871794872,34.57875457875458,0.0,2.5396825396825395,0.1953601953601953,-16.605616605616607,-62.31990231990232,0.0,60.366300366300365,-70.52503052503053,-53.724053724053725,-11.526251526251526,0.0,-11.135531135531137,35.36019536019536,55.67765567765568,-48.25396825396825,-53.724053724053725
18.55921855921856,-25.2014652014652,4.102564102564102,-47.86324786324786,0.0,-32.62515262515262,34.57875457875458,-40.43956043956044,-10.744810744810744,0.0,31.843711843711844,27.545787545787547,0.0,9.18192918192918,-3.3211233211233213,-19.73137973137973,-74.04151404151405,0.0,63.10134310134311,-72.08791208791209,-61.92918192918193,-16.996336996336996,0.0,-3.711843711843712,15.824175824175825,64.27350427350427,-50.5982905982906,-61.92918192918193
28.32722832722833,-22.075702075702075,-6.056166056166056,-64.66422466422466,0.0,-28.71794871794872,34.57875457875458,-48.25396825396825,-20.903540903540904,0.0,33.40659340659341,15.433455433455434,0.0,11.135531135531137,-8.791208791208792,-18.94993894993895,-83.41880341880342,0.0,64.66422466422466,-76.38583638583638,-65.83638583638583,-22.466422466422465,0.0,6.446886446886447,48.25396825396825,16.996336996336996,-54.114774114774114,-65.83638583638583
35.36019536019536,-20.903540903540904,-18.94993894993895,-73.65079365079364,0.0,-27.936507936507937,32.234432234432234,-58.41269841269841,-22.857142857142858,0.0,33.7973137973138,0.1953601953601953,0.0,10.354090354090356,-13.47985347985348,-25.2014652014652,-83.80952380952381,0.0,63.88278388278388,-80.29304029304029,-70.13431013431014,-24.81074481074481,0.0,19.34065934065934,57.63125763125763,-8.791208791208792,-56.06837606837607,-70.13431013431014
40.83028083028083,-15.433455433455434,-30.28083028083028,-83.02808302808303,0.0,-27.155067155067155,29.499389499389498,-61.92918192918193,-28.71794871794872,0.0,34.18803418803419,-10.354090354090356,0.0,11.916971916971915,-15.824175824175825,-27.936507936507937,-86.54456654456655,0.0,64.27350427350427,-79.9023199023199,-70.91575091575092,-31.45299145299145,0.0,30.671550671550676,48.64468864468864,-17.77777777777778,-52.94261294261294,-70.91575091575092
44.737484737484735,-7.619047619047619,-40.83028083028083,-92.4053724053724,0.0,-27.936507936507937,28.32722832722833,-59.1941391941392,-37.31379731379732,0.0,32.62515262515262,-15.433455433455434,0.0,15.433455433455434,-17.387057387057386,-27.545787545787547,-90.84249084249085,0.0,65.05494505494505,-77.16727716727716,-65.83638583638583,-41.61172161172161,0.0,41.22100122100122,61.92918192918193,-43.56532356532357,-53.724053724053725,-65.83638583638583
47.472527472527474,-1.7582417582417582,-54.114774114774114,-90.06105006105007,0.0,-31.843711843711844,24.42002442002442,-57.24053724053724,-33.7973137973138,0.0,27.155067155067155,-18.168498168498168,0.0,14.652014652014651,-24.02930402930403,-26.37362637362637,-80.68376068376068,0.0,62.71062271062271,-75.6043956043956,-59.975579975579976,-43.17460317460318,0.0,54.5054945054945,28.71794871794872,-22.466422466422465,-54.114774114774114,-59.975579975579976
49.03540903540904,7.228327228327228,-65.05494505494505,-87.71672771672772,0.0,-32.234432234432234,24.42002442002442,-55.67765567765568,-31.062271062271066,0.0,22.075702075702075,-16.214896214896214,0.0,16.214896214896214,-31.843711843711844,-21.68498168498169,-68.96214896214896,0.0,63.88278388278388,-74.04151404151405,-54.114774114774114,-42.002442002442,0.0,65.44566544566544,8.00976800976801,-13.089133089133089,-52.16117216117216,-54.114774114774114
53.724053724053725,22.075702075702075,-65.05494505494505,-93.96825396825396,0.0,-28.71794871794872,29.89010989010989,-48.25396825396825,-34.969474969474966,0.0,22.857142857142858,-10.744810744810744,0.0,25.982905982905983,-35.36019536019536,-16.605616605616607,-70.52503052503053,0.0,68.57142857142857,-70.13431013431014,-47.86324786324786,-46.69108669108669,0.0,65.44566544566544,47.86324786324786,-59.58485958485959,-51.37973137973138,-47.86324786324786
57.24053724053724,34.57875457875458,-60.757020757020754,-97.87545787545788,0.0,-24.81074481074481,33.01587301587302,-43.95604395604396,-29.499389499389498,0.0,24.02930402930403,-6.837606837606837,0.0,36.14163614163614,-38.48595848595848,-12.307692307692308,-71.6971916971917,0.0,72.47863247863248,-66.61782661782662,-43.95604395604396,-47.86324786324786,0.0,61.14774114774115,40.83028083028083,-59.975579975579976,-47.86324786324786,-43.95604395604396
54.114774114774114,42.78388278388278,-55.28693528693529,-95.92185592185592,0.0,-22.466422466422465,25.592185592185597,-41.61172161172161,-14.652014652014651,0.0,23.63858363858364,-5.274725274725275,0.0,39.26739926739927,-38.48595848595848,-14.261294261294262,-67.78998778998779,0.0,72.08791208791209,-63.10134310134311,-47.86324786324786,-42.39316239316239,0.0,55.67765567765568,-26.37362637362637,-1.3675213675213675,-40.83028083028083,-47.86324786324786
50.5982905982906,49.42612942612943,-49.81684981684982,-97.87545787545788,0.0,-20.903540903540904,18.94993894993895,-36.14163614163614,-8.791208791208792,0.0,24.02930402930403,-4.884004884004884,0.0,40.04884004884005,-32.234432234432234,-17.387057387057386,-72.08791208791209,0.0,72.08791208791209,-57.63125763125763,-51.77045177045177,-43.95604395604396,0.0,50.20757020757021,-26.37362637362637,-7.228327228327228,-34.57875457875458,-51.77045177045177
45.90964590964591,54.114774114774114,-45.12820512820513,-105.2991452991453,0.0,-15.433455433455434,9.963369963369964,-31.062271062271066,-12.307692307692308,0.0,20.512820512820515,-6.056166056166056,0.0,39.26739926739927,-27.545787545787547,-15.042735042735044,-79.9023199023199,0.0,71.30647130647131,-52.94261294261294,-48.25396825396825,-53.333333333333336,0.0,45.51892551892552,11.916971916971915,-45.51892551892552,-34.18803418803419,-48.25396825396825
38.48595848595848,50.989010989010985,-46.3003663003663,-99.04761904761904,0.0,-12.698412698412698,-0.5860805860805861,-30.671550671550676,-9.18192918192918,0.0,13.870573870573873,-12.307692307692308,0.0,29.10866910866911,-25.592185592185597,-13.47985347985348,-74.43223443223444,0.0,67.78998778998779,-54.5054945054945,-43.17460317460318,-54.5054945054945,0.0,46.69108669108669,-23.63858363858364,-6.056166056166056,-35.75091575091575,-43.17460317460318
33.01587301587302,49.81684981684982,-51.77045177045177,-90.84249084249085,0.0,-10.354090354090356,-4.493284493284493,-34.18803418803419,-8.4004884004884,0.0,11.135531135531137,-14.652014652014651,0.0,26.764346764346765,-29.89010989010989,-18.168498168498168,-65.83638583638583,0.0,65.05494505494505,-58.02197802197802,-43.95604395604396,-49.81684981684982,0.0,52.16117216117216,-51.37973137973138,25.592185592185597,-39.26739926739927,-43.95604395604396
33.01587301587302,47.472527472527474,-52.55189255189255,-92.7960927960928,0.0,-4.493284493284493,-7.228327228327228,-32.62515262515262,-17.387057387057386,0.0,7.228327228327228,-15.433455433455434,0.0,30.671550671550676,-34.969474969474966,-15.433455433455434,-73.26007326007326,0.0,63.49206349206349,-61.14774114774115,-38.095238095238095,-56.84981684981685,0.0,52.94261294261294,-22.857142857142858,6.837606837606837,-47.081807081807085,-38.095238095238095
32.234432234432234,38.48595848595848,-54.5054945054945,-84.2002442002442,0.0,-3.711843711843712,-13.870573870573873,-32.62515262515262,-14.652014652014651,0.0,2.5396825396825395,-13.870573870573873,0.0,25.592185592185597,-39.65811965811966,-16.214896214896214,-70.52503052503053,0.0,58.41269841269841,-67.78998778998779,-40.43956043956044,-50.5982905982906,0.0,54.89621489621489,1.7582417582417582,-11.526251526251526,-52.94261294261294,-40.43956043956044
30.28083028083028,31.062271062271066,-59.58485958485959,-69.74358974358974,0.0,-7.619047619047619,-19.34065934065934,-33.01587301587302,-4.884004884004884,0.0,0.1953601953601953,-13.089133089133089,0.0,18.55921855921856,-43.17460317460318,-17.77777777777778,-63.49206349206349,0.0,50.989010989010985,-69.74358974358974,-46.69108669108669,-40.04884004884005,0.0,59.975579975579976,-5.274725274725275,-7.228327228327228,-51.37973137973138,-46.69108669108669
32.234432234432234,25.982905982905983,-62.31990231990232,-68.96214896214896,0.0,-9.572649572649572,-23.247863247863247,-27.545787545787547,-9.963369963369964,0.0,-4.102564102564102,-9.18192918192918,0.0,12.307692307692308,-40.43956043956044,-13.870573870573873,-68.57142857142857,0.0,45.12820512820513,-66.22710622710623,-48.25396825396825,-41.22100122100122,0.0,62.71062271062271,-0.9768009768009768,-16.605616605616607,-48.25396825396825,-48.25396825396825
32.234432234432234,22.075702075702075,-65.05494505494505,-63.49206349206349,0.0,-10.354090354090356,-26.37362637362637,-25.592185592185597,-8.791208791208792,0.0,-6.837606837606837,-6.446886446886447,0.0,3.711843711843712,-36.92307692307692,-5.665445665445666,-68.18070818070818,0.0,42.78388278388278,-63.88278388278388,-47.472527472527474,-39.26739926739927,0.0,65.44566544566544,21.294261294261293,-42.002442002442,-46.69108669108669,-47.472527472527474
28.32722832722833,20.512820512820515,-69.74358974358974,-51.77045177045177,0.0,-9.572649572649572,-28.71794871794872,-25.982905982905983,-4.493284493284493,0.0,-7.228327228327228,-4.884004884004884,0.0,-0.1953601953601953,-34.18803418803419,-2.148962148962149,-61.92918192918193,0.0,42.78388278388278,-58.41269841269841,-48.25396825396825,-34.18803418803419,0.0,70.13431013431014,12.698412698412698,-33.7973137973138,-43.56532356532357,-48.25396825396825
25.982905982905983,18.168498168498168,-72.08791208791209,-45.90964590964591,0.0,-5.274725274725275,-31.45299145299145,-24.81074481074481,-9.572649572649572,0.0,-10.354090354090356,0.1953601953601953,0.0,-0.1953601953601953,-31.45299145299145,-0.9768009768009768,-63.88278388278388,0.0,40.04884004884005,-51.37973137973138,-47.472527472527474,-37.31379731379732,0.0,72.47863247863248,2.5396825396825395,-17.387057387057386,-40.04884004884005,-47.472527472527474
22.857142857142858,13.47985347985348,-66.61782661782662,-43.56532356532357,0.0,-2.5396825396825395,-29.10866910866911,-22.857142857142858,-15.042735042735044,0.0,-11.135531135531137,4.493284493284493,0.0,-0.5860805860805861,-27.155067155067155,0.1953601953601953,-70.13431013431014,0.0,38.87667887667888,-43.95604395604396,-48.64468864468864,-43.56532356532357,0.0,67.00854700854701,5.274725274725275,-6.446886446886447,-37.31379731379732,-48.64468864468864
15.042735042735044,3.3211233211233213,-59.975579975579976,-28.32722832722833,0.0,-5.665445665445666,-29.89010989010989,-23.247863247863247,-8.4004884004884,0.0,-11.135531135531137,2.5396825396825395,0.0,-5.274725274725275,-24.81074481074481,-3.3211233211233213,-64.27350427350427,0.0,34.18803418803419,-35.75091575091575,-54.5054945054945,-42.002442002442,0.0,60.366300366300365,-9.963369963369964,25.2014652014652,-32.234432234432234,-54.5054945054945
9.18192918192918,-6.446886446886447,-52.55189255189255,-15.824175824175825,0.0,-6.837606837606837,-31.45299145299145,-22.075702075702075,-2.93040293040293,0.0,-9.18192918192918,4.493284493284493,0.0,-8.00976800976801,-19.34065934065934,-9.18192918192918,-56.45909645909646,0.0,28.71794871794872,-27.545787545787547,-59.975579975579976,-35.75091575091575,0.0,52.94261294261294,-6.446886446886447,32.234432234432234,-22.075702075702075,-59.975579975579976
7.619047619047619,-11.916971916971915,-40.04884004884005,-15.042735042735044,0.0,-7.228327228327228,-24.42002442002442,-17.77777777777778,-7.228327228327228,0.0,-1.7582417582417582,4.493284493284493,0.0,-4.884004884004884,-11.916971916971915,-7.619047619047619,-58.41269841269841,0.0,28.32722832722833,-16.996336996336996,-58.02197802197802,-36.92307692307692,0.0,40.43956043956044,64.66422466422466,-25.982905982905983,-18.168498168498168,-58.02197802197802
1.3675213675213675,-16.996336996336996,-30.28083028083028,-6.837606837606837,0.0,-12.698412698412698,-17.387057387057386,-14.652014652014651,-6.056166056166056,0.0,4.884004884004884,1.3675213675213675,0.0,-6.056166056166056,-6.446886446886447,-4.102564102564102,-53.333333333333336,0.0,25.592185592185597,-10.744810744810744,-51.37973137973138,-34.18803418803419,0.0,30.671550671550676,93.96825396825396,-47.081807081807085,-15.824175824175825,-51.37973137973138
-2.148962148962149,-24.42002442002442,-24.42002442002442,3.711843711843712,0.0,-17.387057387057386,-15.042735042735044,-12.698412698412698,-0.9768009768009768,0.0,8.791208791208792,0.1953601953601953,0.0,-6.056166056166056,-3.711843711843712,-5.274725274725275,-44.737484737484735,0.0,22.075702075702075,-11.916971916971915,-44.737484737484735,-25.982905982905983,0.0,24.81074481074481,57.63125763125763,-6.837606837606837,-15.824175824175825,-44.737484737484735
-6.446886446886447,-30.28083028083028,-14.652014652014651,5.274725274725275,0.0,-18.94993894993895,-11.526251526251526,-6.837606837606837,-5.665445665445666,0.0,11.526251526251526,-1.7582417582417582,0.0,-5.274725274725275,-1.7582417582417582,-4.884004884004884,-43.17460317460318,0.0,18.168498168498168,-10.744810744810744,-36.14163614163614,-26.764346764346765,0.0,15.042735042735044,67.78998778998779,-10.744810744810744,-15.824175824175825,-36.14163614163614
-11.916971916971915,-37.704517704517706,-0.5860805860805861,6.837606837606837,0.0,-21.68498168498169,-9.572649572649572,-0.5860805860805861,-9.963369963369964,0.0,12.698412698412698,-8.4004884004884,0.0,-7.228327228327228,-1.7582417582417582,-2.148962148962149,-40.43956043956044,0.0,11.916971916971915,-8.791208791208792,-26.764346764346765,-29.10866910866911,0.0,0.9768009768009768,122.4908424908425,-55.28693528693529,-13.47985347985348,-26.764346764346765
-20.12210012210012,-45.51892551892552,4.884004884004884,16.996336996336996,0.0,-22.857142857142858,-13.870573870573873,0.1953601953601953,-5.274725274725275,0.0,13.089133089133089,-13.47985347985348,0.0,-10.354090354090356,-5.274725274725275,-2.93040293040293,-27.936507936507937,0.0,6.056166056166056,-11.526251526251526,-20.12210012210012,-22.075702075702075,0.0,-4.493284493284493,87.71672771672772,-15.824175824175825,-10.744810744810744,-20.12210012210012
-23.247863247863247,-48.64468864468864,8.4004884004884,18.55921855921856,0.0,-18.55921855921856,-15.042735042735044,1.3675213675213675,-9.963369963369964,0.0,15.824175824175825,-15.042735042735044,0.0,-5.665445665445666,-9.572649572649572,-5.274725274725275,-18.168498168498168,0.0,3.711843711843712,-12.698412698412698,-15.433455433455434,-15.433455433455434,0.0,-8.00976800976801,18.55921855921856,57.63125763125763,-10.354090354090356,-15.433455433455434
-24.81074481074481,-48.25396825396825,14.261294261294262,13.870573870573873,0.0,-13.870573870573873,-13.47985347985348,6.446886446886447,-20.903540903540904,0.0,17.77777777777778,-16.214896214896214,0.0,-0.1953601953601953,-11.135531135531137,-1.7582417582417582,-18.55921855921856,0.0,1.7582417582417582,-10.744810744810744,-6.056166056166056,-17.387057387057386,0.0,-13.870573870573873,55.28693528693529,24.81074481074481,-12.307692307692308,-6.056166056166056
-24.02930402930403,-49.42612942612943,17.387057387057386,13.870573870573873,0.0,-9.572649572649572,-14.261294261294262,5.274725274725275,-21.294261294261293,0.0,20.903540903540904,-16.214896214896214,0.0,0.5860805860805861,-10.744810744810744,-0.9768009768009768,-13.47985347985348,0.0,-2.148962148962149,-9.963369963369964,-1.3675213675213675,-10.744810744810744,0.0,-16.996336996336996,67.78998778998779,11.916971916971915,-16.605616605616607,-1.3675213675213675
-23.247863247863247,-52.16117216117216,24.81074481074481,14.261294261294262,0.0,-5.665445665445666,-16.996336996336996,6.056166056166056,-17.387057387057386,0.0,23.63858363858364,-16.214896214896214,0.0,-0.1953601953601953,-9.572649572649572,-5.665445665445666,-3.3211233211233213,0.0,-8.791208791208792,-8.791208791208792,0.1953601953601953,-0.9768009768009768,0.0,-24.42002442002442,36.92307692307692,40.43956043956044,-17.387057387057386,0.1953601953601953
-19.73137973137973,-54.114774114774114,36.53235653235653,10.744810744810744,0.0,-1.3675213675213675,-13.089133089133089,7.228327228327228,-16.605616605616607,0.0,27.936507936507937,-18.94993894993895,0.0,-1.3675213675213675,-4.102564102564102,-4.493284493284493,-2.148962148962149,0.0,-12.698412698412698,-3.711843711843712,2.93040293040293,0.5860805860805861,0.0,-36.14163614163614,58.41269841269841,17.77777777777778,-16.214896214896214,2.93040293040293
-19.73137973137973,-55.67765567765568,45.90964590964591,13.870573870573873,0.0,0.1953601953601953,-11.135531135531137,8.4004884004884,-11.526251526251526,0.0,32.234432234432234,-21.68498168498169,0.0,-6.837606837606837,0.1953601953601953,-3.3211233211233213,4.884004884004884,0.0,-18.168498168498168,0.1953601953601953,6.446886446886447,5.665445665445666,0.0,-45.51892551892552,69.74358974358974,6.056166056166056,-16.214896214896214,6.446886446886447
-18.55921855921856,-58.8034188034188,48.64468864468864,18.55921855921856,0.0,2.148962148962149,-8.4004884004884,8.00976800976801,-10.744810744810744,0.0,33.7973137973138,-22.857142857142858,0.0,-9.572649572649572,0.9768009768009768,-4.884004884004884,15.042735042735044,0.0,-20.903540903540904,1.7582417582417582,8.4004884004884,11.916971916971915,0.0,-48.25396825396825,56.06837606837607,17.77777777777778,-14.652014652014651,8.4004884004884
-16.214896214896214,-59.58485958485959,50.5982905982906,13.47985347985348,0.0,7.228327228327228,-4.102564102564102,10.744810744810744,-24.02930402930403,0.0,36.92307692307692,-20.903540903540904,0.0,-5.274725274725275,3.711843711843712,-2.5396825396825395,11.135531135531137,0.0,-20.512820512820515,4.102564102564102,13.870573870573873,8.00976800976801,0.0,-50.20757020757021,70.52503052503053,2.148962148962149,-14.261294261294262,13.870573870573873
-14.261294261294262,-57.63125763125763,54.5054945054945,7.228327228327228,0.0,10.354090354090356,-0.1953601953601953,13.870573870573873,-34.969474969474966,0.0,37.31379731379732,-15.433455433455434,0.0,-3.711843711843712,8.791208791208792,1.7582417582417582,6.056166056166056,0.0,-22.466422466422465,9.963369963369964,20.12210012210012,5.274725274725275,0.0,-54.114774114774114,87.71672771672772,-16.214896214896214,-13.47985347985348,20.12210012210012
-14.652014652014651,-59.975579975579976,54.114774114774114,12.698412698412698,0.0,10.744810744810744,1.7582417582417582,11.526251526251526,-31.45299145299145,0.0,36.92307692307692,-13.089133089133089,0.0,-5.665445665445666,12.307692307692308,2.93040293040293,13.870573870573873,0.0,-26.764346764346765,12.698412698412698,22.857142857142858,13.47985347985348,0.0,-53.724053724053725,26.37362637362637,37.704517704517706,-9.963369963369964,22.857142857142858
-14.261294261294262,-60.757020757020754,53.724053724053725,15.824175824175825,0.0,12.307692307692308,1.3675213675213675,8.791208791208792,-27.545787545787547,0.0,38.87667887667888,-11.526251526251526,0.0,-8.00976800976801,16.214896214896214,4.493284493284493,17.387057387057386,0.0,-32.234432234432234,16.996336996336996,24.02930402930403,19.73137973137973,0.0,-53.333333333333336,3.711843711843712,51.37973137973138,-6.446886446886447,24.02930402930403
-12.307692307692308,-58.02197802197802,55.28693528693529,15.824175824175825,0.0,12.698412698412698,3.3211233211233213,10.354090354090356,-25.982905982905983,0.0,38.095238095238095,-9.963369963369964,0.0,-10.354090354090356,20.903540903540904,11.916971916971915,15.824175824175825,0.0,-36.14163614163614,23.63858363858364,29.89010989010989,20.12210012210012,0.0,-54.89621489621489,42.39316239316239,5.274725274725275,-5.274725274725275,29.89010989010989
-11.916971916971915,-58.02197802197802,53.333333333333336,24.81074481074481,0.0,11.526251526251526,0.5860805860805861,11.916971916971915,-15.433455433455434,0.0,34.969474969474966,-11.135531135531137,0.0,-15.433455433455434,22.075702075702075,16.214896214896214,24.42002442002442,0.0,-40.43956043956044,26.764346764346765,33.01587301587302,26.37362637362637,0.0,-52.94261294261294,13.089133089133089,25.982905982905983,-3.711843711843712,33.01587301587302
-9.963369963369964,-56.45909645909646,51.77045177045177,28.32722832722833,0.0,11.916971916971915,-3.3211233211233213,13.47985347985348,-7.619047619047619,0.0,30.28083028083028,-11.135531135531137,0.0,-16.996336996336996,18.94993894993895,16.605616605616607,34.57875457875458,0.0,-41.61172161172161,28.71794871794872,34.969474969474966,31.062271062271066,0.0,-51.37973137973138,-35.75091575091575,66.61782661782662,-4.493284493284493,34.969474969474966
-8.4004884004884,-52.16117216117216,55.67765567765568,25.592185592185597,0.0,12.307692307692308,-5.274725274725275,18.55921855921856,-5.274725274725275,0.0,23.63858363858364,-11.916971916971915,0.0,-19.34065934065934,16.605616605616607,19.34065934065934,40.83028083028083,0.0,-43.17460317460318,31.843711843711844,40.04884004884005,29.499389499389498,0.0,-55.28693528693529,12.307692307692308,12.698412698412698,-6.446886446886447,40.04884004884005
-7.228327228327228,-47.86324786324786,65.83638583638583,23.247863247863247,0.0,13.089133089133089,-5.665445665445666,23.247863247863247,2.93040293040293,0.0,19.34065934065934,-14.652014652014651,0.0,-20.12210012210012,15.042735042735044,22.075702075702075,44.737484737484735,0.0,-42.78388278388278,34.57875457875458,43.95604395604396,26.37362637362637,0.0,-65.44566544566544,42.002442002442,-17.387057387057386,-9.963369963369964,43.95604395604396
-9.963369963369964,-46.69108669108669,70.13431013431014,29.499389499389498,0.0,10.744810744810744,-10.744810744810744,21.68498168498169,20.903540903540904,0.0,12.307692307692308,-17.77777777777778,0.0,-24.02930402930403,9.963369963369964,17.387057387057386,57.24053724053724,0.0,-45.90964590964591,32.62515262515262,43.17460317460318,30.671550671550676,0.0,-69.74358974358974,2.93040293040293,15.824175824175825,-10.744810744810744,43.17460317460318
-8.791208791208792,-44.737484737484735,75.6043956043956,27.936507936507937,0.0,13.089133089133089,-12.698412698412698,22.466422466422465,26.764346764346765,0.0,10.354090354090356,-17.77777777777778,0.0,-22.857142857142858,9.18192918192918,16.214896214896214,57.63125763125763,0.0,-47.472527472527474,34.969474969474966,45.51892551892552,26.37362637362637,0.0,-75.21367521367522,-18.168498168498168,36.14163614163614,-9.963369963369964,45.51892551892552
-6.446886446886447,-42.002442002442,80.29304029304029,27.936507936507937,0.0,16.214896214896214,-12.307692307692308,28.71794871794872,27.545787545787547,0.0,10.744810744810744,-15.042735042735044,0.0,-16.996336996336996,12.307692307692308,21.294261294261293,48.25396825396825,0.0,-45.51892551892552,38.48595848595848,54.89621489621489,17.77777777777778,0.0,-79.9023199023199,6.837606837606837,9.963369963369964,-9.963369963369964,54.89621489621489
-6.446886446886447,-42.39316239316239,79.51159951159951,33.40659340659341,0.0,16.214896214896214,-11.526251526251526,31.45299145299145,27.155067155067155,0.0,11.916971916971915,-11.916971916971915,0.0,-11.916971916971915,16.214896214896214,22.857142857142858,46.69108669108669,0.0,-47.081807081807085,42.002442002442,61.92918192918193,15.824175824175825,0.0,-79.12087912087912,35.75091575091575,-16.605616605616607,-10.354090354090356,61.92918192918193
-6.446886446886447,-44.346764346764346,77.55799755799755,32.62515262515262,0.0,16.996336996336996,-9.18192918192918,32.234432234432234,19.34065934065934,0.0,15.433455433455434,-10.354090354090356,0.0,-2.93040293040293,14.652014652014651,22.075702075702075,42.78388278388278,0.0,-46.3003663003663,44.737484737484735,66.22710622710623,12.307692307692308,0.0,-77.16727716727716,42.78388278388278,-20.903540903540904,-9.18192918192918,66.22710622710623
-6.056166056166056,-43.95604395604396,79.51159951159951,23.63858363858364,0.0,16.996336996336996,-5.274725274725275,33.40659340659341,7.619047619047619,0.0,16.605616605616607,-9.572649572649572,0.0,4.884004884004884,17.387057387057386,21.68498168498169,32.234432234432234,0.0,-42.002442002442,49.03540903540904,68.57142857142857,2.148962148962149,0.0,-79.12087912087912,54.5054945054945,-25.592185592185597,-8.791208791208792,68.57142857142857
-8.4004884004884,-44.737484737484735,79.12087912087912,20.903540903540904,0.0,12.698412698412698,-7.228327228327228,31.062271062271066,9.572649572649572,0.0,15.433455433455434,-11.916971916971915,0.0,5.274725274725275,16.996336996336996,16.605616605616607,31.45299145299145,0.0,-38.48595848595848,50.20757020757021,63.88278388278388,-3.711843711843712,0.0,-78.73015873015873,34.57875457875458,2.5396825396825395,-8.4004884004884,63.88278388278388
-12.307692307692308,-44.346764346764346,75.21367521367522,19.73137973137973,0.0,8.4004884004884,-12.307692307692308,26.37362637362637,14.652014652014651,0.0,12.698412698412698,-13.089133089133089,0.0,2.148962148962149,13.870573870573873,8.00976800976801,31.843711843711844,0.0,-34.57875457875458,48.64468864468864,50.20757020757021,-6.446886446886447,0.0,-74.82295482295483,2.148962148962149,39.26739926739927,-4.102564102564102,50.20757020757021
-11.916971916971915,-36.92307692307692,73.65079365079364,11.526251526251526,0.0,8.00976800976801,-12.698412698412698,29.499389499389498,10.744810744810744,0.0,13.47985347985348,-10.354090354090356,0.0,1.3675213675213675,16.214896214896214,6.837606837606837,20.512820512820515,0.0,-30.28083028083028,49.81684981684982,45.51892551892552,-17.387057387057386,0.0,-73.26007326007326,22.075702075702075,18.55921855921856,1.7582417582417582,45.51892551892552
-11.135531135531137,-31.062271062271066,70.52503052503053,13.47985347985348,0.0,6.446886446886447,-9.18192918192918,33.01587301587302,11.135531135531137,0.0,17.77777777777778,-5.665445665445666,0.0,2.93040293040293,18.55921855921856,12.698412698412698,9.963369963369964,0.0,-28.71794871794872,51.37973137973138,45.12820512820513,-22.075702075702075,0.0,-70.13431013431014,41.61172161172161,-7.228327228327228,6.837606837606837,45.12820512820513
-10.744810744810744,-29.499389499389498,66.22710622710623,24.42002442002442,0.0,4.493284493284493,-8.4004884004884,34.969474969474966,18.94993894993895,0.0,21.68498168498169,-0.1953601953601953,0.0,1.3675213675213675,16.996336996336996,15.042735042735044,13.870573870573873,0.0,-30.671550671550676,49.81684981684982,43.56532356532357,-12.307692307692308,0.0,-65.83638583638583,-15.042735042735044,39.65811965811966,12.698412698412698,43.56532356532357
-6.446886446886447,-29.89010989010989,64.66422466422466,31.843711843711844,0.0,3.711843711843712,-2.148962148962149,37.31379731379732,20.12210012210012,0.0,24.81074481074481,8.4004884004884,0.0,3.711843711843712,18.168498168498168,25.2014652014652,11.916971916971915,0.0,-30.28083028083028,50.20757020757021,49.42612942612943,-8.00976800976801,0.0,-64.27350427350427,-31.843711843711844,51.77045177045177,16.996336996336996,49.42612942612943
-2.93040293040293,-28.71794871794872,66.61782661782662,33.40659340659341,0.0,2.148962148962149,3.3211233211233213,42.002442002442,18.55921855921856,0.0,27.155067155067155,18.168498168498168,0.0,4.102564102564102,24.42002442002442,38.095238095238095,5.274725274725275,0.0,-24.81074481074481,52.16117216117216,58.02197802197802,-11.135531135531137,0.0,-66.22710622710623,5.274725274725275,15.824175824175825,18.55921855921856,58.02197802197802
-0.9768009768009768,-29.10866910866911,61.92918192918193,38.48595848595848,0.0,-0.1953601953601953,3.711843711843712,41.61172161172161,24.42002442002442,0.0,25.592185592185597,24.02930402930403,0.0,-0.5860805860805861,25.2014652014652,44.737484737484735,9.572649572649572,0.0,-23.247863247863247,51.77045177045177,59.1941391941392,-6.837606837606837,0.0,-61.53846153846154,-25.2014652014652,46.69108669108669,20.512820512820515,59.1941391941392
0.1953601953601953,-24.81074481074481,55.67765567765568,39.65811965811966,0.0,-3.711843711843712,6.837606837606837,40.43956043956044,25.592185592185597,0.0,23.247863247863247,28.32722832722833,0.0,-2.5396825396825395,22.857142857142858,51.77045177045177,10.744810744810744,0.0,-20.903540903540904,50.989010989010985,57.24053724053724,-2.93040293040293,0.0,-55.28693528693529,-74.82295482295483,92.7960927960928,22.075702075702075,57.24053724053724
6.446886446886447,-17.77777777777778,50.5982905982906,31.062271062271066,0.0,-0.9768009768009768,11.135531135531137,41.61172161172161,17.77777777777778,0.0,25.982905982905983,31.062271062271066,0.0,0.9768009768009768,21.68498168498169,56.84981684981685,2.93040293040293,0.0,-16.605616605616607,49.42612942612943,56.06837606837607,-4.102564102564102,0.0,-50.20757020757021,-34.969474969474966,43.56532356532357,23.247863247863247,56.06837606837607
11.526251526251526,-12.698412698412698,46.69108669108669,31.062271062271066,0.0,0.5860805860805861,12.307692307692308,44.346764346764346,18.168498168498168,0.0,27.155067155067155,33.01587301587302,0.0,2.148962148962149,20.903540903540904,60.366300366300365,1.7582417582417582,0.0,-14.652014652014651,48.25396825396825,52.55189255189255,0.9768009768009768,0.0,-46.3003663003663,-17.387057387057386,18.168498168498168,23.63858363858364,52.55189255189255
15.433455433455434,-12.307692307692308,41.22100122100122,39.65811965811966,0.0,2.148962148962149,10.354090354090356,42.78388278388278,26.764346764346765,0.0,25.592185592185597,35.36019536019536,0.0,2.148962148962149,18.94993894993895,56.84981684981685,11.916971916971915,0.0,-15.042735042735044,45.12820512820513,46.3003663003663,15.433455433455434,0.0,-40.83028083028083,-53.724053724053725,45.90964590964591,26.764346764346765,46.3003663003663
20.12210012210012,-11.135531135531137,40.83028083028083,40.04884004884005,0.0,5.274725274725275,11.916971916971915,44.737484737484735,25.592185592185597,0.0,25.2014652014652,39.65811965811966,0.0,3.711843711843712,25.592185592185597,55.28693528693529,13.870573870573873,0.0,-11.526251526251526,47.081807081807085,45.90964590964591,19.34065934065934,0.0,-40.43956043956044,-75.21367521367522,61.53846153846154,33.01587301587302,45.90964590964591
22.466422466422465,-11.135531135531137,40.83028083028083,40.43956043956044,0.0,9.18192918192918,9.963369963369964,43.56532356532357,28.32722832722833,0.0,22.857142857142858,42.002442002442,0.0,0.9768009768009768,32.62515262515262,54.5054945054945,18.168498168498168,0.0,-8.791208791208792,50.20757020757021,46.69108669108669,19.73137973137973,0.0,-40.43956043956044,-57.24053724053724,43.95604395604396,35.75091575091575,46.69108669108669
22.857142857142858,-9.963369963369964,34.18803418803419,45.51892551892552,0.0,9.963369963369964,9.18192918192918,36.53235653235653,35.36019536019536,0.0,18.55921855921856,38.095238095238095,0.0,-2.93040293040293,31.45299145299145,49.03540903540904,28.71794871794872,0.0,-11.526251526251526,48.64468864468864,42.002442002442,27.545787545787547,0.0,-33.7973137973138,-50.5982905982906,30.28083028083028,38.095238095238095,42.002442002442
23.247863247863247,-2.93040293040293,27.936507936507937,41.22100122100122,0.0,13.089133089133089,12.307692307692308,29.89010989010989,33.01587301587302,0.0,16.605616605616607,34.969474969474966,0.0,-2.93040293040293,26.764346764346765,45.90964590964591,28.32722832722833,0.0,-14.652014652014651,48.64468864468864,37.31379731379732,27.936507936507937,0.0,-27.545787545787547,-67.78998778998779,36.53235653235653,40.83028083028083,37.31379731379732
25.592185592185597,3.711843711843712,27.155067155067155,31.062271062271066,0.0,16.996336996336996,14.261294261294262,27.936507936507937,28.32722832722833,0.0,16.996336996336996,31.062271062271066,0.0,-2.148962148962149,24.42002442002442,46.3003663003663,20.903540903540904,0.0,-16.214896214896214,49.81684981684982,36.14163614163614,20.903540903540904,0.0,-26.764346764346765,-67.78998778998779,30.28083028083028,42.002442002442,36.14163614163614
24.02930402930403,6.056166056166056,23.247863247863247,34.57875457875458,0.0,16.605616605616607,11.916971916971915,25.2014652014652,34.18803418803419,0.0,12.307692307692308,27.936507936507937,0.0,-4.884004884004884,18.55921855921856,47.081807081807085,23.247863247863247,0.0,-18.94993894993895,46.69108669108669,32.62515262515262,24.42002442002442,0.0,-22.857142857142858,-74.82295482295483,32.234432234432234,44.346764346764346,32.62515262515262
22.466422466422465,6.056166056166056,20.12210012210012,38.48595848595848,0.0,15.824175824175825,9.572649572649572,22.857142857142858,39.26739926739927,0.0,5.274725274725275,26.764346764346765,0.0,-5.665445665445666,13.870573870573873,43.17460317460318,27.545787545787547,0.0,-20.12210012210012,43.95604395604396,25.592185592185597,30.28083028083028,0.0,-19.73137973137973,-65.83638583638583,22.857142857142858,46.69108669108669,25.592185592185597
24.81074481074481,4.884004884004884,22.075702075702075,33.40659340659341,0.0,20.512820512820515,4.884004884004884,24.42002442002442,35.36019536019536,0.0,-0.1953601953601953,30.671550671550676,0.0,-2.148962148962149,14.261294261294262,40.04884004884005,22.857142857142858,0.0,-15.824175824175825,42.78388278388278,20.512820512820515,28.32722832722833,0.0,-21.68498168498169,0.5860805860805861,-40.83028083028083,50.5982905982906,20.512820512820515
26.37362637362637,2.93040293040293,21.68498168498169,31.45299145299145,0.0,23.63858363858364,0.9768009768009768,21.68498168498169,35.36019536019536,0.0,-9.18192918192918,31.45299145299145,0.0,-0.9768009768009768,10.744810744810744,34.18803418803419,22.075702075702075,0.0,-14.652014652014651,38.48595848595848,10.354090354090356,32.234432234432234,0.0,-21.294261294261293,27.155067155067155,-67.00854700854701,53.333333333333336,10.354090354090356
26.37362637362637,1.7582417582417582,15.824175824175825,33.01587301587302,0.0,27.545787545787547,-3.3211233211233213,13.47985347985348,40.04884004884005,0.0,-19.73137973137973,29.10866910866911,0.0,-0.5860805860805861,0.5860805860805861,24.02930402930403,27.155067155067155,0.0,-18.168498168498168,29.499389499389498,-0.5860805860805861,41.61172161172161,0.0,-15.433455433455434,-32.234432234432234,-14.652014652014651,52.94261294261294,-0.5860805860805861
25.592185592185597,6.446886446886447,13.47985347985348,25.2014652014652,0.0,31.843711843711844,-4.102564102564102,7.619047619047619,36.92307692307692,0.0,-28.71794871794872,30.28083028083028,0.0,2.5396825396825395,-6.056166056166056,20.903540903540904,23.63858363858364,0.0,-18.94993894993895,25.982905982905983,-7.228327228327228,42.002442002442,0.0,-13.089133089133089,-49.81684981684982,-4.102564102564102,54.5054945054945,-7.228327228327228
23.63858363858364,13.47985347985348,15.042735042735044,16.605616605616607,0.0,34.18803418803419,-1.3675213675213675,6.837606837606837,29.89010989010989,0.0,-36.14163614163614,31.45299145299145,0.0,1.7582417582417582,-7.228327228327228,26.37362637362637,16.996336996336996,0.0,-20.12210012210012,27.936507936507937,-4.884004884004884,36.14163614163614,0.0,-14.652014652014651,-5.274725274725275,-52.55189255189255,55.28693528693529,-4.884004884004884
15.433455433455434,18.168498168498168,15.433455433455434,16.996336996336996,0.0,27.936507936507937,-0.1953601953601953,6.056166056166056,33.01587301587302,0.0,-45.12820512820513,30.671550671550676,0.0,-4.493284493284493,-9.963369963369964,30.671550671550676,20.512820512820515,0.0,-24.42002442002442,25.982905982905983,0.1953601953601953,34.969474969474966,0.0,-15.042735042735044,-24.81074481074481,-35.75091575091575,55.67765567765568,0.1953601953601953
11.135531135531137,24.42002442002442,15.042735042735044,13.47985347985348,0.0,21.68498168498169,3.711843711843712,6.837606837606837,32.62515262515262,0.0,-49.03540903540904,32.234432234432234,0.0,-5.274725274725275,-9.18192918192918,27.936507936507937,22.857142857142858,0.0,-22.466422466422465,26.37362637362637,-0.1953601953601953,33.7973137973138,0.0,-14.652014652014651,-49.81684981684982,-12.307692307692308,57.63125763125763,-0.1953601953601953
12.698412698412698,27.155067155067155,19.73137973137973,4.102564102564102,0.0,18.168498168498168,7.619047619047619,11.135531135531137,26.37362637362637,0.0,-49.81684981684982,37.31379731379732,0.0,-7.228327228327228,-2.148962148962149,28.32722832722833,16.214896214896214,0.0,-19.34065934065934,27.155067155067155,0.1953601953601953,27.545787545787547,0.0,-19.34065934065934,-21.294261294261293,-38.095238095238095,58.8034188034188,0.1953601953601953
11.135531135531137,27.545787545787547,21.294261294261293,-0.5860805860805861,0.0,13.089133089133089,8.791208791208792,11.526251526251526,24.42002442002442,0.0,-52.16117216117216,41.61172161172161,0.0,-9.18192918192918,-0.5860805860805861,24.81074481074481,12.307692307692308,0.0,-17.77777777777778,22.857142857142858,-2.93040293040293,25.2014652014652,0.0,-20.903540903540904,-19.34065934065934,-34.969474969474966,54.5054945054945,-2.93040293040293
10.744810744810744,24.81074481074481,17.387057387057386,-0.1953601953601953,0.0,13.089133089133089,5.274725274725275,5.665445665445666,27.545787545787547,0.0,-53.333333333333336,45.51892551892552,0.0,-6.056166056166056,-3.711843711843712,13.47985347985348,14.652014652014651,0.0,-13.47985347985348,14.652014652014651,-14.652014652014651,32.234432234432234,0.0,-16.996336996336996,-79.12087912087912,27.936507936507937,50.989010989010985,-14.652014652014651
9.572649572649572,23.63858363858364,18.168498168498168,-4.493284493284493,0.0,15.433455433455434,4.102564102564102,3.711843711843712,22.857142857142858,0.0,-54.5054945054945,49.81684981684982,0.0,-4.102564102564102,-1.7582417582417582,12.307692307692308,5.274725274725275,0.0,-9.18192918192918,11.526251526251526,-20.12210012210012,30.28083028083028,0.0,-17.77777777777778,-102.17338217338218,56.45909645909646,49.81684981684982,-20.12210012210012
6.056166056166056,24.81074481074481,20.512820512820515,-6.446886446886447,0.0,16.996336996336996,2.148962148962149,4.884004884004884,20.12210012210012,0.0,-53.333333333333336,50.989010989010985,0.0,-4.493284493284493,-0.9768009768009768,12.307692307692308,3.711843711843712,0.0,-8.4004884004884,9.18192918192918,-17.77777777777778,27.545787545787547,0.0,-20.12210012210012,-79.9023199023199,39.65811965811966,46.69108669108669,-17.77777777777778
1.7582417582417582,25.982905982905983,23.247863247863247,-4.493284493284493,0.0,17.77777777777778,-0.5860805860805861,5.274725274725275,23.63858363858364,0.0,-52.55189255189255,49.42612942612943,0.0,-6.837606837606837,-1.7582417582417582,9.963369963369964,13.47985347985348,0.0,-6.446886446886447,6.056166056166056,-16.605616605616607,33.01587301587302,0.0,-22.857142857142858,-73.26007326007326,34.18803418803419,46.3003663003663,-16.605616605616607
2.5396825396825395,29.10866910866911,27.155067155067155,-9.572649572649572,0.0,18.94993894993895,0.9768009768009768,8.791208791208792,19.73137973137973,0.0,-45.90964590964591,47.472527472527474,0.0,-9.18192918192918,0.9768009768009768,10.354090354090356,13.870573870573873,0.0,-6.056166056166056,4.102564102564102,-12.307692307692308,31.45299145299145,0.0,-26.764346764346765,-49.03540903540904,4.102564102564102,47.081807081807085,-12.307692307692308
4.884004884004884,29.89010989010989,32.234432234432234,-16.214896214896214,0.0,21.294261294261293,5.274725274725275,10.354090354090356,13.089133089133089,0.0,-40.43956043956044,47.081807081807085,0.0,-11.526251526251526,5.665445665445666,13.870573870573873,9.963369963369964,0.0,-5.274725274725275,3.3211233211233213,-7.228327228327228,29.499389499389498,0.0,-31.843711843711844,-18.94993894993895,-25.982905982905983,43.95604395604396,-7.228327228327228
4.493284493284493,25.982905982905983,27.936507936507937,-10.744810744810744,0.0,22.466422466422465,2.148962148962149,6.056166056166056,16.214896214896214,0.0,-38.48595848595848,43.17460317460318,0.0,-13.089133089133089,4.884004884004884,11.526251526251526,13.870573870573873,0.0,-6.446886446886447,-4.884004884004884,-4.102564102564102,35.75091575091575,0.0,-27.545787545787547,-35.36019536019536,-14.652014652014651,36.92307692307692,-4.102564102564102
5.274725274725275,19.34065934065934,21.294261294261293,-1.3675213675213675,0.0,27.155067155067155,-2.148962148962149,-1.3675213675213675,22.075702075702075,0.0,-37.31379731379732,40.04884004884005,0.0,-7.228327228327228,0.1953601953601953,7.228327228327228,13.870573870573873,0.0,-8.4004884004884,-16.605616605616607,-0.1953601953601953,41.22100122100122,0.0,-20.903540903540904,-34.969474969474966,-17.387057387057386,28.71794871794872,-0.1953601953601953
6.837606837606837,18.55921855921856,18.94993894993895,-3.711843711843712,0.0,34.18803418803419,-3.3211233211233213,-4.102564102564102,14.261294261294262,0.0,-36.14163614163614,38.095238095238095,0.0,1.3675213675213675,-2.148962148962149,6.837606837606837,6.446886446886447,0.0,-8.791208791208792,-20.903540903540904,9.18192918192918,35.75091575091575,0.0,-18.55921855921856,23.63858363858364,-73.65079365079364,21.294261294261293,9.18192918192918
4.102564102564102,20.12210012210012,16.996336996336996,1.3675213675213675,0.0,37.31379731379732,-5.274725274725275,-4.884004884004884,16.214896214896214,0.0,-36.53235653235653,37.31379731379732,0.0,6.837606837606837,-8.00976800976801,8.00976800976801,11.135531135531137,0.0,-9.572649572649572,-26.37362637362637,19.34065934065934,37.31379731379732,0.0,-16.605616605616607,36.92307692307692,-85.37240537240537,16.214896214896214,19.34065934065934
0.9768009768009768,23.63858363858364,17.387057387057386,8.00976800976801,0.0,40.04884004884005,-6.056166056166056,-6.056166056166056,24.02930402930403,0.0,-36.53235653235653,35.75091575091575,0.0,11.135531135531137,-13.870573870573873,5.665445665445666,21.68498168498169,0.0,-9.18192918192918,-29.10866910866911,22.075702075702075,42.78388278388278,0.0,-16.996336996336996,-6.837606837606837,-40.43956043956044,16.214896214896214,22.075702075702075
-1.3675213675213675,31.45299145299145,24.81074481074481,4.493284493284493,0.0,44.346764346764346,-3.3211233211233213,-4.102564102564102,23.247863247863247,0.0,-33.7973137973138,32.62515262515262,0.0,13.089133089133089,-13.47985347985348,8.791208791208792,22.075702075702075,0.0,-7.228327228327228,-24.81074481074481,23.247863247863247,42.39316239316239,0.0,-24.42002442002442,12.698412698412698,-57.63125763125763,18.55921855921856,23.247863247863247
-4.884004884004884,37.31379731379732,33.7973137973138,5.274725274725275,0.0,48.64468864468864,-3.711843711843712,1.7582417582417582,25.982905982905983,0.0,-34.18803418803419,33.7973137973138,0.0,11.916971916971915,-9.963369963369964,16.214896214896214,22.857142857142858,0.0,-6.446886446886447,-18.94993894993895,24.81074481074481,44.346764346764346,0.0,-33.40659340659341,71.6971916971917,-111.55067155067157,18.168498168498168,24.81074481074481
-8.791208791208792,38.48595848595848,33.01587301587302,15.042735042735044,0.0,52.94261294261294,-10.354090354090356,-1.7582417582417582,36.92307692307692,0.0,-36.14163614163614,30.28083028083028,0.0,11.916971916971915,-11.916971916971915,14.652014652014651,29.89010989010989,0.0,-11.135531135531137,-16.214896214896214,23.63858363858364,50.5982905982906,0.0,-32.62515262515262,52.16117216117216,-92.4053724053724,16.996336996336996,23.63858363858364
-9.18192918192918,34.969474969474966,32.62515262515262,18.55921855921856,0.0,56.06837606837607,-13.089133089133089,-4.102564102564102,39.26739926739927,0.0,-37.31379731379732,29.10866910866911,0.0,13.47985347985348,-11.916971916971915,13.089133089133089,28.71794871794872,0.0,-18.168498168498168,-10.354090354090356,25.982905982905983,48.25396825396825,0.0,-32.234432234432234,23.247863247863247,-62.71062271062271,17.77777777777778,25.982905982905983
-5.665445665445666,34.18803418803419,33.01587301587302,16.214896214896214,0.0,58.02197802197802,-13.47985347985348,-2.148962148962149,36.14163614163614,0.0,-38.87667887667888,30.671550671550676,0.0,17.77777777777778,-12.307692307692308,14.261294261294262,25.592185592185597,0.0,-21.68498168498169,-3.711843711843712,33.01587301587302,40.04884004884005,0.0,-32.62515262515262,62.71062271062271,-101.78266178266178,15.824175824175825,33.01587301587302
-4.884004884004884,33.7973137973138,29.499389499389498,20.12210012210012,0.0,54.5054945054945,-13.089133089133089,-4.102564102564102,41.61172161172161,0.0,-42.78388278388278,29.10866910866911,0.0,16.996336996336996,-13.870573870573873,10.744810744810744,30.28083028083028,0.0,-26.764346764346765,-0.1953601953601953,34.57875457875458,38.095238095238095,0.0,-29.10866910866911,90.06105006105007,-132.64957264957266,17.77777777777778,34.57875457875458
-5.665445665445666,35.36019536019536,29.10866910866911,16.996336996336996,0.0,47.86324786324786,-8.4004884004884,-3.711843711843712,41.61172161172161,0.0,-42.39316239316239,28.71794871794872,0.0,13.870573870573873,-13.47985347985348,6.056166056166056,31.45299145299145,0.0,-32.234432234432234,2.5396825396825395,31.45299145299145,37.31379731379732,0.0,-28.71794871794872,68.57142857142857,-113.11355311355312,18.94993894993895,31.45299145299145
-7.228327228327228,42.78388278388278,31.062271062271066,6.056166056166056,0.0,43.56532356532357,-5.274725274725275,1.3675213675213675,33.7973137973138,0.0,-42.39316239316239,29.10866910866911,0.0,11.916971916971915,-9.963369963369964,8.00976800976801,22.857142857142858,0.0,-34.18803418803419,8.00976800976801,30.671550671550676,30.28083028083028,0.0,-30.671550671550676,47.86324786324786,-93.96825396825396,20.512820512820515,30.671550671550676
-7.619047619047619,46.3003663003663,24.42002442002442,4.884004884004884,0.0,42.002442002442,-7.228327228327228,3.3211233211233213,29.89010989010989,0.0,-42.39316239316239,31.45299145299145,0.0,6.056166056166056,-3.711843711843712,8.00976800976801,21.294261294261293,0.0,-36.92307692307692,11.916971916971915,27.545787545787547,29.89010989010989,0.0,-24.02930402930403,20.512820512820515,-67.3992673992674,20.12210012210012,27.545787545787547
-10.354090354090356,45.51892551892552,17.387057387057386,7.619047619047619,0.0,41.61172161172161,-14.652014652014651,2.93040293040293,30.28083028083028,0.0,-38.48595848595848,30.671550671550676,0.0,-1.7582417582417582,0.1953601953601953,7.228327228327228,23.247863247863247,0.0,-41.61172161172161,13.870573870573873,25.982905982905983,31.843711843711844,0.0,-16.996336996336996,-15.433455433455434,-31.45299145299145,17.77777777777778,25.982905982905983
-9.18192918192918,47.081807081807085,13.870573870573873,3.711843711843712,0.0,45.12820512820513,-17.387057387057386,5.274725274725275,22.466422466422465,0.0,-34.18803418803419,30.28083028083028,0.0,-4.884004884004884,7.619047619047619,9.18192918192918,16.605616605616607,0.0,-37.31379731379732,19.73137973137973,27.155067155067155,20.12210012210012,0.0,-13.47985347985348,-26.37362637362637,-17.387057387057386,18.94993894993895,27.155067155067155
-8.00976800976801,47.472527472527474,11.135531135531137,2.5396825396825395,0.0,46.3003663003663,-18.55921855921856,4.102564102564102,20.903540903540904,0.0,-30.28083028083028,25.982905982905983,0.0,-6.446886446886447,12.307692307692308,10.744810744810744,15.042735042735044,0.0,-30.28083028083028,24.02930402930403,31.843711843711844,7.619047619047619,0.0,-10.744810744810744,-12.307692307692308,-27.155067155067155,19.34065934065934,31.843711843711844
-10.744810744810744,45.12820512820513,11.916971916971915,3.711843711843712,0.0,42.78388278388278,-21.68498168498169,0.1953601953601953,29.10866910866911,0.0,-29.499389499389498,18.55921855921856,0.0,-9.963369963369964,11.526251526251526,8.00976800976801,21.294261294261293,0.0,-27.545787545787547,24.81074481074481,31.062271062271066,4.493284493284493,0.0,-11.526251526251526,-34.18803418803419,-2.93040293040293,21.294261294261293,31.062271062271066
-13.089133089133089,44.346764346764346,14.261294261294262,-0.9768009768009768,0.0,37.31379731379732,-22.075702075702075,-0.5860805860805861,30.671550671550676,0.0,-30.28083028083028,14.261294261294262,0.0,-9.572649572649572,9.572649572649572,3.3211233211233213,22.075702075702075,0.0,-25.982905982905983,26.37362637362637,26.764346764346765,-0.1953601953601953,0.0,-13.870573870573873,-41.61172161172161,4.884004884004884,24.42002442002442,26.764346764346765
-11.135531135531137,44.737484737484735,15.824175824175825,-11.135531135531137,0.0,33.40659340659341,-21.294261294261293,0.9768009768009768,24.42002442002442,0.0,-31.062271062271066,11.916971916971915,0.0,-6.056166056166056,10.354090354090356,1.3675213675213675,13.870573870573873,0.0,-22.857142857142858,31.45299145299145,24.81074481074481,-11.916971916971915,0.0,-15.433455433455434,3.3211233211233213,-34.18803418803419,23.63858363858364,24.81074481074481
-13.870573870573873,40.04884004884005,15.042735042735044,-9.18192918192918,0.0,26.37362637362637,-24.02930402930403,1.7582417582417582,27.545787545787547,0.0,-34.57875457875458,10.354090354090356,0.0,-9.963369963369964,9.963369963369964,-0.1953601953601953,15.433455433455434,0.0,-26.37362637362637,31.843711843711844,22.857142857142858,-12.307692307692308,0.0,-14.652014652014651,-2.5396825396825395,-23.63858363858364,20.903540903540904,22.857142857142858
-17.387057387057386,36.92307692307692,16.605616605616607,-6.056166056166056,0.0,20.903540903540904,-21.294261294261293,2.93040293040293,26.764346764346765,0.0,-30.671550671550676,6.446886446886447,0.0,-13.870573870573873,12.698412698412698,-0.9768009768009768,17.77777777777778,0.0,-27.155067155067155,33.7973137973138,22.075702075702075,-11.916971916971915,0.0,-16.214896214896214,-56.45909645909646,32.234432234432234,22.075702075702075,22.075702075702075
-17.77777777777778,34.969474969474966,21.294261294261293,-7.228327228327228,0.0,18.55921855921856,-11.916971916971915,4.493284493284493,17.77777777777778,0.0,-24.42002442002442,0.9768009768009768,0.0,-12.307692307692308,15.824175824175825,0.9768009768009768,15.433455433455434,0.0,-23.247863247863247,35.75091575091575,30.28083028083028,-21.68498168498169,0.0,-20.903540903540904,-26.764346764346765,10.354090354090356,20.12210012210012,30.28083028083028
-19.34065934065934,31.062271062271066,25.2014652014652,-2.5396825396825395,0.0,16.214896214896214,-4.102564102564102,5.665445665445666,15.824175824175825,0.0,-21.294261294261293,-1.3675213675213675,0.0,-11.135531135531137,17.387057387057386,6.837606837606837,13.089133089133089,0.0,-21.68498168498169,36.92307692307692,41.61172161172161,-27.936507936507937,0.0,-24.81074481074481,38.87667887667888,-49.42612942612943,18.94993894993895,41.61172161172161
-20.12210012210012,26.764346764346765,25.592185592185597,4.493284493284493,0.0,15.042735042735044,-0.9768009768009768,4.102564102564102,17.77777777777778,0.0,-17.77777777777778,-4.102564102564102,0.0,-7.619047619047619,13.870573870573873,6.837606837606837,19.34065934065934,0.0,-21.68498168498169,35.75091575091575,42.002442002442,-22.075702075702075,0.0,-25.2014652014652,7.228327228327228,-20.12210012210012,21.68498168498169,42.002442002442
-18.94993894993895,23.247863247863247,26.37362637362637,4.102564102564102,0.0,13.089133089133089,0.9768009768009768,5.274725274725275,14.261294261294262,0.0,-16.996336996336996,-1.7582417582417582,0.0,-3.711843711843712,11.916971916971915,5.665445665445666,20.12210012210012,0.0,-24.02930402930403,36.92307692307692,42.78388278388278,-19.34065934065934,0.0,-25.982905982905983,-16.996336996336996,6.837606837606837,20.12210012210012,42.78388278388278
-15.042735042735044,22.075702075702075,26.764346764346765,0.5860805860805861,0.0,17.387057387057386,-1.3675213675213675,7.619047619047619,9.963369963369964,0.0,-18.168498168498168,2.148962148962149,0.0,2.5396825396825395,10.744810744810744,6.056166056166056,15.042735042735044,0.0,-24.42002442002442,40.04884004884005,39.26739926739927,-17.387057387057386,0.0,-26.37362637362637,12.698412698412698,-21.68498168498169,20.512820512820515,39.26739926739927
-17.77777777777778,18.94993894993895,26.764346764346765,-0.5860805860805861,0.0,15.042735042735044,-2.5396825396825395,6.056166056166056,8.4004884004884,0.0,-15.433455433455434,2.5396825396825395,0.0,4.884004884004884,10.354090354090356,1.7582417582417582,16.996336996336996,0.0,-27.155067155067155,40.83028083028083,29.89010989010989,-6.446886446886447,0.0,-26.37362637362637,-0.9768009768009768,-8.791208791208792,24.42002442002442,29.89010989010989
-20.12210012210012,16.214896214896214,27.545787545787547,-4.884004884004884,0.0,12.307692307692308,0.1953601953601953,4.493284493284493,0.1953601953601953,0.0,-9.18192918192918,4.493284493284493,0.0,8.791208791208792,8.4004884004884,-2.148962148962149,13.870573870573873,0.0,-29.10866910866911,40.83028083028083,22.857142857142858,-3.3211233211233213,0.0,-27.155067155067155,-23.63858363858364,13.870573870573873,27.545787545787547,22.857142857142858
-19.34065934065934,13.089133089133089,29.89010989010989,-10.744810744810744,0.0,11.916971916971915,5.274725274725275,5.274725274725275,-10.354090354090356,0.0,-5.665445665445666,8.00976800976801,0.0,13.870573870573873,8.791208791208792,-3.711843711843712,3.3211233211233213,0.0,-28.32722832722833,42.78388278388278,19.73137973137973,-9.572649572649572,0.0,-29.499389499389498,-24.42002442002442,17.387057387057386,31.062271062271066,19.73137973137973
-20.903540903540904,7.228327228327228,28.32722832722833,-5.274725274725275,0.0,6.056166056166056,5.274725274725275,4.884004884004884,-8.4004884004884,0.0,-2.5396825396825395,8.4004884004884,0.0,12.307692307692308,7.228327228327228,-5.665445665445666,5.274725274725275,0.0,-29.89010989010989,40.83028083028083,18.168498168498168,-7.619047619047619,0.0,-27.936507936507937,-50.20757020757021,43.56532356532357,33.01587301587302,18.168498168498168
-22.466422466422465,0.9768009768009768,28.32722832722833,0.5860805860805861,0.0,-0.9768009768009768,4.102564102564102,5.274725274725275,-1.3675213675213675,0.0,-4.102564102564102,8.00976800976801,0.0,7.228327228327228,4.884004884004884,-9.18192918192918,15.433455433455434,0.0,-33.7973137973138,40.04884004884005,16.214896214896214,-2.93040293040293,0.0,-27.936507936507937,-70.52503052503053,66.22710622710623,30.671550671550676,16.214896214896214
-18.55921855921856,-2.93040293040293,34.18803418803419,-0.9768009768009768,0.0,-0.5860805860805861,-0.1953601953601953,11.916971916971915,0.1953601953601953,0.0,-4.102564102564102,7.619047619047619,0.0,2.5396825396825395,8.4004884004884,-7.619047619047619,18.94993894993895,0.0,-34.57875457875458,41.22100122100122,20.12210012210012,-2.93040293040293,0.0,-33.7973137973138,-43.95604395604396,45.12820512820513,24.42002442002442,20.12210012210012
-15.042735042735044,-6.837606837606837,37.704517704517706,-2.93040293040293,0.0,-1.7582417582417582,-4.884004884004884,14.652014652014651,3.3211233211233213,0.0,-2.5396825396825395,5.665445665445666,0.0,-2.148962148962149,12.698412698412698,-4.102564102564102,22.075702075702075,0.0,-35.75091575091575,42.002442002442,26.37362637362637,-2.93040293040293,0.0,-37.31379731379732,-31.843711843711844,33.40659340659341,21.294261294261293,26.37362637362637
-15.433455433455434,-13.47985347985348,38.095238095238095,-0.9768009768009768,0.0,-6.446886446886447,-8.4004884004884,12.307692307692308,9.963369963369964,0.0,0.9768009768009768,2.148962148962149,0.0,-9.572649572649572,16.214896214896214,-6.056166056166056,28.71794871794872,0.0,-36.92307692307692,37.31379731379732,27.936507936507937,1.3675213675213675,0.0,-37.704517704517706,-53.724053724053725,56.84981684981685,16.605616605616607,27.936507936507937
-14.261294261294262,-18.55921855921856,37.31379731379732,-2.148962148962149,0.0,-6.056166056166056,-10.354090354090356,9.18192918192918,8.791208791208792,0.0,7.619047619047619,-0.1953601953601953,0.0,-11.135531135531137,18.168498168498168,-8.00976800976801,28.32722832722833,0.0,-34.57875457875458,31.45299145299145,29.10866910866911,2.5396825396825395,0.0,-36.92307692307692,-33.7973137973138,36.92307692307692,15.433455433455434,29.10866910866911
-13.870573870573873,-21.68498168498169,36.53235653235653,-5.665445665445666,0.0,-5.274725274725275,-10.354090354090356,7.228327228327228,2.93040293040293,0.0,10.744810744810744,-2.5396825396825395,0.0,-9.963369963369964,18.168498168498168,-3.711843711843712,18.168498168498168,0.0,-33.7973137973138,26.764346764346765,36.53235653235653,-6.056166056166056,0.0,-36.14163614163614,49.03540903540904,-46.69108669108669,13.47985347985348,36.53235653235653
-15.824175824175825,-24.02930402930403,30.671550671550676,1.3675213675213675,0.0,-6.446886446886447,-11.526251526251526,0.5860805860805861,8.4004884004884,0.0,10.354090354090356,-4.884004884004884,0.0,-11.916971916971915,14.261294261294262,-2.93040293040293,23.247863247863247,0.0,-34.18803418803419,18.168498168498168,37.31379731379732,1.3675213675213675,0.0,-30.28083028083028,66.22710622710623,-65.44566544566544,9.963369963369964,37.31379731379732
-16.996336996336996,-24.02930402930403,31.45299145299145,6.446886446886447,0.0,-5.665445665445666,-11.135531135531137,-0.1953601953601953,14.652014652014651,0.0,7.228327228327228,-6.837606837606837,0.0,-12.307692307692308,12.307692307692308,-5.665445665445666,29.89010989010989,0.0,-33.01587301587302,12.307692307692308,33.7973137973138,10.744810744810744,0.0,-31.062271062271066,39.26739926739927,-38.48595848595848,6.056166056166056,33.7973137973138
-11.526251526251526,-22.075702075702075,36.92307692307692,0.5860805860805861,0.0,1.7582417582417582,-9.18192918192918,3.711843711843712,6.837606837606837,0.0,5.665445665445666,-1.3675213675213675,0.0,-10.354090354090356,17.77777777777778,-0.5860805860805861,20.903540903540904,0.0,-27.545787545787547,11.135531135531137,35.75091575091575,7.228327228327228,0.0,-36.53235653235653,75.21367521367522,-72.47863247863248,2.93040293040293,35.75091575091575
-4.884004884004884,-22.466422466422465,38.87667887667888,2.93040293040293,0.0,8.791208791208792,-6.056166056166056,6.056166056166056,4.102564102564102,0.0,6.056166056166056,2.5396825396825395,0.0,-9.963369963369964,24.81074481074481,-1.7582417582417582,18.168498168498168,0.0,-19.34065934065934,7.619047619047619,31.843711843711844,10.744810744810744,0.0,-38.48595848595848,96.31257631257633,-89.27960927960928,0.1953601953601953,31.843711843711844
-1.3675213675213675,-25.592185592185597,40.04884004884005,10.354090354090356,0.0,15.433455433455434,-1.7582417582417582,2.5396825396825395,6.446886446886447,0.0,9.963369963369964,3.711843711843712,0.0,-9.18192918192918,27.545787545787547,-8.4004884004884,21.294261294261293,0.0,-13.089133089133089,2.5396825396825395,24.02930402930403,18.168498168498168,0.0,-39.65811965811966,35.75091575091575,-25.982905982905983,-0.9768009768009768,24.02930402930403
3.3211233211233213,-26.37362637362637,42.002442002442,9.963369963369964,0.0,25.2014652014652,0.9768009768009768,0.5860805860805861,1.7582417582417582,0.0,13.47985347985348,5.665445665445666,0.0,-2.93040293040293,28.71794871794872,-11.135531135531137,14.652014652014651,0.0,-5.665445665445666,-0.1953601953601953,20.903540903540904,15.433455433455434,0.0,-41.61172161172161,0.1953601953601953,10.354090354090356,-1.3675213675213675,20.903540903540904
7.228327228327228,-25.592185592185597,42.78388278388278,11.916971916971915,0.0,33.01587301587302,2.5396825396825395,-4.102564102564102,5.274725274725275,0.0,12.698412698412698,3.3211233211233213,0.0,1.7582417582417582,23.247863247863247,-10.354090354090356,11.526251526251526,0.0,0.1953601953601953,-5.665445665445666,16.214896214896214,16.996336996336996,0.0,-42.39316239316239,21.294261294261293,-10.744810744810744,-4.102564102564102,16.214896214896214
7.619047619047619,-25.592185592185597,41.61172161172161,15.433455433455434,0.0,36.14163614163614,-0.5860805860805861,-9.963369963369964,14.261294261294262,0.0,9.572649572649572,-1.7582417582417582,0.0,4.102564102564102,14.652014652014651,-14.261294261294262,15.824175824175825,0.0,0.1953601953601953,-11.916971916971915,11.135531135531137,22.075702075702075,0.0,-41.22100122100122,17.387057387057386,-8.791208791208792,-10.354090354090356,11.135531135531137
9.18192918192918,-26.37362637362637,43.56532356532357,11.526251526251526,0.0,37.704517704517706,-2.93040293040293,-9.572649572649572,13.47985347985348,0.0,6.056166056166056,-1.3675213675213675,0.0,6.056166056166056,9.572649572649572,-15.824175824175825,11.916971916971915,0.0,-0.1953601953601953,-14.652014652014651,5.274725274725275,22.466422466422465,0.0,-43.17460317460318,38.87667887667888,-29.89010989010989,-11.135531135531137,5.274725274725275
13.47985347985348,-25.982905982905983,47.081807081807085,4.493284493284493,0.0,36.14163614163614,-0.1953601953601953,-3.711843711843712,6.446886446886447,0.0,1.7582417582417582,2.148962148962149,0.0,9.572649572649572,9.572649572649572,-15.433455433455434,3.3211233211233213,0.0,2.148962148962149,-15.824175824175825,1.3675213675213675,18.168498168498168,0.0,-46.69108669108669,54.114774114774114,-43.95604395604396,-11.916971916971915,1.3675213675213675
16.605616605616607,-30.28083028083028,43.95604395604396,9.572649572649572,0.0,34.969474969474966,-0.5860805860805861,-1.3675213675213675,6.837606837606837,0.0,1.3675213675213675,0.9768009768009768,0.0,8.791208791208792,6.056166056166056,-17.77777777777778,5.665445665445666,0.0,1.7582417582417582,-17.77777777777778,-2.5396825396825395,23.63858363858364,0.0,-43.56532356532357,24.02930402930403,-11.916971916971915,-12.307692307692308,-2.5396825396825395
17.387057387057386,-36.53235653235653,41.61172161172161,14.652014652014651,0.0,33.40659340659341,1.7582417582417582,-2.5396825396825395,3.711843711843712,0.0,0.9768009768009768,0.1953601953601953,0.0,7.228327228327228,2.5396825396825395,-18.94993894993895,13.089133089133089,0.0,2.5396825396825395,-21.68498168498169,-9.572649572649572,34.18803418803419,0.0,-41.22100122100122,8.791208791208792,6.446886446886447,-11.916971916971915,-9.572649572649572
22.466422466422465,-38.48595848595848,42.78388278388278,8.4004884004884,0.0,40.04884004884005,6.837606837606837,-4.102564102564102,-6.446886446886447,0.0,2.93040293040293,-1.3675213675213675,0.0,12.307692307692308,0.1953601953601953,-17.387057387057386,9.572649572649572,0.0,10.354090354090356,-27.155067155067155,-11.916971916971915,34.969474969474966,0.0,-42.39316239316239,58.02197802197802,-38.095238095238095,-15.042735042735044,-11.916971916971915
27.545787545787547,-41.61172161172161,40.43956043956044,5.274725274725275,0.0,45.51892551892552,8.4004884004884,-11.135531135531137,-10.744810744810744,0.0,4.884004884004884,-6.837606837606837,0.0,11.916971916971915,-0.1953601953601953,-19.34065934065934,11.526251526251526,0.0,14.652014652014651,-37.31379731379732,-13.870573870573873,42.002442002442,0.0,-40.04884004884005,67.78998778998779,-46.3003663003663,-22.466422466422465,-13.870573870573873
29.10866910866911,-50.20757020757021,37.704517704517706,4.884004884004884,0.0,43.17460317460318,5.274725274725275,-17.387057387057386,-8.791208791208792,0.0,6.056166056166056,-12.698412698412698,0.0,6.446886446886447,-4.102564102564102,-22.075702075702075,19.34065934065934,0.0,14.261294261294262,-50.989010989010985,-17.387057387057386,54.89621489621489,0.0,-37.31379731379732,37.31379731379732,-15.824175824175825,-31.062271062271066,-17.387057387057386
32.62515262515262,-50.5982905982906,33.40659340659341,-2.148962148962149,0.0,41.22100122100122,6.056166056166056,-17.77777777777778,-15.433455433455434,0.0,9.18192918192918,-11.916971916971915,0.0,3.3211233211233213,-2.148962148962149,-23.247863247863247,15.824175824175825,0.0,15.824175824175825,-59.58485958485959,-18.94993894993895,57.24053724053724,0.0,-33.01587301587302,65.83638583638583,-45.90964590964591,-39.65811965811966,-18.94993894993895
38.095238095238095,-49.81684981684982,32.234432234432234,-8.00976800976801,0.0,39.26739926739927,4.884004884004884,-12.307692307692308,-20.512820512820515,0.0,12.698412698412698,-12.307692307692308,0.0,0.1953601953601953,-0.1953601953601953,-20.12210012210012,10.744810744810744,0.0,16.605616605616607,-63.49206349206349,-18.55921855921856,56.45909645909646,0.0,-31.843711843711844,123.27228327228327,-103.73626373626374,-47.472527472527474,-18.55921855921856
36.53235653235653,-51.37973137973138,27.545787545787547,-4.493284493284493,0.0,30.671550671550676,3.3211233211233213,-8.791208791208792,-17.387057387057386,0.0,13.870573870573873,-13.870573870573873,0.0,-6.446886446886447,-2.5396825396825395,-13.47985347985348,15.042735042735044,0.0,16.996336996336996,-64.66422466422466,-22.075702075702075,62.31990231990232,0.0,-27.155067155067155,108.03418803418803,-88.1074481074481,-50.20757020757021,-22.075702075702075
36.53235653235653,-53.333333333333336,25.982905982905983,-2.148962148962149,0.0,28.71794871794872,2.5396825396825395,-8.4004884004884,-16.214896214896214,0.0,15.824175824175825,-12.698412698412698,0.0,-9.572649572649572,-1.7582417582417582,-11.135531135531137,19.34065934065934,0.0,21.294261294261293,-62.31990231990232,-26.764346764346765,64.27350427350427,0.0,-25.592185592185597,90.45177045177046,-64.27350427350427,-50.20757020757021,-26.764346764346765
44.737484737484735,-55.67765567765568,25.592185592185597,-6.837606837606837,0.0,36.92307692307692,1.7582417582417582,-9.18192918192918,-22.466422466422465,0.0,20.903540903540904,-10.744810744810744,0.0,-5.274725274725275,2.148962148962149,-6.446886446886447,15.433455433455434,0.0,32.234432234432234,-57.24053724053724,-27.936507936507937,59.58485958485959,0.0,-25.2014652014652,122.88156288156289,-88.4981684981685,-47.472527472527474,-27.936507936507937
47.86324786324786,-61.92918192918193,23.63858363858364,-5.274725274725275,0.0,41.22100122100122,-1.3675213675213675,-13.089133089133089,-22.075702075702075,0.0,24.42002442002442,-9.18192918192918,0.0,-4.102564102564102,7.619047619047619,-2.93040293040293,17.77777777777778,0.0,39.26739926739927,-50.989010989010985,-27.936507936507937,59.1941391941392,0.0,-23.247863247863247,128.74236874236874,-87.32600732600733,-41.61172161172161,-27.936507936507937
53.333333333333336,-70.52503052503053,19.34065934065934,-0.9768009768009768,0.0,47.081807081807085,-6.056166056166056,-18.94993894993895,-19.73137973137973,0.0,28.32722832722833,-6.837606837606837,0.0,-0.1953601953601953,9.963369963369964,-5.665445665445666,23.247863247863247,0.0,44.737484737484735,-47.472527472527474,-32.234432234432234,63.88278388278388,0.0,-18.94993894993895,82.24664224664225,-34.969474969474966,-36.14163614163614,-32.234432234432234
58.02197802197802,-70.91575091575092,18.55921855921856,-3.3211233211233213,0.0,53.333333333333336,-6.446886446886447,-17.387057387057386,-25.982905982905983,0.0,30.671550671550676,-2.93040293040293,0.0,6.837606837606837,14.652014652014651,-4.493284493284493,16.996336996336996,0.0,50.20757020757021,-40.83028083028083,-33.40659340659341,60.366300366300365,0.0,-18.168498168498168,69.74358974358974,-17.77777777777778,-31.45299145299145,-33.40659340659341
59.1941391941392,-69.35286935286935,17.387057387057386,-0.9768009768009768,0.0,56.06837606837607,-7.228327228327228,-15.042735042735044,-25.592185592185597,0.0,29.89010989010989,-1.7582417582417582,0.0,12.698412698412698,13.47985347985348,-0.5860805860805861,14.652014652014651,0.0,55.28693528693529,-41.61172161172161,-30.28083028083028,58.8034188034188,0.0,-16.996336996336996,90.06105006105007,-36.92307692307692,-29.499389499389498,-30.28083028083028
57.24053724053724,-69.35286935286935,14.652014652014651,8.791208791208792,0.0,54.5054945054945,-8.00976800976801,-14.261294261294262,-18.168498168498168,0.0,24.02930402930403,-0.5860805860805861,0.0,15.433455433455434,10.354090354090356,-0.5860805860805861,20.12210012210012,0.0,58.02197802197802,-43.17460317460318,-28.32722832722833,61.92918192918193,0.0,-14.261294261294262,97.87545787545788,-42.39316239316239,-27.936507936507937,-28.32722832722833
57.63125763125763,-67.00854700854701,15.824175824175825,12.698412698412698,0.0,55.67765567765568,-6.446886446886447,-10.744810744810744,-17.387057387057386,0.0,20.903540903540904,2.93040293040293,0.0,20.12210012210012,9.572649572649572,1.3675213675213675,17.387057387057386,0.0,62.71062271062271,-43.56532356532357,-23.247863247863247,55.67765567765568,0.0,-15.433455433455434,134.993894993895,-74.04151404151405,-26.764346764346765,-23.247863247863247
56.84981684981685,-64.66422466422466,18.55921855921856,15.824175824175825,0.0,56.45909645909646,-5.274725274725275,-7.228327228327228,-15.042735042735044,0.0,17.77777777777778,6.446886446886447,0.0,24.42002442002442,9.963369963369964,6.056166056166056,15.042735042735044,0.0,68.57142857142857,-40.83028083028083,-14.261294261294262,45.51892551892552,0.0,-18.168498168498168,165.86080586080587,-96.31257631257633,-25.982905982905983,-14.261294261294262
53.333333333333336,-69.35286935286935,18.55921855921856,31.45299145299145,0.0,53.333333333333336,-8.4004884004884,-7.228327228327228,-1.3675213675213675,0.0,11.916971916971915,7.619047619047619,0.0,24.02930402930403,6.056166056166056,8.791208791208792,24.02930402930403,0.0,68.96214896214896,-37.704517704517706,-11.526251526251526,46.69108669108669,0.0,-18.168498168498168,122.88156288156289,-47.081807081807085,-22.857142857142858,-11.526251526251526
48.64468864468864,-74.82295482295483,18.94993894993895,41.22100122100122,0.0,48.25396825396825,-12.698412698412698,-7.228327228327228,7.619047619047619,0.0,5.665445665445666,9.572649572649572,0.0,24.42002442002442,0.1953601953601953,8.791208791208792,31.843711843711844,0.0,66.61782661782662,-34.57875457875458,-12.307692307692308,48.25396825396825,0.0,-18.55921855921856,106.47130647130648,-24.42002442002442,-18.94993894993895,-12.307692307692308
47.472527472527474,-76.77655677655677,18.94993894993895,40.83028083028083,0.0,48.25396825396825,-15.824175824175825,-3.3211233211233213,4.493284493284493,0.0,0.9768009768009768,11.526251526251526,0.0,27.155067155067155,-2.93040293040293,12.698412698412698,29.499389499389498,0.0,64.66422466422466,-27.936507936507937,-5.665445665445666,38.095238095238095,0.0,-18.55921855921856,156.87423687423689,-74.43223443223444,-14.652014652014651,-5.665445665445666
46.69108669108669,-79.12087912087912,13.870573870573873,48.25396825396825,0.0,46.3003663003663,-18.94993894993895,-3.711843711843712,8.4004884004884,0.0,-4.493284493284493,11.135531135531137,0.0,22.857142857142858,-5.665445665445666,16.214896214896214,32.62515262515262,0.0,58.02197802197802,-25.592185592185597,1.7582417582417582,33.01587301587302,0.0,-13.47985347985348,162.34432234432234,-92.014652014652,-6.056166056166056,1.7582417582417582
47.081807081807085,-80.29304029304029,5.274725274725275,57.63125763125763,0.0,45.51892551892552,-22.466422466422465,-4.884004884004884,13.47985347985348,0.0,-6.837606837606837,10.354090354090356,0.0,12.307692307692308,-4.493284493284493,16.996336996336996,38.095238095238095,0.0,49.03540903540904,-22.075702075702075,5.665445665445666,31.45299145299145,0.0,-4.884004884004884,129.13308913308913,-68.96214896214896,-2.93040293040293,5.665445665445666
50.5982905982906,-74.43223443223444,4.102564102564102,58.8034188034188,0.0,51.37973137973138,-20.12210012210012,0.1953601953601953,9.572649572649572,0.0,-1.3675213675213675,14.261294261294262,0.0,5.274725274725275,3.711843711843712,27.155067155067155,30.671550671550676,0.0,45.12820512820513,-13.47985347985348,15.433455433455434,22.075702075702075,0.0,-3.711843711843712,161.56288156288156,-110.37851037851038,0.5860805860805861,15.433455433455434
51.77045177045177,-69.35286935286935,6.446886446886447,63.88278388278388,0.0,56.06837606837607,-19.73137973137973,4.493284493284493,12.698412698412698,0.0,1.7582417582417582,14.652014652014651,0.0,-1.7582417582417582,10.744810744810744,42.002442002442,26.37362637362637,0.0,42.39316239316239,-4.884004884004884,24.81074481074481,15.824175824175825,0.0,-6.056166056166056,218.6080586080586,-167.81440781440782,1.3675213675213675,24.81074481074481
49.42612942612943,-69.35286935286935,5.274725274725275,77.94871794871794,0.0,57.24053724053724,-22.857142857142858,4.102564102564102,25.982905982905983,0.0,2.93040293040293,16.605616605616607,0.0,-10.354090354090356,8.791208791208792,49.42612942612943,38.87667887667888,0.0,39.26739926739927,-2.5396825396825395,26.764346764346765,24.42002442002442,0.0,-4.884004884004884,186.95970695970692,-136.55677655677655,2.93040293040293,26.764346764346765
47.081807081807085,-67.3992673992674,11.526251526251526,83.41880341880342,0.0,59.975579975579976,-21.68498168498169,6.837606837606837,30.28083028083028,0.0,5.274725274725275,20.12210012210012,0.0,-11.526251526251526,8.791208791208792,56.45909645909646,43.95604395604396,0.0,39.65811965811966,1.7582417582417582,31.062271062271066,25.2014652014652,0.0,-11.135531135531137,143.98046398046398,-90.45177045177046,5.665445665445666,31.062271062271066
49.81684981684982,-65.83638583638583,15.824175824175825,80.29304029304029,0.0,65.83638583638583,-21.68498168498169,9.572649572649572,27.155067155067155,0.0,6.446886446886447,24.81074481074481,0.0,-9.963369963369964,8.791208791208792,60.366300366300365,45.12820512820513,0.0,41.22100122100122,8.00976800976801,38.87667887667888,16.605616605616607,0.0,-15.433455433455434,168.98656898656898,-111.15995115995116,8.4004884004884,38.87667887667888
49.03540903540904,-67.00854700854701,17.77777777777778,81.46520146520146,0.0,65.44566544566544,-22.466422466422465,8.791208791208792,30.671550671550676,0.0,6.056166056166056,23.247863247863247,0.0,-16.605616605616607,9.572649572649572,58.02197802197802,54.89621489621489,0.0,35.75091575091575,10.354090354090356,41.22100122100122,18.55921855921856,0.0,-17.387057387057386,178.36385836385836,-120.14652014652016,9.18192918192918,41.22100122100122
50.5982905982906,-68.96214896214896,21.68498168498169,77.55799755799755,0.0,63.49206349206349,-21.294261294261293,9.572649572649572,30.28083028083028,0.0,6.056166056166056,23.63858363858364,0.0,-20.512820512820515,11.135531135531137,53.724053724053725,56.84981684981685,0.0,29.10866910866911,15.042735042735044,40.04884004884005,16.214896214896214,0.0,-21.294261294261293,158.43711843711844,-101.001221001221,11.135531135531137,40.04884004884005
51.37973137973138,-68.96214896214896,26.37362637362637,66.22710622710623,0.0,60.366300366300365,-19.73137973137973,12.307692307692308,23.247863247863247,0.0,4.102564102564102,26.764346764346765,0.0,-21.294261294261293,14.652014652014651,56.06837606837607,47.081807081807085,0.0,25.982905982905983,23.247863247863247,41.22100122100122,5.665445665445666,0.0,-25.982905982905983,163.5164835164835,-106.47130647130648,16.996336996336996,41.22100122100122
52.55189255189255,-70.13431013431014,26.764346764346765,62.71062271062271,0.0,53.724053724053725,-16.996336996336996,10.744810744810744,25.2014652014652,0.0,2.93040293040293,25.982905982905983,0.0,-26.37362637362637,15.433455433455434,57.24053724053724,49.42612942612943,0.0,23.63858363858364,25.982905982905983,39.65811965811966,6.056166056166056,0.0,-26.37362637362637,177.1916971916972,-122.1001221001221,20.512820512820515,39.65811965811966
52.16117216117216,-72.08791208791209,26.37362637362637,64.66422466422466,0.0,44.737484737484735,-12.698412698412698,8.791208791208792,30.671550671550676,0.0,2.5396825396825395,25.982905982905983,0.0,-28.71794871794872,15.824175824175825,55.28693528693529,54.5054945054945,0.0,23.247863247863247,31.062271062271066,38.48595848595848,4.102564102564102,0.0,-25.982905982905983,172.8937728937729,-116.63003663003664,25.592185592185597,38.48595848595848
52.94261294261294,-68.18070818070818,27.936507936507937,58.41269841269841,0.0,41.61172161172161,-4.884004884004884,10.744810744810744,24.02930402930403,0.0,7.619047619047619,28.32722832722833,0.0,-25.982905982905983,18.168498168498168,53.724053724053725,51.37973137973138,0.0,25.982905982905983,39.26739926739927,39.26739926739927,-6.446886446886447,0.0,-27.545787545787547,190.0854700854701,-129.52380952380952,31.843711843711844,39.26739926739927
52.55189255189255,-64.66422466422466,27.545787545787547,56.45909645909646,0.0,39.26739926739927,0.1953601953601953,11.916971916971915,20.12210012210012,0.0,13.089133089133089,25.2014652014652,0.0,-27.545787545787547,18.168498168498168,49.42612942612943,52.16117216117216,0.0,24.42002442002442,42.78388278388278,39.26739926739927,-13.089133089133089,0.0,-27.155067155067155,199.07203907203908,-133.43101343101344,31.45299145299145,39.26739926739927
47.472527472527474,-64.66422466422466,25.2014652014652,63.88278388278388,0.0,33.01587301587302,0.1953601953601953,9.572649572649572,29.10866910866911,0.0,15.042735042735044,18.94993894993895,0.0,-33.40659340659341,13.47985347985348,38.48595848595848,66.61782661782662,0.0,16.996336996336996,42.39316239316239,33.01587301587302,-6.837606837606837,0.0,-24.81074481074481,148.2783882783883,-76.38583638583638,27.545787545787547,33.01587301587302
45.12820512820513,-65.83638583638583,23.247863247863247,63.49206349206349,0.0,29.10866910866911,-0.9768009768009768,6.056166056166056,32.62515262515262,0.0,15.042735042735044,14.261294261294262,0.0,-37.31379731379732,6.837606837606837,25.982905982905983,70.52503052503053,0.0,8.00976800976801,40.83028083028083,22.466422466422465,-5.274725274725275,0.0,-22.857142857142858,122.4908424908425,-48.64468864468864,25.982905982905983,22.466422466422465
44.346764346764346,-63.49206349206349,23.247863247863247,52.55189255189255,0.0,27.155067155067155,-1.7582417582417582,5.274725274725275,26.37362637362637,0.0,13.089133089133089,11.135531135531137,0.0,-37.31379731379732,1.7582417582417582,20.903540903540904,61.14774114774115,0.0,3.711843711843712,36.53235653235653,15.824175824175825,-9.572649572649572,0.0,-22.857142857142858,157.65567765567766,-85.76312576312576,23.63858363858364,15.824175824175825
41.22100122100122,-59.975579975579976,20.12210012210012,44.346764346764346,0.0,20.512820512820515,-2.5396825396825395,2.5396825396825395,25.982905982905983,0.0,9.572649572649572,5.665445665445666,0.0,-37.31379731379732,-5.665445665445666,14.261294261294262,55.67765567765568,0.0,0.1953601953601953,25.592185592185597,9.18192918192918,-8.4004884004884,0.0,-19.73137973137973,133.04029304029305,-67.3992673992674,18.168498168498168,9.18192918192918
37.31379731379732,-55.67765567765568,15.824175824175825,36.92307692307692,0.0,15.042735042735044,-4.493284493284493,0.1953601953601953,24.81074481074481,0.0,6.837606837606837,2.93040293040293,0.0,-37.704517704517706,-12.698412698412698,9.963369963369964,45.51892551892552,0.0,-5.274725274725275,14.261294261294262,4.884004884004884,-8.791208791208792,0.0,-15.433455433455434,83.02808302808303,-25.982905982905983,13.47985347985348,4.884004884004884
31.843711843711844,-46.69108669108669,15.824175824175825,24.81074481074481,0.0,12.698412698412698,-5.274725274725275,3.3211233211233213,15.824175824175825,0.0,4.102564102564102,1.7582417582417582,0.0,-37.31379731379732,-13.870573870573873,11.526251526251526,30.28083028083028,0.0,-8.791208791208792,9.18192918192918,6.056166056166056,-15.042735042735044,0.0,-15.433455433455434,112.33211233211232,-60.757020757020754,8.791208791208792,6.056166056166056
24.42002442002442,-39.65811965811966,11.526251526251526,22.466422466422465,0.0,9.18192918192918,-8.791208791208792,4.493284493284493,13.870573870573873,0.0,0.9768009768009768,-0.1953601953601953,0.0,-40.43956043956044,-14.261294261294262,12.307692307692308,24.81074481074481,0.0,-15.824175824175825,6.837606837606837,7.619047619047619,-15.433455433455434,0.0,-11.135531135531137,148.66910866910868,-101.001221001221,4.493284493284493,7.619047619047619
19.73137973137973,-41.22100122100122,2.93040293040293,26.37362637362637,0.0,8.791208791208792,-16.996336996336996,-1.7582417582417582,19.34065934065934,0.0,-2.148962148962149,-1.7582417582417582,0.0,-43.56532356532357,-17.387057387057386,4.884004884004884,29.499389499389498,0.0,-24.02930402930403,6.056166056166056,-0.5860805860805861,-7.228327228327228,0.0,-2.5396825396825395,102.56410256410255,-57.24053724053724,6.056166056166056,-0.5860805860805861
15.042735042735044,-41.61172161172161,0.1953601953601953,23.247863247863247,0.0,8.4004884004884,-20.512820512820515,-7.228327228327228,16.605616605616607,0.0,-3.711843711843712,-5.274725274725275,0.0,-42.39316239316239,-18.168498168498168,-1.3675213675213675,25.982905982905983,0.0,-29.89010989010989,10.354090354090356,-11.135531135531137,-5.274725274725275,0.0,0.1953601953601953,64.27350427350427,-19.34065934065934,9.963369963369964,-11.135531135531137
14.261294261294262,-40.83028083028083,-0.1953601953601953,14.652014652014651,0.0,11.916971916971915,-21.68498168498169,-13.47985347985348,12.307692307692308,0.0,-4.493284493284493,-9.18192918192918,0.0,-37.31379731379732,-23.63858363858364,-7.228327228327228,19.34065934065934,0.0,-30.28083028083028,9.18192918192918,-20.12210012210012,-7.619047619047619,0.0,0.5860805860805861,69.35286935286935,-24.42002442002442,7.619047619047619,-20.12210012210012
8.00976800976801,-36.53235653235653,0.5860805860805861,11.526251526251526,0.0,10.744810744810744,-19.34065934065934,-16.996336996336996,10.354090354090356,0.0,-5.274725274725275,-13.47985347985348,0.0,-32.234432234432234,-29.499389499389498,-13.089133089133089,13.47985347985348,0.0,-30.28083028083028,2.148962148962149,-30.28083028083028,-4.102564102564102,0.0,-0.1953601953601953,70.13431013431014,-26.37362637362637,3.711843711843712,-30.28083028083028
0.1953601953601953,-27.936507936507937,4.884004884004884,7.228327228327228,0.0,10.354090354090356,-15.042735042735044,-15.042735042735044,6.446886446886447,0.0,-4.102564102564102,-11.526251526251526,0.0,-29.10866910866911,-30.28083028083028,-16.214896214896214,2.93040293040293,0.0,-30.28083028083028,-2.93040293040293,-35.36019536019536,-3.711843711843712,0.0,-4.493284493284493,56.06837606837607,-11.135531135531137,-1.7582417582417582,-35.36019536019536
-6.837606837606837,-17.77777777777778,11.135531135531137,4.102564102564102,0.0,10.744810744810744,-10.744810744810744,-8.00976800976801,-0.1953601953601953,0.0,-1.7582417582417582,-7.228327228327228,0.0,-28.71794871794872,-26.764346764346765,-12.307692307692308,-10.744810744810744,0.0,-31.45299145299145,-6.837606837606837,-33.01587301587302,-7.619047619047619,0.0,-10.744810744810744,83.41880341880342,-37.704517704517706,-7.228327228327228,-33.01587301587302
-15.042735042735044,-6.837606837606837,9.572649572649572,6.446886446886447,0.0,9.18192918192918,-6.446886446886447,-3.3211233211233213,-3.711843711843712,0.0,-3.3211233211233213,-0.1953601953601953,0.0,-31.45299145299145,-17.77777777777778,-11.135531135531137,-15.433455433455434,0.0,-31.45299145299145,-9.572649572649572,-32.234432234432234,-2.93040293040293,0.0,-9.18192918192918,88.88888888888889,-41.22100122100122,-10.744810744810744,-32.234432234432234
-20.512820512820515,-0.1953601953601953,2.148962148962149,8.4004884004884,0.0,7.228327228327228,-4.884004884004884,-3.3211233211233213,-7.228327228327228,0.0,-2.93040293040293,2.148962148962149,0.0,-33.40659340659341,-11.916971916971915,-11.916971916971915,-16.605616605616607,0.0,-31.843711843711844,-11.916971916971915,-36.53235653235653,5.274725274725275,0.0,-1.7582417582417582,83.80952380952381,-38.48595848595848,-12.307692307692308,-36.53235653235653
-18.55921855921856,5.665445665445666,-3.3211233211233213,0.1953601953601953,0.0,8.00976800976801,1.3675213675213675,-3.3211233211233213,-22.466422466422465,0.0,0.1953601953601953,2.5396825396825395,0.0,-29.89010989010989,-8.00976800976801,-10.744810744810744,-25.592185592185597,0.0,-27.545787545787547,-10.744810744810744,-38.87667887667888,2.93040293040293,0.0,3.711843711843712,120.53724053724054,-78.33943833943835,-11.135531135531137,-38.87667887667888
-15.824175824175825,13.089133089133089,-9.963369963369964,-6.056166056166056,0.0,8.791208791208792,8.4004884004884,-3.711843711843712,-32.62515262515262,0.0,1.7582417582417582,0.5860805860805861,0.0,-19.73137973137973,-7.228327228327228,-11.526251526251526,-31.062271062271066,0.0,-18.168498168498168,-8.791208791208792,-44.346764346764346,0.5860805860805861,0.0,10.354090354090356,102.56410256410255,-62.31990231990232,-9.963369963369964,-44.346764346764346
-17.387057387057386,16.605616605616607,-17.387057387057386,-2.93040293040293,0.0,4.102564102564102,11.526251526251526,-5.665445665445666,-31.062271062271066,0.0,2.148962148962149,-2.5396825396825395,0.0,-11.916971916971915,-13.089133089133089,-16.996336996336996,-28.71794871794872,0.0,-13.870573870573873,-9.572649572649572,-54.114774114774114,5.274725274725275,0.0,17.77777777777778,29.89010989010989,3.3211233211233213,-6.446886446886447,-54.114774114774114
-19.34065934065934,20.903540903540904,-19.34065934065934,-0.1953601953601953,0.0,1.3675213675213675,13.870573870573873,-1.3675213675213675,-31.843711843711844,0.0,4.493284493284493,-4.493284493284493,0.0,-1.7582417582417582,-15.433455433455434,-18.55921855921856,-31.843711843711844,0.0,-8.4004884004884,-7.619047619047619,-58.41269841269841,6.837606837606837,0.0,19.73137973137973,6.056166056166056,22.857142857142858,-1.7582417582417582,-58.41269841269841
-22.857142857142858,28.71794871794872,-20.512820512820515,0.9768009768009768,0.0,-2.93040293040293,19.34065934065934,4.884004884004884,-36.14163614163614,0.0,6.446886446886447,-4.102564102564102,0.0,6.056166056166056,-12.307692307692308,-16.996336996336996,-39.65811965811966,0.0,-4.884004884004884,-4.102564102564102,-58.41269841269841,4.493284493284493,0.0,20.903540903540904,56.06837606837607,-26.37362637362637,-1.3675213675213675,-58.41269841269841
-28.71794871794872,33.7973137973138,-25.2014652014652,10.354090354090356,0.0,-11.916971916971915,26.37362637362637,7.619047619047619,-31.843711843711844,0.0,7.619047619047619,-3.3211233211233213,0.0,4.884004884004884,-9.18192918192918,-15.042735042735044,-37.704517704517706,0.0,-5.274725274725275,-6.837606837606837,-56.06837606837607,11.526251526251526,0.0,25.592185592185597,41.61172161172161,-15.824175824175825,-2.148962148962149,-56.06837606837607
-33.7973137973138,40.43956043956044,-28.32722832722833,13.47985347985348,0.0,-17.387057387057386,33.40659340659341,9.18192918192918,-33.01587301587302,0.0,13.870573870573873,-7.228327228327228,0.0,5.274725274725275,-4.102564102564102,-10.744810744810744,-37.31379731379732,0.0,-4.102564102564102,-7.619047619047619,-50.5982905982906,15.433455433455434,0.0,28.71794871794872,0.1953601953601953,20.12210012210012,-4.493284493284493,-50.5982905982906
-31.45299145299145,47.472527472527474,-29.89010989010989,4.102564102564102,0.0,-15.824175824175825,41.22100122100122,8.791208791208792,-43.95604395604396,0.0,22.466422466422465,-10.744810744810744,0.0,8.4004884004884,0.5860805860805861,-4.102564102564102,-44.346764346764346,0.0,0.5860805860805861,-6.837606837606837,-43.95604395604396,10.354090354090356,0.0,30.28083028083028,33.01587301587302,-13.47985347985348,-8.791208791208792,-43.95604395604396
-30.28083028083028,49.42612942612943,-29.89010989010989,0.9768009768009768,0.0,-15.042735042735044,42.39316239316239,7.619047619047619,-45.90964590964591,0.0,27.155067155067155,-14.652014652014651,0.0,11.526251526251526,3.3211233211233213,-1.7582417582417582,-44.346764346764346,0.0,7.228327228327228,-6.837606837606837,-42.002442002442,10.354090354090356,0.0,30.28083028083028,38.095238095238095,-19.73137973137973,-11.916971916971915,-42.002442002442
-31.843711843711844,47.472527472527474,-32.234432234432234,4.493284493284493,0.0,-14.261294261294262,35.75091575091575,5.274725274725275,-39.65811965811966,0.0,28.32722832722833,-14.652014652014651,0.0,16.214896214896214,3.711843711843712,-1.7582417582417582,-40.43956043956044,0.0,10.744810744810744,-6.056166056166056,-44.737484737484735,17.77777777777778,0.0,32.62515262515262,-27.545787545787547,41.22100122100122,-9.572649572649572,-44.737484737484735
-32.62515262515262,45.12820512820513,-33.40659340659341,6.446886446886447,0.0,-16.605616605616607,34.18803418803419,7.619047619047619,-40.04884004884005,0.0,28.71794871794872,-10.744810744810744,0.0,20.512820512820515,7.619047619047619,0.1953601953601953,-45.12820512820513,0.0,12.307692307692308,0.1953601953601953,-46.3003663003663,16.996336996336996,0.0,33.7973137973138,-53.724053724053725,65.83638583638583,-6.056166056166056,-46.3003663003663
-33.01587301587302,40.43956043956044,-33.7973137973138,11.526251526251526,0.0,-21.68498168498169,34.969474969474966,10.354090354090356,-38.87667887667888,0.0,27.936507936507937,-6.056166056166056,0.0,20.512820512820515,11.135531135531137,3.711843711843712,-50.989010989010985,0.0,10.354090354090356,4.493284493284493,-45.90964590964591,15.824175824175825,0.0,34.18803418803419,-39.26739926739927,50.5982905982906,-3.711843711843712,-45.90964590964591
-36.14163614163614,36.53235653235653,-37.704517704517706,22.466422466422465,0.0,-30.28083028083028,37.31379731379732,10.354090354090356,-31.45299145299145,0.0,27.936507936507937,-0.9768009768009768,0.0,15.042735042735044,11.916971916971915,8.4004884004884,-45.12820512820513,0.0,5.665445665445666,6.056166056166056,-43.95604395604396,21.68498168498169,0.0,38.095238095238095,-35.36019536019536,43.17460317460318,-3.3211233211233213,-43.95604395604396
-34.969474969474966,35.75091575091575,-38.48595848595848,23.247863247863247,0.0,-34.969474969474966,41.22100122100122,11.526251526251526,-31.843711843711844,0.0,30.671550671550676,-0.1953601953601953,0.0,13.089133089133089,10.744810744810744,11.526251526251526,-43.95604395604396,0.0,1.7582417582417582,6.837606837606837,-38.095238095238095,20.512820512820515,0.0,38.87667887667888,-22.466422466422465,27.545787545787547,-6.837606837606837,-38.095238095238095
-31.062271062271066,39.65811965811966,-36.53235653235653,15.824175824175825,0.0,-34.57875457875458,43.17460317460318,12.307692307692308,-33.40659340659341,0.0,33.7973137973138,-0.1953601953601953,0.0,15.824175824175825,11.916971916971915,14.652014652014651,-43.56532356532357,0.0,4.102564102564102,10.744810744810744,-33.01587301587302,15.824175824175825,0.0,36.92307692307692,-9.963369963369964,13.089133089133089,-8.791208791208792,-33.01587301587302
-31.843711843711844,44.346764346764346,-36.53235653235653,16.214896214896214,0.0,-40.04884004884005,42.002442002442,11.526251526251526,-20.903540903540904,0.0,35.36019536019536,0.1953601953601953,0.0,19.73137973137973,11.135531135531137,15.042735042735044,-32.62515262515262,0.0,7.228327228327228,14.261294261294262,-26.37362637362637,17.387057387057386,0.0,36.92307692307692,-49.03540903540904,49.81684981684982,-11.526251526251526,-26.37362637362637
-33.7973137973138,48.64468864468864,-35.75091575091575,20.903540903540904,0.0,-44.737484737484735,38.87667887667888,12.307692307692308,-7.228327228327228,0.0,36.92307692307692,0.9768009768009768,0.0,24.02930402930403,15.042735042735044,11.916971916971915,-23.247863247863247,0.0,8.00976800976801,21.294261294261293,-19.34065934065934,17.77777777777778,0.0,36.14163614163614,-80.29304029304029,76.77655677655677,-6.837606837606837,-19.34065934065934
-34.969474969474966,54.89621489621489,-29.499389499389498,16.605616605616607,0.0,-49.03540903540904,42.78388278388278,20.12210012210012,-6.837606837606837,0.0,39.65811965811966,4.493284493284493,0.0,32.234432234432234,23.247863247863247,12.698412698412698,-29.10866910866911,0.0,11.916971916971915,31.062271062271066,-12.698412698412698,8.791208791208792,0.0,29.89010989010989,-45.90964590964591,42.78388278388278,-2.5396825396825395,-12.698412698412698
-36.92307692307692,58.02197802197802,-26.37362637362637,22.075702075702075,0.0,-52.55189255189255,47.472527472527474,24.02930402930403,-2.148962148962149,0.0,43.56532356532357,5.274725274725275,0.0,37.31379731379732,28.32722832722833,13.870573870573873,-31.843711843711844,0.0,15.824175824175825,34.969474969474966,-5.665445665445666,2.93040293040293,0.0,26.764346764346765,-42.002442002442,38.48595848595848,0.5860805860805861,-5.665445665445666
-38.87667887667888,56.84981684981685,-27.155067155067155,32.234432234432234,0.0,-54.114774114774114,50.20757020757021,24.02930402930403,2.148962148962149,0.0,44.737484737484735,3.711843711843712,0.0,37.704517704517706,25.592185592185597,11.526251526251526,-24.02930402930403,0.0,15.824175824175825,31.843711843711844,-3.3211233211233213,6.837606837606837,0.0,27.545787545787547,-92.4053724053724,86.54456654456655,3.3211233211233213,-3.3211233211233213
-39.26739926739927,60.366300366300365,-23.63858363858364,31.843711843711844,0.0,-49.42612942612943,55.28693528693529,24.02930402930403,-0.1953601953601953,0.0,47.86324786324786,2.5396825396825395,0.0,41.61172161172161,21.294261294261293,13.47985347985348,-25.982905982905983,0.0,20.512820512820515,27.545787545787547,-5.274725274725275,7.228327228327228,0.0,24.02930402930403,-74.82295482295483,70.13431013431014,2.148962148962149,-5.274725274725275
-39.65811965811966,62.31990231990232,-20.512820512820515,32.234432234432234,0.0,-45.12820512820513,58.41269841269841,22.857142857142858,-2.148962148962149,0.0,49.42612942612943,-0.1953601953601953,0.0,42.002442002442,18.94993894993895,18.94993894993895,-29.10866910866911,0.0,24.02930402930403,23.63858363858364,-2.5396825396825395,4.884004884004884,0.0,20.903540903540904,-35.75091575091575,38.48595848595848,-2.93040293040293,-2.5396825396825395
-44.346764346764346,60.757020757020754,-17.77777777777778,38.87667887667888,0.0,-45.90964590964591,57.24053724053724,20.12210012210012,5.274725274725275,0.0,47.472527472527474,-3.711843711843712,0.0,34.969474969474966,16.996336996336996,22.466422466422465,-19.34065934065934,0.0,21.68498168498169,21.68498168498169,-2.148962148962149,12.698412698412698,0.0,18.168498168498168,-89.67032967032966,96.7032967032967,-4.102564102564102,-2.148962148962149
-50.989010989010985,62.71062271062271,-14.261294261294262,43.17460317460318,0.0,-43.56532356532357,54.5054945054945,15.824175824175825,13.089133089133089,0.0,43.95604395604396,-4.493284493284493,0.0,32.234432234432234,16.605616605616607,20.512820512820515,-9.18192918192918,0.0,20.12210012210012,22.075702075702075,-1.3675213675213675,19.34065934065934,0.0,14.652014652014651,-133.82173382173383,144.76190476190476,-3.711843711843712,-1.3675213675213675
-52.16117216117216,64.66422466422466,-6.446886446886447,38.095238095238095,0.0,-37.31379731379732,52.94261294261294,16.605616605616607,10.744810744810744,0.0,41.61172161172161,-4.493284493284493,0.0,32.62515262515262,22.857142857142858,22.466422466422465,-8.4004884004884,0.0,23.63858363858364,24.81074481074481,7.619047619047619,13.089133089133089,0.0,6.837606837606837,-109.5970695970696,126.3980463980464,-3.3211233211233213,7.619047619047619
-54.5054945054945,65.44566544566544,-7.228327228327228,40.83028083028083,0.0,-33.01587301587302,50.989010989010985,11.526251526251526,13.47985347985348,0.0,36.14163614163614,-4.884004884004884,0.0,31.45299145299145,22.466422466422465,23.247863247863247,0.1953601953601953,0.0,25.982905982905983,24.42002442002442,15.433455433455434,11.526251526251526,0.0,7.619047619047619,-78.33943833943835,93.96825396825396,0.1953601953601953,15.433455433455434
-51.77045177045177,67.00854700854701,-10.744810744810744,40.43956043956044,0.0,-24.42002442002442,47.472527472527474,6.056166056166056,14.652014652014651,0.0,32.62515262515262,-4.102564102564102,0.0,33.7973137973138,21.68498168498169,17.387057387057386,8.00976800976801,0.0,29.499389499389498,23.63858363858364,18.168498168498168,10.744810744810744,0.0,11.135531135531137,-78.73015873015873,88.1074481074481,5.274725274725275,18.168498168498168
-47.86324786324786,65.05494505494505,-11.135531135531137,35.75091575091575,0.0,-18.55921855921856,46.3003663003663,2.93040293040293,9.572649572649572,0.0,29.89010989010989,-4.493284493284493,0.0,37.704517704517706,23.247863247863247,18.94993894993895,0.5860805860805861,0.0,33.40659340659341,21.68498168498169,22.857142857142858,2.5396825396825395,0.0,11.526251526251526,-49.81684981684982,61.53846153846154,5.274725274725275,22.857142857142858
-47.081807081807085,62.71062271062271,-18.168498168498168,37.31379731379732,0.0,-15.433455433455434,41.61172161172161,-3.3211233211233213,11.916971916971915,0.0,23.63858363858364,-8.00976800976801,0.0,36.53235653235653,22.857142857142858,17.387057387057386,-2.148962148962149,0.0,32.62515262515262,20.512820512820515,20.512820512820515,0.5860805860805861,0.0,18.55921855921856,-20.512820512820515,31.843711843711844,6.056166056166056,20.512820512820515
-48.25396825396825,59.58485958485959,-24.02930402930403,43.17460317460318,0.0,-14.261294261294262,35.75091575091575,-7.228327228327228,15.824175824175825,0.0,15.433455433455434,-11.526251526251526,0.0,35.75091575091575,22.075702075702075,9.572649572649572,0.1953601953601953,0.0,27.936507936507937,21.68498168498169,13.47985347985348,3.711843711843712,0.0,24.42002442002442,-33.40659340659341,42.78388278388278,9.18192918192918,13.47985347985348
-50.20757020757021,60.757020757020754,-25.982905982905983,43.17460317460318,0.0,-9.963369963369964,34.57875457875458,-6.056166056166056,9.963369963369964,0.0,8.4004884004884,-11.135531135531137,0.0,38.48595848595848,22.075702075702075,6.837606837606837,-6.056166056166056,0.0,23.63858363858364,27.545787545787547,13.089133089133089,-2.148962148962149,0.0,26.37362637362637,-32.62515262515262,41.61172161172161,12.307692307692308,13.089133089133089
-51.77045177045177,67.00854700854701,-28.32722832722833,42.78388278388278,0.0,-5.665445665445666,36.53235653235653,-6.446886446886447,5.665445665445666,0.0,2.5396825396825395,-11.916971916971915,0.0,42.002442002442,20.903540903540904,7.228327228327228,-8.791208791208792,0.0,20.903540903540904,33.7973137973138,18.168498168498168,-11.135531135531137,0.0,28.71794871794872,-29.89010989010989,31.45299145299145,19.34065934065934,18.168498168498168
-52.16117216117216,69.74358974358974,-32.62515262515262,53.724053724053725,0.0,-7.228327228327228,40.04884004884005,-5.665445665445666,10.744810744810744,0.0,0.9768009768009768,-13.47985347985348,0.0,41.22100122100122,18.55921855921856,4.102564102564102,1.7582417582417582,0.0,16.214896214896214,39.26739926739927,22.466422466422465,-10.354090354090356,0.0,33.01587301587302,-74.04151404151405,64.27350427350427,25.982905982905983,22.466422466422465
-52.16117216117216,73.26007326007326,-32.234432234432234,56.45909645909646,0.0,-5.665445665445666,43.17460317460318,-6.837606837606837,14.652014652014651,0.0,2.93040293040293,-14.261294261294262,0.0,44.346764346764346,18.168498168498168,1.3675213675213675,6.837606837606837,0.0,15.433455433455434,43.95604395604396,24.81074481074481,-12.307692307692308,0.0,32.62515262515262,-66.22710622710623,50.5982905982906,30.671550671550676,24.81074481074481
-49.03540903540904,77.55799755799755,-31.843711843711844,49.03540903540904,0.0,-2.148962148962149,45.90964590964591,-8.791208791208792,10.744810744810744,0.0,5.274725274725275,-16.214896214896214,0.0,49.03540903540904,20.12210012210012,-1.3675213675213675,4.884004884004884,0.0,17.387057387057386,46.69108669108669,25.592185592185597,-16.996336996336996,0.0,32.234432234432234,-6.446886446886447,-11.135531135531137,30.671550671550676,25.592185592185597
-47.472527472527474,79.51159951159951,-32.234432234432234,44.737484737484735,0.0,-1.3675213675213675,45.90964590964591,-10.744810744810744,10.354090354090356,0.0,3.3211233211233213,-20.12210012210012,0.0,52.16117216117216,18.94993894993895,-8.00976800976801,6.837606837606837,0.0,15.433455433455434,47.081807081807085,22.075702075702075,-14.652014652014651,0.0,32.62515262515262,2.93040293040293,-26.764346764346765,33.40659340659341,22.075702075702075
-46.69108669108669,77.94871794871794,-33.01587301587302,43.56532356532357,0.0,-2.148962148962149,45.12820512820513,-10.744810744810744,9.572649572649572,0.0,0.1953601953601953,-20.903540903540904,0.0,56.45909645909646,13.47985347985348,-13.870573870573873,8.4004884004884,0.0,12.307692307692308,43.17460317460318,16.996336996336996,-8.4004884004884,0.0,33.40659340659341,-34.18803418803419,4.493284493284493,34.57875457875458,16.996336996336996
-45.51892551892552,81.46520146520146,-31.45299145299145,35.36019536019536,0.0,-1.7582417582417582,48.64468864468864,-8.00976800976801,0.5860805860805861,0.0,-4.493284493284493,-16.996336996336996,0.0,61.53846153846154,9.18192918192918,-13.870573870573873,2.93040293040293,0.0,9.572649572649572,40.04884004884005,18.55921855921856,-9.18192918192918,0.0,31.843711843711844,-8.791208791208792,-30.671550671550676,37.31379731379732,18.55921855921856
-45.12820512820513,84.2002442002442,-26.764346764346765,30.671550671550676,0.0,-4.102564102564102,51.77045177045177,-2.148962148962149,-1.7582417582417582,0.0,-9.963369963369964,-15.433455433455434,0.0,61.53846153846154,3.711843711843712,-6.837606837606837,2.93040293040293,0.0,3.3211233211233213,38.48595848595848,26.37362637362637,-6.837606837606837,0.0,27.155067155067155,40.43956043956044,-93.96825396825396,40.04884004884005,26.37362637362637
-45.90964590964591,84.98168498168498,-22.075702075702075,28.71794871794872,0.0,-10.354090354090356,53.333333333333336,0.5860805860805861,0.9768009768009768,0.0,-13.870573870573873,-14.261294261294262,0.0,59.58485958485959,-1.7582417582417582,-2.5396825396825395,11.526251526251526,0.0,0.1953601953601953,36.53235653235653,29.89010989010989,-0.1953601953601953,0.0,22.466422466422465,-12.307692307692308,-49.42612942612943,40.83028083028083,29.89010989010989
-45.90964590964591,86.54456654456655,-16.996336996336996,24.81074481074481,0.0,-11.135531135531137,52.16117216117216,1.7582417582417582,4.493284493284493,0.0,-18.55921855921856,-15.042735042735044,0.0,59.975579975579976,-7.228327228327228,-0.9768009768009768,19.34065934065934,0.0,-0.1953601953601953,36.14163614163614,29.499389499389498,4.102564102564102,0.0,17.387057387057386,-78.33943833943835,14.652014652014651,40.83028083028083,29.499389499389498
-42.002442002442,88.88888888888889,-10.744810744810744,13.47985347985348,0.0,-5.665445665445666,50.989010989010985,2.148962148962149,1.3675213675213675,0.0,-22.466422466422465,-14.652014652014651,0.0,65.05494505494505,-10.744810744810744,-0.5860805860805861,19.34065934065934,0.0,5.665445665445666,32.62515262515262,30.28083028083028,2.5396825396825395,0.0,11.135531135531137,-68.96214896214896,7.619047619047619,37.704517704517706,30.28083028083028
-39.26739926739927,85.37240537240537,-8.4004884004884,13.089133089133089,0.0,-4.102564102564102,50.5982905982906,-0.1953601953601953,3.711843711843712,0.0,-23.63858363858364,-16.214896214896214,0.0,65.83638583638583,-15.433455433455434,-2.148962148962149,24.81074481074481,0.0,9.572649572649572,24.42002442002442,28.32722832722833,8.00976800976801,0.0,8.791208791208792,-70.52503052503053,13.870573870573873,32.234432234432234,28.32722832722833
-38.87667887667888,79.51159951159951,-6.446886446886447,16.605616605616607,0.0,-0.1953601953601953,46.69108669108669,-2.93040293040293,6.446886446886447,0.0,-25.982905982905983,-14.261294261294262,0.0,65.05494505494505,-19.73137973137973,-3.711843711843712,26.764346764346765,0.0,6.446886446886447,17.77777777777778,26.764346764346765,13.870573870573873,0.0,6.837606837606837,-70.91575091575092,15.433455433455434,29.10866910866911,26.764346764346765
-33.40659340659341,73.65079365079364,-2.148962148962149,11.916971916971915,0.0,5.665445665445666,46.69108669108669,-2.148962148962149,-0.5860805860805861,0.0,-26.764346764346765,-8.791208791208792,0.0,62.31990231990232,-16.996336996336996,0.5860805860805861,14.261294261294262,0.0,1.7582417582417582,16.214896214896214,27.545787545787547,11.916971916971915,0.0,2.5396825396825395,-45.12820512820513,-14.261294261294262,27.545787545787547,27.545787545787547
-30.671550671550676,66.22710622710623,0.5860805860805861,13.089133089133089,0.0,8.00976800976801,44.737484737484735,-1.7582417582417582,-2.5396825396825395,0.0,-26.764346764346765,-7.228327228327228,0.0,51.37973137973138,-14.261294261294262,7.619047619047619,11.526251526251526,0.0,-7.619047619047619,17.387057387057386,29.10866910866911,16.214896214896214,0.0,-0.1953601953601953,-35.36019536019536,-29.10866910866911,25.982905982905983,29.10866910866911
-29.10866910866911,57.63125763125763,2.148962148962149,18.55921855921856,0.0,9.963369963369964,38.48595848595848,-0.9768009768009768,0.5860805860805861,0.0,-27.155067155067155,-4.884004884004884,0.0,38.095238095238095,-11.526251526251526,10.744810744810744,15.042735042735044,0.0,-17.77777777777778,18.55921855921856,25.982905982905983,24.81074481074481,0.0,-1.7582417582417582,-49.03540903540904,-20.512820512820515,26.37362637362637,25.982905982905983
-22.466422466422465,53.333333333333336,8.4004884004884,11.526251526251526,0.0,14.652014652014651,36.53235653235653,1.7582417582417582,-2.5396825396825395,0.0,-24.81074481074481,-0.1953601953601953,0.0,30.28083028083028,-4.102564102564102,13.870573870573873,10.744810744810744,0.0,-18.55921855921856,20.903540903540904,26.764346764346765,21.294261294261293,0.0,-8.00976800976801,-20.12210012210012,-50.20757020757021,25.982905982905983,26.764346764346765
-15.433455433455434,50.20757020757021,15.042735042735044,3.711843711843712,0.0,17.77777777777778,35.75091575091575,2.93040293040293,-3.711843711843712,0.0,-20.903540903540904,0.1953601953601953,0.0,23.63858363858364,-0.5860805860805861,17.387057387057386,11.135531135531137,0.0,-13.089133089133089,18.168498168498168,29.10866910866911,17.387057387057386,0.0,-14.652014652014651,4.493284493284493,-68.18070818070818,20.512820512820515,29.10866910866911
-10.354090354090356,42.39316239316239,15.433455433455434,5.665445665445666,0.0,16.996336996336996,30.28083028083028,0.5860805860805861,4.493284493284493,0.0,-18.168498168498168,0.5860805860805861,0.0,15.042735042735044,-1.7582417582417582,18.168498168498168,20.512820512820515,0.0,-10.354090354090356,11.526251526251526,27.936507936507937,22.857142857142858,0.0,-15.042735042735044,-26.764346764346765,-34.18803418803419,17.387057387057386,27.936507936507937
-4.884004884004884,36.14163614163614,16.605616605616607,0.1953601953601953,0.0,20.12210012210012,25.2014652014652,-2.5396825396825395,4.884004884004884,0.0,-15.433455433455434,2.148962148962149,0.0,9.963369963369964,-0.5860805860805861,18.94993894993895,21.294261294261293,0.0,-7.619047619047619,10.744810744810744,24.42002442002442,22.075702075702075,0.0,-16.214896214896214,-25.592185592185597,-30.28083028083028,15.824175824175825,24.42002442002442
0.5860805860805861,31.45299145299145,18.94993894993895,-9.963369963369964,0.0,26.37362637362637,21.294261294261293,-2.5396825396825395,-3.711843711843712,0.0,-9.572649572649572,3.3211233211233213,0.0,8.00976800976801,2.93040293040293,22.466422466422465,12.307692307692308,0.0,-4.493284493284493,13.870573870573873,21.68498168498169,15.042735042735044,0.0,-18.55921855921856,33.40659340659341,-81.07448107448107,13.089133089133089,21.68498168498169
1.7582417582417582,24.42002442002442,20.12210012210012,-8.791208791208792,0.0,25.592185592185597,17.77777777777778,-0.9768009768009768,-4.884004884004884,0.0,-5.274725274725275,6.056166056166056,0.0,3.711843711843712,9.18192918192918,21.294261294261293,11.135531135531137,0.0,-4.884004884004884,17.387057387057386,15.042735042735044,18.168498168498168,0.0,-19.73137973137973,30.671550671550676,-73.65079365079364,15.042735042735044,15.042735042735044
2.148962148962149,19.73137973137973,22.466422466422465,-6.056166056166056,0.0,23.247863247863247,18.94993894993895,1.7582417582417582,-5.665445665445666,0.0,-0.1953601953601953,12.698412698412698,0.0,-0.1953601953601953,20.12210012210012,17.77777777777778,11.526251526251526,0.0,-4.884004884004884,22.075702075702075,8.4004884004884,22.857142857142858,0.0,-22.075702075702075,-5.665445665445666,-32.234432234432234,18.55921855921856,8.4004884004884
8.00976800976801,16.996336996336996,31.45299145299145,-8.4004884004884,0.0,23.247863247863247,23.247863247863247,11.135531135531137,-9.18192918192918,0.0,8.791208791208792,21.68498168498169,0.0,-3.3211233211233213,34.969474969474966,20.512820512820515,7.228327228327228,0.0,0.1953601953601953,25.592185592185597,9.18192918192918,24.42002442002442,0.0,-31.062271062271066,42.002442002442,-74.82295482295483,19.73137973137973,9.18192918192918
15.042735042735044,14.652014652014651,38.48595848595848,-6.446886446886447,0.0,22.857142857142858,29.10866910866911,19.34065934065934,-8.4004884004884,0.0,18.55921855921856,28.32722832722833,0.0,-6.056166056166056,49.03540903540904,26.37362637362637,5.274725274725275,0.0,7.619047619047619,26.764346764346765,13.089133089133089,25.592185592185597,0.0,-38.095238095238095,75.995115995116,-105.68986568986568,22.075702075702075,13.089133089133089
21.68498168498169,11.526251526251526,38.095238095238095,2.5396825396825395,0.0,24.81074481074481,29.10866910866911,18.94993894993895,0.1953601953601953,0.0,27.936507936507937,32.234432234432234,0.0,-11.526251526251526,54.114774114774114,29.499389499389498,11.916971916971915,0.0,11.526251526251526,22.466422466422465,13.089133089133089,34.969474969474966,0.0,-37.704517704517706,7.228327228327228,-38.87667887667888,23.247863247863247,13.089133089133089
26.764346764346765,8.791208791208792,38.095238095238095,0.9768009768009768,0.0,32.234432234432234,27.155067155067155,18.94993894993895,-2.148962148962149,0.0,38.48595848595848,33.40659340659341,0.0,-11.916971916971915,57.24053724053724,34.18803418803419,7.228327228327228,0.0,16.996336996336996,21.68498168498169,13.870573870573873,32.62515262515262,0.0,-37.704517704517706,-40.04884004884005,9.18192918192918,25.592185592185597,13.870573870573873
29.10866910866911,8.00976800976801,37.704517704517706,-1.7582417582417582,0.0,40.43956043956044,25.592185592185597,18.55921855921856,-10.354090354090356,0.0,45.12820512820513,32.62515262515262,0.0,-9.18192918192918,56.84981684981685,37.704517704517706,-2.148962148962149,0.0,19.73137973137973,23.63858363858364,11.135531135531137,26.764346764346765,0.0,-37.31379731379732,-25.592185592185597,0.5860805860805861,25.2014652014652,11.135531135531137
25.2014652014652,9.963369963369964,34.57875457875458,1.3675213675213675,0.0,42.002442002442,22.075702075702075,18.55921855921856,-10.744810744810744,0.0,48.25396825396825,32.62515262515262,0.0,-8.791208791208792,54.114774114774114,34.969474969474966,-4.493284493284493,0.0,18.168498168498168,24.42002442002442,6.056166056166056,24.81074481074481,0.0,-34.18803418803419,-27.155067155067155,6.446886446886447,25.982905982905983,6.056166056166056
20.512820512820515,13.47985347985348,32.62515262515262,1.7582417582417582,0.0,37.31379731379732,27.545787545787547,19.73137973137973,-15.433455433455434,0.0,50.5982905982906,34.969474969474966,0.0,-5.665445665445666,53.724053724053725,30.671550671550676,-8.4004884004884,0.0,18.94993894993895,27.545787545787547,2.148962148962149,19.34065934065934,0.0,-32.234432234432234,-25.2014652014652,10.354090354090356,28.71794871794872,2.148962148962149
21.294261294261293,20.512820512820515,31.062271062271066,-4.102564102564102,0.0,32.62515262515262,36.92307692307692,22.075702075702075,-22.857142857142858,0.0,51.37973137973138,35.75091575091575,0.0,-1.3675213675213675,54.89621489621489,28.32722832722833,-12.698412698412698,0.0,21.294261294261293,30.671550671550676,4.493284493284493,10.354090354090356,0.0,-30.671550671550676,-18.168498168498168,7.228327228327228,29.499389499389498,4.493284493284493
25.2014652014652,22.466422466422465,26.764346764346765,-4.884004884004884,0.0,27.936507936507937,42.78388278388278,18.94993894993895,-20.512820512820515,0.0,52.94261294261294,33.01587301587302,0.0,-1.7582417582417582,52.55189255189255,24.42002442002442,-4.493284493284493,0.0,22.466422466422465,27.936507936507937,8.00976800976801,9.18192918192918,0.0,-26.37362637362637,-40.43956043956044,30.28083028083028,27.155067155067155,8.00976800976801
29.89010989010989,16.996336996336996,20.12210012210012,-3.711843711843712,0.0,27.936507936507937,41.22100122100122,12.307692307692308,-17.77777777777778,0.0,54.89621489621489,27.545787545787547,0.0,-1.3675213675213675,49.81684981684982,19.34065934065934,1.3675213675213675,0.0,23.247863247863247,24.42002442002442,7.228327228327228,12.307692307692308,0.0,-19.73137973137973,-77.55799755799755,67.78998778998779,28.32722832722833,7.228327228327228
38.87667887667888,10.354090354090356,18.94993894993895,-12.698412698412698,0.0,36.14163614163614,34.969474969474966,9.963369963369964,-25.2014652014652,0.0,52.55189255189255,25.2014652014652,0.0,-0.5860805860805861,51.37973137973138,19.34065934065934,-6.446886446886447,0.0,22.075702075702075,27.155067155067155,6.056166056166056,5.665445665445666,0.0,-18.55921855921856,-33.40659340659341,28.32722832722833,27.545787545787547,6.056166056166056
47.081807081807085,0.5860805860805861,21.294261294261293,-16.605616605616607,0.0,47.081807081807085,23.247863247863247,11.526251526251526,-28.32722832722833,0.0,49.81684981684982,24.02930402930403,0.0,-1.7582417582417582,54.89621489621489,18.55921855921856,-12.307692307692308,0.0,22.857142857142858,29.10866910866911,3.3211233211233213,2.5396825396825395,0.0,-20.903540903540904,-0.9768009768009768,4.493284493284493,26.37362637362637,3.3211233211233213
54.114774114774114,-8.00976800976801,20.512820512820515,-4.884004884004884,0.0,56.45909645909646,12.307692307692308,11.526251526251526,-19.73137973137973,0.0,47.472527472527474,24.02930402930403,0.0,-5.665445665445666,58.02197802197802,13.089133089133089,-7.228327228327228,0.0,25.592185592185597,28.32722832722833,-3.711843711843712,6.837606837606837,0.0,-20.12210012210012,-27.545787545787547,35.75091575091575,31.062271062271066,-3.711843711843712
62.71062271062271,-13.089133089133089,22.857142857142858,-0.9768009768009768,0.0,67.78998778998779,10.354090354090356,13.47985347985348,-20.12210012210012,0.0,46.3003663003663,26.764346764346765,0.0,-7.228327228327228,62.71062271062271,9.963369963369964,-6.837606837606837,0.0,29.89010989010989,26.37362637362637,-6.837606837606837,6.837606837606837,0.0,-22.466422466422465,2.93040293040293,10.744810744810744,32.234432234432234,-6.837606837606837
73.65079365079364,-13.47985347985348,27.936507936507937,0.1953601953601953,0.0,80.29304029304029,12.698412698412698,17.387057387057386,-22.857142857142858,0.0,47.472527472527474,24.42002442002442,0.0,-7.619047619047619,65.44566544566544,9.572649572649572,-4.884004884004884,0.0,34.969474969474966,23.247863247863247,-2.148962148962149,4.102564102564102,0.0,-27.545787545787547,68.96214896214896,-51.37973137973138,29.89010989010989,-2.148962148962149
80.29304029304029,-18.94993894993895,27.936507936507937,8.791208791208792,0.0,88.1074481074481,14.261294261294262,14.261294261294262,-17.77777777777778,0.0,49.03540903540904,18.94993894993895,0.0,-9.963369963369964,60.757020757020754,9.18192918192918,4.102564102564102,0.0,35.36019536019536,14.652014652014651,0.1953601953601953,11.135531135531137,0.0,-27.545787545787547,44.346764346764346,-29.89010989010989,28.32722832722833,0.1953601953601953
92.7960927960928,-24.81074481074481,28.32722832722833,11.916971916971915,0.0,102.56410256410255,15.433455433455434,9.18192918192918,-19.34065934065934,0.0,48.25396825396825,14.261294261294262,0.0,-9.572649572649572,58.41269841269841,8.4004884004884,4.102564102564102,0.0,31.062271062271066,9.18192918192918,3.711843711843712,15.824175824175825,0.0,-27.936507936507937,-24.42002442002442,33.01587301587302,24.02930402930403,3.711843711843712
105.2991452991453,-25.2014652014652,29.89010989010989,1.3675213675213675,0.0,117.8021978021978,15.433455433455434,8.00976800976801,-31.062271062271066,0.0,44.346764346764346,11.526251526251526,0.0,-3.711843711843712,56.84981684981685,9.572649572649572,-2.93040293040293,0.0,29.89010989010989,9.18192918192918,6.837606837606837,11.916971916971915,0.0,-29.499389499389498,1.3675213675213675,4.493284493284493,19.34065934065934,6.837606837606837
115.45787545787546,-27.936507936507937,29.10866910866911,-3.3211233211233213,0.0,126.7887667887668,12.698412698412698,6.056166056166056,-32.62515262515262,0.0,40.83028083028083,10.354090354090356,0.0,-1.7582417582417582,53.333333333333336,10.744810744810744,0.1953601953601953,0.0,28.71794871794872,6.837606837606837,11.135531135531137,12.698412698412698,0.0,-28.71794871794872,10.354090354090356,-7.228327228327228,13.47985347985348,11.135531135531137
125.22588522588522,-28.32722832722833,24.02930402930403,-6.446886446886447,0.0,130.6959706959707,9.963369963369964,1.3675213675213675,-28.71794871794872,0.0,36.92307692307692,9.18192918192918,0.0,-0.5860805860805861,46.3003663003663,5.274725274725275,11.916971916971915,0.0,29.10866910866911,3.711843711843712,9.963369963369964,18.94993894993895,0.0,-23.63858363858364,-18.55921855921856,14.261294261294262,10.744810744810744,9.963369963369964
128.35164835164835,-25.592185592185597,24.42002442002442,-17.387057387057386,0.0,129.13308913308913,6.446886446886447,0.5860805860805861,-27.545787545787547,0.0,32.234432234432234,7.228327228327228,0.0,0.1953601953601953,38.48595848595848,4.884004884004884,21.294261294261293,0.0,30.671550671550676,3.3211233211233213,10.744810744810744,18.94993894993895,0.0,-24.02930402930403,-9.572649572649572,2.5396825396825395,7.228327228327228,10.744810744810744
124.83516483516485,-27.545787545787547,24.02930402930403,-21.294261294261293,0.0,119.36507936507935,-0.5860805860805861,2.93040293040293,-22.075702075702075,0.0,28.32722832722833,2.93040293040293,0.0,-2.93040293040293,29.499389499389498,7.619047619047619,30.671550671550676,0.0,27.545787545787547,3.711843711843712,13.870573870573873,18.55921855921856,0.0,-23.63858363858364,20.512820512820515,-28.32722832722833,3.711843711843712,13.870573870573873
118.97435897435898,-31.843711843711844,19.34065934065934,-16.996336996336996,0.0,109.5970695970696,-6.837606837606837,1.7582417582417582,-15.042735042735044,0.0,22.857142857142858,-0.5860805860805861,0.0,-5.665445665445666,20.512820512820515,9.18192918192918,40.04884004884005,0.0,22.466422466422465,1.7582417582417582,15.042735042735044,24.02930402930403,0.0,-18.94993894993895,26.764346764346765,-40.04884004884005,1.3675213675213675,15.042735042735044
116.63003663003664,-34.969474969474966,20.12210012210012,-21.294261294261293,0.0,108.03418803418803,-12.307692307692308,2.148962148962149,-18.168498168498168,0.0,16.605616605616607,-0.5860805860805861,0.0,-5.274725274725275,15.433455433455434,12.698412698412698,37.704517704517706,0.0,15.824175824175825,4.493284493284493,18.94993894993895,19.73137973137973,0.0,-19.73137973137973,13.089133089133089,-29.10866910866911,-0.1953601953601953,18.94993894993895
115.84859584859583,-36.92307692307692,21.68498168498169,-24.81074481074481,0.0,111.15995115995116,-17.387057387057386,5.665445665445666,-24.02930402930403,0.0,10.354090354090356,0.5860805860805861,0.0,-5.274725274725275,15.433455433455434,18.94993894993895,33.40659340659341,0.0,11.526251526251526,8.4004884004884,27.155067155067155,12.307692307692308,0.0,-21.294261294261293,9.963369963369964,-25.2014652014652,-1.3675213675213675,27.155067155067155
114.67643467643468,-40.83028083028083,21.294261294261293,-20.12210012210012,0.0,113.89499389499387,-23.247863247863247,2.5396825396825395,-18.168498168498168,0.0,-0.5860805860805861,0.1953601953601953,0.0,-8.4004884004884,13.089133089133089,18.94993894993895,38.87667887667888,0.0,5.274725274725275,8.00976800976801,32.234432234432234,15.433455433455434,0.0,-20.903540903540904,-18.94993894993895,0.5860805860805861,-2.93040293040293,32.234432234432234
115.06715506715508,-47.472527472527474,20.12210012210012,-15.042735042735044,0.0,118.97435897435898,-35.36019536019536,-0.9768009768009768,-9.572649572649572,0.0,-12.698412698412698,0.5860805860805861,0.0,-11.916971916971915,9.572649572649572,15.824175824175825,45.12820512820513,0.0,-0.9768009768009768,6.837606837606837,33.7973137973138,17.77777777777778,0.0,-19.73137973137973,-36.14163614163614,16.605616605616607,-5.665445665445666,33.7973137973138
117.8021978021978,-55.67765567765568,20.903540903540904,-16.605616605616607,0.0,126.7887667887668,-48.64468864468864,0.1953601953601953,-11.135531135531137,0.0,-22.075702075702075,0.1953601953601953,0.0,-13.089133089133089,8.4004884004884,16.605616605616607,41.22100122100122,0.0,-6.837606837606837,9.18192918192918,36.92307692307692,13.089133089133089,0.0,-20.512820512820515,35.36019536019536,-49.81684981684982,-8.00976800976801,36.92307692307692
119.36507936507935,-68.18070818070818,15.042735042735044,-11.916971916971915,0.0,125.6166056166056,-62.31990231990232,0.1953601953601953,-8.4004884004884,0.0,-32.234432234432234,-2.93040293040293,0.0,-17.387057387057386,5.274725274725275,15.042735042735044,40.04884004884005,0.0,-16.214896214896214,9.18192918192918,38.48595848595848,11.135531135531137,0.0,-14.652014652014651,66.61782661782662,-79.9023199023199,-11.526251526251526,38.48595848595848
123.66300366300366,-85.76312576312576,5.274725274725275,-5.274725274725275,0.0,120.53724053724054,-75.21367521367522,-2.93040293040293,-4.102564102564102,0.0,-45.51892551892552,-7.619047619047619,0.0,-26.37362637362637,0.1953601953601953,11.916971916971915,40.04884004884005,0.0,-29.89010989010989,7.619047619047619,36.92307692307692,10.354090354090356,0.0,-4.884004884004884,42.002442002442,-59.58485958485959,-13.47985347985348,36.92307692307692
131.4774114774115,-98.65689865689866,-2.93040293040293,-10.354090354090356,0.0,118.97435897435898,-86.15384615384616,-4.884004884004884,-8.00976800976801,0.0,-58.41269841269841,-9.572649572649572,0.0,-33.7973137973138,-4.884004884004884,11.135531135531137,34.969474969474966,0.0,-43.56532356532357,6.837606837606837,38.87667887667888,3.3211233211233213,0.0,3.3211233211233213,75.995115995116,-99.43833943833944,-16.214896214896214,38.87667887667888
139.68253968253967,-109.2063492063492,-9.18192918192918,-14.261294261294262,0.0,115.06715506715508,-95.14041514041514,-5.665445665445666,-7.228327228327228,0.0,-75.6043956043956,-11.135531135531137,0.0,-46.69108669108669,-9.18192918192918,11.135531135531137,33.01587301587302,0.0,-57.24053724053724,3.711843711843712,43.17460317460318,-2.5396825396825395,0.0,9.572649572649572,117.4114774114774,-149.05982905982907,-18.55921855921856,43.17460317460318
140.46398046398048,-117.8021978021978,-13.089133089133089,-11.526251526251526,0.0,101.3919413919414,-103.34554334554336,-6.056166056166056,4.884004884004884,0.0,-99.43833943833944,-13.47985347985348,0.0,-68.18070818070818,-11.916971916971915,12.307692307692308,38.095238095238095,0.0,-75.6043956043956,-0.1953601953601953,45.12820512820513,0.1953601953601953,0.0,13.47985347985348,93.18681318681318,-132.64957264957266,-21.68498168498169,45.12820512820513
147.1062271062271,-124.44444444444444,-19.73137973137973,-11.916971916971915,0.0,97.87545787545788,-111.15995115995116,-12.698412698412698,15.042735042735044,0.0,-109.98778998778998,-8.4004884004884,0.0,-82.63736263736264,-19.73137973137973,4.884004884004884,49.03540903540904,0.0,-86.15384615384616,-9.18192918192918,39.26739926739927,7.619047619047619,0.0,20.12210012210012,40.04884004884005,-81.07448107448107,-27.936507936507937,39.26739926739927
153.35775335775335,-129.13308913308913,-19.73137973137973,-15.824175824175825,0.0,92.4053724053724,-115.84859584859583,-10.354090354090356,20.512820512820515,0.0,-120.14652014652016,-6.056166056166056,0.0,-96.7032967032967,-23.247863247863247,8.00976800976801,47.86324786324786,0.0,-95.53113553113552,-15.433455433455434,41.22100122100122,5.274725274725275,0.0,20.12210012210012,56.45909645909646,-91.62393162393164,-36.14163614163614,41.22100122100122
157.65567765567766,-138.9010989010989,-22.857142857142858,-12.307692307692308,0.0,86.15384615384616,-123.66300366300366,-11.135531135531137,31.062271062271066,0.0,-129.52380952380952,-5.274725274725275,0.0,-110.37851037851038,-27.545787545787547,6.446886446886447,54.5054945054945,0.0,-104.12698412698413,-23.247863247863247,40.83028083028083,8.791208791208792,0.0,23.247863247863247,88.88888888888889,-116.23931623931624,-44.737484737484735,40.83028083028083
161.56288156288156,-149.84126984126985,-28.32722832722833,-8.791208791208792,0.0,83.02808302808303,-134.21245421245422,-16.214896214896214,40.83028083028083,0.0,-138.5103785103785,-6.446886446886447,0.0,-121.7094017094017,-36.14163614163614,1.7582417582417582,61.92918192918193,0.0,-113.5042735042735,-31.843711843711844,39.26739926739927,11.135531135531137,0.0,28.71794871794872,69.74358974358974,-92.014652014652,-51.37973137973138,39.26739926739927
167.81440781440782,-156.4835164835165,-34.57875457875458,-14.261294261294262,0.0,82.63736263736264,-144.37118437118437,-14.652014652014651,37.704517704517706,0.0,-150.23199023199024,-7.619047619047619,0.0,-132.64957264957266,-40.43956043956044,1.7582417582417582,60.366300366300365,0.0,-124.44444444444444,-35.75091575091575,42.78388278388278,4.884004884004884,0.0,34.969474969474966,72.86935286935287,-94.74969474969475,-54.5054945054945,42.78388278388278
170.54945054945054,-163.9072039072039,-44.346764346764346,-13.870573870573873,0.0,76.77655677655677,-154.52991452991452,-14.652014652014651,39.26739926739927,0.0,-165.86080586080587,-7.228327228327228,0.0,-145.93406593406593,-47.472527472527474,4.102564102564102,62.71062271062271,0.0,-135.3846153846154,-40.04884004884005,44.737484737484735,3.3211233211233213,0.0,44.737484737484735,89.67032967032966,-116.23931623931624,-57.63125763125763,44.737484737484735
174.45665445665446,-171.7216117216117,-56.06837606837607,-15.042735042735044,0.0,70.91575091575092,-164.2979242979243,-15.042735042735044,38.87667887667888,0.0,-178.36385836385836,-5.665445665445666,0.0,-161.17216117216117,-56.06837606837607,3.711843711843712,64.66422466422466,0.0,-147.49694749694748,-47.081807081807085,39.26739926739927,6.056166056166056,0.0,56.45909645909646,84.2002442002442,-115.45787545787546,-62.31990231990232,39.26739926739927
179.9267399267399,-177.97313797313797,-70.52503052503053,-22.857142857142858,0.0,64.66422466422466,-173.67521367521368,-12.698412698412698,27.936507936507937,0.0,-188.5225885225885,-2.93040293040293,0.0,-173.67521367521368,-62.71062271062271,2.5396825396825395,54.89621489621489,0.0,-159.21855921855922,-52.94261294261294,33.7973137973138,0.1953601953601953,0.0,70.91575091575092,73.26007326007326,-108.42490842490842,-68.57142857142857,33.7973137973138
185.006105006105,-186.56898656898656,-84.2002442002442,-29.10866910866911,0.0,56.06837606837607,-182.66178266178267,-8.791208791208792,19.73137973137973,0.0,-197.50915750915752,-0.9768009768009768,0.0,-186.95970695970692,-68.96214896214896,5.665445665445666,43.17460317460318,0.0,-170.54945054945054,-61.92918192918193,31.062271062271066,-4.493284493284493,0.0,84.59096459096459,84.59096459096459,-121.31868131868131,-79.12087912087912,31.062271062271066
185.3968253968254,-199.46275946275944,-97.09401709401708,-24.81074481074481,0.0,45.90964590964591,-195.55555555555557,-9.18192918192918,21.294261294261293,0.0,-206.1050061050061,-5.665445665445666,0.0,-202.1978021978022,-77.55799755799755,2.5396825396825395,45.12820512820513,0.0,-183.83394383394383,-75.995115995116,24.42002442002442,2.5396825396825395,0.0,97.48473748473748,47.081807081807085,-85.37240537240537,-88.4981684981685,24.42002442002442
185.006105006105,-207.66788766788767,-109.2063492063492,-21.294261294261293,0.0,38.095238095238095,-205.7142857142857,-10.354090354090356,23.247863247863247,0.0,-214.31013431013432,-10.354090354090356,0.0,-212.7472527472528,-90.84249084249085,-1.7582417582417582,51.77045177045177,0.0,-198.2905982905983,-89.27960927960928,19.73137973137973,11.916971916971915,0.0,109.5970695970696,10.354090354090356,-54.89621489621489,-97.09401709401708,19.73137973137973
188.13186813186812,-207.27716727716728,-116.23931623931624,-32.62515262515262,0.0,36.14163614163614,-208.44932844932845,-9.572649572649572,12.307692307692308,0.0,-221.34310134310132,-13.47985347985348,0.0,-215.0915750915751,-102.95482295482296,1.3675213675213675,46.3003663003663,0.0,-208.0586080586081,-95.92185592185592,22.075702075702075,9.963369963369964,0.0,116.63003663003664,41.61172161172161,-98.65689865689866,-102.95482295482296,22.075702075702075
187.74114774114773,-208.44932844932845,-123.27228327228327,-36.53235653235653,0.0,31.062271062271066,-210.7936507936508,-9.963369963369964,8.4004884004884,0.0,-231.8925518925519,-16.605616605616607,0.0,-220.17094017094016,-115.06715506715508,4.493284493284493,46.69108669108669,0.0,-220.56166056166057,-97.87545787545788,23.247863247863247,10.354090354090356,0.0,123.66300366300366,45.51892551892552,-112.33211233211232,-104.12698412698413,23.247863247863247
189.3040293040293,-206.1050061050061,-137.33821733821733,-35.75091575091575,0.0,26.764346764346765,-211.1843711843712,-11.916971916971915,5.274725274725275,0.0,-241.66056166056163,-15.433455433455434,0.0,-223.6874236874237,-122.88156288156289,4.102564102564102,47.081807081807085,0.0,-232.67399267399267,-95.14041514041514,21.68498168498169,10.354090354090356,0.0,137.72893772893772,-9.18192918192918,-68.57142857142857,-104.51770451770452,21.68498168498169
192.42979242979243,-201.4163614163614,-151.01343101343102,-40.83028083028083,0.0,25.592185592185597,-212.3565323565324,-8.4004884004884,-6.446886446886447,0.0,-248.3028083028083,-11.916971916971915,0.0,-227.985347985348,-120.92796092796092,7.228327228327228,33.7973137973138,0.0,-242.44200244200243,-85.76312576312576,21.68498168498169,-0.1953601953601953,0.0,151.4041514041514,-9.963369963369964,-74.43223443223444,-103.34554334554336,21.68498168498169
190.0854700854701,-201.02564102564105,-161.17216117216117,-35.75091575091575,0.0,19.73137973137973,-212.3565323565324,-2.93040293040293,-13.089133089133089,0.0,-251.8192918192918,-13.870573870573873,0.0,-236.97191697191695,-113.89499389499387,9.572649572649572,23.247863247863247,0.0,-253.77289377289375,-77.55799755799755,16.996336996336996,-3.3211233211233213,0.0,161.56288156288156,46.69108669108669,-128.74236874236874,-103.73626373626374,16.996336996336996
188.13186813186812,-201.8070818070818,-173.67521367521368,-24.02930402930403,0.0,18.55921855921856,-213.13797313797315,-7.228327228327228,-9.963369963369964,0.0,-252.21001221001225,-13.089133089133089,0.0,-238.5347985347985,-119.36507936507935,0.5860805860805861,26.37362637362637,0.0,-257.2893772893773,-80.29304029304029,0.5860805860805861,5.665445665445666,0.0,174.06593406593407,-23.63858363858364,-59.58485958485959,-102.95482295482296,0.5860805860805861
186.56898656898656,-199.46275946275944,-177.1916971916972,-29.499389499389498,0.0,17.387057387057386,-209.6214896214896,-6.837606837606837,-21.294261294261293,0.0,-252.6007326007326,-15.042735042735044,0.0,-236.1904761904762,-123.27228327228327,-6.056166056166056,17.77777777777778,0.0,-260.4151404151404,-80.68376068376068,-14.652014652014651,7.619047619047619,0.0,177.58241758241758,-99.43833943833944,13.47985347985348,-101.3919413919414,-14.652014652014651
186.95970695970692,-197.8998778998779,-174.84737484737485,-43.56532356532357,0.0,20.12210012210012,-205.7142857142857,-8.00976800976801,-36.14163614163614,0.0,-254.55433455433456,-15.042735042735044,0.0,-229.5482295482296,-128.35164835164835,-8.00976800976801,4.493284493284493,0.0,-261.978021978022,-82.24664224664225,-21.294261294261293,3.711843711843712,0.0,175.23809523809524,-60.366300366300365,-27.155067155067155,-103.73626373626374,-21.294261294261293
187.74114774114773,-197.11843711843716,-176.8009768009768,-52.16117216117216,0.0,23.63858363858364,-208.84004884004884,-12.307692307692308,-42.002442002442,0.0,-260.02442002442,-11.526251526251526,0.0,-224.07814407814408,-136.16605616605617,-11.916971916971915,-0.1953601953601953,0.0,-263.9316239316239,-86.93528693528694,-25.592185592185597,3.3211233211233213,0.0,177.1916971916972,-59.1941391941392,-36.14163614163614,-105.68986568986568,-25.592185592185597
186.56898656898656,-198.2905982905983,-179.14529914529913,-58.02197802197802,0.0,23.247863247863247,-211.96581196581195,-14.652014652014651,-45.51892551892552,0.0,-265.4945054945055,-11.526251526251526,0.0,-223.2967032967033,-139.68253968253967,-15.433455433455434,-3.711843711843712,0.0,-272.5274725274725,-88.4981684981685,-26.37362637362637,4.102564102564102,0.0,179.53601953601952,-68.18070818070818,-34.57875457875458,-108.03418803418803,-26.37362637362637
185.3968253968254,-197.50915750915752,-177.58241758241758,-62.31990231990232,0.0,27.155067155067155,-214.7008547008547,-13.47985347985348,-51.37973137973138,0.0,-265.4945054945055,-13.089133089133089,0.0,-220.95238095238096,-140.85470085470087,-15.433455433455434,-11.916971916971915,0.0,-277.997557997558,-88.4981684981685,-23.63858363858364,0.1953601953601953,0.0,177.97313797313797,-47.081807081807085,-58.8034188034188,-111.15995115995116,-23.63858363858364
180.70818070818072,-197.8998778998779,-178.75457875457874,-57.24053724053724,0.0,29.10866910866911,-216.65445665445665,-15.433455433455434,-50.989010989010985,0.0,-265.1037851037851,-15.824175824175825,0.0,-218.6080586080586,-145.15262515262515,-16.996336996336996,-11.526251526251526,0.0,-279.56043956043953,-92.014652014652,-25.2014652014652,2.5396825396825395,0.0,179.14529914529913,-37.704517704517706,-68.18070818070818,-113.11355311355312,-25.2014652014652
173.67521367521368,-199.46275946275944,-180.31746031746036,-50.5982905982906,0.0,28.71794871794872,-215.87301587301587,-21.68498168498169,-47.86324786324786,0.0,-261.978021978022,-21.68498168498169,0.0,-212.3565323565324,-157.65567765567766,-22.466422466422465,-5.665445665445666,0.0,-276.04395604395603,-97.48473748473748,-35.75091575091575,9.963369963369964,0.0,180.70818070818072,-49.03540903540904,-49.81684981684982,-113.5042735042735,-35.75091575091575
170.15873015873015,-196.33699633699635,-175.23809523809524,-58.02197802197802,0.0,36.14163614163614,-213.13797313797315,-24.42002442002442,-58.41269841269841,0.0,-258.46153846153845,-23.63858363858364,0.0,-198.2905982905983,-163.9072039072039,-24.02930402930403,-16.214896214896214,0.0,-265.4945054945055,-94.74969474969475,-44.346764346764346,1.3675213675213675,0.0,175.62881562881563,-8.4004884004884,-77.94871794871794,-110.76923076923076,-44.346764346764346
165.0793650793651,-191.2576312576313,-171.7216117216117,-67.3992673992674,0.0,42.78388278388278,-212.7472527472528,-27.936507936507937,-67.78998778998779,0.0,-255.72649572649573,-21.68498168498169,0.0,-183.83394383394383,-168.2051282051282,-22.857142857142858,-27.545787545787547,0.0,-252.21001221001225,-91.62393162393164,-49.03540903540904,-9.18192918192918,0.0,172.11233211233213,18.55921855921856,-95.53113553113552,-103.73626373626374,-49.03540903540904
154.13919413919413,-186.95970695970692,-168.2051282051282,-65.44566544566544,0.0,42.39316239316239,-213.13797313797315,-34.18803418803419,-61.92918192918193,0.0,-251.03785103785103,-19.34065934065934,0.0,-172.50305250305252,-172.11233211233213,-25.982905982905983,-25.982905982905983,0.0,-244.3956043956044,-86.93528693528694,-56.84981684981685,-8.791208791208792,0.0,168.5958485958486,-22.466422466422465,-46.69108669108669,-92.7960927960928,-56.84981684981685
145.54334554334554,-180.31746031746036,-157.26495726495727,-68.96214896214896,0.0,45.12820512820513,-211.96581196581195,-31.843711843711844,-63.10134310134311,0.0,-243.6141636141636,-15.042735042735044,0.0,-156.4835164835165,-171.33089133089132,-29.10866910866911,-33.7973137973138,0.0,-235.018315018315,-79.12087912087912,-59.975579975579976,-16.605616605616607,0.0,157.65567765567766,-27.936507936507937,-31.45299145299145,-82.63736263736264,-59.975579975579976
135.3846153846154,-170.15873015873015,-143.1990231990232,-72.47863247863248,0.0,46.3003663003663,-209.6214896214896,-22.075702075702075,-64.66422466422466,0.0,-232.67399267399267,-11.916971916971915,0.0,-139.68253968253967,-168.98656898656898,-25.592185592185597,-45.90964590964591,0.0,-223.2967032967033,-72.47863247863248,-57.63125763125763,-27.545787545787547,0.0,143.5897435897436,26.37362637362637,-77.55799755799755,-73.26007326007326,-57.63125763125763
121.7094017094017,-165.0793650793651,-129.52380952380952,-61.14774114774115,0.0,39.65811965811966,-210.01221001221,-15.433455433455434,-48.25396825396825,0.0,-224.07814407814408,-12.307692307692308,0.0,-131.08669108669108,-171.33089133089132,-23.63858363858364,-42.002442002442,0.0,-216.65445665445665,-70.13431013431014,-54.89621489621489,-26.37362637362637,0.0,129.9145299145299,28.71794871794872,-69.74358974358974,-66.61782661782662,-54.89621489621489
110.76923076923076,-160.0,-115.84859584859583,-54.114774114774114,0.0,36.53235653235653,-210.4029304029304,-10.744810744810744,-34.969474969474966,0.0,-216.26373626373623,-15.042735042735044,0.0,-120.53724053724054,-175.23809523809524,-25.2014652014652,-36.53235653235653,0.0,-210.01221001221,-68.18070818070818,-55.28693528693529,-23.63858363858364,0.0,116.23931623931624,-1.7582417582417582,-28.32722832722833,-63.49206349206349,-55.28693528693529
102.17338217338218,-154.13919413919413,-102.17338217338218,-52.16117216117216,0.0,36.53235653235653,-211.1843711843712,-7.228327228327228,-25.592185592185597,0.0,-207.27716727716728,-19.34065934065934,0.0,-118.1929181929182,-172.8937728937729,-22.857142857142858,-33.40659340659341,0.0,-204.54212454212453,-65.44566544566544,-53.724053724053725,-23.63858363858364,0.0,102.56410256410255,53.333333333333336,-73.26007326007326,-63.49206349206349,-53.724053724053725
97.48473748473748,-144.76190476190476,-94.74969474969475,-56.06837606837607,0.0,36.14163614163614,-204.93284493284492,-8.791208791208792,-22.075702075702075,0.0,-197.11843711843716,-20.512820512820515,0.0,-113.5042735042735,-167.81440781440782,-20.512820512820515,-29.10866910866911,0.0,-197.11843711843716,-59.1941391941392,-52.16117216117216,-22.075702075702075,0.0,95.14041514041514,77.16727716727716,-93.57753357753356,-60.757020757020754,-52.16117216117216
92.014652014652,-138.5103785103785,-86.93528693528694,-57.24053724053724,0.0,33.7973137973138,-197.8998778998779,-14.652014652014651,-13.47985347985348,0.0,-184.6153846153846,-23.247863247863247,0.0,-108.03418803418803,-165.47008547008548,-22.075702075702075,-21.294261294261293,0.0,-192.03907203907204,-52.94261294261294,-55.28693528693529,-17.387057387057386,0.0,87.32600732600733,18.94993894993895,-30.28083028083028,-58.02197802197802,-55.28693528693529
88.1074481074481,-131.4774114774115,-74.43223443223444,-67.00854700854701,0.0,36.14163614163614,-190.47619047619048,-15.433455433455434,-15.824175824175825,0.0,-169.76800976800976,-23.247863247863247,0.0,-101.3919413919414,-156.4835164835165,-18.94993894993895,-28.32722832722833,0.0,-183.44322344322345,-45.51892551892552,-57.24053724053724,-20.12210012210012,0.0,74.82295482295483,-6.837606837606837,0.5860805860805861,-53.724053724053725,-57.24053724053724
86.54456654456655,-124.05372405372404,-58.8034188034188,-77.55799755799755,0.0,40.43956043956044,-183.05250305250303,-14.261294261294262,-16.996336996336996,0.0,-152.57631257631255,-23.63858363858364,0.0,-92.4053724053724,-143.5897435897436,-10.354090354090356,-38.87667887667888,0.0,-168.98656898656898,-38.48595848595848,-51.37973137973138,-27.545787545787547,0.0,59.1941391941392,-2.148962148962149,2.5396825396825395,-49.42612942612943,-51.37973137973138
79.12087912087912,-119.75579975579976,-43.95604395604396,-76.77655677655677,0.0,42.002442002442,-180.70818070818072,-15.433455433455434,-7.619047619047619,0.0,-136.55677655677655,-27.936507936507937,0.0,-91.23321123321124,-130.6959706959707,-7.228327228327228,-35.75091575091575,0.0,-161.17216117216117,-33.01587301587302,-46.3003663003663,-25.592185592185597,0.0,44.346764346764346,-4.884004884004884,11.916971916971915,-47.472527472527474,-46.3003663003663
70.52503052503053,-113.11355311355312,-30.671550671550676,-75.995115995116,0.0,44.737484737484735,-176.01953601953602,-16.996336996336996,-0.5860805860805861,0.0,-118.5836385836386,-31.062271062271066,0.0,-92.7960927960928,-111.94139194139194,-3.711843711843712,-33.40659340659341,0.0,-151.7948717948718,-25.982905982905983,-40.83028083028083,-22.857142857142858,0.0,31.062271062271066,-12.698412698412698,25.2014652014652,-45.12820512820513,-40.83028083028083
66.22710622710623,-103.34554334554336,-19.73137973137973,-77.16727716727716,0.0,45.51892551892552,-165.47008547008548,-15.824175824175825,0.5860805860805861,0.0,-99.82905982905984,-35.75091575091575,0.0,-95.53113553113552,-87.71672771672772,0.9768009768009768,-34.57875457875458,0.0,-140.85470085470087,-16.605616605616607,-34.969474969474966,-23.63858363858364,0.0,20.12210012210012,-16.214896214896214,35.75091575091575,-45.12820512820513,-34.969474969474966
56.45909645909646,-92.7960927960928,-15.824175824175825,-71.6971916971917,0.0,38.095238095238095,-154.52991452991452,-16.605616605616607,7.228327228327228,0.0,-85.76312576312576,-40.43956043956044,0.0,-102.95482295482296,-69.35286935286935,1.3675213675213675,-27.155067155067155,0.0,-134.993894993895,-9.963369963369964,-37.31379731379732,-15.042735042735044,0.0,16.214896214896214,-50.20757020757021,72.86935286935287,-44.737484737484735,-37.31379731379732
43.95604395604396,-84.2002442002442,-11.916971916971915,-63.10134310134311,0.0,28.71794871794872,-143.5897435897436,-18.168498168498168,15.824175824175825,0.0,-75.21367521367522,-41.22100122100122,0.0,-109.5970695970696,-52.55189255189255,0.1953601953601953,-25.592185592185597,0.0,-131.86813186813183,-3.3211233211233213,-44.737484737484735,-7.619047619047619,0.0,12.307692307692308,-73.65079365079364,99.82905982905984,-42.002442002442,-44.737484737484735
32.234432234432234,-75.995115995116,-2.93040293040293,-67.78998778998779,0.0,19.73137973137973,-129.9145299145299,-14.261294261294262,9.18192918192918,0.0,-65.44566544566544,-37.31379731379732,0.0,-113.11355311355312,-34.57875457875458,4.493284493284493,-40.83028083028083,0.0,-126.3980463980464,5.665445665445666,-48.25396825396825,-15.433455433455434,0.0,3.3211233211233213,-28.71794871794872,66.61782661782662,-40.83028083028083,-48.25396825396825
16.996336996336996,-68.57142857142857,2.93040293040293,-69.74358974358974,0.0,8.00976800976801,-118.97435897435898,-12.307692307692308,4.493284493284493,0.0,-58.8034188034188,-33.7973137973138,0.0,-120.92796092796092,-20.512820512820515,5.274725274725275,-48.64468864468864,0.0,-126.3980463980464,15.824175824175825,-52.94261294261294,-21.68498168498169,0.0,-2.5396825396825395,-9.963369963369964,56.84981684981685,-37.31379731379732,-52.94261294261294
-0.9768009768009768,-63.49206349206349,5.274725274725275,-62.31990231990232,0.0,-5.665445665445666,-108.42490842490842,-16.996336996336996,9.963369963369964,0.0,-53.333333333333336,-30.671550671550676,0.0,-129.52380952380952,-13.47985347985348,4.493284493284493,-40.04884004884005,0.0,-126.007326007326,22.857142857142858,-55.28693528693529,-20.512820512820515,0.0,-4.884004884004884,-58.02197802197802,113.5042735042735,-33.40659340659341,-55.28693528693529
-15.433455433455434,-52.94261294261294,5.665445665445666,-61.92918192918193,0.0,-18.55921855921856,-93.57753357753356,-19.34065934065934,7.228327228327228,0.0,-47.86324786324786,-27.545787545787547,0.0,-136.94749694749694,-6.056166056166056,5.274725274725275,-36.14163614163614,0.0,-124.05372405372404,30.671550671550676,-55.28693528693529,-24.81074481074481,0.0,-5.274725274725275,-56.84981684981685,120.14652014652016,-32.62515262515262,-55.28693528693529
-25.592185592185597,-38.48595848595848,7.228327228327228,-62.71062271062271,0.0,-28.71794871794872,-79.51159951159951,-15.433455433455434,4.493284493284493,0.0,-42.39316239316239,-25.592185592185597,0.0,-143.1990231990232,2.93040293040293,8.791208791208792,-31.45299145299145,0.0,-121.31868131868131,38.48595848595848,-51.77045177045177,-27.936507936507937,0.0,-6.837606837606837,-2.5396825396825395,65.83638583638583,-29.10866910866911,-51.77045177045177
-36.14163614163614,-25.592185592185597,9.963369963369964,-51.77045177045177,0.0,-38.48595848595848,-68.96214896214896,-9.963369963369964,13.47985347985348,0.0,-35.75091575091575,-22.857142857142858,0.0,-145.15262515262515,8.791208791208792,10.354090354090356,-18.55921855921856,0.0,-120.14652014652016,41.22100122100122,-47.86324786324786,-16.996336996336996,0.0,-9.572649572649572,-22.466422466422465,80.29304029304029,-26.37362637362637,-47.86324786324786
-42.78388278388278,-14.652014652014651,15.042735042735044,-40.04884004884005,0.0,-46.69108669108669,-55.28693528693529,-3.3211233211233213,22.466422466422465,0.0,-26.764346764346765,-17.77777777777778,0.0,-140.85470085470087,20.12210012210012,13.47985347985348,-15.824175824175825,0.0,-113.5042735042735,43.95604395604396,-43.56532356532357,-8.791208791208792,0.0,-14.652014652014651,-48.64468864468864,97.48473748473748,-20.903540903540904,-43.56532356532357
-44.346764346764346,-4.884004884004884,25.2014652014652,-40.04884004884005,0.0,-44.737484737484735,-44.346764346764346,8.00976800976801,16.214896214896214,0.0,-14.652014652014651,-9.963369963369964,0.0,-126.3980463980464,37.31379731379732,16.996336996336996,-27.545787545787547,0.0,-103.73626373626374,54.114774114774114,-35.75091575091575,-12.307692307692308,0.0,-24.81074481074481,26.37362637362637,18.55921855921856,-14.261294261294262,-35.75091575091575
-43.56532356532357,-1.3675213675213675,33.7973137973138,-36.14163614163614,0.0,-39.65811965811966,-38.48595848595848,11.916971916971915,17.77777777777778,0.0,-4.884004884004884,-3.3211233211233213,0.0,-106.08058608058607,47.472527472527474,17.77777777777778,-31.062271062271066,0.0,-91.62393162393164,62.31990231990232,-28.71794871794872,-12.698412698412698,0.0,-33.40659340659341,45.51892551892552,-4.493284493284493,-4.884004884004884,-28.71794871794872
-45.12820512820513,-0.1953601953601953,30.28083028083028,-27.936507936507937,0.0,-34.969474969474966,-36.14163614163614,2.93040293040293,24.42002442002442,0.0,0.1953601953601953,-1.3675213675213675,0.0,-91.23321123321124,52.16117216117216,10.354090354090356,-23.247863247863247,0.0,-81.85592185592185,65.44566544566544,-27.545787545787547,-6.837606837606837,0.0,-29.89010989010989,-7.228327228327228,42.002442002442,0.5860805860805861,-27.545787545787547
-40.04884004884005,4.493284493284493,25.2014652014652,-33.7973137973138,0.0,-23.247863247863247,-33.40659340659341,-2.5396825396825395,15.042735042735044,0.0,5.274725274725275,0.1953601953601953,0.0,-74.04151404151405,55.67765567765568,4.493284493284493,-25.592185592185597,0.0,-70.52503052503053,70.52503052503053,-23.63858363858364,-14.652014652014651,0.0,-24.81074481074481,-38.095238095238095,67.78998778998779,5.274725274725275,-23.63858363858364
-36.53235653235653,11.526251526251526,23.247863247863247,-35.36019536019536,0.0,-11.916971916971915,-30.28083028083028,-6.056166056166056,12.698412698412698,0.0,9.572649572649572,-0.1953601953601953,0.0,-58.8034188034188,59.58485958485959,1.7582417582417582,-22.075702075702075,0.0,-58.8034188034188,75.995115995116,-16.214896214896214,-19.73137973137973,0.0,-22.857142857142858,-44.737484737484735,69.74358974358974,9.18192918192918,-16.214896214896214
-33.01587301587302,21.294261294261293,19.73137973137973,-26.764346764346765,0.0,-2.148962148962149,-25.2014652014652,-8.791208791208792,18.168498168498168,0.0,17.77777777777778,-1.3675213675213675,0.0,-45.51892551892552,65.83638583638583,-2.5396825396825395,-8.00976800976801,0.0,-45.51892551892552,80.29304029304029,-11.135531135531137,-14.261294261294262,0.0,-19.34065934065934,-47.081807081807085,64.27350427350427,12.307692307692308,-11.135531135531137
-26.764346764346765,34.57875457875458,23.247863247863247,-25.592185592185597,0.0,12.698412698412698,-15.824175824175825,-6.056166056166056,14.652014652014651,0.0,29.499389499389498,0.1953601953601953,0.0,-26.764346764346765,77.55799755799755,-4.102564102564102,-5.274725274725275,0.0,-26.37362637362637,86.93528693528694,-2.148962148962149,-16.996336996336996,0.0,-22.857142857142858,-27.155067155067155,37.704517704517706,16.605616605616607,-2.148962148962149
-18.94993894993895,47.472527472527474,33.7973137973138,-27.155067155067155,0.0,29.89010989010989,-2.93040293040293,-2.5396825396825395,9.572649572649572,0.0,43.56532356532357,1.3675213675213675,0.0,-4.493284493284493,92.014652014652,-0.9768009768009768,-6.056166056166056,0.0,-4.493284493284493,94.35897435897436,8.791208791208792,-19.73137973137973,0.0,-33.40659340659341,0.5860805860805861,2.5396825396825395,24.02930402930403,8.791208791208792
-16.214896214896214,55.67765567765568,39.65811965811966,-17.77777777777778,0.0,45.12820512820513,5.665445665445666,-8.00976800976801,16.996336996336996,0.0,55.67765567765568,-0.5860805860805861,0.0,13.089133089133089,101.001221001221,-2.5396825396825395,1.7582417582417582,0.0,13.870573870573873,95.53113553113552,12.698412698412698,-9.18192918192918,0.0,-39.26739926739927,-17.387057387057386,14.652014652014651,28.71794871794872,12.698412698412698
-15.433455433455434,63.10134310134311,42.002442002442,-9.572649572649572,0.0,60.366300366300365,14.652014652014651,-16.996336996336996,20.903540903540904,0.0,65.44566544566544,-5.274725274725275,0.0,33.01587301587302,103.34554334554336,-7.619047619047619,5.665445665445666,0.0,31.843711843711844,90.45177045177046,12.698412698412698,-0.9768009768009768,0.0,-41.61172161172161,-34.57875457875458,28.32722832722833,29.89010989010989,12.698412698412698
-9.963369963369964,70.52503052503053,47.472527472527474,-12.698412698412698,0.0,82.24664224664225,22.466422466422465,-22.857142857142858,12.307692307692308,0.0,74.43223443223444,-6.837606837606837,0.0,58.02197802197802,106.08058608058607,-8.4004884004884,-4.493284493284493,0.0,50.5982905982906,85.37240537240537,18.55921855921856,-4.493284493284493,0.0,-47.081807081807085,6.837606837606837,-13.870573870573873,29.89010989010989,18.55921855921856
-6.837606837606837,75.6043956043956,51.37973137973138,-8.00976800976801,0.0,101.78266178266178,24.02930402930403,-28.32722832722833,13.47985347985348,0.0,78.73015873015873,-8.791208791208792,0.0,81.46520146520146,103.34554334554336,-8.00976800976801,-7.619047619047619,0.0,67.00854700854701,82.24664224664225,21.68498168498169,-2.5396825396825395,0.0,-50.989010989010985,6.446886446886447,-13.870573870573873,30.28083028083028,21.68498168498169
-3.3211233211233213,80.29304029304029,54.114774114774114,-2.5396825396825395,0.0,118.97435897435898,22.466422466422465,-29.89010989010989,15.824175824175825,0.0,78.73015873015873,-9.572649572649572,0.0,102.17338217338218,100.21978021978022,-9.572649572649572,-8.00976800976801,0.0,81.07448107448107,77.94871794871794,27.936507936507937,-3.711843711843712,0.0,-53.724053724053725,-52.55189255189255,43.17460317460318,30.671550671550676,27.936507936507937
1.3675213675213675,84.98168498168498,63.10134310134311,-5.665445665445666,0.0,135.3846153846154,24.81074481074481,-25.592185592185597,8.791208791208792,0.0,81.07448107448107,-5.665445665445666,0.0,121.7094017094017,104.12698412698413,-9.18192918192918,-14.261294261294262,0.0,92.7960927960928,80.29304029304029,39.65811965811966,-11.526251526251526,0.0,-62.71062271062271,-26.764346764346765,16.605616605616607,31.45299145299145,39.65811965811966
6.837606837606837,88.4981684981685,72.08791208791209,-6.446886446886447,0.0,145.93406593406593,29.89010989010989,-20.903540903540904,5.665445665445666,0.0,81.85592185592185,-3.711843711843712,0.0,140.46398046398048,106.47130647130648,-4.884004884004884,-15.042735042735044,0.0,105.2991452991453,86.15384615384616,49.42612942612943,-15.042735042735044,0.0,-71.6971916971917,41.61172161172161,-49.42612942612943,32.234432234432234,49.42612942612943
2.148962148962149,93.96825396825396,79.51159951159951,2.93040293040293,0.0,140.85470085470087,40.83028083028083,-15.433455433455434,11.916971916971915,0.0,78.73015873015873,-7.619047619047619,0.0,151.01343101343102,107.25274725274726,-1.7582417582417582,-10.744810744810744,0.0,113.11355311355312,86.93528693528694,57.63125763125763,-12.698412698412698,0.0,-79.12087912087912,24.02930402930403,-32.62515262515262,32.234432234432234,57.63125763125763
9.18192918192918,99.82905982905984,77.16727716727716,3.711843711843712,0.0,145.15262515262515,52.16117216117216,-16.214896214896214,10.354090354090356,0.0,82.63736263736264,-3.711843711843712,0.0,168.5958485958486,100.21978021978022,-8.791208791208792,-1.3675213675213675,0.0,126.7887667887668,81.07448107448107,52.16117216117216,-2.148962148962149,0.0,-76.77655677655677,4.102564102564102,-16.214896214896214,30.28083028083028,52.16117216117216
16.996336996336996,108.03418803418803,77.55799755799755,1.7582417582417582,0.0,149.05982905982907,61.92918192918193,-11.916971916971915,6.056166056166056,0.0,84.59096459096459,-0.1953601953601953,0.0,188.5225885225885,92.014652014652,-3.3211233211233213,-6.056166056166056,0.0,144.76190476190476,76.77655677655677,50.20757020757021,-1.3675213675213675,0.0,-77.16727716727716,25.592185592185597,-38.87667887667888,27.936507936507937,50.20757020757021
24.02930402930403,114.67643467643468,75.21367521367522,2.93040293040293,0.0,155.3113553113553,65.83638583638583,-9.18192918192918,6.446886446886447,0.0,83.02808302808303,2.93040293040293,0.0,204.15140415140417,79.9023199023199,-2.148962148962149,-4.884004884004884,0.0,160.0,69.35286935286935,43.17460317460318,2.148962148962149,0.0,-74.82295482295483,26.764346764346765,-42.002442002442,24.81074481074481,43.17460317460318
31.062271062271066,117.02075702075702,69.35286935286935,5.274725274725275,0.0,163.9072039072039,62.31990231990232,-9.18192918192918,6.446886446886447,0.0,83.02808302808303,9.963369963369964,0.0,218.6080586080586,68.96214896214896,-7.228327228327228,-4.884004884004884,0.0,174.06593406593407,61.53846153846154,32.234432234432234,5.274725274725275,0.0,-68.96214896214896,-12.307692307692308,-2.5396825396825395,24.42002442002442,32.234432234432234
35.75091575091575,118.97435897435898,69.74358974358974,3.711843711843712,0.0,171.7216117216117,59.1941391941392,-5.274725274725275,3.3211233211233213,0.0,81.07448107448107,16.605616605616607,0.0,230.32967032967036,63.10134310134311,-6.056166056166056,-11.916971916971915,0.0,187.3504273504273,59.58485958485959,27.155067155067155,-0.1953601953601953,0.0,-69.35286935286935,-8.791208791208792,0.1953601953601953,23.247863247863247,27.155067155067155
37.704517704517706,116.23931623931624,70.52503052503053,10.354090354090356,0.0,175.23809523809524,56.84981684981685,-4.493284493284493,8.00976800976801,0.0,76.38583638583638,14.652014652014651,0.0,236.5811965811966,55.67765567765568,-6.056166056166056,-7.619047619047619,0.0,199.85347985347985,54.5054945054945,22.857142857142858,-0.5860805860805861,0.0,-70.13431013431014,-2.93040293040293,3.3211233211233213,21.294261294261293,22.857142857142858
3.0,3.0,3.0,3.0,3.0,3.0,3.0,3.0,3.0,3.0,3.0,3.0,3.0,3.0,3.0,3.0,3.0,3.0,3.0,3.0,3.0,3.0,3.0,3.0,3.0,3.0,3.0,3.0
